Timestep Time Temperature KineticEnergy PotentialEnergy TotalEnergy DiffusionConstant MeanSquareDisplacement
1      0.012      2.43256      1824.42      -3729.99      -1905.57      2737.96      197.133
2      0.024      2.43174      1823.81      -3729.38      -1905.57      1368.99      197.135
3      0.036      2.43039      1822.79      -3728.36      -1905.57      912.669      197.137
4      0.048      2.42849      1821.37      -3726.94      -1905.57      684.508      197.138
5      0.06      2.42605      1819.53      -3725.1      -1905.57      547.611      197.14
6      0.072      2.42306      1817.3      -3722.86      -1905.57      456.347      197.142
7      0.084      2.41953      1814.65      -3720.22      -1905.57      391.158      197.143
8      0.096      2.41546      1811.59      -3717.16      -1905.57      342.266      197.145
9      0.108      2.41084      1808.13      -3713.7      -1905.57      304.239      197.147
10      0.12      2.40567      1804.26      -3709.83      -1905.57      273.818      197.149
11      0.132      2.39996      1799.97      -3705.54      -1905.57      248.927      197.151
12      0.144      2.3937      1795.27      -3700.84      -1905.57      228.186      197.152
13      0.156      2.38688      1790.16      -3695.73      -1905.57      210.635      197.154
14      0.168      2.37951      1784.64      -3690.21      -1905.57      195.591      197.156
15      0.18      2.37159      1778.69      -3684.26      -1905.57      182.554      197.158
16      0.192      2.36311      1772.34      -3677.91      -1905.57      171.146      197.16
17      0.204      2.35408      1765.56      -3671.13      -1905.57      161.08      197.162
18      0.216      2.34448      1758.36      -3663.93      -1905.57      152.132      197.164
19      0.228      2.33432      1750.74      -3656.31      -1905.57      144.127      197.166
20      0.24      2.3236      1742.7      -3648.27      -1905.57      136.922      197.167
21      0.252      2.31232      1734.24      -3639.81      -1905.57      130.403      197.169
22      0.264      2.30047      1725.35      -3630.92      -1905.57      124.477      197.171
23      0.276      2.28805      1716.03      -3621.61      -1905.57      119.066      197.173
24      0.288      2.27505      1706.29      -3611.86      -1905.57      114.106      197.175
25      0.3      2.26149      1696.12      -3601.69      -1905.57      109.543      197.177
26      0.312      2.24736      1685.52      -3591.09      -1905.57      105.331      197.179
27      0.324      2.23265      1674.49      -3580.06      -1905.57      101.431      197.181
28      0.336      2.21737      1663.03      -3568.6      -1905.57      97.8092      197.183
29      0.348      2.20152      1651.14      -3556.71      -1905.57      94.4374      197.185
30      0.36      2.18509      1638.82      -3544.39      -1905.57      91.2904      197.187
31      0.372      2.16809      1626.07      -3531.64      -1905.57      88.3465      197.189
32      0.384      2.15052      1612.89      -3518.46      -1905.57      85.5865      197.191
33      0.396      2.13238      1599.28      -3504.86      -1905.57      82.9939      197.193
34      0.408      2.11367      1585.25      -3490.83      -1905.57      80.5537      197.196
35      0.42      2.0944      1570.8      -3476.37      -1905.57      78.253      197.198
36      0.432      2.07457      1555.93      -3461.5      -1905.57      76.0801      197.2
37      0.444      2.05418      1540.64      -3446.21      -1905.57      74.0247      197.202
38      0.456      2.03325      1524.94      -3430.51      -1905.57      72.0774      197.204
39      0.468      2.01178      1508.84      -3414.41      -1905.57      70.23      197.206
40      0.48      1.98979      1492.34      -3397.91      -1905.57      68.475      197.208
41      0.492      1.96727      1475.45      -3381.02      -1905.57      66.8055      197.21
42      0.504      1.94424      1458.18      -3363.75      -1905.57      65.2156      197.212
43      0.516      1.92072      1440.54      -3346.11      -1905.57      63.6996      197.214
44      0.528      1.89671      1422.53      -3328.11      -1905.57      62.2526      197.216
45      0.54      1.87224      1404.18      -3309.75      -1905.57      60.8698      197.218
46      0.552      1.84733      1385.5      -3291.07      -1905.57      59.5472      197.22
47      0.564      1.82199      1366.49      -3272.06      -1905.57      58.2808      197.222
48      0.576      1.79624      1347.18      -3252.75      -1905.57      57.0672      197.224
49      0.588      1.77011      1327.58      -3233.15      -1905.57      55.9032      197.226
50      0.6      1.74363      1307.72      -3213.29      -1905.57      54.7857      197.228
51      0.612      1.71681      1287.61      -3193.17      -1905.57      53.712      197.231
52      0.624      1.6897      1267.27      -3172.84      -1905.56      52.6796      197.233
53      0.636      1.66232      1246.74      -3152.3      -1905.56      51.6862      197.235
54      0.648      1.6347      1226.03      -3131.59      -1905.56      50.7296      197.237
55      0.66      1.60689      1205.17      -3110.73      -1905.56      49.8077      197.239
56      0.672      1.57892      1184.19      -3089.74      -1905.56      48.9188      197.241
57      0.684      1.55082      1163.11      -3068.67      -1905.56      48.061      197.243
58      0.696      1.52264      1141.98      -3047.53      -1905.56      47.2329      197.244
59      0.708      1.49441      1120.81      -3026.36      -1905.55      46.4328      197.246
60      0.72      1.4662      1099.65      -3005.2      -1905.55      45.6593      197.248
61      0.732      1.43802      1078.52      -2984.07      -1905.55      44.9113      197.25
62      0.744      1.40995      1057.46      -2963.01      -1905.55      44.1873      197.252
63      0.756      1.38201      1036.51      -2942.05      -1905.54      43.4863      197.254
64      0.768      1.35427      1015.7      -2921.24      -1905.54      42.8073      197.256
65      0.78      1.32675      995.065      -2900.61      -1905.54      42.1491      197.258
66      0.792      1.29953      974.644      -2880.18      -1905.54      41.5109      197.26
67      0.804      1.27263      954.471      -2860.01      -1905.54      40.8917      197.261
68      0.816      1.24611      934.583      -2840.12      -1905.53      40.2907      197.263
69      0.828      1.22002      915.014      -2820.55      -1905.53      39.7071      197.265
70      0.84      1.1944      895.798      -2801.33      -1905.53      39.1402      197.267
71      0.852      1.16929      876.969      -2782.5      -1905.53      38.5893      197.268
72      0.864      1.14475      858.56      -2764.09      -1905.53      38.0536      197.27
73      0.876      1.1208      840.6      -2746.12      -1905.52      37.5327      197.272
74      0.888      1.09749      823.12      -2728.64      -1905.52      37.0258      197.273
75      0.9      1.07486      806.146      -2711.67      -1905.52      36.5324      197.275
76      0.912      1.05294      789.705      -2695.23      -1905.52      36.052      197.277
77      0.924      1.03176      773.82      -2679.34      -1905.52      35.5841      197.278
78      0.936      1.01135      758.514      -2664.03      -1905.52      35.1282      197.28
79      0.948      0.991739      743.804      -2649.32      -1905.52      34.6838      197.281
80      0.96      0.972945      729.708      -2635.22      -1905.52      34.2505      197.283
81      0.972      0.954989      716.242      -2621.76      -1905.51      33.8279      197.284
82      0.984      0.937889      703.417      -2608.93      -1905.51      33.4156      197.286
83      0.996      0.921656      691.242      -2596.76      -1905.51      33.0133      197.287
84      1.008      0.906301      679.726      -2585.24      -1905.51      32.6205      197.289
85      1.02      0.891831      668.873      -2574.39      -1905.51      32.2369      197.29
86      1.032      0.878247      658.685      -2564.2      -1905.51      31.8623      197.291
87      1.044      0.865552      649.164      -2554.68      -1905.51      31.4963      197.293
88      1.056      0.853742      640.307      -2545.82      -1905.51      31.1386      197.294
89      1.068      0.842812      632.109      -2537.62      -1905.51      30.7889      197.295
90      1.08      0.832754      624.566      -2530.08      -1905.51      30.447      197.297
91      1.092      0.823557      617.668      -2523.18      -1905.52      30.1126      197.298
92      1.104      0.815208      611.406      -2516.92      -1905.52      29.7855      197.299
93      1.116      0.807692      605.769      -2511.29      -1905.52      29.4654      197.3
94      1.128      0.800992      600.744      -2506.26      -1905.52      29.1521      197.301
95      1.14      0.795088      596.316      -2501.83      -1905.52      28.8454      197.302
96      1.152      0.789959      592.47      -2497.99      -1905.52      28.5451      197.304
97      1.164      0.785585      589.189      -2494.71      -1905.52      28.2509      197.305
98      1.176      0.78194      586.455      -2491.98      -1905.52      27.9628      197.306
99      1.188      0.779001      584.251      -2489.77      -1905.52      27.6805      197.307
100      1.2      0.776743      582.557      -2488.08      -1905.52      27.4038      197.308
101      1.212      0.775139      581.354      -2486.88      -1905.53      27.1327      197.309
102      1.224      0.774163      580.622      -2486.15      -1905.53      26.8668      197.31
103      1.236      0.773788      580.341      -2485.87      -1905.53      26.6061      197.311
104      1.248      0.773987      580.49      -2486.02      -1905.53      26.3504      197.311
105      1.26      0.774732      581.049      -2486.58      -1905.53      26.0995      197.312
106      1.272      0.775997      581.998      -2487.53      -1905.53      25.8534      197.313
107      1.284      0.777754      583.315      -2488.85      -1905.53      25.6119      197.314
108      1.296      0.779976      584.982      -2490.52      -1905.53      25.3749      197.315
109      1.308      0.782637      586.978      -2492.51      -1905.53      25.1422      197.316
110      1.32      0.785712      589.284      -2494.82      -1905.54      24.9137      197.317
111      1.332      0.789173      591.88      -2497.42      -1905.54      24.6893      197.317
112      1.344      0.792997      594.748      -2500.29      -1905.54      24.469      197.318
113      1.356      0.797159      597.869      -2503.41      -1905.54      24.2526      197.319
114      1.368      0.801635      601.226      -2506.77      -1905.54      24.0399      197.319
115      1.38      0.806402      604.802      -2510.34      -1905.54      23.8309      197.32
116      1.392      0.811438      608.579      -2514.12      -1905.54      23.6256      197.321
117      1.404      0.816721      612.541      -2518.08      -1905.54      23.4237      197.321
118      1.416      0.822231      616.673      -2522.22      -1905.54      23.2253      197.322
119      1.428      0.827946      620.96      -2526.5      -1905.54      23.0302      197.323
120      1.44      0.833849      625.386      -2530.93      -1905.55      22.8384      197.323
121      1.452      0.839919      629.939      -2535.49      -1905.55      22.6497      197.324
122      1.464      0.846139      634.604      -2540.15      -1905.55      22.4641      197.325
123      1.476      0.852493      639.37      -2544.92      -1905.55      22.2815      197.325
124      1.488      0.858963      644.222      -2549.77      -1905.55      22.1019      197.326
125      1.5      0.865534      649.15      -2554.7      -1905.55      21.9251      197.326
126      1.512      0.872191      654.143      -2559.69      -1905.55      21.7512      197.327
127      1.524      0.878919      659.189      -2564.74      -1905.55      21.58      197.327
128      1.536      0.885705      664.279      -2569.83      -1905.55      21.4114      197.328
129      1.548      0.892537      669.402      -2574.95      -1905.55      21.2455      197.328
130      1.56      0.8994      674.55      -2580.1      -1905.55      21.0821      197.329
131      1.572      0.906284      679.713      -2585.26      -1905.55      20.9212      197.329
132      1.584      0.913177      684.883      -2590.43      -1905.55      20.7628      197.329
133      1.596      0.920069      690.052      -2595.6      -1905.55      20.6067      197.33
134      1.608      0.926949      695.212      -2600.76      -1905.55      20.453      197.33
135      1.62      0.933807      700.355      -2605.91      -1905.55      20.3015      197.331
136      1.632      0.940635      705.476      -2611.03      -1905.55      20.1523      197.331
137      1.644      0.947422      710.567      -2616.12      -1905.55      20.0052      197.331
138      1.656      0.954162      715.621      -2621.18      -1905.55      19.8603      197.332
139      1.668      0.960844      720.633      -2626.19      -1905.55      19.7174      197.332
140      1.68      0.967461      725.596      -2631.15      -1905.55      19.5766      197.332
141      1.692      0.974006      730.505      -2636.06      -1905.55      19.4378      197.333
142      1.704      0.980471      735.354      -2640.91      -1905.56      19.301      197.333
143      1.716      0.98685      740.138      -2645.69      -1905.56      19.166      197.333
144      1.728      0.993135      744.852      -2650.41      -1905.56      19.033      197.334
145      1.74      0.999321      749.49      -2655.05      -1905.56      18.9017      197.334
146      1.752      1.0054      754.049      -2659.61      -1905.56      18.7723      197.334
147      1.764      1.01137      758.524      -2664.08      -1905.56      18.6446      197.335
148      1.776      1.01721      762.911      -2668.47      -1905.56      18.5187      197.335
149      1.788      1.02294      767.205      -2672.76      -1905.56      18.3944      197.335
150      1.8      1.02854      771.403      -2676.96      -1905.56      18.2718      197.335
151      1.812      1.034      775.501      -2681.06      -1905.56      18.1508      197.336
152      1.824      1.03933      779.495      -2685.05      -1905.56      18.0314      197.336
153      1.836      1.04451      783.381      -2688.94      -1905.56      17.9136      197.336
154      1.848      1.04954      787.158      -2692.71      -1905.56      17.7973      197.336
155      1.86      1.05443      790.821      -2696.38      -1905.56      17.6825      197.336
156      1.872      1.05916      794.368      -2699.93      -1905.56      17.5691      197.337
157      1.884      1.06373      797.797      -2703.35      -1905.56      17.4573      197.337
158      1.896      1.06814      801.104      -2706.66      -1905.56      17.3468      197.337
159      1.908      1.07239      804.289      -2709.85      -1905.56      17.2377      197.337
160      1.92      1.07646      807.349      -2712.91      -1905.56      17.13      197.337
161      1.932      1.08038      810.282      -2715.84      -1905.56      17.0236      197.338
162      1.944      1.08412      813.087      -2718.65      -1905.56      16.9185      197.338
163      1.956      1.08769      815.764      -2721.32      -1905.56      16.8148      197.338
164      1.968      1.09108      818.312      -2723.87      -1905.56      16.7123      197.338
165      1.98      1.0943      820.729      -2726.29      -1905.56      16.611      197.338
166      1.992      1.09735      823.016      -2728.57      -1905.56      16.5109      197.339
167      2.004      1.10023      825.173      -2730.73      -1905.56      16.4121      197.339
168      2.016      1.10293      827.2      -2732.76      -1905.56      16.3144      197.339
169      2.028      1.10546      829.099      -2734.66      -1905.56      16.2179      197.339
170      2.04      1.10783      830.869      -2736.43      -1905.56      16.1225      197.339
171      2.052      1.11002      832.513      -2738.07      -1905.56      16.0282      197.34
172      2.064      1.11204      834.032      -2739.59      -1905.56      15.9351      197.34
173      2.076      1.1139      835.428      -2740.99      -1905.56      15.843      197.34
174      2.088      1.1156      836.704      -2742.26      -1905.56      15.7519      197.34
175      2.1      1.11715      837.86      -2743.42      -1905.56      15.6619      197.34
176      2.112      1.11854      838.902      -2744.46      -1905.56      15.573      197.341
177      2.124      1.11977      839.83      -2745.39      -1905.56      15.485      197.341
178      2.136      1.12087      840.65      -2746.21      -1905.56      15.398      197.341
179      2.148      1.12182      841.363      -2746.92      -1905.56      15.312      197.341
180      2.16      1.12263      841.975      -2747.53      -1905.56      15.227      197.342
181      2.172      1.12332      842.488      -2748.04      -1905.56      15.1429      197.342
182      2.184      1.12387      842.906      -2748.46      -1905.56      15.0597      197.342
183      2.196      1.12431      843.234      -2748.79      -1905.56      14.9774      197.342
184      2.208      1.12463      843.475      -2749.03      -1905.56      14.896      197.343
185      2.22      1.12485      843.635      -2749.19      -1905.55      14.8155      197.343
186      2.232      1.12496      843.717      -2749.27      -1905.55      14.7359      197.343
187      2.244      1.12497      843.727      -2749.28      -1905.55      14.6571      197.343
188      2.256      1.12489      843.667      -2749.22      -1905.55      14.5792      197.344
189      2.268      1.12472      843.543      -2749.1      -1905.55      14.5021      197.344
190      2.28      1.12448      843.36      -2748.91      -1905.55      14.4257      197.344
191      2.292      1.12416      843.121      -2748.67      -1905.55      14.3502      197.345
192      2.304      1.12377      842.83      -2748.38      -1905.55      14.2755      197.345
193      2.316      1.12332      842.492      -2748.05      -1905.55      14.2016      197.345
194      2.328      1.12281      842.111      -2747.66      -1905.55      14.1284      197.346
195      2.34      1.12225      841.69      -2747.24      -1905.55      14.056      197.346
196      2.352      1.12165      841.235      -2746.79      -1905.55      13.9843      197.346
197      2.364      1.121      840.747      -2746.3      -1905.55      13.9133      197.347
198      2.376      1.12031      840.232      -2745.78      -1905.55      13.8431      197.347
199      2.388      1.11959      839.692      -2745.24      -1905.55      13.7736      197.348
200      2.4      1.11884      839.131      -2744.68      -1905.55      13.7047      197.348
201      2.412      1.11807      838.552      -2744.1      -1905.55      13.6366      197.348
202      2.424      1.11728      837.957      -2743.51      -1905.55      13.5691      197.349
203      2.436      1.11647      837.349      -2742.9      -1905.55      13.5023      197.349
204      2.448      1.11564      836.731      -2742.28      -1905.55      13.4361      197.35
205      2.46      1.11481      836.106      -2741.66      -1905.55      13.3706      197.35
206      2.472      1.11397      835.477      -2741.03      -1905.55      13.3057      197.351
207      2.484      1.11313      834.845      -2740.4      -1905.55      13.2415      197.351
208      2.496      1.11228      834.213      -2739.76      -1905.55      13.1779      197.352
209      2.508      1.11144      833.583      -2739.13      -1905.55      13.1149      197.352
210      2.52      1.11061      832.957      -2738.51      -1905.55      13.0524      197.353
211      2.532      1.10978      832.337      -2737.89      -1905.55      12.9906      197.353
212      2.544      1.10897      831.727      -2737.28      -1905.55      12.9294      197.354
213      2.556      1.10817      831.128      -2736.68      -1905.55      12.8687      197.355
214      2.568      1.10739      830.542      -2736.09      -1905.55      12.8086      197.355
215      2.58      1.10663      829.973      -2735.52      -1905.55      12.7491      197.356
216      2.592      1.1059      829.422      -2734.97      -1905.55      12.6901      197.356
217      2.604      1.10519      828.892      -2734.44      -1905.55      12.6317      197.357
218      2.616      1.10451      828.385      -2733.93      -1905.55      12.5738      197.358
219      2.628      1.10387      827.904      -2733.45      -1905.55      12.5164      197.358
220      2.64      1.10327      827.452      -2733      -1905.55      12.4595      197.359
221      2.652      1.10271      827.031      -2732.58      -1905.55      12.4032      197.36
222      2.664      1.10219      826.644      -2732.19      -1905.55      12.3474      197.36
223      2.676      1.10173      826.295      -2731.84      -1905.55      12.292      197.361
224      2.688      1.10131      825.986      -2731.53      -1905.55      12.2372      197.362
225      2.7      1.10096      825.719      -2731.27      -1905.55      12.1829      197.363
226      2.712      1.10067      825.499      -2731.05      -1905.55      12.129      197.363
227      2.724      1.10044      825.327      -2730.88      -1905.55      12.0756      197.364
228      2.736      1.10028      825.207      -2730.76      -1905.55      12.0227      197.365
229      2.748      1.10019      825.141      -2730.69      -1905.55      11.9702      197.365
230      2.76      1.10018      825.132      -2730.68      -1905.55      11.9183      197.366
231      2.772      1.10024      825.181      -2730.73      -1905.55      11.8667      197.367
232      2.784      1.10039      825.292      -2730.84      -1905.55      11.8156      197.368
233      2.796      1.10062      825.465      -2731.01      -1905.55      11.7649      197.369
234      2.808      1.10094      825.703      -2731.25      -1905.55      11.7147      197.369
235      2.82      1.10134      826.006      -2731.55      -1905.55      11.6649      197.37
236      2.832      1.10183      826.375      -2731.92      -1905.55      11.6155      197.371
237      2.844      1.10242      826.812      -2732.36      -1905.55      11.5666      197.372
238      2.856      1.10309      827.316      -2732.86      -1905.55      11.518      197.373
239      2.868      1.10385      827.886      -2733.43      -1905.55      11.4699      197.373
240      2.88      1.1047      828.523      -2734.07      -1905.55      11.4221      197.374
241      2.892      1.10563      829.226      -2734.77      -1905.55      11.3748      197.375
242      2.904      1.10666      829.992      -2735.54      -1905.55      11.3278      197.376
243      2.916      1.10776      830.821      -2736.37      -1905.55      11.2812      197.377
244      2.928      1.10895      831.71      -2737.26      -1905.55      11.2351      197.377
245      2.94      1.11021      832.657      -2738.21      -1905.55      11.1892      197.378
246      2.952      1.11155      833.66      -2739.21      -1905.55      11.1438      197.379
247      2.964      1.11295      834.714      -2740.26      -1905.55      11.0987      197.38
248      2.976      1.11442      835.818      -2741.37      -1905.55      11.054      197.381
249      2.988      1.11596      836.968      -2742.52      -1905.55      11.0097      197.381
250      3      1.11755      838.161      -2743.71      -1905.55      10.9657      197.382
251      3.012      1.11919      839.394      -2744.94      -1905.55      10.922      197.383
252      3.024      1.12088      840.662      -2746.21      -1905.55      10.8787      197.384
253      3.036      1.12262      841.962      -2747.51      -1905.55      10.8358      197.385
254      3.048      1.12439      843.292      -2748.84      -1905.55      10.7932      197.385
255      3.06      1.1262      844.648      -2750.2      -1905.55      10.7509      197.386
256      3.072      1.12803      846.026      -2751.58      -1905.55      10.7089      197.387
257      3.084      1.1299      847.423      -2752.97      -1905.55      10.6673      197.388
258      3.096      1.13178      848.835      -2754.39      -1905.55      10.626      197.388
259      3.108      1.13368      850.261      -2755.81      -1905.55      10.585      197.389
260      3.12      1.1356      851.697      -2757.25      -1905.55      10.5443      197.39
261      3.132      1.13752      853.14      -2758.69      -1905.55      10.504      197.391
262      3.144      1.13945      854.588      -2760.14      -1905.55      10.4639      197.391
263      3.156      1.14139      856.039      -2761.59      -1905.55      10.4242      197.392
264      3.168      1.14332      857.491      -2763.04      -1905.55      10.3847      197.393
265      3.18      1.14526      858.942      -2764.49      -1905.55      10.3456      197.393
266      3.192      1.14719      860.39      -2765.94      -1905.55      10.3067      197.394
267      3.204      1.14911      861.833      -2767.39      -1905.55      10.2681      197.395
268      3.216      1.15103      863.271      -2768.82      -1905.55      10.2298      197.395
269      3.228      1.15294      864.702      -2770.25      -1905.55      10.1918      197.396
270      3.24      1.15483      866.125      -2771.68      -1905.55      10.1541      197.396
271      3.252      1.15672      867.54      -2773.09      -1905.55      10.1167      197.397
272      3.264      1.15859      868.944      -2774.5      -1905.55      10.0795      197.397
273      3.276      1.16045      870.338      -2775.89      -1905.55      10.0426      197.398
274      3.288      1.1623      871.722      -2777.27      -1905.55      10.006      197.398
275      3.3      1.16412      873.093      -2778.64      -1905.55      9.96964      197.399
276      3.312      1.16594      874.453      -2780      -1905.55      9.93354      197.399
277      3.324      1.16773      875.8      -2781.35      -1905.55      9.8977      197.4
278      3.336      1.16951      877.134      -2782.69      -1905.55      9.86211      197.4
279      3.348      1.17127      878.455      -2784.01      -1905.55      9.82678      197.4
280      3.36      1.17302      879.763      -2785.31      -1905.55      9.79171      197.401
281      3.372      1.17474      881.057      -2786.61      -1905.55      9.75688      197.401
282      3.384      1.17645      882.337      -2787.89      -1905.55      9.72229      197.401
283      3.396      1.17814      883.603      -2789.15      -1905.55      9.68795      197.402
284      3.408      1.17981      884.854      -2790.41      -1905.55      9.65385      197.402
285      3.42      1.18145      886.091      -2791.64      -1905.55      9.61998      197.402
286      3.432      1.18308      887.312      -2792.86      -1905.55      9.58635      197.402
287      3.444      1.18469      888.519      -2794.07      -1905.55      9.55296      197.402
288      3.456      1.18628      889.709      -2795.26      -1905.55      9.51979      197.402
289      3.468      1.18785      890.884      -2796.44      -1905.55      9.48685      197.402
290      3.48      1.18939      892.043      -2797.59      -1905.55      9.45414      197.402
291      3.492      1.19091      893.185      -2798.74      -1905.55      9.42165      197.402
292      3.504      1.19242      894.312      -2799.86      -1905.55      9.38938      197.402
293      3.516      1.19389      895.421      -2800.97      -1905.55      9.35733      197.402
294      3.528      1.19535      896.514      -2802.07      -1905.55      9.3255      197.402
295      3.54      1.19679      897.59      -2803.14      -1905.55      9.29388      197.402
296      3.552      1.1982      898.648      -2804.2      -1905.55      9.26247      197.402
297      3.564      1.19959      899.69      -2805.24      -1905.55      9.23127      197.402
298      3.576      1.20095      900.715      -2806.27      -1905.55      9.20028      197.401
299      3.588      1.2023      901.723      -2807.27      -1905.55      9.1695      197.401
300      3.6      1.20362      902.714      -2808.27      -1905.55      9.13891      197.401
301      3.612      1.20492      903.69      -2809.24      -1905.55      9.10853      197.4
302      3.624      1.2062      904.649      -2810.2      -1905.55      9.07835      197.4
303      3.636      1.20746      905.594      -2811.15      -1905.55      9.04836      197.399
304      3.648      1.2087      906.523      -2812.07      -1905.55      9.01858      197.399
305      3.66      1.20992      907.439      -2812.99      -1905.55      8.98898      197.398
306      3.672      1.21112      908.341      -2813.89      -1905.55      8.95957      197.397
307      3.684      1.21231      909.231      -2814.78      -1905.55      8.93036      197.397
308      3.696      1.21348      910.109      -2815.66      -1905.55      8.90133      197.396
309      3.708      1.21463      910.976      -2816.53      -1905.55      8.87249      197.395
310      3.72      1.21578      911.833      -2817.38      -1905.55      8.84383      197.394
311      3.732      1.21691      912.682      -2818.23      -1905.55      8.81535      197.393
312      3.744      1.21803      913.524      -2819.08      -1905.55      8.78706      197.392
313      3.756      1.21915      914.361      -2819.91      -1905.55      8.75894      197.392
314      3.768      1.22026      915.193      -2820.74      -1905.55      8.731      197.391
315      3.78      1.22136      916.022      -2821.57      -1905.55      8.70324      197.389
316      3.792      1.22247      916.85      -2822.4      -1905.55      8.67565      197.388
317      3.804      1.22357      917.678      -2823.23      -1905.55      8.64823      197.387
318      3.816      1.22468      918.506      -2824.06      -1905.55      8.62098      197.386
319      3.828      1.22578      919.338      -2824.89      -1905.55      8.5939      197.385
320      3.84      1.2269      920.174      -2825.72      -1905.55      8.56699      197.383
321      3.852      1.22802      921.016      -2826.57      -1905.55      8.54024      197.382
322      3.864      1.22915      921.865      -2827.41      -1905.55      8.51366      197.381
323      3.876      1.2303      922.723      -2828.27      -1905.55      8.48724      197.379
324      3.888      1.23145      923.591      -2829.14      -1905.55      8.46099      197.378
325      3.9      1.23263      924.47      -2830.02      -1905.55      8.43489      197.376
326      3.912      1.23381      925.361      -2830.91      -1905.55      8.40895      197.375
327      3.924      1.23502      926.266      -2831.82      -1905.55      8.38317      197.373
328      3.936      1.23625      927.185      -2832.73      -1905.55      8.35754      197.372
329      3.948      1.23749      928.12      -2833.67      -1905.55      8.33207      197.37
330      3.96      1.23876      929.07      -2834.62      -1905.55      8.30675      197.368
331      3.972      1.24005      930.036      -2835.59      -1905.55      8.28158      197.367
332      3.984      1.24136      931.019      -2836.57      -1905.55      8.25656      197.365
333      3.996      1.24269      932.019      -2837.57      -1905.55      8.23169      197.363
334      4.008      1.24405      933.035      -2838.58      -1905.55      8.20697      197.361
335      4.02      1.24542      934.067      -2839.62      -1905.55      8.18239      197.359
336      4.032      1.24682      935.116      -2840.66      -1905.55      8.15796      197.357
337      4.044      1.24824      936.18      -2841.73      -1905.55      8.13367      197.355
338      4.056      1.24968      937.258      -2842.81      -1905.55      8.10953      197.353
339      4.068      1.25113      938.349      -2843.9      -1905.55      8.08552      197.351
340      4.08      1.2526      939.453      -2845      -1905.55      8.06166      197.349
341      4.092      1.25409      940.568      -2846.12      -1905.55      8.03793      197.347
342      4.104      1.25559      941.692      -2847.24      -1905.55      8.01435      197.345
343      4.116      1.2571      942.824      -2848.37      -1905.55      7.9909      197.343
344      4.128      1.25862      943.962      -2849.51      -1905.55      7.96758      197.341
345      4.14      1.26014      945.103      -2850.65      -1905.55      7.9444      197.339
346      4.152      1.26166      946.247      -2851.8      -1905.55      7.92135      197.337
347      4.164      1.26319      947.389      -2852.94      -1905.55      7.89844      197.335
348      4.176      1.26471      948.529      -2854.08      -1905.55      7.87565      197.332
349      4.188      1.26622      949.663      -2855.21      -1905.55      7.853      197.33
350      4.2      1.26772      950.79      -2856.34      -1905.55      7.83047      197.328
351      4.212      1.26921      951.907      -2857.46      -1905.55      7.80807      197.326
352      4.224      1.27068      953.01      -2858.56      -1905.55      7.7858      197.323
353      4.236      1.27213      954.098      -2859.65      -1905.55      7.76366      197.321
354      4.248      1.27356      955.168      -2860.72      -1905.55      7.74163      197.319
355      4.26      1.27496      956.218      -2861.77      -1905.55      7.71974      197.316
356      4.272      1.27633      957.244      -2862.8      -1905.55      7.69796      197.314
357      4.284      1.27766      958.244      -2863.8      -1905.55      7.67631      197.312
358      4.296      1.27896      959.217      -2864.77      -1905.55      7.65478      197.31
359      4.308      1.28021      960.159      -2865.71      -1905.55      7.63336      197.307
360      4.32      1.28142      961.068      -2866.62      -1905.55      7.61207      197.305
361      4.332      1.28259      961.944      -2867.5      -1905.55      7.5909      197.303
362      4.344      1.28371      962.782      -2868.33      -1905.55      7.56984      197.3
363      4.356      1.28478      963.582      -2869.13      -1905.55      7.54889      197.298
364      4.368      1.28579      964.343      -2869.9      -1905.55      7.52807      197.296
365      4.38      1.28675      965.062      -2870.61      -1905.55      7.50735      197.293
366      4.392      1.28765      965.739      -2871.29      -1905.55      7.48675      197.291
367      4.404      1.2885      966.371      -2871.92      -1905.55      7.46627      197.289
368      4.416      1.28928      966.959      -2872.51      -1905.55      7.44589      197.286
369      4.428      1.29      967.502      -2873.05      -1905.55      7.42562      197.284
370      4.44      1.29066      967.998      -2873.55      -1905.55      7.40547      197.282
371      4.452      1.29126      968.447      -2874      -1905.55      7.38542      197.279
372      4.464      1.2918      968.849      -2874.4      -1905.55      7.36549      197.277
373      4.476      1.29227      969.204      -2874.76      -1905.55      7.34565      197.275
374      4.488      1.29268      969.51      -2875.06      -1905.55      7.32593      197.273
375      4.5      1.29303      969.769      -2875.32      -1905.55      7.30631      197.27
376      4.512      1.29331      969.98      -2875.53      -1905.55      7.2868      197.268
377      4.524      1.29353      970.144      -2875.7      -1905.55      7.26739      197.266
378      4.536      1.29368      970.261      -2875.81      -1905.55      7.24808      197.264
379      4.548      1.29378      970.332      -2875.88      -1905.55      7.22888      197.262
380      4.56      1.29381      970.356      -2875.91      -1905.55      7.20978      197.26
381      4.572      1.29378      970.334      -2875.89      -1905.55      7.19078      197.257
382      4.584      1.29369      970.268      -2875.82      -1905.55      7.17188      197.255
383      4.596      1.29354      970.157      -2875.71      -1905.55      7.15308      197.253
384      4.608      1.29334      970.002      -2875.55      -1905.55      7.13438      197.251
385      4.62      1.29307      969.804      -2875.36      -1905.55      7.11578      197.249
386      4.632      1.29275      969.563      -2875.12      -1905.55      7.09727      197.247
387      4.644      1.29238      969.281      -2874.83      -1905.55      7.07886      197.245
388      4.656      1.29195      968.959      -2874.51      -1905.55      7.06055      197.243
389      4.668      1.29146      968.597      -2874.15      -1905.55      7.04233      197.242
390      4.68      1.29093      968.196      -2873.75      -1905.55      7.02421      197.24
391      4.692      1.29034      967.757      -2873.31      -1905.55      7.00618      197.238
392      4.704      1.28971      967.281      -2872.83      -1905.55      6.98824      197.236
393      4.716      1.28903      966.77      -2872.32      -1905.55      6.9704      197.234
394      4.728      1.2883      966.224      -2871.78      -1905.55      6.95264      197.233
395      4.74      1.28753      965.645      -2871.2      -1905.55      6.93498      197.231
396      4.752      1.28671      965.034      -2870.59      -1905.55      6.91741      197.229
397      4.764      1.28586      964.393      -2869.94      -1905.55      6.89993      197.228
398      4.776      1.28496      963.721      -2869.27      -1905.55      6.88254      197.226
399      4.788      1.28403      963.022      -2868.57      -1905.55      6.86523      197.224
400      4.8      1.28306      962.296      -2867.85      -1905.55      6.84802      197.223
401      4.812      1.28206      961.545      -2867.1      -1905.55      6.83089      197.221
402      4.824      1.28103      960.772      -2866.32      -1905.55      6.81385      197.22
403      4.836      1.27997      959.978      -2865.53      -1905.55      6.79689      197.219
404      4.848      1.27889      959.165      -2864.72      -1905.55      6.78002      197.217
405      4.86      1.27778      958.336      -2863.89      -1905.55      6.76324      197.216
406      4.872      1.27666      957.491      -2863.04      -1905.55      6.74653      197.215
407      4.884      1.27551      956.635      -2862.19      -1905.55      6.72991      197.213
408      4.896      1.27436      955.768      -2861.32      -1905.55      6.71338      197.212
409      4.908      1.27319      954.893      -2860.44      -1905.55      6.69692      197.211
410      4.92      1.27202      954.013      -2859.56      -1905.55      6.68055      197.21
411      4.932      1.27084      953.132      -2858.68      -1905.55      6.66426      197.209
412      4.944      1.26967      952.251      -2857.8      -1905.55      6.64805      197.208
413      4.956      1.2685      951.373      -2856.92      -1905.55      6.63192      197.207
414      4.968      1.26734      950.502      -2856.05      -1905.55      6.61586      197.206
415      4.98      1.26619      949.641      -2855.19      -1905.55      6.59989      197.205
416      4.992      1.26506      948.793      -2854.34      -1905.55      6.58399      197.204
417      5.004      1.26395      947.96      -2853.51      -1905.55      6.56817      197.203
418      5.016      1.26286      947.147      -2852.7      -1905.55      6.55243      197.202
419      5.028      1.26181      946.355      -2851.9      -1905.55      6.53677      197.201
420      5.04      1.26079      945.589      -2851.14      -1905.55      6.52118      197.2
421      5.052      1.2598      944.851      -2850.4      -1905.55      6.50566      197.2
422      5.064      1.25886      944.143      -2849.69      -1905.55      6.49022      197.199
423      5.076      1.25796      943.468      -2849.02      -1905.55      6.47485      197.198
424      5.088      1.25711      942.83      -2848.38      -1905.55      6.45956      197.197
425      5.1      1.25631      942.23      -2847.78      -1905.55      6.44434      197.197
426      5.112      1.25556      941.67      -2847.22      -1905.55      6.42919      197.196
427      5.124      1.25487      941.154      -2846.7      -1905.55      6.41412      197.196
428      5.136      1.25424      940.681      -2846.23      -1905.55      6.39912      197.195
429      5.148      1.25367      940.255      -2845.8      -1905.55      6.38418      197.195
430      5.16      1.25317      939.875      -2845.42      -1905.55      6.36932      197.194
431      5.172      1.25272      939.543      -2845.09      -1905.55      6.35453      197.194
432      5.184      1.25235      939.26      -2844.81      -1905.55      6.3398      197.193
433      5.196      1.25203      939.025      -2844.57      -1905.55      6.32515      197.193
434      5.208      1.25179      938.84      -2844.39      -1905.55      6.31056      197.192
435      5.22      1.25161      938.704      -2844.25      -1905.55      6.29605      197.192
436      5.232      1.25149      938.618      -2844.17      -1905.55      6.2816      197.192
437      5.244      1.25144      938.58      -2844.13      -1905.55      6.26721      197.192
438      5.256      1.25145      938.59      -2844.14      -1905.55      6.2529      197.191
439      5.268      1.25153      938.649      -2844.2      -1905.55      6.23864      197.191
440      5.28      1.25167      938.754      -2844.3      -1905.55      6.22446      197.191
441      5.292      1.25188      938.907      -2844.45      -1905.55      6.21034      197.191
442      5.304      1.25214      939.105      -2844.65      -1905.55      6.19629      197.191
443      5.316      1.25247      939.349      -2844.9      -1905.55      6.1823      197.19
444      5.328      1.25285      939.637      -2845.18      -1905.55      6.16837      197.19
445      5.34      1.25329      939.968      -2845.52      -1905.55      6.15451      197.19
446      5.352      1.25379      940.343      -2845.89      -1905.55      6.14071      197.19
447      5.364      1.25435      940.76      -2846.31      -1905.55      6.12697      197.19
448      5.376      1.25496      941.219      -2846.77      -1905.55      6.1133      197.19
449      5.388      1.25563      941.72      -2847.27      -1905.55      6.09968      197.191
450      5.4      1.25635      942.262      -2847.81      -1905.55      6.08613      197.191
451      5.412      1.25713      942.845      -2848.39      -1905.55      6.07264      197.191
452      5.424      1.25796      943.469      -2849.02      -1905.55      6.05921      197.191
453      5.436      1.25885      944.134      -2849.68      -1905.55      6.04584      197.191
454      5.448      1.25979      944.84      -2850.39      -1905.55      6.03253      197.191
455      5.46      1.26078      945.587      -2851.13      -1905.55      6.01928      197.192
456      5.472      1.26183      946.375      -2851.92      -1905.55      6.00609      197.192
457      5.484      1.26294      947.204      -2852.75      -1905.55      5.99296      197.192
458      5.496      1.2641      948.076      -2853.62      -1905.55      5.97989      197.193
459      5.508      1.26532      948.989      -2854.54      -1905.55      5.96687      197.193
460      5.52      1.26659      949.944      -2855.49      -1905.55      5.95392      197.194
461      5.532      1.26792      950.942      -2856.49      -1905.55      5.94102      197.194
462      5.544      1.26931      951.981      -2857.53      -1905.55      5.92817      197.195
463      5.556      1.27075      953.061      -2858.61      -1905.55      5.91538      197.195
464      5.568      1.27224      954.184      -2859.73      -1905.55      5.90265      197.196
465      5.58      1.2738      955.347      -2860.89      -1905.55      5.88998      197.197
466      5.592      1.2754      956.551      -2862.1      -1905.55      5.87736      197.197
467      5.604      1.27706      957.795      -2863.34      -1905.55      5.8648      197.198
468      5.616      1.27877      959.078      -2864.63      -1905.55      5.85229      197.199
469      5.628      1.28053      960.4      -2865.95      -1905.55      5.83983      197.199
470      5.64      1.28234      961.758      -2867.31      -1905.55      5.82743      197.2
471      5.652      1.2842      963.152      -2868.7      -1905.55      5.81508      197.201
472      5.664      1.28611      964.58      -2870.13      -1905.55      5.80279      197.202
473      5.676      1.28805      966.04      -2871.59      -1905.55      5.79055      197.203
474      5.688      1.29004      967.529      -2873.08      -1905.55      5.77836      197.204
475      5.7      1.29206      969.047      -2874.6      -1905.55      5.76623      197.205
476      5.712      1.29412      970.591      -2876.14      -1905.55      5.75414      197.206
477      5.724      1.29621      972.158      -2877.71      -1905.55      5.74211      197.207
478      5.736      1.29833      973.746      -2879.3      -1905.55      5.73013      197.208
479      5.748      1.30047      975.353      -2880.9      -1905.55      5.7182      197.209
480      5.76      1.30263      976.976      -2882.53      -1905.55      5.70632      197.211
481      5.772      1.30482      978.612      -2884.16      -1905.55      5.69449      197.212
482      5.784      1.30701      980.257      -2885.81      -1905.55      5.68272      197.213
483      5.796      1.30921      981.91      -2887.46      -1905.55      5.67099      197.214
484      5.808      1.31142      983.566      -2889.12      -1905.55      5.65931      197.216
485      5.82      1.31363      985.224      -2890.77      -1905.55      5.64768      197.217
486      5.832      1.31584      986.879      -2892.43      -1905.55      5.6361      197.218
487      5.844      1.31804      988.53      -2894.08      -1905.55      5.62457      197.22
488      5.856      1.32023      990.174      -2895.72      -1905.55      5.61308      197.221
489      5.868      1.32241      991.807      -2897.36      -1905.55      5.60165      197.223
490      5.88      1.32457      993.428      -2898.98      -1905.55      5.59026      197.224
491      5.892      1.32671      995.033      -2900.58      -1905.55      5.57892      197.226
492      5.904      1.32883      996.62      -2902.17      -1905.55      5.56762      197.227
493      5.916      1.33092      998.187      -2903.74      -1905.55      5.55638      197.229
494      5.928      1.33298      999.731      -2905.28      -1905.55      5.54517      197.231
495      5.94      1.335      1001.25      -2906.8      -1905.55      5.53402      197.232
496      5.952      1.33699      1002.74      -2908.3      -1905.55      5.52291      197.234
497      5.964      1.33895      1004.21      -2909.76      -1905.55      5.51185      197.236
498      5.976      1.34086      1005.64      -2911.19      -1905.55      5.50083      197.238
499      5.988      1.34273      1007.05      -2912.6      -1905.55      5.48985      197.239
500      6      1.34455      1008.41      -2913.97      -1905.55      5.47893      197.241
501      6.012      1.34633      1009.75      -2915.3      -1905.55      5.46804      197.243
502      6.024      1.34807      1011.05      -2916.6      -1905.55      5.4572      197.245
503      6.036      1.34975      1012.31      -2917.87      -1905.55      5.4464      197.247
504      6.048      1.35139      1013.54      -2919.09      -1905.55      5.43565      197.249
505      6.06      1.35297      1014.73      -2920.28      -1905.55      5.42494      197.251
506      6.072      1.35451      1015.88      -2921.43      -1905.55      5.41427      197.253
507      6.084      1.35599      1016.99      -2922.55      -1905.55      5.40365      197.255
508      6.096      1.35742      1018.07      -2923.62      -1905.55      5.39307      197.257
509      6.108      1.3588      1019.1      -2924.65      -1905.55      5.38253      197.259
510      6.12      1.36013      1020.1      -2925.65      -1905.55      5.37203      197.261
511      6.132      1.36141      1021.05      -2926.61      -1905.55      5.36158      197.263
512      6.144      1.36263      1021.97      -2927.52      -1905.55      5.35116      197.265
513      6.156      1.3638      1022.85      -2928.4      -1905.55      5.34079      197.267
514      6.168      1.36491      1023.69      -2929.24      -1905.55      5.33046      197.27
515      6.18      1.36598      1024.48      -2930.03      -1905.55      5.32016      197.272
516      6.192      1.36699      1025.24      -2930.79      -1905.55      5.30991      197.274
517      6.204      1.36794      1025.96      -2931.51      -1905.55      5.2997      197.276
518      6.216      1.36884      1026.63      -2932.19      -1905.55      5.28953      197.278
519      6.228      1.36969      1027.27      -2932.82      -1905.55      5.2794      197.281
520      6.24      1.37049      1027.87      -2933.42      -1905.55      5.2693      197.283
521      6.252      1.37123      1028.42      -2933.97      -1905.55      5.25925      197.285
522      6.264      1.37191      1028.93      -2934.49      -1905.55      5.24924      197.287
523      6.276      1.37254      1029.41      -2934.96      -1905.55      5.23926      197.29
524      6.288      1.37312      1029.84      -2935.39      -1905.55      5.22932      197.292
525      6.3      1.37363      1030.22      -2935.78      -1905.55      5.21942      197.294
526      6.312      1.37409      1030.57      -2936.12      -1905.55      5.20956      197.296
527      6.324      1.37449      1030.87      -2936.42      -1905.55      5.19974      197.299
528      6.336      1.37484      1031.13      -2936.68      -1905.55      5.18995      197.301
529      6.348      1.37512      1031.34      -2936.89      -1905.55      5.1802      197.303
530      6.36      1.37534      1031.51      -2937.06      -1905.55      5.17049      197.306
531      6.372      1.37551      1031.63      -2937.18      -1905.55      5.16081      197.308
532      6.384      1.37561      1031.71      -2937.26      -1905.55      5.15117      197.311
533      6.396      1.37565      1031.74      -2937.29      -1905.55      5.14157      197.313
534      6.408      1.37563      1031.73      -2937.28      -1905.55      5.132      197.315
535      6.42      1.37555      1031.67      -2937.22      -1905.55      5.12247      197.318
536      6.432      1.37541      1031.56      -2937.11      -1905.55      5.11298      197.32
537      6.444      1.37521      1031.41      -2936.96      -1905.55      5.10352      197.322
538      6.456      1.37494      1031.21      -2936.76      -1905.55      5.09409      197.325
539      6.468      1.37461      1030.96      -2936.51      -1905.55      5.0847      197.327
540      6.48      1.37423      1030.67      -2936.22      -1905.55      5.07535      197.329
541      6.492      1.37378      1030.33      -2935.88      -1905.55      5.06603      197.332
542      6.504      1.37327      1029.95      -2935.5      -1905.55      5.05674      197.334
543      6.516      1.3727      1029.53      -2935.08      -1905.55      5.04749      197.337
544      6.528      1.37208      1029.06      -2934.61      -1905.55      5.03827      197.339
545      6.54      1.37141      1028.56      -2934.11      -1905.55      5.02909      197.341
546      6.552      1.37068      1028.01      -2933.56      -1905.55      5.01994      197.344
547      6.564      1.3699      1027.42      -2932.98      -1905.55      5.01082      197.346
548      6.576      1.36907      1026.8      -2932.35      -1905.55      5.00173      197.348
549      6.588      1.36819      1026.14      -2931.7      -1905.55      4.99268      197.351
550      6.6      1.36727      1025.45      -2931.01      -1905.55      4.98366      197.353
551      6.612      1.36631      1024.73      -2930.29      -1905.55      4.97468      197.355
552      6.624      1.36531      1023.98      -2929.54      -1905.55      4.96572      197.358
553      6.636      1.36428      1023.21      -2928.76      -1905.55      4.9568      197.36
554      6.648      1.36321      1022.41      -2927.96      -1905.55      4.94791      197.362
555      6.66      1.36211      1021.59      -2927.14      -1905.55      4.93905      197.365
556      6.672      1.36099      1020.74      -2926.29      -1905.55      4.93023      197.367
557      6.684      1.35985      1019.88      -2925.44      -1905.55      4.92143      197.369
558      6.696      1.35868      1019.01      -2924.56      -1905.55      4.91267      197.371
559      6.708      1.3575      1018.13      -2923.68      -1905.55      4.90394      197.374
560      6.72      1.35631      1017.23      -2922.78      -1905.55      4.89524      197.376
561      6.732      1.35511      1016.33      -2921.88      -1905.55      4.88657      197.378
562      6.744      1.3539      1015.42      -2920.97      -1905.55      4.87793      197.38
563      6.756      1.35269      1014.52      -2920.07      -1905.55      4.86932      197.383
564      6.768      1.35148      1013.61      -2919.16      -1905.55      4.86074      197.385
565      6.78      1.35027      1012.7      -2918.25      -1905.55      4.85219      197.387
566      6.792      1.34907      1011.8      -2917.35      -1905.55      4.84367      197.389
567      6.804      1.34787      1010.91      -2916.46      -1905.55      4.83518      197.391
568      6.816      1.34669      1010.02      -2915.57      -1905.55      4.82672      197.393
569      6.828      1.34552      1009.14      -2914.69      -1905.55      4.81828      197.395
570      6.84      1.34437      1008.28      -2913.83      -1905.55      4.80988      197.398
571      6.852      1.34323      1007.42      -2912.97      -1905.55      4.80151      197.4
572      6.864      1.34211      1006.58      -2912.13      -1905.55      4.79317      197.402
573      6.876      1.34101      1005.76      -2911.31      -1905.55      4.78485      197.404
574      6.888      1.33993      1004.95      -2910.5      -1905.55      4.77656      197.406
575      6.9      1.33887      1004.16      -2909.7      -1905.55      4.7683      197.408
576      6.912      1.33784      1003.38      -2908.93      -1905.55      4.76007      197.41
577      6.924      1.33683      1002.62      -2908.17      -1905.55      4.75187      197.412
578      6.936      1.33584      1001.88      -2907.43      -1905.55      4.7437      197.414
579      6.948      1.33487      1001.15      -2906.7      -1905.55      4.73555      197.416
580      6.96      1.33392      1000.44      -2905.99      -1905.55      4.72743      197.418
581      6.972      1.333      999.751      -2905.3      -1905.55      4.71934      197.42
582      6.984      1.3321      999.076      -2904.63      -1905.55      4.71128      197.421
583      6.996      1.33122      998.417      -2903.97      -1905.55      4.70324      197.423
584      7.008      1.33037      997.774      -2903.32      -1905.55      4.69523      197.425
585      7.02      1.32953      997.146      -2902.7      -1905.55      4.68725      197.427
586      7.032      1.32871      996.531      -2902.08      -1905.55      4.6793      197.429
587      7.044      1.32791      995.929      -2901.48      -1905.55      4.67137      197.431
588      7.056      1.32712      995.34      -2900.89      -1905.55      4.66346      197.432
589      7.068      1.32635      994.762      -2900.31      -1905.55      4.65559      197.434
590      7.08      1.32559      994.193      -2899.74      -1905.55      4.64774      197.436
591      7.092      1.32485      993.634      -2899.18      -1905.55      4.63991      197.438
592      7.104      1.32411      993.084      -2898.63      -1905.55      4.63212      197.439
593      7.116      1.32339      992.541      -2898.09      -1905.55      4.62434      197.441
594      7.128      1.32267      992.004      -2897.55      -1905.55      4.6166      197.443
595      7.14      1.32196      991.472      -2897.02      -1905.55      4.60888      197.444
596      7.152      1.32126      990.944      -2896.49      -1905.55      4.60118      197.446
597      7.164      1.32056      990.42      -2895.97      -1905.55      4.59351      197.447
598      7.176      1.31986      989.897      -2895.45      -1905.55      4.58587      197.449
599      7.188      1.31917      989.376      -2894.93      -1905.55      4.57825      197.451
600      7.2      1.31847      988.854      -2894.4      -1905.55      4.57065      197.452
601      7.212      1.31778      988.331      -2893.88      -1905.55      4.56308      197.454
602      7.224      1.31707      987.806      -2893.36      -1905.55      4.55553      197.455
603      7.236      1.31637      987.278      -2892.83      -1905.55      4.54801      197.457
604      7.248      1.31566      986.745      -2892.3      -1905.55      4.54052      197.458
605      7.26      1.31494      986.208      -2891.76      -1905.55      4.53304      197.459
606      7.272      1.31422      985.664      -2891.21      -1905.55      4.52559      197.461
607      7.284      1.31348      985.113      -2890.66      -1905.55      4.51817      197.462
608      7.296      1.31274      984.554      -2890.11      -1905.55      4.51077      197.463
609      7.308      1.31198      983.986      -2889.54      -1905.55      4.50339      197.465
610      7.32      1.31121      983.408      -2888.96      -1905.55      4.49604      197.466
611      7.332      1.31042      982.818      -2888.37      -1905.55      4.48871      197.467
612      7.344      1.30962      982.217      -2887.77      -1905.55      4.4814      197.468
613      7.356      1.3088      981.602      -2887.15      -1905.55      4.47412      197.47
614      7.368      1.30796      980.973      -2886.52      -1905.55      4.46686      197.471
615      7.38      1.3071      980.328      -2885.88      -1905.55      4.45962      197.472
616      7.392      1.30622      979.668      -2885.22      -1905.55      4.4524      197.473
617      7.404      1.30532      978.991      -2884.54      -1905.55      4.44521      197.474
618      7.416      1.30439      978.296      -2883.85      -1905.55      4.43804      197.475
619      7.428      1.30344      977.583      -2883.14      -1905.55      4.43089      197.476
620      7.44      1.30247      976.852      -2882.4      -1905.55      4.42377      197.477
621      7.452      1.30147      976.101      -2881.65      -1905.55      4.41667      197.478
622      7.464      1.30044      975.33      -2880.88      -1905.55      4.40959      197.479
623      7.476      1.29939      974.539      -2880.09      -1905.55      4.40253      197.48
624      7.488      1.2983      973.727      -2879.28      -1905.55      4.39549      197.481
625      7.5      1.29719      972.893      -2878.45      -1905.55      4.38847      197.481
626      7.512      1.29605      972.039      -2877.59      -1905.55      4.38148      197.482
627      7.524      1.29488      971.163      -2876.71      -1905.55      4.37451      197.483
628      7.536      1.29369      970.266      -2875.82      -1905.55      4.36756      197.484
629      7.548      1.29246      969.348      -2874.9      -1905.55      4.36063      197.484
630      7.56      1.29121      968.409      -2873.96      -1905.55      4.35372      197.485
631      7.572      1.28993      967.451      -2873      -1905.55      4.34683      197.485
632      7.584      1.28863      966.473      -2872.02      -1905.55      4.33997      197.486
633      7.596      1.2873      965.477      -2871.03      -1905.55      4.33312      197.486
634      7.608      1.28595      964.465      -2870.02      -1905.55      4.3263      197.487
635      7.62      1.28458      963.436      -2868.99      -1905.55      4.31949      197.487
636      7.632      1.28319      962.394      -2867.95      -1905.55      4.31271      197.488
637      7.644      1.28179      961.339      -2866.89      -1905.55      4.30595      197.488
638      7.656      1.28037      960.274      -2865.83      -1905.55      4.2992      197.488
639      7.668      1.27893      959.201      -2864.75      -1905.55      4.29248      197.488
640      7.68      1.27749      958.121      -2863.67      -1905.55      4.28578      197.489
641      7.692      1.27605      957.037      -2862.59      -1905.55      4.2791      197.489
642      7.704      1.2746      955.951      -2861.5      -1905.55      4.27243      197.489
643      7.716      1.27316      954.867      -2860.42      -1905.55      4.26579      197.489
644      7.728      1.27171      953.786      -2859.34      -1905.55      4.25917      197.489
645      7.74      1.27028      952.711      -2858.26      -1905.55      4.25256      197.489
646      7.752      1.26886      951.645      -2857.2      -1905.55      4.24598      197.489
647      7.764      1.26746      950.591      -2856.14      -1905.55      4.23941      197.489
648      7.776      1.26607      949.552      -2855.1      -1905.55      4.23287      197.489
649      7.788      1.26471      948.53      -2854.08      -1905.55      4.22634      197.489
650      7.8      1.26337      947.528      -2853.08      -1905.55      4.21984      197.488
651      7.812      1.26206      946.548      -2852.1      -1905.55      4.21335      197.488
652      7.824      1.26079      945.594      -2851.14      -1905.55      4.20688      197.488
653      7.836      1.25956      944.667      -2850.22      -1905.55      4.20043      197.487
654      7.848      1.25836      943.77      -2849.32      -1905.55      4.194      197.487
655      7.86      1.25721      942.904      -2848.45      -1905.55      4.18759      197.487
656      7.872      1.2561      942.072      -2847.62      -1905.55      4.18119      197.486
657      7.884      1.25503      941.274      -2846.82      -1905.55      4.17482      197.486
658      7.896      1.25402      940.512      -2846.06      -1905.55      4.16846      197.485
659      7.908      1.25305      939.787      -2845.34      -1905.55      4.16212      197.484
660      7.92      1.25213      939.1      -2844.65      -1905.55      4.1558      197.484
661      7.932      1.25127      938.452      -2844      -1905.55      4.1495      197.483
662      7.944      1.25046      937.842      -2843.39      -1905.55      4.14322      197.482
663      7.956      1.2497      937.272      -2842.82      -1905.55      4.13695      197.481
664      7.968      1.24899      936.741      -2842.29      -1905.55      4.1307      197.481
665      7.98      1.24833      936.25      -2841.8      -1905.55      4.12447      197.48
666      7.992      1.24773      935.797      -2841.35      -1905.55      4.11826      197.479
667      8.004      1.24718      935.383      -2840.93      -1905.55      4.11207      197.478
668      8.016      1.24668      935.008      -2840.56      -1905.55      4.10589      197.477
669      8.028      1.24623      934.67      -2840.22      -1905.55      4.09973      197.476
670      8.04      1.24582      934.368      -2839.92      -1905.55      4.09359      197.475
671      8.052      1.24547      934.103      -2839.65      -1905.55      4.08747      197.474
672      8.064      1.24516      933.873      -2839.42      -1905.55      4.08136      197.473
673      8.076      1.2449      933.677      -2839.23      -1905.55      4.07528      197.472
674      8.088      1.24469      933.514      -2839.06      -1905.55      4.0692      197.47
675      8.1      1.24451      933.383      -2838.93      -1905.55      4.06315      197.469
676      8.112      1.24438      933.284      -2838.83      -1905.55      4.05711      197.468
677      8.124      1.24429      933.214      -2838.76      -1905.55      4.05109      197.467
678      8.136      1.24423      933.173      -2838.72      -1905.55      4.04509      197.465
679      8.148      1.24421      933.159      -2838.71      -1905.55      4.03911      197.464
680      8.16      1.24423      933.171      -2838.72      -1905.55      4.03314      197.462
681      8.172      1.24428      933.208      -2838.76      -1905.55      4.02718      197.461
682      8.184      1.24436      933.269      -2838.82      -1905.55      4.02125      197.459
683      8.196      1.24447      933.353      -2838.9      -1905.55      4.01533      197.458
684      8.208      1.24461      933.457      -2839.01      -1905.55      4.00943      197.456
685      8.22      1.24477      933.581      -2839.13      -1905.55      4.00354      197.455
686      8.232      1.24496      933.723      -2839.27      -1905.55      3.99767      197.453
687      8.244      1.24518      933.883      -2839.43      -1905.55      3.99182      197.452
688      8.256      1.24541      934.058      -2839.61      -1905.55      3.98599      197.45
689      8.268      1.24566      934.248      -2839.8      -1905.55      3.98017      197.448
690      8.28      1.24593      934.451      -2840      -1905.55      3.97436      197.446
691      8.292      1.24622      934.666      -2840.22      -1905.55      3.96858      197.445
692      8.304      1.24652      934.892      -2840.44      -1905.55      3.96281      197.443
693      8.316      1.24684      935.128      -2840.68      -1905.55      3.95705      197.441
694      8.328      1.24716      935.371      -2840.92      -1905.55      3.95131      197.439
695      8.34      1.2475      935.622      -2841.17      -1905.55      3.94559      197.437
696      8.352      1.24784      935.879      -2841.43      -1905.55      3.93988      197.435
697      8.364      1.24819      936.141      -2841.69      -1905.55      3.93419      197.433
698      8.376      1.24854      936.408      -2841.96      -1905.55      3.92851      197.431
699      8.388      1.2489      936.677      -2842.23      -1905.55      3.92285      197.429
700      8.4      1.24927      936.949      -2842.5      -1905.55      3.91721      197.427
701      8.412      1.24963      937.223      -2842.77      -1905.55      3.91158      197.425
702      8.424      1.25      937.499      -2843.05      -1905.55      3.90597      197.423
703      8.436      1.25037      937.774      -2843.33      -1905.55      3.90037      197.421
704      8.448      1.25073      938.049      -2843.6      -1905.55      3.89479      197.419
705      8.46      1.2511      938.323      -2843.87      -1905.55      3.88922      197.417
706      8.472      1.25146      938.597      -2844.15      -1905.55      3.88367      197.415
707      8.484      1.25182      938.869      -2844.42      -1905.55      3.87813      197.412
708      8.496      1.25219      939.139      -2844.69      -1905.55      3.87261      197.41
709      8.508      1.25254      939.408      -2844.96      -1905.55      3.8671      197.408
710      8.52      1.2529      939.675      -2845.23      -1905.55      3.86161      197.406
711      8.532      1.25325      939.94      -2845.49      -1905.55      3.85613      197.403
712      8.544      1.2536      940.202      -2845.75      -1905.55      3.85067      197.401
713      8.556      1.25395      940.462      -2846.01      -1905.55      3.84523      197.399
714      8.568      1.25429      940.719      -2846.27      -1905.55      3.83979      197.396
715      8.58      1.25463      940.972      -2846.52      -1905.55      3.83438      197.394
716      8.592      1.25496      941.222      -2846.77      -1905.55      3.82898      197.391
717      8.604      1.25529      941.467      -2847.02      -1905.55      3.82359      197.389
718      8.616      1.25561      941.709      -2847.26      -1905.55      3.81821      197.386
719      8.628      1.25593      941.945      -2847.5      -1905.55      3.81286      197.384
720      8.64      1.25624      942.177      -2847.73      -1905.55      3.80751      197.381
721      8.652      1.25654      942.403      -2847.95      -1905.55      3.80218      197.379
722      8.664      1.25683      942.623      -2848.17      -1905.55      3.79687      197.376
723      8.676      1.25712      942.836      -2848.39      -1905.55      3.79157      197.374
724      8.688      1.25739      943.042      -2848.59      -1905.55      3.78628      197.371
725      8.7      1.25765      943.24      -2848.79      -1905.55      3.78101      197.369
726      8.712      1.2579      943.428      -2848.98      -1905.55      3.77575      197.366
727      8.724      1.25814      943.606      -2849.16      -1905.55      3.77051      197.363
728      8.736      1.25836      943.773      -2849.32      -1905.55      3.76528      197.361
729      8.748      1.25857      943.926      -2849.48      -1905.55      3.76006      197.358
730      8.76      1.25876      944.067      -2849.62      -1905.55      3.75486      197.355
731      8.772      1.25892      944.192      -2849.74      -1905.55      3.74967      197.353
732      8.784      1.25907      944.301      -2849.85      -1905.55      3.7445      197.35
733      8.796      1.25919      944.393      -2849.95      -1905.55      3.73934      197.347
734      8.808      1.25929      944.466      -2850.02      -1905.55      3.73419      197.345
735      8.82      1.25936      944.519      -2850.07      -1905.55      3.72906      197.342
736      8.832      1.2594      944.55      -2850.1      -1905.55      3.72394      197.339
737      8.844      1.25941      944.559      -2850.11      -1905.55      3.71884      197.336
738      8.856      1.25939      944.543      -2850.1      -1905.55      3.71374      197.334
739      8.868      1.25934      944.503      -2850.06      -1905.55      3.70867      197.331
740      8.88      1.25925      944.436      -2849.99      -1905.55      3.7036      197.328
741      8.892      1.25912      944.342      -2849.9      -1905.55      3.69855      197.325
742      8.904      1.25896      944.219      -2849.77      -1905.55      3.69352      197.322
743      8.916      1.25876      944.068      -2849.62      -1905.55      3.68849      197.32
744      8.928      1.25851      943.886      -2849.44      -1905.55      3.68348      197.317
745      8.94      1.25823      943.673      -2849.23      -1905.55      3.67849      197.314
746      8.952      1.25791      943.429      -2848.98      -1905.55      3.6735      197.311
747      8.964      1.25754      943.153      -2848.71      -1905.55      3.66853      197.308
748      8.976      1.25713      942.845      -2848.4      -1905.55      3.66357      197.305
749      8.988      1.25667      942.505      -2848.06      -1905.55      3.65863      197.303
750      9      1.25618      942.133      -2847.69      -1905.55      3.6537      197.3
751      9.012      1.25564      941.728      -2847.28      -1905.55      3.64878      197.297
752      9.024      1.25506      941.292      -2846.85      -1905.55      3.64388      197.294
753      9.036      1.25443      940.824      -2846.38      -1905.55      3.63899      197.291
754      9.048      1.25377      940.326      -2845.88      -1905.55      3.63411      197.289
755      9.06      1.25306      939.797      -2845.35      -1905.55      3.62924      197.286
756      9.072      1.25232      939.239      -2844.79      -1905.55      3.62439      197.283
757      9.084      1.25154      938.653      -2844.21      -1905.55      3.61955      197.28
758      9.096      1.25072      938.04      -2843.59      -1905.55      3.61473      197.277
759      9.108      1.24987      937.4      -2842.95      -1905.55      3.60991      197.274
760      9.12      1.24898      936.735      -2842.29      -1905.55      3.60511      197.272
761      9.132      1.24806      936.047      -2841.6      -1905.55      3.60032      197.269
762      9.144      1.24712      935.337      -2840.89      -1905.55      3.59555      197.266
763      9.156      1.24614      934.606      -2840.16      -1905.55      3.59078      197.263
764      9.168      1.24514      933.856      -2839.41      -1905.55      3.58603      197.261
765      9.18      1.24412      933.089      -2838.64      -1905.55      3.5813      197.258
766      9.192      1.24308      932.306      -2837.86      -1905.55      3.57657      197.255
767      9.204      1.24201      931.51      -2837.06      -1905.55      3.57186      197.252
768      9.216      1.24093      930.701      -2836.25      -1905.55      3.56716      197.25
769      9.228      1.23984      929.882      -2835.43      -1905.55      3.56247      197.247
770      9.24      1.23874      929.054      -2834.61      -1905.55      3.55779      197.244
771      9.252      1.23763      928.22      -2833.77      -1905.55      3.55313      197.241
772      9.264      1.23651      927.381      -2832.93      -1905.55      3.54848      197.239
773      9.276      1.23539      926.54      -2832.09      -1905.55      3.54384      197.236
774      9.288      1.23426      925.699      -2831.25      -1905.55      3.53921      197.233
775      9.3      1.23315      924.859      -2830.41      -1905.55      3.5346      197.231
776      9.312      1.23203      924.024      -2829.57      -1905.55      3.53      197.228
777      9.324      1.23093      923.195      -2828.75      -1905.55      3.52541      197.225
778      9.336      1.22983      922.374      -2827.93      -1905.55      3.52083      197.223
779      9.348      1.22875      921.565      -2827.12      -1905.55      3.51626      197.22
780      9.36      1.22769      920.769      -2826.32      -1905.55      3.51171      197.217
781      9.372      1.22665      919.988      -2825.54      -1905.55      3.50716      197.215
782      9.384      1.22563      919.225      -2824.77      -1905.55      3.50263      197.212
783      9.396      1.22464      918.482      -2824.03      -1905.55      3.49812      197.21
784      9.408      1.22368      917.762      -2823.31      -1905.55      3.49361      197.207
785      9.42      1.22276      917.068      -2822.62      -1905.55      3.48911      197.205
786      9.432      1.22187      916.401      -2821.95      -1905.55      3.48463      197.202
787      9.444      1.22102      915.765      -2821.31      -1905.55      3.48016      197.2
788      9.456      1.22021      915.161      -2820.71      -1905.55      3.4757      197.197
789      9.468      1.21946      914.593      -2820.14      -1905.55      3.47125      197.195
790      9.48      1.21875      914.063      -2819.61      -1905.55      3.46681      197.192
791      9.492      1.2181      913.573      -2819.12      -1905.55      3.46239      197.19
792      9.504      1.2175      913.126      -2818.67      -1905.55      3.45797      197.187
793      9.516      1.21697      912.724      -2818.27      -1905.55      3.45357      197.185
794      9.528      1.21649      912.37      -2817.92      -1905.55      3.44918      197.183
795      9.54      1.21609      912.065      -2817.61      -1905.55      3.4448      197.18
796      9.552      1.21575      911.812      -2817.36      -1905.55      3.44043      197.178
797      9.564      1.21548      911.613      -2817.16      -1905.55      3.43607      197.176
798      9.576      1.21529      911.469      -2817.02      -1905.55      3.43173      197.173
799      9.588      1.21518      911.383      -2816.93      -1905.55      3.42739      197.171
800      9.6      1.21514      911.355      -2816.9      -1905.55      3.42307      197.169
801      9.612      1.21519      911.389      -2816.94      -1905.55      3.41876      197.167
802      9.624      1.21531      911.485      -2817.03      -1905.55      3.41446      197.164
803      9.636      1.21553      911.644      -2817.19      -1905.55      3.41017      197.162
804      9.648      1.21582      911.868      -2817.42      -1905.55      3.40589      197.16
805      9.66      1.21621      912.157      -2817.7      -1905.55      3.40162      197.158
806      9.672      1.21668      912.512      -2818.06      -1905.55      3.39736      197.156
807      9.684      1.21724      912.933      -2818.48      -1905.55      3.39311      197.153
808      9.696      1.21789      913.421      -2818.97      -1905.55      3.38888      197.151
809      9.708      1.21863      913.976      -2819.52      -1905.55      3.38465      197.149
810      9.72      1.21946      914.597      -2820.14      -1905.55      3.38044      197.147
811      9.732      1.22038      915.285      -2820.83      -1905.55      3.37623      197.145
812      9.744      1.22139      916.039      -2821.59      -1905.55      3.37204      197.143
813      9.756      1.22248      916.858      -2822.41      -1905.55      3.36786      197.141
814      9.768      1.22366      917.741      -2823.29      -1905.55      3.36368      197.139
815      9.78      1.22492      918.687      -2824.24      -1905.55      3.35952      197.137
816      9.792      1.22626      919.695      -2825.24      -1905.55      3.35537      197.135
817      9.804      1.22768      920.763      -2826.31      -1905.55      3.35123      197.133
818      9.816      1.22919      921.889      -2827.44      -1905.55      3.3471      197.131
819      9.828      1.23076      923.071      -2828.62      -1905.55      3.34298      197.129
820      9.84      1.23241      924.307      -2829.86      -1905.55      3.33887      197.127
821      9.852      1.23413      925.595      -2831.14      -1905.55      3.33477      197.125
822      9.864      1.23591      926.931      -2832.48      -1905.55      3.33068      197.123
823      9.876      1.23775      928.313      -2833.86      -1905.55      3.32661      197.121
824      9.888      1.23965      929.737      -2835.29      -1905.55      3.32254      197.119
825      9.9      1.2416      931.201      -2836.75      -1905.55      3.31848      197.118
826      9.912      1.2436      932.702      -2838.25      -1905.55      3.31443      197.116
827      9.924      1.24565      934.235      -2839.78      -1905.55      3.31039      197.114
828      9.936      1.24773      935.797      -2841.35      -1905.55      3.30636      197.112
829      9.948      1.24985      937.385      -2842.93      -1905.55      3.30234      197.11
830      9.96      1.25199      938.993      -2844.54      -1905.55      3.29834      197.109
831      9.972      1.25416      940.62      -2846.17      -1905.55      3.29434      197.107
832      9.984      1.25635      942.259      -2847.81      -1905.55      3.29035      197.105
833      9.996      1.25855      943.909      -2849.46      -1905.55      3.28637      197.103
834      10.008      1.26075      945.564      -2851.12      -1905.55      3.2824      197.102
835      10.02      1.26296      947.222      -2852.77      -1905.55      3.27844      197.1
836      10.032      1.26517      948.876      -2854.43      -1905.55      3.27449      197.098
837      10.044      1.26737      950.525      -2856.08      -1905.55      3.27055      197.097
838      10.056      1.26955      952.164      -2857.72      -1905.55      3.26662      197.095
839      10.068      1.27172      953.789      -2859.34      -1905.55      3.2627      197.093
840      10.08      1.27386      955.397      -2860.95      -1905.55      3.25879      197.092
841      10.092      1.27598      956.985      -2862.54      -1905.55      3.25489      197.09
842      10.104      1.27806      958.548      -2864.1      -1905.55      3.251      197.088
843      10.116      1.28011      960.085      -2865.64      -1905.55      3.24711      197.087
844      10.128      1.28212      961.59      -2867.14      -1905.55      3.24324      197.085
845      10.14      1.28408      963.062      -2868.62      -1905.55      3.23938      197.084
846      10.152      1.286      964.498      -2870.05      -1905.55      3.23552      197.082
847      10.164      1.28786      965.895      -2871.45      -1905.55      3.23168      197.08
848      10.176      1.28967      967.251      -2872.8      -1905.55      3.22784      197.079
849      10.188      1.29142      968.564      -2874.12      -1905.55      3.22401      197.077
850      10.2      1.29311      969.831      -2875.39      -1905.55      3.22019      197.076
851      10.212      1.29474      971.052      -2876.61      -1905.55      3.21639      197.074
852      10.224      1.2963      972.224      -2877.78      -1905.55      3.21259      197.073
853      10.236      1.2978      973.347      -2878.9      -1905.55      3.2088      197.071
854      10.248      1.29922      974.418      -2879.97      -1905.55      3.20501      197.07
855      10.26      1.30058      975.437      -2880.99      -1905.55      3.20124      197.068
856      10.272      1.30187      976.404      -2881.96      -1905.55      3.19748      197.067
857      10.284      1.30309      977.317      -2882.87      -1905.55      3.19372      197.066
858      10.296      1.30424      978.177      -2883.73      -1905.55      3.18998      197.064
859      10.308      1.30531      978.983      -2884.54      -1905.55      3.18624      197.063
860      10.32      1.30631      979.735      -2885.29      -1905.55      3.18251      197.061
861      10.332      1.30725      980.434      -2885.99      -1905.55      3.17879      197.06
862      10.344      1.30811      981.081      -2886.63      -1905.55      3.17508      197.058
863      10.356      1.3089      981.675      -2887.23      -1905.55      3.17138      197.057
864      10.368      1.30962      982.217      -2887.77      -1905.55      3.16769      197.056
865      10.38      1.31028      982.708      -2888.26      -1905.55      3.164      197.054
866      10.392      1.31087      983.15      -2888.7      -1905.55      3.16033      197.053
867      10.404      1.31139      983.544      -2889.1      -1905.55      3.15666      197.051
868      10.416      1.31185      983.891      -2889.44      -1905.55      3.153      197.05
869      10.428      1.31226      984.192      -2889.75      -1905.55      3.14935      197.049
870      10.44      1.3126      984.449      -2890      -1905.55      3.14571      197.047
871      10.452      1.31288      984.663      -2890.22      -1905.55      3.14208      197.046
872      10.464      1.31312      984.838      -2890.39      -1905.55      3.13845      197.045
873      10.476      1.3133      984.974      -2890.53      -1905.55      3.13484      197.043
874      10.488      1.31343      985.073      -2890.63      -1905.55      3.13123      197.042
875      10.5      1.31352      985.138      -2890.69      -1905.55      3.12763      197.041
876      10.512      1.31356      985.169      -2890.72      -1905.55      3.12404      197.039
877      10.524      1.31356      985.17      -2890.72      -1905.55      3.12045      197.038
878      10.536      1.31352      985.143      -2890.69      -1905.55      3.11688      197.037
879      10.548      1.31345      985.088      -2890.64      -1905.55      3.11331      197.035
880      10.56      1.31335      985.009      -2890.56      -1905.55      3.10975      197.034
881      10.572      1.31321      984.908      -2890.46      -1905.55      3.1062      197.033
882      10.584      1.31305      984.785      -2890.34      -1905.55      3.10266      197.031
883      10.596      1.31286      984.644      -2890.2      -1905.55      3.09913      197.03
884      10.608      1.31265      984.486      -2890.04      -1905.55      3.0956      197.029
885      10.62      1.31242      984.312      -2889.86      -1905.55      3.09208      197.028
886      10.632      1.31217      984.124      -2889.68      -1905.55      3.08857      197.026
887      10.644      1.3119      983.924      -2889.47      -1905.55      3.08507      197.025
888      10.656      1.31162      983.713      -2889.26      -1905.55      3.08158      197.024
889      10.668      1.31132      983.492      -2889.04      -1905.55      3.07809      197.023
890      10.68      1.31102      983.262      -2888.81      -1905.55      3.07461      197.021
891      10.692      1.3107      983.023      -2888.57      -1905.55      3.07114      197.02
892      10.704      1.31037      982.778      -2888.33      -1905.55      3.06768      197.019
893      10.716      1.31004      982.526      -2888.08      -1905.55      3.06423      197.018
894      10.728      1.30969      982.268      -2887.82      -1905.55      3.06078      197.016
895      10.74      1.30934      982.004      -2887.55      -1905.55      3.05734      197.015
896      10.752      1.30898      981.734      -2887.28      -1905.55      3.05391      197.014
897      10.764      1.30861      981.459      -2887.01      -1905.55      3.05049      197.013
898      10.776      1.30824      981.178      -2886.73      -1905.55      3.04707      197.012
899      10.788      1.30785      980.89      -2886.44      -1905.55      3.04367      197.01
900      10.8      1.30746      980.597      -2886.15      -1905.55      3.04027      197.009
901      10.812      1.30706      980.297      -2885.85      -1905.55      3.03687      197.008
902      10.824      1.30665      979.989      -2885.54      -1905.55      3.03349      197.007
903      10.836      1.30623      979.674      -2885.22      -1905.55      3.03011      197.006
904      10.848      1.3058      979.35      -2884.9      -1905.55      3.02674      197.005
905      10.86      1.30536      979.017      -2884.57      -1905.55      3.02338      197.004
906      10.872      1.3049      978.674      -2884.22      -1905.55      3.02003      197.003
907      10.884      1.30443      978.319      -2883.87      -1905.55      3.01668      197.001
908      10.896      1.30394      977.953      -2883.5      -1905.55      3.01334      197
909      10.908      1.30343      977.575      -2883.13      -1905.55      3.01001      196.999
910      10.92      1.30291      977.183      -2882.73      -1905.55      3.00669      196.998
911      10.932      1.30237      976.777      -2882.33      -1905.55      3.00337      196.997
912      10.944      1.30181      976.355      -2881.91      -1905.55      3.00007      196.996
913      10.956      1.30122      975.918      -2881.47      -1905.55      2.99677      196.995
914      10.968      1.30062      975.464      -2881.02      -1905.55      2.99347      196.994
915      10.98      1.29999      974.993      -2880.54      -1905.55      2.99019      196.994
916      10.992      1.29934      974.504      -2880.06      -1905.55      2.98691      196.993
917      11.004      1.29866      973.997      -2879.55      -1905.55      2.98364      196.992
918      11.016      1.29796      973.471      -2879.02      -1905.55      2.98037      196.991
919      11.028      1.29723      972.925      -2878.48      -1905.55      2.97712      196.99
920      11.04      1.29648      972.359      -2877.91      -1905.55      2.97387      196.989
921      11.052      1.2957      971.774      -2877.32      -1905.55      2.97063      196.988
922      11.064      1.29489      971.168      -2876.72      -1905.55      2.9674      196.988
923      11.076      1.29406      970.542      -2876.09      -1905.55      2.96417      196.987
924      11.088      1.29319      969.896      -2875.45      -1905.55      2.96095      196.986
925      11.1      1.29231      969.23      -2874.78      -1905.55      2.95774      196.985
926      11.112      1.29139      968.544      -2874.09      -1905.55      2.95453      196.985
927      11.124      1.29045      967.838      -2873.39      -1905.55      2.95134      196.984
928      11.136      1.28948      967.114      -2872.66      -1905.55      2.94815      196.983
929      11.148      1.28849      966.37      -2871.92      -1905.55      2.94497      196.983
930      11.16      1.28748      965.609      -2871.16      -1905.55      2.94179      196.982
931      11.172      1.28644      964.831      -2870.38      -1905.55      2.93862      196.982
932      11.184      1.28538      964.035      -2869.59      -1905.55      2.93546      196.981
933      11.196      1.2843      963.224      -2868.77      -1905.55      2.93231      196.981
934      11.208      1.2832      962.398      -2867.95      -1905.55      2.92916      196.98
935      11.22      1.28208      961.558      -2867.11      -1905.55      2.92602      196.98
936      11.232      1.28094      960.706      -2866.26      -1905.55      2.92289      196.98
937      11.244      1.27979      959.841      -2865.39      -1905.55      2.91977      196.979
938      11.256      1.27862      958.967      -2864.52      -1905.55      2.91665      196.979
939      11.268      1.27744      958.083      -2863.63      -1905.55      2.91354      196.979
940      11.28      1.27626      957.192      -2862.74      -1905.55      2.91044      196.978
941      11.292      1.27506      956.295      -2861.84      -1905.55      2.90734      196.978
942      11.304      1.27386      955.393      -2860.94      -1905.55      2.90425      196.978
943      11.316      1.27265      954.487      -2860.04      -1905.55      2.90117      196.978
944      11.328      1.27144      953.58      -2859.13      -1905.55      2.8981      196.978
945      11.34      1.27023      952.673      -2858.22      -1905.55      2.89503      196.978
946      11.352      1.26902      951.769      -2857.32      -1905.55      2.89197      196.978
947      11.364      1.26782      950.867      -2856.42      -1905.55      2.88891      196.978
948      11.376      1.26663      949.972      -2855.52      -1905.55      2.88587      196.978
949      11.388      1.26544      949.083      -2854.63      -1905.55      2.88283      196.978
950      11.4      1.26427      948.204      -2853.75      -1905.55      2.87979      196.978
951      11.412      1.26311      947.336      -2852.89      -1905.55      2.87677      196.978
952      11.424      1.26197      946.481      -2852.03      -1905.55      2.87375      196.978
953      11.436      1.26085      945.64      -2851.19      -1905.55      2.87073      196.978
954      11.448      1.25976      944.816      -2850.37      -1905.55      2.86773      196.979
955      11.46      1.25868      944.01      -2849.56      -1905.55      2.86473      196.979
956      11.472      1.25763      943.225      -2848.77      -1905.55      2.86174      196.979
957      11.484      1.25662      942.461      -2848.01      -1905.55      2.85875      196.98
958      11.496      1.25563      941.722      -2847.27      -1905.55      2.85577      196.98
959      11.508      1.25468      941.007      -2846.56      -1905.55      2.8528      196.98
960      11.52      1.25376      940.32      -2845.87      -1905.55      2.84984      196.981
961      11.532      1.25288      939.661      -2845.21      -1905.55      2.84688      196.981
962      11.544      1.25204      939.032      -2844.58      -1905.55      2.84393      196.982
963      11.556      1.25125      938.434      -2843.98      -1905.55      2.84098      196.982
964      11.568      1.25049      937.869      -2843.42      -1905.55      2.83804      196.983
965      11.58      1.24978      937.338      -2842.89      -1905.55      2.83511      196.984
966      11.592      1.24912      936.841      -2842.39      -1905.55      2.83219      196.984
967      11.604      1.24851      936.381      -2841.93      -1905.55      2.82927      196.985
968      11.616      1.24794      935.957      -2841.5      -1905.55      2.82635      196.986
969      11.628      1.24743      935.57      -2841.12      -1905.55      2.82345      196.986
970      11.64      1.24696      935.221      -2840.77      -1905.55      2.82055      196.987
971      11.652      1.24655      934.911      -2840.46      -1905.55      2.81765      196.988
972      11.664      1.24619      934.64      -2840.19      -1905.55      2.81477      196.989
973      11.676      1.24588      934.408      -2839.96      -1905.55      2.81189      196.99
974      11.688      1.24562      934.215      -2839.76      -1905.55      2.80901      196.99
975      11.7      1.24541      934.06      -2839.61      -1905.55      2.80614      196.991
976      11.712      1.24526      933.943      -2839.49      -1905.55      2.80328      196.992
977      11.724      1.24515      933.864      -2839.41      -1905.55      2.80043      196.993
978      11.736      1.2451      933.823      -2839.37      -1905.55      2.79758      196.994
979      11.748      1.24509      933.818      -2839.37      -1905.55      2.79474      196.995
980      11.76      1.24513      933.85      -2839.4      -1905.55      2.7919      196.996
981      11.772      1.24522      933.916      -2839.46      -1905.55      2.78907      196.997
982      11.784      1.24536      934.018      -2839.57      -1905.55      2.78624      196.998
983      11.796      1.24554      934.152      -2839.7      -1905.55      2.78342      197
984      11.808      1.24576      934.318      -2839.87      -1905.55      2.78061      197.001
985      11.82      1.24602      934.515      -2840.06      -1905.55      2.7778      197.002
986      11.832      1.24632      934.741      -2840.29      -1905.55      2.775      197.003
987      11.844      1.24666      934.995      -2840.54      -1905.55      2.77221      197.004
988      11.856      1.24703      935.276      -2840.82      -1905.55      2.76942      197.005
989      11.868      1.24744      935.581      -2841.13      -1905.55      2.76664      197.007
990      11.88      1.24788      935.91      -2841.46      -1905.55      2.76386      197.008
991      11.892      1.24835      936.262      -2841.81      -1905.55      2.76109      197.009
992      11.904      1.24885      936.634      -2842.18      -1905.55      2.75832      197.011
993      11.916      1.24937      937.026      -2842.57      -1905.55      2.75556      197.012
994      11.928      1.24991      937.435      -2842.98      -1905.55      2.75281      197.013
995      11.94      1.25048      937.862      -2843.41      -1905.55      2.75006      197.014
996      11.952      1.25107      938.304      -2843.85      -1905.55      2.74732      197.016
997      11.964      1.25168      938.76      -2844.31      -1905.55      2.74458      197.017
998      11.976      1.25231      939.229      -2844.78      -1905.55      2.74185      197.019
999      11.988      1.25295      939.71      -2845.26      -1905.55      2.73913      197.02
1000      12      1.2536      940.201      -2845.75      -1905.55      2.73641      197.021
1000      12      1.2536      940.201      -2845.75      -1905.55      2.73641      197.021
Execution time in seconds: 1.85961
