Timestep Time Temperature KineticEnergy PotentialEnergy TotalEnergy DiffusionConstant MeanSquareDisplacement
1      0.0316474      2.43283      1824.62      -3730.19      -1905.57      1038.19      197.136
2      0.0632947      2.42905      1821.79      -3728.78      -1906.98      519.107      197.14
3      0.0949421      2.4215      1816.13      -3724.53      -1908.4      346.079      197.145
4      0.126589      2.41017      1807.63      -3717.45      -1909.82      259.566      197.15
5      0.158237      2.39503      1796.27      -3707.52      -1911.25      207.658      197.155
6      0.189884      2.37605      1782.04      -3694.72      -1912.68      173.052      197.159
7      0.221532      2.35322      1764.91      -3679.04      -1914.13      148.334      197.164
8      0.253179      2.32649      1744.86      -3660.45      -1915.59      129.796      197.17
9      0.284826      2.29583      1721.87      -3638.93      -1917.06      115.377      197.175
10      0.316474      2.26121      1695.91      -3614.45      -1918.54      103.842      197.18
11      0.348121      2.22261      1666.96      -3586.98      -1920.03      94.4046      197.185
12      0.379768      2.18003      1635.02      -3556.53      -1921.51      86.5399      197.191
13      0.411416      2.13346      1600.09      -3523.09      -1923      79.8852      197.196
14      0.443063      2.08295      1562.21      -3486.67      -1924.46      74.1811      197.202
15      0.474711      2.02857      1521.43      -3447.32      -1925.89      69.2376      197.207
16      0.506358      1.97047      1477.85      -3405.12      -1927.27      64.9121      197.212
17      0.538005      1.90881      1431.61      -3360.18      -1928.57      61.0954      197.218
18      0.569653      1.84388      1382.91      -3312.67      -1929.76      57.7028      197.223
19      0.6013      1.77599      1332      -3262.82      -1930.82      54.6673      197.229
20      0.632947      1.7056      1279.2      -3210.91      -1931.71      51.9353      197.234
21      0.664595      1.63322      1224.92      -3157.31      -1932.39      49.4636      197.239
22      0.696242      1.55948      1169.61      -3102.44      -1932.83      47.2165      197.245
23      0.727889      1.48508      1113.81      -3046.81      -1933      45.1647      197.25
24      0.759537      1.41082      1058.11      -2990.98      -1932.87      43.284      197.255
25      0.791184      1.33752      1003.14      -2935.56      -1932.42      41.5536      197.259
26      0.822832      1.26608      949.559      -2881.2      -1931.64      39.9564      197.264
27      0.854479      1.19735      898.015      -2828.55      -1930.54      38.4774      197.269
28      0.886126      1.13218      849.138      -2778.26      -1929.12      37.104      197.273
29      0.917774      1.07133      803.499      -2730.94      -1927.44      35.8254      197.277
30      0.949421      1.01546      761.592      -2687.11      -1925.51      34.6319      197.282
31      0.981068      0.965083      723.812      -2647.22      -1923.41      33.5154      197.285
32      1.01272      0.920592      690.444      -2611.61      -1921.17      32.4687      197.289
33      1.04436      0.882205      661.654      -2580.52      -1918.87      31.4853      197.293
34      1.07601      0.849992      637.494      -2554.05      -1916.55      30.5598      197.296
35      1.10766      0.823878      617.909      -2532.19      -1914.28      29.6872      197.299
36      1.13931      0.803659      602.744      -2514.84      -1912.09      28.863      197.302
37      1.17095      0.789026      591.769      -2501.8      -1910.03      28.0833      197.305
38      1.2026      0.779588      584.691      -2492.81      -1908.12      27.3446      197.308
39      1.23425      0.774897      581.173      -2487.56      -1906.39      26.6438      197.31
40      1.26589      0.774469      580.852      -2485.69      -1904.84      25.978      197.313
41      1.29754      0.777806      583.354      -2486.83      -1903.47      25.3447      197.315
42      1.32919      0.784413      588.31      -2490.61      -1902.3      24.7415      197.317
43      1.36084      0.793809      595.357      -2496.65      -1901.3      24.1664      197.319
44      1.39248      0.805538      604.154      -2504.62      -1900.47      23.6174      197.321
45      1.42413      0.819179      614.384      -2514.18      -1899.79      23.0927      197.323
46      1.45578      0.834341      625.756      -2525.02      -1899.26      22.5909      197.324
47      1.48743      0.850671      638.003      -2536.86      -1898.86      22.1104      197.326
48      1.51907      0.867853      650.89      -2549.46      -1898.57      21.6499      197.327
49      1.55072      0.885604      664.203      -2562.59      -1898.39      21.2082      197.328
50      1.58237      0.903675      677.756      -2576.05      -1898.29      20.7842      197.329
51      1.61402      0.921845      691.384      -2589.66      -1898.28      20.3768      197.33
52      1.64566      0.93992      704.94      -2603.28      -1898.34      19.985      197.331
53      1.67731      0.957731      718.298      -2616.75      -1898.45      19.608      197.332
54      1.70896      0.97512      731.34      -2629.97      -1898.63      19.245      197.333
55      1.74061      0.991951      743.963      -2642.82      -1898.85      18.8951      197.334
56      1.77225      1.0081      756.073      -2655.2      -1899.12      18.5578      197.335
57      1.8039      1.02345      767.588      -2667.02      -1899.43      18.2323      197.335
58      1.83555      1.03791      778.432      -2678.21      -1899.78      17.918      197.336
59      1.86719      1.05139      788.539      -2688.7      -1900.16      17.6144      197.337
60      1.89884      1.06381      797.854      -2698.42      -1900.56      17.3208      197.337
61      1.93049      1.07511      806.33      -2707.32      -1900.99      17.0369      197.338
62      1.96214      1.08524      813.931      -2715.36      -1901.43      16.7622      197.338
63      1.99378      1.09418      820.636      -2722.52      -1901.88      16.4962      197.339
64      2.02543      1.10191      826.436      -2728.77      -1902.34      16.2384      197.339
65      2.05708      1.10845      831.337      -2734.12      -1902.78      15.9887      197.34
66      2.08873      1.11381      835.36      -2738.58      -1903.22      15.7465      197.34
67      2.12037      1.11805      838.539      -2742.18      -1903.64      15.5115      197.341
68      2.15202      1.12123      840.924      -2744.95      -1904.03      15.2834      197.341
69      2.18367      1.12343      842.574      -2746.96      -1904.39      15.062      197.342
70      2.21532      1.12474      843.558      -2748.27      -1904.71      14.8468      197.343
71      2.24696      1.12527      843.952      -2748.95      -1905      14.6378      197.343
72      2.27861      1.12512      843.836      -2749.08      -1905.24      14.4345      197.344
73      2.31026      1.12439      843.293      -2748.74      -1905.44      14.2369      197.345
74      2.34191      1.1232      842.398      -2748.01      -1905.61      14.0445      197.346
75      2.37355      1.12163      841.226      -2746.97      -1905.74      13.8574      197.347
76      2.4052      1.1198      839.849      -2745.68      -1905.83      13.6751      197.348
77      2.43685      1.11777      838.325      -2744.22      -1905.9      13.4976      197.349
78      2.46849      1.11561      836.709      -2742.64      -1905.94      13.3246      197.351
79      2.50014      1.1134      835.051      -2741      -1905.95      13.156      197.352
80      2.53179      1.11119      833.392      -2739.34      -1905.94      12.9917      197.353
81      2.56344      1.10903      831.773      -2737.69      -1905.92      12.8314      197.355
82      2.59508      1.10699      830.239      -2736.11      -1905.87      12.675      197.357
83      2.62673      1.10511      828.832      -2734.63      -1905.8      12.5224      197.358
84      2.65838      1.10346      827.599      -2733.3      -1905.7      12.3735      197.36
85      2.69003      1.10212      826.589      -2732.17      -1905.58      12.228      197.362
86      2.72167      1.10114      825.855      -2731.29      -1905.44      12.0859      197.364
87      2.75332      1.1006      825.45      -2730.72      -1905.27      11.9471      197.366
88      2.78497      1.10057      825.424      -2730.49      -1905.07      11.8115      197.368
89      2.81662      1.10109      825.819      -2730.67      -1904.86      11.6789      197.37
90      2.84826      1.10222      826.665      -2731.29      -1904.63      11.5493      197.372
91      2.87991      1.10397      827.976      -2732.37      -1904.39      11.4225      197.374
92      2.91156      1.10633      829.749      -2733.91      -1904.16      11.2984      197.376
93      2.94321      1.10928      831.963      -2735.91      -1903.95      11.1771      197.378
94      2.97485      1.11277      834.579      -2738.33      -1903.75      11.0583      197.381
95      3.0065      1.11673      837.546      -2741.13      -1903.58      10.942      197.383
96      3.03815      1.12107      840.805      -2744.25      -1903.45      10.8281      197.385
97      3.06979      1.12572      844.291      -2747.63      -1903.34      10.7166      197.387
98      3.10144      1.13059      847.943      -2751.21      -1903.26      10.6074      197.389
99      3.13309      1.1356      851.702      -2754.92      -1903.22      10.5003      197.391
100      3.16474      1.14069      855.516      -2758.71      -1903.2      10.3954      197.392
101      3.19638      1.14579      859.343      -2762.54      -1903.2      10.2926      197.394
102      3.22803      1.15087      863.149      -2766.36      -1903.21      10.1918      197.396
103      3.25968      1.15588      866.909      -2770.15      -1903.24      10.0929      197.397
104      3.29133      1.16081      870.606      -2773.88      -1903.27      9.9959      197.399
105      3.32297      1.16563      874.226      -2777.54      -1903.31      9.90076      197.4
106      3.35462      1.17035      877.76      -2781.12      -1903.36      9.8074      197.401
107      3.38627      1.17494      881.203      -2784.61      -1903.4      9.71578      197.402
108      3.41792      1.1794      884.548      -2788      -1903.45      9.62585      197.402
109      3.44956      1.18372      887.792      -2791.3      -1903.51      9.53756      197.402
110      3.48121      1.18791      890.929      -2794.49      -1903.56      9.45086      197.403
111      3.51286      1.19194      893.955      -2797.57      -1903.62      9.36571      197.402
112      3.54451      1.19582      896.867      -2800.54      -1903.68      9.28207      197.402
113      3.57615      1.19955      899.66      -2803.4      -1903.74      9.19989      197.401
114      3.6078      1.20311      902.336      -2806.13      -1903.79      9.11915      197.4
115      3.63945      1.20653      904.897      -2808.75      -1903.85      9.03979      197.399
116      3.67109      1.2098      907.354      -2811.26      -1903.9      8.96179      197.397
117      3.70274      1.21295      909.716      -2813.67      -1903.95      8.88511      197.396
118      3.73439      1.216      911.998      -2815.99      -1903.99      8.80971      197.393
119      3.76604      1.21896      914.222      -2818.24      -1904.01      8.73556      197.391
120      3.79768      1.22188      916.412      -2820.44      -1904.03      8.66264      197.388
121      3.82933      1.22479      918.593      -2822.62      -1904.03      8.59091      197.385
122      3.86098      1.22772      920.793      -2824.81      -1904.02      8.52034      197.381
123      3.89263      1.23072      923.037      -2827.03      -1903.99      8.45091      197.377
124      3.92427      1.2338      925.353      -2829.31      -1903.95      8.38258      197.373
125      3.95592      1.23701      927.76      -2831.67      -1903.91      8.31534      197.369
126      3.98757      1.24037      930.275      -2834.13      -1903.85      8.24915      197.364
127      4.01922      1.24387      932.904      -2836.7      -1903.79      8.18399      197.359
128      4.05086      1.24753      935.649      -2839.39      -1903.74      8.11984      197.354
129      4.08251      1.25133      938.497      -2842.18      -1903.69      8.05668      197.349
130      4.11416      1.25524      941.432      -2845.08      -1903.65      7.99449      197.343
131      4.14581      1.25923      944.425      -2848.05      -1903.62      7.93323      197.338
132      4.17745      1.26326      947.441      -2851.06      -1903.61      7.8729      197.332
133      4.2091      1.26725      950.441      -2854.07      -1903.63      7.81347      197.326
134      4.24075      1.27117      953.378      -2857.04      -1903.66      7.75493      197.32
135      4.27239      1.27494      956.206      -2859.93      -1903.72      7.69725      197.314
136      4.30404      1.2785      958.876      -2862.68      -1903.81      7.64041      197.308
137      4.33569      1.28179      961.346      -2865.26      -1903.91      7.58441      197.302
138      4.36734      1.28477      963.574      -2867.61      -1904.04      7.52921      197.296
139      4.39898      1.28737      965.53      -2869.71      -1904.18      7.47481      197.29
140      4.43063      1.28958      967.187      -2871.52      -1904.33      7.42119      197.283
141      4.46228      1.29137      968.527      -2873.02      -1904.49      7.36834      197.277
142      4.49393      1.29272      969.539      -2874.19      -1904.65      7.31623      197.271
143      4.52557      1.29363      970.219      -2875.04      -1904.82      7.26485      197.266
144      4.55722      1.29409      970.57      -2875.55      -1904.98      7.21419      197.26
145      4.58887      1.29413      970.598      -2875.74      -1905.14      7.16424      197.254
146      4.62052      1.29375      970.313      -2875.61      -1905.3      7.11498      197.249
147      4.65216      1.29297      969.727      -2875.17      -1905.44      7.06639      197.244
148      4.68381      1.29181      968.855      -2874.44      -1905.58      7.01847      197.239
149      4.71546      1.29028      967.713      -2873.43      -1905.72      6.9712      197.234
150      4.74711      1.28843      966.32      -2872.16      -1905.84      6.92457      197.23
151      4.77875      1.28627      964.7      -2870.65      -1905.95      6.87856      197.226
152      4.8104      1.28383      962.872      -2868.92      -1906.05      6.83317      197.222
153      4.84205      1.28116      960.869      -2867      -1906.13      6.78838      197.218
154      4.87369      1.2783      958.724      -2864.92      -1906.19      6.74418      197.214
155      4.90534      1.2753      956.475      -2862.72      -1906.24      6.70056      197.211
156      4.93699      1.27222      954.164      -2860.43      -1906.26      6.65751      197.208
157      4.96864      1.26912      951.841      -2858.1      -1906.26      6.61501      197.206
158      5.00028      1.26608      949.56      -2855.79      -1906.24      6.57306      197.203
159      5.03193      1.26317      947.376      -2853.55      -1906.18      6.53165      197.201
160      5.06358      1.26046      945.346      -2851.44      -1906.09      6.49076      197.199
161      5.09523      1.25803      943.524      -2849.51      -1905.98      6.45039      197.197
162      5.12687      1.25594      941.958      -2847.81      -1905.85      6.41052      197.196
163      5.15852      1.25425      940.688      -2846.39      -1905.7      6.37115      197.194
164      5.19017      1.25299      939.741      -2845.27      -1905.53      6.33226      197.193
165      5.22182      1.25217      939.131      -2844.49      -1905.36      6.29385      197.192
166      5.25346      1.25182      938.864      -2844.06      -1905.19      6.25592      197.191
167      5.28511      1.25191      938.935      -2843.96      -1905.02      6.21844      197.191
168      5.31676      1.25244      939.333      -2844.19      -1904.86      6.18141      197.19
169      5.34841      1.2534      940.047      -2844.75      -1904.71      6.14483      197.19
170      5.38005      1.25475      941.062      -2845.62      -1904.56      6.10869      197.19
171      5.4117      1.25649      942.369      -2846.78      -1904.41      6.07298      197.191
172      5.44335      1.25862      943.962      -2848.23      -1904.27      6.03769      197.191
173      5.47499      1.26112      945.838      -2849.97      -1904.13      6.00281      197.192
174      5.50664      1.264      948.001      -2851.99      -1903.99      5.96834      197.193
175      5.53829      1.26727      950.456      -2854.3      -1903.84      5.93428      197.194
176      5.56994      1.27094      953.203      -2856.9      -1903.7      5.9006      197.196
177      5.60158      1.27498      956.237      -2859.79      -1903.56      5.86732      197.198
178      5.63323      1.2794      959.552      -2862.97      -1903.42      5.83442      197.2
179      5.66488      1.28418      963.132      -2866.42      -1903.29      5.80189      197.202
180      5.69653      1.28927      966.949      -2870.13      -1903.18      5.76973      197.205
181      5.72817      1.29463      970.969      -2874.05      -1903.08      5.73794      197.207
182      5.75982      1.3002      975.152      -2878.16      -1903.01      5.7065      197.211
183      5.79147      1.30593      979.45      -2882.41      -1902.96      5.67541      197.214
184      5.82312      1.31175      983.809      -2886.74      -1902.94      5.64467      197.217
185      5.85476      1.31757      988.176      -2891.12      -1902.94      5.61427      197.221
186      5.88641      1.32333      992.499      -2895.47      -1902.97      5.5842      197.225
187      5.91806      1.32897      996.727      -2899.75      -1903.02      5.55445      197.229
188      5.94971      1.33442      1000.82      -2903.91      -1903.1      5.52503      197.234
189      5.98135      1.33963      1004.73      -2907.92      -1903.19      5.49593      197.239
190      6.013      1.34456      1008.42      -2911.73      -1903.3      5.46714      197.243
191      6.04465      1.34918      1011.88      -2915.31      -1903.43      5.43865      197.248
192      6.07629      1.35346      1015.09      -2918.65      -1903.55      5.41047      197.254
193      6.10794      1.35738      1018.03      -2921.72      -1903.69      5.38258      197.259
194      6.13959      1.36094      1020.71      -2924.53      -1903.83      5.35499      197.265
195      6.17124      1.36414      1023.1      -2927.07      -1903.96      5.32768      197.27
196      6.20288      1.36696      1025.22      -2929.33      -1904.1      5.30065      197.276
197      6.23453      1.36942      1027.07      -2931.31      -1904.24      5.2739      197.282
198      6.26618      1.3715      1028.63      -2933.01      -1904.38      5.24743      197.288
199      6.29783      1.3732      1029.9      -2934.43      -1904.53      5.22122      197.294
200      6.32947      1.37451      1030.88      -2935.56      -1904.68      5.19527      197.3
201      6.36112      1.37541      1031.56      -2936.39      -1904.83      5.16959      197.306
202      6.39277      1.3759      1031.93      -2936.91      -1904.98      5.14416      197.312
203      6.42442      1.37597      1031.98      -2937.12      -1905.14      5.11898      197.319
204      6.45606      1.37561      1031.7      -2937.01      -1905.3      5.09405      197.325
205      6.48771      1.37482      1031.11      -2936.58      -1905.46      5.06936      197.331
206      6.51936      1.3736      1030.2      -2935.82      -1905.62      5.04491      197.337
207      6.55101      1.37199      1028.99      -2934.76      -1905.77      5.0207      197.344
208      6.58265      1.37      1027.5      -2933.41      -1905.91      4.99672      197.35
209      6.6143      1.36768      1025.76      -2931.79      -1906.03      4.97296      197.356
210      6.64595      1.36507      1023.81      -2929.94      -1906.13      4.94944      197.362
211      6.67759      1.36223      1021.67      -2927.89      -1906.21      4.92613      197.368
212      6.70924      1.35921      1019.41      -2925.68      -1906.27      4.90304      197.374
213      6.74089      1.35608      1017.06      -2923.37      -1906.31      4.88017      197.38
214      6.77254      1.35289      1014.67      -2920.99      -1906.32      4.8575      197.386
215      6.80418      1.34971      1012.28      -2918.6      -1906.32      4.83505      197.391
216      6.83583      1.34658      1009.93      -2916.23      -1906.29      4.8128      197.397
217      6.86748      1.34355      1007.66      -2913.91      -1906.25      4.79076      197.403
218      6.89913      1.34064      1005.48      -2911.68      -1906.2      4.76891      197.408
219      6.93077      1.33788      1003.41      -2909.56      -1906.14      4.74726      197.413
220      6.96242      1.33528      1001.46      -2907.55      -1906.08      4.7258      197.418
221      6.99407      1.33284      999.629      -2905.65      -1906.03      4.70454      197.423
222      7.02572      1.33055      997.91      -2903.88      -1905.97      4.68346      197.428
223      7.05736      1.32839      996.293      -2902.21      -1905.92      4.66257      197.433
224      7.08901      1.32635      994.76      -2900.64      -1905.88      4.64187      197.437
225      7.12066      1.32439      993.296      -2899.14      -1905.85      4.62134      197.442
226      7.15231      1.32251      991.881      -2897.71      -1905.82      4.60099      197.446
227      7.18395      1.32066      990.496      -2896.31      -1905.81      4.58082      197.45
228      7.2156      1.31883      989.123      -2894.93      -1905.81      4.56082      197.454
229      7.24725      1.31699      987.74      -2893.56      -1905.81      4.54099      197.458
230      7.27889      1.31511      986.331      -2892.16      -1905.83      4.52133      197.462
231      7.31054      1.31317      984.876      -2890.73      -1905.85      4.50184      197.465
232      7.34219      1.31114      983.358      -2889.25      -1905.89      4.48251      197.468
233      7.37384      1.30901      981.758      -2887.69      -1905.93      4.46334      197.472
234      7.40548      1.30674      980.057      -2886.04      -1905.98      4.44433      197.474
235      7.43713      1.30432      978.24      -2884.28      -1906.04      4.42547      197.477
236      7.46878      1.30172      976.294      -2882.4      -1906.11      4.40678      197.479
237      7.50043      1.29894      974.208      -2880.39      -1906.18      4.38823      197.482
238      7.53207      1.29597      971.976      -2878.23      -1906.25      4.36983      197.483
239      7.56372      1.2928      969.596      -2875.92      -1906.32      4.35159      197.485
240      7.59537      1.28943      967.074      -2873.47      -1906.39      4.33348      197.486
241      7.62702      1.2859      964.423      -2870.88      -1906.45      4.31553      197.488
242      7.65866      1.28222      961.668      -2868.17      -1906.5      4.29771      197.488
243      7.69031      1.27845      958.84      -2865.37      -1906.53      4.28004      197.489
244      7.72196      1.27464      955.977      -2862.52      -1906.55      4.2625      197.489
245      7.75361      1.27083      953.126      -2859.66      -1906.53      4.2451      197.489
246      7.78525      1.26711      950.335      -2856.83      -1906.5      4.22784      197.489
247      7.8169      1.26354      947.656      -2854.09      -1906.43      4.21071      197.488
248      7.84855      1.26018      945.138      -2851.48      -1906.35      4.19371      197.487
249      7.88019      1.2571      942.822      -2849.06      -1906.24      4.17684      197.486
250      7.91184      1.25432      940.741      -2846.86      -1906.12      4.1601      197.484
251      7.94349      1.25189      938.919      -2844.91      -1905.99      4.14348      197.482
252      7.97514      1.24982      937.367      -2843.22      -1905.85      4.127      197.48
253      8.00678      1.24812      936.089      -2841.8      -1905.71      4.11064      197.478
254      8.03843      1.24677      935.079      -2840.66      -1905.58      4.0944      197.475
255      8.07008      1.24577      934.328      -2839.78      -1905.45      4.07828      197.472
256      8.10173      1.24509      933.819      -2839.15      -1905.33      4.06228      197.469
257      8.13337      1.24471      933.534      -2838.76      -1905.23      4.0464      197.465
258      8.16502      1.2446      933.451      -2838.58      -1905.13      4.03064      197.462
259      8.19667      1.24473      933.55      -2838.59      -1905.04      4.015      197.458
260      8.22832      1.24507      933.805      -2838.77      -1904.96      3.99947      197.454
261      8.25996      1.24559      934.193      -2839.09      -1904.9      3.98406      197.449
262      8.29161      1.24625      934.689      -2839.54      -1904.85      3.96876      197.445
263      8.32326      1.24703      935.271      -2840.08      -1904.81      3.95358      197.44
264      8.35491      1.24789      935.916      -2840.7      -1904.78      3.9385      197.435
265      8.38655      1.24881      936.604      -2841.37      -1904.76      3.92353      197.43
266      8.4182      1.24975      937.316      -2842.07      -1904.76      3.90868      197.424
267      8.44985      1.25072      938.04      -2842.79      -1904.75      3.89393      197.419
268      8.48149      1.25168      938.762      -2843.52      -1904.75      3.87928      197.413
269      8.51314      1.25263      939.476      -2844.24      -1904.76      3.86475      197.407
270      8.54479      1.25357      940.177      -2844.94      -1904.77      3.85031      197.401
271      8.57644      1.25448      940.862      -2845.64      -1904.78      3.83598      197.394
272      8.60808      1.25537      941.525      -2846.31      -1904.79      3.82176      197.388
273      8.63973      1.25621      942.16      -2846.96      -1904.8      3.80763      197.381
274      8.67138      1.25701      942.761      -2847.58      -1904.82      3.7936      197.375
275      8.70303      1.25776      943.318      -2848.16      -1904.85      3.77968      197.368
276      8.73467      1.25842      943.817      -2848.7      -1904.88      3.76585      197.361
277      8.76632      1.25899      944.24      -2849.16      -1904.92      3.75212      197.354
278      8.79797      1.25942      944.565      -2849.54      -1904.97      3.73849      197.347
279      8.82962      1.25969      944.771      -2849.81      -1905.03      3.72495      197.339
280      8.86126      1.25977      944.831      -2849.94      -1905.11      3.71151      197.332
281      8.89291      1.25963      944.724      -2849.92      -1905.2      3.69817      197.325
282      8.92456      1.25924      944.427      -2849.72      -1905.29      3.68492      197.317
283      8.95621      1.25857      943.925      -2849.32      -1905.4      3.67176      197.31
284      8.98785      1.25761      943.204      -2848.71      -1905.51      3.65869      197.303
285      9.0195      1.25635      942.26      -2847.88      -1905.62      3.64571      197.295
286      9.05115      1.25479      941.093      -2846.82      -1905.73      3.63283      197.288
287      9.08279      1.25295      939.713      -2845.55      -1905.84      3.62004      197.28
288      9.11444      1.25084      938.133      -2844.07      -1905.93      3.60733      197.273
289      9.14609      1.2485      936.374      -2842.39      -1906.02      3.59471      197.266
290      9.17774      1.24595      934.46      -2840.55      -1906.09      3.58219      197.258
291      9.20938      1.24323      932.42      -2838.57      -1906.15      3.56975      197.251
292      9.24103      1.24038      930.286      -2836.48      -1906.2      3.55739      197.244
293      9.27268      1.23745      928.09      -2834.31      -1906.22      3.54512      197.237
294      9.30433      1.23449      925.87      -2832.1      -1906.23      3.53294      197.23
295      9.33597      1.23155      923.664      -2829.88      -1906.22      3.52084      197.223
296      9.36762      1.22869      921.515      -2827.7      -1906.18      3.50882      197.216
297      9.39927      1.22595      919.463      -2825.59      -1906.13      3.49689      197.209
298      9.43092      1.2234      917.554      -2823.61      -1906.05      3.48503      197.202
299      9.46256      1.22111      915.831      -2821.78      -1905.95      3.47326      197.196
300      9.49421      1.21912      914.343      -2820.17      -1905.83      3.46157      197.189
301      9.52586      1.21751      913.134      -2818.82      -1905.68      3.44996      197.183
302      9.55751      1.21633      912.248      -2817.77      -1905.52      3.43843      197.177
303      9.58915      1.21563      911.726      -2817.06      -1905.33      3.42698      197.171
304      9.6208      1.21547      911.601      -2816.73      -1905.13      3.4156      197.165
305      9.65245      1.21587      911.904      -2816.81      -1904.91      3.4043      197.159
306      9.68409      1.21687      912.655      -2817.34      -1904.68      3.39308      197.153
307      9.71574      1.21849      913.868      -2818.32      -1904.45      3.38193      197.148
308      9.74739      1.22073      915.546      -2819.77      -1904.22      3.37086      197.142
309      9.77904      1.22358      917.682      -2821.67      -1903.99      3.35986      197.137
310      9.81068      1.22701      920.259      -2824.03      -1903.77      3.34893      197.132
311      9.84233      1.231      923.25      -2826.82      -1903.57      3.33807      197.127
312      9.87398      1.23549      926.617      -2830.01      -1903.39      3.32729      197.122
313      9.90563      1.24041      930.31      -2833.54      -1903.23      3.31658      197.117
314      9.93727      1.2457      934.275      -2837.38      -1903.11      3.30594      197.112
315      9.96892      1.25126      938.444      -2841.46      -1903.01      3.29536      197.107
316      10.0006      1.257      942.749      -2845.7      -1902.95      3.28486      197.103
317      10.0322      1.26282      947.117      -2850.05      -1902.93      3.27442      197.098
318      10.0639      1.26864      951.477      -2854.42      -1902.95      3.26405      197.094
319      10.0955      1.27434      955.757      -2858.75      -1902.99      3.25375      197.09
320      10.1272      1.27986      959.893      -2862.97      -1903.07      3.24351      197.085
321      10.1588      1.2851      963.824      -2867.01      -1903.18      3.23334      197.081
322      10.1905      1.29      967.498      -2870.82      -1903.32      3.22323      197.077
323      10.2221      1.2945      970.871      -2874.35      -1903.47      3.21319      197.073
324      10.2537      1.29855      973.912      -2877.56      -1903.64      3.20321      197.069
325      10.2854      1.30213      976.596      -2880.42      -1903.83      3.19329      197.065
326      10.317      1.30521      978.91      -2882.92      -1904.01      3.18343      197.062
327      10.3487      1.3078      980.85      -2885.05      -1904.2      3.17364      197.058
328      10.3803      1.3099      982.423      -2886.81      -1904.38      3.1639      197.054
329      10.412      1.31152      983.642      -2888.2      -1904.56      3.15423      197.051
330      10.4436      1.3127      984.527      -2889.25      -1904.72      3.14461      197.047
331      10.4753      1.31348      985.107      -2889.98      -1904.87      3.13505      197.043
332      10.5069      1.31389      985.415      -2890.42      -1905.01      3.12556      197.04
333      10.5386      1.31398      985.485      -2890.6      -1905.12      3.11611      197.036
334      10.5702      1.3138      985.353      -2890.57      -1905.22      3.10673      197.033
335      10.6019      1.31341      985.059      -2890.35      -1905.29      3.0974      197.03
336      10.6335      1.31285      984.635      -2889.99      -1905.35      3.08813      197.026
337      10.6652      1.31215      984.113      -2889.51      -1905.4      3.07892      197.023
338      10.6968      1.31136      983.518      -2888.95      -1905.43      3.06976      197.02
339      10.7285      1.31049      982.867      -2888.33      -1905.46      3.06065      197.016
340      10.7601      1.30956      982.172      -2887.65      -1905.48      3.0516      197.013
341      10.7918      1.30858      981.437      -2886.94      -1905.5      3.0426      197.01
342      10.8234      1.30755      980.661      -2886.18      -1905.52      3.03366      197.007
343      10.855      1.30645      979.835      -2885.38      -1905.55      3.02477      197.004
344      10.8867      1.30526      978.947      -2884.53      -1905.58      3.01593      197.001
345      10.9183      1.30398      977.984      -2883.6      -1905.62      3.00715      196.999
346      10.95      1.30257      976.93      -2882.6      -1905.67      2.99842      196.996
347      10.9816      1.30103      975.77      -2881.49      -1905.72      2.98974      196.993
348      11.0133      1.29932      974.49      -2880.27      -1905.78      2.98111      196.991
349      11.0449      1.29744      973.081      -2878.93      -1905.85      2.97254      196.989
350      11.0766      1.29538      971.535      -2877.45      -1905.92      2.96401      196.987
351      11.1082      1.29313      969.848      -2875.83      -1905.99      2.95554      196.985
352      11.1399      1.2907      968.024      -2874.08      -1906.06      2.94712      196.983
353      11.1715      1.28809      966.067      -2872.19      -1906.12      2.93875      196.982
354      11.2032      1.28532      963.989      -2870.17      -1906.18      2.93043      196.981
355      11.2348      1.28241      961.804      -2868.03      -1906.23      2.92216      196.98
356      11.2665      1.27937      959.531      -2865.8      -1906.27      2.91394      196.979
357      11.2981      1.27626      957.192      -2863.49      -1906.3      2.90577      196.978
358      11.3298      1.27308      954.812      -2861.13      -1906.32      2.89765      196.978
359      11.3614      1.2699      952.422      -2858.74      -1906.32      2.88957      196.978
360      11.3931      1.26674      950.051      -2856.36      -1906.31      2.88155      196.978
361      11.4247      1.26365      947.734      -2854.01      -1906.27      2.87357      196.978
362      11.4563      1.26067      945.505      -2851.73      -1906.23      2.86564      196.979
363      11.488      1.25786      943.395      -2849.56      -1906.16      2.85776      196.98
364      11.5196      1.25525      941.44      -2847.52      -1906.08      2.84993      196.981
365      11.5513      1.25289      939.669      -2845.65      -1905.99      2.84214      196.982
366      11.5829      1.25081      938.11      -2843.99      -1905.88      2.8344      196.984
367      11.6146      1.24905      936.785      -2842.54      -1905.76      2.8267      196.986
368      11.6462      1.24762      935.713      -2841.34      -1905.63      2.81905      196.988
369      11.6779      1.24654      934.907      -2840.4      -1905.49      2.81144      196.99
370      11.7095      1.24583      934.371      -2839.73      -1905.36      2.80387      196.992
371      11.7412      1.24547      934.101      -2839.33      -1905.23      2.79635      196.995
372      11.7728      1.24545      934.091      -2839.19      -1905.1      2.78888      196.998
373      11.8045      1.24577      934.327      -2839.3      -1904.98      2.78144      197.001
374      11.8361      1.24639      934.79      -2839.65      -1904.86      2.77405      197.004
375      11.8678      1.24727      935.455      -2840.22      -1904.77      2.76669      197.007
376      11.8994      1.2484      936.297      -2840.98      -1904.68      2.75938      197.01
377      11.9311      1.24972      937.29      -2841.9      -1904.61      2.75211      197.014
378      11.9627      1.25121      938.408      -2842.96      -1904.55      2.74488      197.017
379      11.9944      1.25284      939.628      -2844.13      -1904.5      2.73769      197.021
380      12.026      1.25457      940.927      -2845.39      -1904.46      2.73053      197.024
381      12.0576      1.25638      942.288      -2846.72      -1904.43      2.72342      197.028
382      12.0893      1.25827      943.7      -2848.11      -1904.41      2.71634      197.032
383      12.1209      1.2602      945.15      -2849.54      -1904.39      2.7093      197.036
384      12.1526      1.26218      946.632      -2851.01      -1904.37      2.7023      197.04
385      12.1842      1.26419      948.141      -2852.5      -1904.36      2.69534      197.044
386      12.2159      1.26623      949.675      -2854.02      -1904.35      2.68841      197.048
387      12.2475      1.26832      951.237      -2855.57      -1904.34      2.68151      197.052
388      12.2792      1.27043      952.824      -2857.15      -1904.32      2.67466      197.056
389      12.3108      1.27258      954.435      -2858.75      -1904.31      2.66784      197.06
390      12.3425      1.27477      956.074      -2860.37      -1904.3      2.66105      197.064
391      12.3741      1.27699      957.74      -2862.02      -1904.28      2.6543      197.068
392      12.4058      1.27924      959.432      -2863.7      -1904.27      2.64758      197.072
393      12.4374      1.28154      961.155      -2865.41      -1904.25      2.6409      197.076
394      12.4691      1.28388      962.908      -2867.15      -1904.24      2.63426      197.08
395      12.5007      1.28626      964.697      -2868.92      -1904.22      2.62764      197.084
396      12.5324      1.2887      966.523      -2870.72      -1904.2      2.62106      197.089
397      12.564      1.29119      968.389      -2872.57      -1904.18      2.61452      197.093
398      12.5957      1.29372      970.294      -2874.46      -1904.16      2.60801      197.098
399      12.6273      1.29631      972.233      -2876.38      -1904.15      2.60153      197.102
400      12.6589      1.29893      974.198      -2878.33      -1904.14      2.59509      197.107
401      12.6906      1.30156      976.171      -2880.31      -1904.13      2.58868      197.111
402      12.7222      1.30418      978.134      -2882.28      -1904.14      2.5823      197.116
403      12.7539      1.30674      980.057      -2884.22      -1904.17      2.57596      197.121
404      12.7855      1.30921      981.908      -2886.11      -1904.21      2.56965      197.126
405      12.8172      1.31153      983.65      -2887.91      -1904.26      2.56337      197.131
406      12.8488      1.31366      985.247      -2889.59      -1904.34      2.55712      197.136
407      12.8805      1.31556      986.666      -2891.1      -1904.43      2.55091      197.141
408      12.9121      1.31717      987.877      -2892.42      -1904.54      2.54472      197.147
409      12.9438      1.31848      988.856      -2893.51      -1904.66      2.53857      197.152
410      12.9754      1.31946      989.595      -2894.37      -1904.78      2.53245      197.158
411      13.0071      1.32012      990.093      -2894.99      -1904.9      2.52636      197.164
412      13.0387      1.32049      990.365      -2895.37      -1905.01      2.52031      197.169
413      13.0704      1.32058      990.437      -2895.54      -1905.1      2.51428      197.175
414      13.102      1.32046      990.344      -2895.52      -1905.18      2.50828      197.181
415      13.1337      1.32017      990.128      -2895.36      -1905.24      2.50232      197.188
416      13.1653      1.31977      989.826      -2895.1      -1905.27      2.49638      197.194
417      13.197      1.31929      989.471      -2894.77      -1905.3      2.49048      197.2
418      13.2286      1.31878      989.084      -2894.4      -1905.31      2.4846      197.207
419      13.2602      1.31822      988.668      -2893.99      -1905.33      2.47875      197.213
420      13.2919      1.31761      988.207      -2893.56      -1905.35      2.47293      197.22
421      13.3235      1.31689      987.671      -2893.06      -1905.39      2.46714      197.226
422      13.3552      1.31602      987.017      -2892.47      -1905.46      2.46138      197.233
423      13.3868      1.31493      986.198      -2891.74      -1905.55      2.45565      197.24
424      13.4185      1.31355      985.165      -2890.82      -1905.66      2.44994      197.247
425      13.4501      1.31184      983.877      -2889.67      -1905.79      2.44426      197.254
426      13.4818      1.30973      982.298      -2888.24      -1905.94      2.43861      197.261
427      13.5134      1.30721      980.408      -2886.5      -1906.1      2.43298      197.268
428      13.5451      1.30426      978.196      -2884.45      -1906.26      2.42738      197.274
429      13.5767      1.30089      975.668      -2882.08      -1906.41      2.42181      197.281
430      13.6084      1.29712      972.841      -2879.4      -1906.56      2.41626      197.288
431      13.64      1.293      969.747      -2876.43      -1906.69      2.41074      197.295
432      13.6717      1.28857      966.427      -2873.22      -1906.79      2.40524      197.302
433      13.7033      1.28392      962.937      -2869.81      -1906.87      2.39976      197.308
434      13.735      1.27912      959.342      -2866.25      -1906.91      2.39431      197.315
435      13.7666      1.27429      955.717      -2862.63      -1906.92      2.38888      197.321
436      13.7983      1.26953      952.145      -2859.02      -1906.88      2.38348      197.327
437      13.8299      1.26495      948.709      -2855.51      -1906.8      2.3781      197.333
438      13.8615      1.26066      945.498      -2852.17      -1906.68      2.37274      197.339
439      13.8932      1.2568      942.599      -2849.11      -1906.51      2.36741      197.345
440      13.9248      1.25346      940.095      -2846.4      -1906.3      2.36209      197.351
441      13.9565      1.25075      938.064      -2844.12      -1906.06      2.3568      197.356
442      13.9881      1.24876      936.57      -2842.35      -1905.78      2.35153      197.361
443      14.0198      1.24755      935.666      -2841.14      -1905.48      2.34629      197.367
444      14.0514      1.24718      935.387      -2840.55      -1905.16      2.34106      197.371
445      14.0831      1.24767      935.75      -2840.59      -1904.84      2.33585      197.376
446      14.1147      1.24901      936.758      -2841.28      -1904.52      2.33067      197.38
447      14.1464      1.25119      938.393      -2842.6      -1904.21      2.3255      197.384
448      14.178      1.25417      940.628      -2844.54      -1903.91      2.32035      197.388
449      14.2097      1.25789      943.417      -2847.06      -1903.64      2.31523      197.392
450      14.2413      1.26228      946.71      -2850.11      -1903.4      2.31012      197.395
451      14.273      1.26726      950.444      -2853.63      -1903.18      2.30503      197.398
452      14.3046      1.27273      954.545      -2857.56      -1903.01      2.29996      197.401
453      14.3363      1.27859      958.939      -2861.81      -1902.87      2.29492      197.403
454      14.3679      1.28473      963.546      -2866.32      -1902.78      2.28988      197.405
455      14.3996      1.29104      968.279      -2871.01      -1902.73      2.28487      197.407
456      14.4312      1.29741      973.055      -2875.77      -1902.72      2.27988      197.408
457      14.4628      1.30372      977.79      -2880.54      -1902.75      2.2749      197.409
458      14.4945      1.30987      982.404      -2885.22      -1902.82      2.26995      197.41
459      14.5261      1.31576      986.822      -2889.75      -1902.92      2.26501      197.411
460      14.5578      1.3213      990.974      -2894.04      -1903.06      2.26009      197.411
461      14.5894      1.3264      994.803      -2898.04      -1903.23      2.25518      197.411
462      14.6211      1.33101      998.26      -2901.69      -1903.43      2.2503      197.411
463      14.6527      1.33507      1001.31      -2904.94      -1903.63      2.24543      197.41
464      14.6844      1.33856      1003.92      -2907.77      -1903.85      2.24058      197.409
465      14.716      1.34144      1006.08      -2910.16      -1904.08      2.23575      197.408
466      14.7477      1.34374      1007.81      -2912.1      -1904.3      2.23094      197.407
467      14.7793      1.34547      1009.1      -2913.61      -1904.51      2.22615      197.406
468      14.811      1.34667      1010      -2914.7      -1904.7      2.22137      197.404
469      14.8426      1.34738      1010.53      -2915.41      -1904.88      2.21661      197.402
470      14.8743      1.34767      1010.75      -2915.78      -1905.03      2.21187      197.4
471      14.9059      1.34761      1010.71      -2915.86      -1905.15      2.20715      197.398
472      14.9376      1.3473      1010.47      -2915.72      -1905.24      2.20245      197.396
473      14.9692      1.3468      1010.1      -2915.4      -1905.3      2.19777      197.393
474      15.0009      1.3462      1009.65      -2914.98      -1905.33      2.19311      197.391
475      15.0325      1.34558      1009.18      -2914.52      -1905.33      2.18846      197.388
476      15.0641      1.345      1008.75      -2914.06      -1905.31      2.18384      197.386
477      15.0958      1.34452      1008.39      -2913.66      -1905.27      2.17923      197.384
478      15.1274      1.34416      1008.12      -2913.35      -1905.22      2.17465      197.381
479      15.1591      1.34394      1007.96      -2913.13      -1905.17      2.17008      197.379
480      15.1907      1.34384      1007.88      -2913.01      -1905.13      2.16554      197.376
481      15.2224      1.34383      1007.87      -2912.97      -1905.1      2.16101      197.374
482      15.254      1.34387      1007.9      -2912.99      -1905.09      2.1565      197.372
483      15.2857      1.3439      1007.93      -2913.02      -1905.09      2.15201      197.37
484      15.3173      1.34387      1007.9      -2913.03      -1905.13      2.14754      197.368
485      15.349      1.3437      1007.78      -2912.96      -1905.18      2.14309      197.365
486      15.3806      1.34335      1007.51      -2912.77      -1905.26      2.13866      197.363
487      15.4123      1.34275      1007.07      -2912.42      -1905.35      2.13425      197.362
488      15.4439      1.34187      1006.4      -2911.87      -1905.47      2.12985      197.36
489      15.4756      1.34065      1005.49      -2911.08      -1905.59      2.12548      197.358
490      15.5072      1.33907      1004.3      -2910.04      -1905.73      2.12112      197.356
491      15.5389      1.33711      1002.83      -2908.71      -1905.88      2.11678      197.354
492      15.5705      1.33473      1001.05      -2907.08      -1906.03      2.11246      197.352
493      15.6022      1.33195      998.964      -2905.15      -1906.19      2.10815      197.35
494      15.6338      1.32876      996.571      -2902.91      -1906.34      2.10386      197.348
495      15.6654      1.32517      993.877      -2900.37      -1906.49      2.0996      197.347
496      15.6971      1.3212      990.899      -2897.53      -1906.63      2.09534      197.345
497      15.7287      1.31688      987.659      -2894.42      -1906.76      2.09111      197.343
498      15.7604      1.31226      984.192      -2891.06      -1906.87      2.08689      197.341
499      15.792      1.30738      980.536      -2887.49      -1906.96      2.08268      197.339
500      15.8237      1.30232      976.74      -2883.76      -1907.02      2.0785      197.337
501      15.8553      1.29714      972.857      -2879.91      -1907.06      2.07433      197.335
502      15.887      1.29193      968.948      -2876.01      -1907.06      2.07018      197.333
503      15.9186      1.28677      965.075      -2872.11      -1907.04      2.06604      197.331
504      15.9503      1.28173      961.3      -2868.28      -1906.98      2.06192      197.329
505      15.9819      1.27691      957.685      -2864.58      -1906.89      2.05782      197.327
506      16.0136      1.27238      954.288      -2861.06      -1906.78      2.05373      197.325
507      16.0452      1.26821      951.161      -2857.8      -1906.63      2.04966      197.323
508      16.0769      1.26446      948.346      -2854.82      -1906.47      2.04561      197.321
509      16.1085      1.26117      945.877      -2852.17      -1906.3      2.04157      197.32
510      16.1402      1.25837      943.776      -2849.89      -1906.11      2.03755      197.318
511      16.1718      1.25608      942.057      -2847.98      -1905.92      2.03354      197.316
512      16.2035      1.25429      940.72      -2846.45      -1905.73      2.02955      197.314
513      16.2351      1.25302      939.761      -2845.3      -1905.54      2.02558      197.313
514      16.2667      1.25222      939.168      -2844.53      -1905.36      2.02162      197.311
515      16.2984      1.25189      938.92      -2844.11      -1905.19      2.01768      197.31
516      16.33      1.25199      938.996      -2844.02      -1905.03      2.01376      197.309
517      16.3617      1.25249      939.37      -2844.25      -1904.88      2.00985      197.307
518      16.3933      1.25335      940.013      -2844.77      -1904.75      2.00596      197.306
519      16.425      1.25453      940.898      -2845.53      -1904.64      2.00209      197.305
520      16.4566      1.25599      941.993      -2846.53      -1904.53      1.99823      197.305
521      16.4883      1.25769      943.27      -2847.72      -1904.45      1.99439      197.304
522      16.5199      1.25959      944.694      -2849.07      -1904.38      1.99056      197.303
523      16.5516      1.26165      946.235      -2850.56      -1904.33      1.98675      197.303
524      16.5832      1.26381      947.854      -2852.14      -1904.29      1.98296      197.303
525      16.6149      1.26602      949.514      -2853.79      -1904.28      1.97918      197.303
526      16.6465      1.26823      951.175      -2855.46      -1904.28      1.97542      197.303
527      16.6782      1.27039      952.795      -2857.1      -1904.31      1.97167      197.303
528      16.7098      1.27244      954.332      -2858.69      -1904.35      1.96794      197.303
529      16.7415      1.27433      955.745      -2860.17      -1904.42      1.96422      197.304
530      16.7731      1.27599      956.995      -2861.5      -1904.51      1.96053      197.305
531      16.8048      1.2774      958.046      -2862.66      -1904.61      1.95684      197.305
532      16.8364      1.2785      958.872      -2863.6      -1904.73      1.95317      197.306
533      16.868      1.27927      959.454      -2864.3      -1904.85      1.94952      197.308
534      16.8997      1.2797      959.775      -2864.76      -1904.98      1.94588      197.309
535      16.9313      1.27977      959.831      -2864.94      -1905.11      1.94226      197.31
536      16.963      1.27949      959.621      -2864.87      -1905.25      1.93865      197.312
537      16.9946      1.27887      959.156      -2864.53      -1905.37      1.93506      197.314
538      17.0263      1.27793      958.446      -2863.94      -1905.49      1.93148      197.316
539      17.0579      1.27668      957.511      -2863.11      -1905.6      1.92792      197.318
540      17.0896      1.27516      956.371      -2862.07      -1905.7      1.92437      197.32
541      17.1212      1.2734      955.052      -2860.84      -1905.79      1.92083      197.322
542      17.1529      1.27144      953.582      -2859.44      -1905.86      1.91731      197.325
543      17.1845      1.26932      951.991      -2857.9      -1905.91      1.91381      197.327
544      17.2162      1.26708      950.311      -2856.27      -1905.95      1.91032      197.33
545      17.2478      1.26477      948.58      -2854.56      -1905.98      1.90684      197.333
546      17.2795      1.26245      946.834      -2852.81      -1905.98      1.90338      197.336
547      17.3111      1.26015      945.111      -2851.07      -1905.96      1.89993      197.339
548      17.3428      1.25794      943.451      -2849.38      -1905.92      1.89649      197.342
549      17.3744      1.25586      941.898      -2847.76      -1905.87      1.89307      197.346
550      17.4061      1.25399      940.496      -2846.28      -1905.79      1.88966      197.349
551      17.4377      1.25238      939.285      -2844.97      -1905.68      1.88626      197.353
552      17.4693      1.25107      938.305      -2843.87      -1905.57      1.88288      197.356
553      17.501      1.25012      937.592      -2843.02      -1905.43      1.87951      197.36
554      17.5326      1.24956      937.174      -2842.45      -1905.28      1.87615      197.363
555      17.5643      1.24943      937.071      -2842.19      -1905.12      1.87281      197.367
556      17.5959      1.24973      937.296      -2842.25      -1904.95      1.86947      197.371
557      17.6276      1.25047      937.853      -2842.64      -1904.79      1.86615      197.375
558      17.6592      1.25165      938.734      -2843.36      -1904.63      1.86284      197.378
559      17.6909      1.25323      939.924      -2844.4      -1904.48      1.85955      197.382
560      17.7225      1.2552      941.401      -2845.74      -1904.34      1.85626      197.386
561      17.7542      1.25752      943.136      -2847.35      -1904.21      1.85299      197.39
562      17.7858      1.26013      945.098      -2849.2      -1904.1      1.84973      197.394
563      17.8175      1.26301      947.256      -2851.27      -1904.01      1.84648      197.398
564      17.8491      1.2661      949.575      -2853.51      -1903.93      1.84324      197.401
565      17.8808      1.26937      952.025      -2855.9      -1903.87      1.84001      197.405
566      17.9124      1.27277      954.579      -2858.4      -1903.83      1.8368      197.409
567      17.9441      1.27628      957.208      -2861      -1903.79      1.83359      197.412
568      17.9757      1.27985      959.884      -2863.66      -1903.77      1.8304      197.416
569      18.0074      1.28345      962.589      -2866.35      -1903.76      1.82721      197.419
570      18.039      1.28707      965.301      -2869.06      -1903.76      1.82404      197.423
571      18.0706      1.29067      968.005      -2871.77      -1903.77      1.82087      197.426
572      18.1023      1.29425      970.686      -2874.47      -1903.78      1.81772      197.429
573      18.1339      1.29778      973.332      -2877.13      -1903.8      1.81458      197.432
574      18.1656      1.30124      975.929      -2879.76      -1903.83      1.81144      197.435
575      18.1972      1.30462      978.466      -2882.33      -1903.86      1.80832      197.438
576      18.2289      1.30791      980.933      -2884.83      -1903.9      1.8052      197.441
577      18.2605      1.3111      983.321      -2887.26      -1903.94      1.80209      197.443
578      18.2922      1.31416      985.622      -2889.6      -1903.98      1.799      197.446
579      18.3238      1.3171      987.821      -2891.86      -1904.03      1.79591      197.448
580      18.3555      1.31988      989.911      -2894      -1904.09      1.79283      197.45
581      18.3871      1.32251      991.883      -2896.03      -1904.15      1.78976      197.451
582      18.4188      1.32497      993.726      -2897.94      -1904.22      1.7867      197.453
583      18.4504      1.32724      995.427      -2899.72      -1904.29      1.78365      197.454
584      18.4821      1.3293      996.973      -2901.34      -1904.37      1.7806      197.455
585      18.5137      1.33113      998.347      -2902.8      -1904.46      1.77756      197.456
586      18.5454      1.3327      999.527      -2904.08      -1904.56      1.77454      197.457
587      18.577      1.33399      1000.49      -2905.16      -1904.67      1.77152      197.457
588      18.6087      1.33494      1001.21      -2906      -1904.79      1.76851      197.457
589      18.6403      1.33555      1001.66      -2906.59      -1904.93      1.7655      197.457
590      18.6719      1.33576      1001.82      -2906.9      -1905.08      1.76251      197.457
591      18.7036      1.33555      1001.66      -2906.9      -1905.24      1.75952      197.457
592      18.7352      1.3349      1001.17      -2906.58      -1905.4      1.75655      197.456
593      18.7669      1.3338      1000.35      -2905.92      -1905.57      1.75358      197.455
594      18.7985      1.33225      999.19      -2904.93      -1905.74      1.75062      197.454
595      18.8302      1.33028      997.707      -2903.6      -1905.9      1.74767      197.453
596      18.8618      1.3279      995.927      -2901.97      -1906.04      1.74472      197.452
597      18.8935      1.32518      993.883      -2900.05      -1906.17      1.74179      197.451
598      18.9251      1.32216      991.62      -2897.89      -1906.27      1.73887      197.45
599      18.9568      1.31892      989.193      -2895.54      -1906.35      1.73595      197.448
600      18.9884      1.31555      986.661      -2893.05      -1906.39      1.73304      197.447
601      19.0201      1.31211      984.086      -2890.49      -1906.4      1.73015      197.445
602      19.0517      1.30871      981.534      -2887.92      -1906.38      1.72726      197.443
603      19.0834      1.30542      979.068      -2885.4      -1906.33      1.72438      197.442
604      19.115      1.30233      976.744      -2883      -1906.25      1.72151      197.44
605      19.1467      1.29949      974.619      -2880.77      -1906.15      1.71865      197.438
606      19.1783      1.29698      972.735      -2878.76      -1906.02      1.7158      197.437
607      19.21      1.29484      971.129      -2877.01      -1905.88      1.71296      197.435
608      19.2416      1.2931      969.824      -2875.55      -1905.73      1.71013      197.433
609      19.2732      1.29178      968.835      -2874.4      -1905.57      1.70731      197.432
610      19.3049      1.29088      968.163      -2873.57      -1905.41      1.70449      197.43
611      19.3365      1.29039      967.794      -2873.06      -1905.26      1.70169      197.429
612      19.3682      1.29027      967.706      -2872.83      -1905.12      1.6989      197.428
613      19.3998      1.29048      967.86      -2872.87      -1905.01      1.69612      197.426
614      19.4315      1.29094      968.207      -2873.13      -1904.92      1.69334      197.425
615      19.4631      1.29159      968.69      -2873.55      -1904.86      1.69058      197.424
616      19.4948      1.29232      969.241      -2874.07      -1904.83      1.68782      197.423
617      19.5264      1.29305      969.785      -2874.63      -1904.85      1.68508      197.421
618      19.5581      1.29367      970.249      -2875.15      -1904.9      1.68234      197.42
619      19.5897      1.29408      970.558      -2875.54      -1904.98      1.67962      197.419
620      19.6214      1.29418      970.638      -2875.74      -1905.11      1.6769      197.418
621      19.653      1.29389      970.421      -2875.68      -1905.26      1.67419      197.417
622      19.6847      1.29313      969.848      -2875.3      -1905.45      1.67149      197.416
623      19.7163      1.29183      968.87      -2874.53      -1905.66      1.6688      197.415
624      19.748      1.28993      967.45      -2873.33      -1905.88      1.66611      197.414
625      19.7796      1.28742      965.564      -2871.68      -1906.12      1.66344      197.413
626      19.8113      1.28427      963.2      -2869.56      -1906.36      1.66077      197.412
627      19.8429      1.28048      960.362      -2866.95      -1906.59      1.65811      197.411
628      19.8745      1.27609      957.066      -2863.88      -1906.82      1.65546      197.41
629      19.9062      1.27112      953.344      -2860.37      -1907.03      1.65282      197.408
630      19.9378      1.26565      949.238      -2856.45      -1907.21      1.65019      197.407
631      19.9695      1.25974      944.805      -2852.17      -1907.37      1.64756      197.406
632      20.0011      1.25348      940.109      -2847.6      -1907.49      1.64494      197.404
633      20.0328      1.24697      935.228      -2842.8      -1907.57      1.64233      197.403
634      20.0644      1.24033      930.245      -2837.86      -1907.61      1.63973      197.402
635      20.0961      1.23367      925.252      -2832.86      -1907.6      1.63714      197.4
636      20.1277      1.22712      920.343      -2827.89      -1907.55      1.63455      197.399
637      20.1594      1.22082      915.616      -2823.06      -1907.45      1.63197      197.397
638      20.191      1.21489      911.168      -2818.46      -1907.3      1.6294      197.395
639      20.2227      1.20946      907.093      -2814.19      -1907.1      1.62684      197.394
640      20.2543      1.20464      903.478      -2810.34      -1906.86      1.62428      197.392
641      20.286      1.20053      900.401      -2806.98      -1906.58      1.62173      197.39
642      20.3176      1.19723      897.926      -2804.2      -1906.27      1.61919      197.389
643      20.3493      1.19481      896.104      -2802.04      -1905.94      1.61666      197.387
644      20.3809      1.19329      894.968      -2800.56      -1905.59      1.61414      197.385
645      20.4126      1.19271      894.534      -2799.77      -1905.24      1.61162      197.384
646      20.4442      1.19307      894.803      -2799.69      -1904.89      1.60911      197.382
647      20.4758      1.19434      895.755      -2800.31      -1904.55      1.60661      197.38
648      20.5075      1.19647      897.353      -2801.59      -1904.23      1.60412      197.378
649      20.5391      1.1994      899.546      -2803.49      -1903.94      1.60163      197.377
650      20.5708      1.20303      902.27      -2805.96      -1903.68      1.59915      197.375
651      20.6024      1.20727      905.453      -2808.92      -1903.46      1.59668      197.374
652      20.6341      1.21202      909.017      -2812.3      -1903.28      1.59422      197.372
653      20.6657      1.21718      912.882      -2816.03      -1903.14      1.59177      197.371
654      20.6974      1.22262      916.966      -2820.01      -1903.04      1.58933      197.369
655      20.729      1.22826      921.194      -2824.18      -1902.98      1.58689      197.368
656      20.7607      1.23399      925.494      -2828.45      -1902.95      1.58446      197.367
657      20.7923      1.23974      929.807      -2832.76      -1902.96      1.58204      197.366
658      20.824      1.24544      934.082      -2837.06      -1902.98      1.57963      197.365
659      20.8556      1.25104      938.278      -2841.3      -1903.02      1.57722      197.364
660      20.8873      1.25649      942.367      -2845.45      -1903.08      1.57483      197.363
661      20.9189      1.26177      946.33      -2849.48      -1903.15      1.57244      197.363
662      20.9506      1.26688      950.158      -2853.37      -1903.22      1.57006      197.362
663      20.9822      1.2718      953.85      -2857.13      -1903.28      1.56769      197.362
664      21.0139      1.27655      957.409      -2860.76      -1903.35      1.56533      197.362
665      21.0455      1.28112      960.841      -2864.26      -1903.41      1.56297      197.362
666      21.0771      1.28554      964.158      -2867.63      -1903.47      1.56063      197.362
667      21.1088      1.28982      967.363      -2870.89      -1903.53      1.55829      197.362
668      21.1404      1.29395      970.464      -2874.04      -1903.58      1.55596      197.362
669      21.1721      1.29796      973.467      -2877.1      -1903.63      1.55364      197.363
670      21.2037      1.30183      976.373      -2880.05      -1903.68      1.55132      197.363
671      21.2354      1.30558      979.185      -2882.91      -1903.73      1.54902      197.364
672      21.267      1.3092      981.899      -2885.67      -1903.77      1.54672      197.365
673      21.2987      1.31268      984.513      -2888.34      -1903.83      1.54443      197.366
674      21.3303      1.31603      987.021      -2890.9      -1903.88      1.54214      197.367
675      21.362      1.31922      989.417      -2893.35      -1903.94      1.53987      197.368
676      21.3936      1.32225      991.691      -2895.69      -1904      1.5376      197.369
677      21.4253      1.32511      993.831      -2897.9      -1904.07      1.53534      197.37
678      21.4569      1.32776      995.823      -2899.97      -1904.14      1.53309      197.372
679      21.4886      1.3302      997.65      -2901.88      -1904.23      1.53084      197.373
680      21.5202      1.33239      999.295      -2903.62      -1904.32      1.5286      197.375
681      21.5519      1.33432      1000.74      -2905.16      -1904.43      1.52637      197.376
682      21.5835      1.33595      1001.96      -2906.5      -1904.54      1.52414      197.378
683      21.6152      1.33727      1002.95      -2907.61      -1904.66      1.52192      197.379
684      21.6468      1.33825      1003.69      -2908.47      -1904.79      1.51971      197.381
685      21.6784      1.33888      1004.16      -2909.08      -1904.92      1.5175      197.383
686      21.7101      1.33913      1004.35      -2909.41      -1905.06      1.51531      197.385
687      21.7417      1.33901      1004.26      -2909.46      -1905.2      1.51311      197.386
688      21.7734      1.3385      1003.88      -2909.22      -1905.34      1.51093      197.388
689      21.805      1.33762      1003.22      -2908.7      -1905.49      1.50875      197.39
690      21.8367      1.33637      1002.27      -2907.9      -1905.62      1.50658      197.392
691      21.8683      1.33475      1001.07      -2906.82      -1905.75      1.50441      197.394
692      21.9      1.3328      999.601      -2905.48      -1905.88      1.50225      197.396
693      21.9316      1.33053      997.897      -2903.89      -1906      1.5001      197.398
694      21.9633      1.32796      995.971      -2902.08      -1906.1      1.49795      197.4
695      21.9949      1.32512      993.843      -2900.05      -1906.2      1.49581      197.402
696      22.0266      1.32204      991.532      -2897.82      -1906.29      1.49368      197.404
697      22.0582      1.31875      989.059      -2895.43      -1906.37      1.49155      197.406
698      22.0899      1.31526      986.443      -2892.88      -1906.44      1.48943      197.408
699      22.1215      1.3116      983.703      -2890.2      -1906.5      1.48732      197.411
700      22.1532      1.30781      980.861      -2887.41      -1906.54      1.48521      197.413
701      22.1848      1.30391      977.934      -2884.52      -1906.58      1.48311      197.416
702      22.2165      1.29992      974.939      -2881.55      -1906.62      1.48102      197.418
703      22.2481      1.29586      971.892      -2878.53      -1906.64      1.47894      197.421
704      22.2797      1.29175      968.81      -2875.46      -1906.65      1.47686      197.424
705      22.3114      1.28761      965.711      -2872.37      -1906.66      1.47478      197.427
706      22.343      1.28348      962.611      -2869.27      -1906.66      1.47272      197.43
707      22.3747      1.27937      959.53      -2866.17      -1906.64      1.47066      197.434
708      22.4063      1.27532      956.488      -2863.11      -1906.62      1.46861      197.437
709      22.438      1.27135      953.511      -2860.09      -1906.58      1.46657      197.441
710      22.4696      1.26751      950.629      -2857.16      -1906.53      1.46453      197.444
711      22.5013      1.26384      947.879      -2854.34      -1906.46      1.4625      197.448
712      22.5329      1.2604      945.297      -2851.67      -1906.37      1.46047      197.453
713      22.5646      1.25724      942.931      -2849.19      -1906.26      1.45846      197.457
714      22.5962      1.25444      940.83      -2846.94      -1906.12      1.45645      197.461
715      22.6279      1.25206      939.047      -2845      -1905.95      1.45444      197.466
716      22.6595      1.25018      937.637      -2843.39      -1905.76      1.45245      197.471
717      22.6912      1.24887      936.652      -2842.19      -1905.54      1.45046      197.476
718      22.7228      1.24819      936.14      -2841.43      -1905.29      1.44848      197.481
719      22.7545      1.24818      936.137      -2841.17      -1905.04      1.4465      197.486
720      22.7861      1.24889      936.666      -2841.43      -1904.77      1.44453      197.491
721      22.8178      1.25031      937.732      -2842.23      -1904.5      1.44257      197.497
722      22.8494      1.25243      939.324      -2843.56      -1904.24      1.44061      197.502
723      22.881      1.25522      941.413      -2845.41      -1904      1.43866      197.508
724      22.9127      1.2586      943.95      -2847.73      -1903.78      1.43671      197.513
725      22.9443      1.2625      946.872      -2850.47      -1903.59      1.43477      197.519
726      22.976      1.26681      950.107      -2853.55      -1903.45      1.43284      197.525
727      23.0076      1.27143      953.575      -2856.92      -1903.34      1.43091      197.531
728      23.0393      1.27626      957.199      -2860.47      -1903.27      1.42898      197.536
729      23.0709      1.2812      960.901      -2864.14      -1903.24      1.42706      197.542
730      23.1026      1.28614      964.609      -2867.86      -1903.25      1.42515      197.548
731      23.1342      1.29101      968.256      -2871.54      -1903.29      1.42324      197.554
732      23.1659      1.29571      971.785      -2875.14      -1903.36      1.42134      197.559
733      23.1975      1.3002      975.147      -2878.59      -1903.44      1.41944      197.565
734      23.2292      1.3044      978.301      -2881.86      -1903.55      1.41754      197.57
735      23.2608      1.30828      981.211      -2884.89      -1903.68      1.41565      197.576
736      23.2925      1.3118      983.848      -2887.67      -1903.82      1.41377      197.581
737      23.3241      1.31492      986.193      -2890.16      -1903.97      1.41189      197.586
738      23.3558      1.31764      988.23      -2892.36      -1904.13      1.41001      197.591
739      23.3874      1.31994      989.952      -2894.24      -1904.29      1.40813      197.595
740      23.4191      1.3218      991.352      -2895.8      -1904.45      1.40626      197.6
741      23.4507      1.32324      992.431      -2897.04      -1904.61      1.4044      197.604
742      23.4823      1.32426      993.195      -2897.96      -1904.76      1.40253      197.609
743      23.514      1.32487      993.652      -2898.57      -1904.92      1.40067      197.612
744      23.5456      1.32508      993.813      -2898.88      -1905.06      1.39882      197.616
745      23.5773      1.32492      993.69      -2898.89      -1905.2      1.39696      197.62
746      23.6089      1.3244      993.299      -2898.64      -1905.34      1.39511      197.623
747      23.6406      1.32354      992.656      -2898.12      -1905.46      1.39327      197.626
748      23.6722      1.32237      991.777      -2897.35      -1905.58      1.39142      197.629
749      23.7039      1.3209      990.675      -2896.36      -1905.69      1.38958      197.631
750      23.7355      1.31916      989.369      -2895.16      -1905.79      1.38775      197.634
751      23.7672      1.31717      987.875      -2893.75      -1905.88      1.38591      197.636
752      23.7988      1.31496      986.216      -2892.18      -1905.96      1.38408      197.637
753      23.8305      1.31255      984.414      -2890.44      -1906.03      1.38226      197.639
754      23.8621      1.30999      982.494      -2888.58      -1906.08      1.38043      197.64
755      23.8938      1.30732      980.488      -2886.61      -1906.12      1.37861      197.641
756      23.9254      1.30457      978.43      -2884.57      -1906.14      1.37679      197.642
757      23.9571      1.30181      976.359      -2882.51      -1906.15      1.37498      197.642
758      23.9887      1.29908      974.313      -2880.44      -1906.13      1.37317      197.643
759      24.0204      1.29644      972.333      -2878.42      -1906.09      1.37136      197.643
760      24.052      1.29395      970.459      -2876.49      -1906.03      1.36955      197.642
761      24.0836      1.29164      968.73      -2874.69      -1905.96      1.36775      197.642
762      24.1153      1.28957      967.18      -2873.04      -1905.86      1.36595      197.641
763      24.1469      1.28778      965.837      -2871.59      -1905.76      1.36415      197.64
764      24.1786      1.28629      964.72      -2870.36      -1905.64      1.36235      197.639
765      24.2102      1.28512      963.84      -2869.36      -1905.52      1.36056      197.637
766      24.2419      1.28426      963.197      -2868.6      -1905.41      1.35877      197.635
767      24.2735      1.28371      962.783      -2868.08      -1905.29      1.35699      197.633
768      24.3052      1.28344      962.577      -2867.77      -1905.19      1.3552      197.631
769      24.3368      1.2834      962.551      -2867.66      -1905.11      1.35342      197.628
770      24.3685      1.28356      962.671      -2867.71      -1905.04      1.35165      197.625
771      24.4001      1.28386      962.894      -2867.89      -1904.99      1.34987      197.622
772      24.4318      1.28423      963.173      -2868.14      -1904.97      1.3481      197.619
773      24.4634      1.28461      963.457      -2868.43      -1904.98      1.34633      197.615
774      24.4951      1.28493      963.696      -2868.7      -1905      1.34457      197.611
775      24.5267      1.28512      963.837      -2868.9      -1905.06      1.3428      197.607
776      24.5584      1.28511      963.832      -2868.97      -1905.14      1.34104      197.603
777      24.59      1.28485      963.634      -2868.87      -1905.24      1.33929      197.599
778      24.6217      1.28427      963.201      -2868.56      -1905.36      1.33753      197.594
779      24.6533      1.28333      962.497      -2868      -1905.5      1.33578      197.589
780      24.6849      1.28199      961.496      -2867.15      -1905.65      1.33404      197.584
781      24.7166      1.28024      960.178      -2865.99      -1905.81      1.33229      197.579
782      24.7482      1.27805      958.536      -2864.51      -1905.98      1.33055      197.573
783      24.7799      1.27543      956.569      -2862.71      -1906.14      1.32882      197.568
784      24.8115      1.27239      954.292      -2860.58      -1906.29      1.32708      197.562
785      24.8432      1.26897      951.726      -2858.16      -1906.43      1.32535      197.556
786      24.8748      1.26521      948.905      -2855.46      -1906.55      1.32363      197.55
787      24.9065      1.26116      945.868      -2852.52      -1906.66      1.3219      197.544
788      24.9381      1.25688      942.659      -2849.4      -1906.74      1.32018      197.538
789      24.9698      1.25244      939.332      -2846.12      -1906.79      1.31847      197.531
790      25.0014      1.24791      935.936      -2842.75      -1906.82      1.31676      197.525
791      25.0331      1.24337      932.525      -2839.34      -1906.82      1.31505      197.518
792      25.0647      1.23887      929.149      -2835.94      -1906.79      1.31334      197.512
793      25.0964      1.23448      925.858      -2832.6      -1906.75      1.31164      197.505
794      25.128      1.23026      922.691      -2829.37      -1906.68      1.30995      197.498
795      25.1597      1.22624      919.683      -2826.28      -1906.6      1.30825      197.491
796      25.1913      1.22248      916.864      -2823.36      -1906.5      1.30656      197.484
797      25.223      1.21901      914.256      -2820.65      -1906.39      1.30488      197.477
798      25.2546      1.21583      911.875      -2818.15      -1906.27      1.3032      197.471
799      25.2862      1.21297      909.73      -2815.89      -1906.15      1.30152      197.464
800      25.3179      1.21043      907.825      -2813.86      -1906.03      1.29985      197.456
801      25.3495      1.20821      906.16      -2812.07      -1905.91      1.29818      197.449
802      25.3812      1.20631      904.734      -2810.53      -1905.79      1.29651      197.442
803      25.4128      1.20473      903.546      -2809.22      -1905.68      1.29485      197.435
804      25.4445      1.20346      902.593      -2808.15      -1905.56      1.29319      197.428
805      25.4761      1.20249      901.869      -2807.31      -1905.44      1.29154      197.421
806      25.5078      1.20183      901.371      -2806.7      -1905.33      1.28989      197.413
807      25.5394      1.20147      901.102      -2806.32      -1905.22      1.28824      197.406
808      25.5711      1.20142      901.064      -2806.17      -1905.1      1.2866      197.399
809      25.6027      1.20168      901.262      -2806.24      -1904.98      1.28496      197.391
810      25.6344      1.20227      901.7      -2806.56      -1904.86      1.28333      197.384
811      25.666      1.20319      902.39      -2807.13      -1904.74      1.2817      197.376
812      25.6977      1.20445      903.339      -2807.94      -1904.61      1.28007      197.369
813      25.7293      1.20607      904.556      -2809.03      -1904.47      1.27845      197.361
814      25.761      1.20806      906.048      -2810.38      -1904.33      1.27683      197.353
815      25.7926      1.21043      907.82      -2812.01      -1904.19      1.27521      197.346
816      25.8243      1.21317      909.877      -2813.93      -1904.05      1.2736      197.338
817      25.8559      1.21629      912.214      -2816.13      -1903.91      1.27199      197.33
818      25.8875      1.21977      914.825      -2818.6      -1903.78      1.27038      197.322
819      25.9192      1.22359      917.695      -2821.35      -1903.65      1.26878      197.314
820      25.9508      1.22774      920.804      -2824.34      -1903.53      1.26718      197.306
821      25.9825      1.23217      924.124      -2827.56      -1903.43      1.26558      197.298
822      26.0141      1.23682      927.617      -2830.97      -1903.35      1.26399      197.289
823      26.0458      1.24166      931.244      -2834.54      -1903.29      1.2624      197.281
824      26.0774      1.24661      934.958      -2838.21      -1903.25      1.26081      197.273
825      26.1091      1.25161      938.706      -2841.95      -1903.24      1.25923      197.264
826      26.1407      1.25658      942.436      -2845.7      -1903.26      1.25765      197.256
827      26.1724      1.26146      946.093      -2849.4      -1903.3      1.25608      197.247
828      26.204      1.26617      949.624      -2853      -1903.37      1.25451      197.239
829      26.2357      1.27064      952.979      -2856.45      -1903.47      1.25294      197.23
830      26.2673      1.27482      956.114      -2859.7      -1903.58      1.25137      197.221
831      26.299      1.27865      958.989      -2862.71      -1903.72      1.24981      197.213
832      26.3306      1.2821      961.574      -2865.44      -1903.86      1.24826      197.204
833      26.3623      1.28513      963.848      -2867.87      -1904.02      1.2467      197.196
834      26.3939      1.28773      965.797      -2869.98      -1904.19      1.24516      197.187
835      26.4256      1.28989      967.42      -2871.77      -1904.35      1.24361      197.179
836      26.4572      1.29163      968.724      -2873.23      -1904.51      1.24207      197.17
837      26.4888      1.29297      969.727      -2874.38      -1904.65      1.24054      197.162
838      26.5205      1.29394      970.458      -2875.24      -1904.79      1.239      197.154
839      26.5521      1.2946      970.951      -2875.85      -1904.9      1.23748      197.146
840      26.5838      1.295      971.249      -2876.24      -1904.99      1.23595      197.138
841      26.6154      1.29519      971.394      -2876.46      -1905.06      1.23443      197.13
842      26.6471      1.29524      971.432      -2876.54      -1905.11      1.23292      197.122
843      26.6787      1.2952      971.402      -2876.54      -1905.14      1.23141      197.115
844      26.7104      1.29512      971.338      -2876.49      -1905.15      1.2299      197.107
845      26.742      1.29501      971.26      -2876.42      -1905.16      1.2284      197.1
846      26.7737      1.2949      971.176      -2876.34      -1905.16      1.22691      197.093
847      26.8053      1.29478      971.081      -2876.25      -1905.17      1.22542      197.086
848      26.837      1.29461      970.955      -2876.14      -1905.19      1.22393      197.08
849      26.8686      1.29436      970.77      -2875.99      -1905.22      1.22245      197.074
850      26.9003      1.29398      970.488      -2875.76      -1905.27      1.22098      197.067
851      26.9319      1.29343      970.071      -2875.42      -1905.34      1.21951      197.062
852      26.9636      1.29264      969.482      -2874.92      -1905.43      1.21804      197.056
853      26.9952      1.29158      968.685      -2874.23      -1905.54      1.21658      197.051
854      27.0269      1.29021      967.658      -2873.32      -1905.66      1.21512      197.046
855      27.0585      1.28851      966.385      -2872.17      -1905.78      1.21367      197.041
856      27.0901      1.28649      964.867      -2870.77      -1905.91      1.21223      197.037
857      27.1218      1.28415      963.11      -2869.13      -1906.02      1.21079      197.033
858      27.1534      1.28151      961.134      -2867.26      -1906.13      1.20935      197.029
859      27.1851      1.27863      958.97      -2865.19      -1906.22      1.20792      197.025
860      27.2167      1.27554      956.656      -2862.94      -1906.29      1.2065      197.022
861      27.2484      1.27232      954.238      -2860.57      -1906.33      1.20508      197.019
862      27.28      1.26902      951.761      -2858.12      -1906.36      1.20367      197.017
863      27.3117      1.2657      949.276      -2855.63      -1906.36      1.20226      197.015
864      27.3433      1.26244      946.826      -2853.16      -1906.33      1.20086      197.013
865      27.375      1.25927      944.453      -2850.74      -1906.29      1.19946      197.011
866      27.4066      1.25625      942.188      -2848.42      -1906.23      1.19807      197.01
867      27.4383      1.25341      940.058      -2846.22      -1906.16      1.19668      197.009
868      27.4699      1.25078      938.083      -2844.16      -1906.08      1.1953      197.008
869      27.5016      1.24836      936.273      -2842.27      -1906      1.19392      197.008
870      27.5332      1.24618      934.635      -2840.55      -1905.91      1.19255      197.008
871      27.5649      1.24422      933.164      -2838.99      -1905.83      1.19118      197.008
872      27.5965      1.24248      931.856      -2837.6      -1905.75      1.18982      197.009
873      27.6282      1.24094      930.705      -2836.37      -1905.67      1.18846      197.01
874      27.6598      1.2396      929.703      -2835.3      -1905.6      1.18711      197.011
875      27.6914      1.23845      928.84      -2834.37      -1905.53      1.18576      197.013
876      27.7231      1.23748      928.11      -2833.57      -1905.46      1.18442      197.014
877      27.7547      1.23667      927.506      -2832.91      -1905.4      1.18308      197.016
878      27.7864      1.23603      927.023      -2832.36      -1905.34      1.18174      197.018
879      27.818      1.23554      926.658      -2831.94      -1905.28      1.18041      197.021
880      27.8497      1.23521      926.409      -2831.63      -1905.22      1.17909      197.023
881      27.8813      1.23503      926.271      -2831.44      -1905.17      1.17777      197.026
882      27.913      1.23498      926.237      -2831.36      -1905.12      1.17645      197.029
883      27.9446      1.23507      926.3      -2831.37      -1905.07      1.17514      197.032
884      27.9763      1.23527      926.449      -2831.48      -1905.03      1.17383      197.036
885      28.0079      1.23556      926.668      -2831.67      -1905      1.17252      197.039
886      28.0396      1.23592      926.94      -2831.91      -1904.97      1.17122      197.042
887      28.0712      1.23633      927.244      -2832.2      -1904.96      1.16992      197.046
888      28.1029      1.23675      927.562      -2832.52      -1904.96      1.16862      197.049
889      28.1345      1.23716      927.869      -2832.83      -1904.96      1.16733      197.053
890      28.1662      1.23753      928.144      -2833.13      -1904.98      1.16604      197.056
891      28.1978      1.23782      928.368      -2833.38      -1905.01      1.16475      197.06
892      28.2295      1.23803      928.523      -2833.57      -1905.05      1.16346      197.063
893      28.2611      1.23812      928.592      -2833.68      -1905.09      1.16218      197.067
894      28.2927      1.23809      928.564      -2833.71      -1905.14      1.1609      197.07
895      28.3244      1.2379      928.428      -2833.62      -1905.2      1.15962      197.073
896      28.356      1.23758      928.182      -2833.43      -1905.25      1.15834      197.076
897      28.3877      1.2371      927.826      -2833.13      -1905.31      1.15707      197.079
898      28.4193      1.23649      927.365      -2832.72      -1905.36      1.15579      197.082
899      28.451      1.23575      926.811      -2832.21      -1905.4      1.15452      197.084
900      28.4826      1.23491      926.18      -2831.62      -1905.44      1.15325      197.086
901      28.5143      1.23399      925.492      -2830.95      -1905.46      1.15198      197.088
902      28.5459      1.23303      924.774      -2830.25      -1905.47      1.15072      197.09
903      28.5776      1.23208      924.059      -2829.53      -1905.47      1.14945      197.091
904      28.6092      1.23118      923.386      -2828.83      -1905.44      1.14819      197.092
905      28.6409      1.23039      922.796      -2828.19      -1905.39      1.14692      197.093
906      28.6725      1.22978      922.334      -2827.66      -1905.32      1.14566      197.094
907      28.7042      1.22939      922.046      -2827.27      -1905.23      1.1444      197.094
908      28.7358      1.2293      921.977      -2827.09      -1905.11      1.14314      197.094
909      28.7675      1.22956      922.17      -2827.15      -1904.98      1.14188      197.094
910      28.7991      1.23021      922.658      -2827.48      -1904.82      1.14062      197.093
911      28.8308      1.23129      923.469      -2828.13      -1904.66      1.13936      197.092
912      28.8624      1.23283      924.62      -2829.11      -1904.49      1.13811      197.091
913      28.894      1.23483      926.121      -2830.43      -1904.31      1.13685      197.089
914      28.9257      1.23729      927.965      -2832.11      -1904.14      1.13559      197.087
915      28.9573      1.24018      930.138      -2834.12      -1903.98      1.13434      197.085
916      28.989      1.24349      932.619      -2836.45      -1903.83      1.13309      197.082
917      29.0206      1.24717      935.378      -2839.07      -1903.69      1.13184      197.08
918      29.0523      1.25117      938.379      -2841.96      -1903.58      1.13058      197.076
919      29.0839      1.25544      941.584      -2845.07      -1903.48      1.12934      197.073
920      29.1156      1.25994      944.953      -2848.36      -1903.4      1.12809      197.07
921      29.1472      1.2646      948.446      -2851.79      -1903.35      1.12684      197.066
922      29.1789      1.26937      952.025      -2855.34      -1903.31      1.1256      197.062
923      29.2105      1.2742      955.65      -2858.94      -1903.29      1.12435      197.058
924      29.2422      1.27904      959.283      -2862.58      -1903.3      1.12311      197.054
925      29.2738      1.28385      962.885      -2866.2      -1903.32      1.12187      197.049
926      29.3055      1.28856      966.424      -2869.78      -1903.35      1.12064      197.045
927      29.3371      1.29315      969.86      -2873.27      -1903.41      1.1194      197.04
928      29.3688      1.29755      973.161      -2876.64      -1903.48      1.11817      197.036
929      29.4004      1.30172      976.288      -2879.86      -1903.57      1.11694      197.031
930      29.4321      1.30561      979.209      -2882.89      -1903.68      1.11572      197.027
931      29.4637      1.30919      981.891      -2885.7      -1903.81      1.11449      197.022
932      29.4953      1.3124      984.301      -2888.25      -1903.94      1.11327      197.018
933      29.527      1.31522      986.413      -2890.51      -1904.1      1.11205      197.013
934      29.5586      1.3176      988.199      -2892.46      -1904.26      1.11084      197.009
935      29.5903      1.31951      989.636      -2894.08      -1904.44      1.10962      197.005
936      29.6219      1.32094      990.707      -2895.33      -1904.63      1.10842      197.001
937      29.6536      1.32187      991.401      -2896.22      -1904.82      1.10721      196.996
938      29.6852      1.32228      991.712      -2896.72      -1905.01      1.10601      196.992
939      29.7169      1.32219      991.641      -2896.84      -1905.2      1.10481      196.989
940      29.7485      1.3216      991.198      -2896.58      -1905.38      1.10361      196.985
941      29.7802      1.32053      990.4      -2895.95      -1905.56      1.10242      196.981
942      29.8118      1.31903      989.272      -2894.99      -1905.72      1.10123      196.978
943      29.8435      1.31713      987.848      -2893.71      -1905.86      1.10004      196.975
944      29.8751      1.31489      986.168      -2892.15      -1905.98      1.09886      196.971
945      29.9068      1.31238      984.283      -2890.36      -1906.08      1.09768      196.968
946      29.9384      1.30966      982.246      -2888.39      -1906.14      1.0965      196.965
947      29.9701      1.30683      980.119      -2886.3      -1906.18      1.09533      196.962
948      30.0017      1.30395      977.966      -2884.15      -1906.18      1.09416      196.96
949      30.0334      1.30114      975.853      -2882.01      -1906.16      1.09299      196.957
950      30.065      1.29846      973.844      -2879.94      -1906.1      1.09183      196.954
951      30.0966      1.296      972.003      -2878.01      -1906      1.09066      196.952
952      30.1283      1.29385      970.385      -2876.27      -1905.89      1.0895      196.949
953      30.1599      1.29205      969.041      -2874.78      -1905.74      1.08835      196.947
954      30.1916      1.29068      968.01      -2873.59      -1905.58      1.08719      196.945
955      30.2232      1.28977      967.325      -2872.73      -1905.41      1.08604      196.942
956      30.2549      1.28934      967.002      -2872.22      -1905.22      1.08489      196.94
957      30.2865      1.28939      967.045      -2872.08      -1905.04      1.08375      196.938
958      30.3182      1.28993      967.446      -2872.31      -1904.86      1.0826      196.935
959      30.3498      1.29091      968.184      -2872.88      -1904.7      1.08146      196.933
960      30.3815      1.2923      969.225      -2873.78      -1904.55      1.08032      196.931
961      30.4131      1.29404      970.528      -2874.95      -1904.43      1.07919      196.929
962      30.4448      1.29605      972.039      -2876.37      -1904.33      1.07805      196.926
963      30.4764      1.29827      973.702      -2877.96      -1904.26      1.07692      196.924
964      30.5081      1.30061      975.458      -2879.68      -1904.22      1.07579      196.922
965      30.5397      1.303      977.251      -2881.46      -1904.21      1.07467      196.92
966      30.5714      1.30538      979.033      -2883.25      -1904.22      1.07354      196.918
967      30.603      1.30768      980.76      -2885.01      -1904.25      1.07242      196.916
968      30.6347      1.30986      982.398      -2886.7      -1904.3      1.0713      196.914
969      30.6663      1.3119      983.923      -2888.28      -1904.36      1.07019      196.912
970      30.6979      1.31376      985.322      -2889.75      -1904.43      1.06908      196.911
971      30.7296      1.31546      986.596      -2891.08      -1904.49      1.06797      196.909
972      30.7612      1.317      987.747      -2892.3      -1904.55      1.06686      196.907
973      30.7929      1.31838      988.789      -2893.39      -1904.6      1.06575      196.906
974      30.8245      1.31965      989.736      -2894.38      -1904.65      1.06465      196.904
975      30.8562      1.32081      990.609      -2895.29      -1904.68      1.06355      196.903
976      30.8878      1.3219      991.423      -2896.14      -1904.71      1.06246      196.902
977      30.9195      1.32292      992.189      -2896.92      -1904.74      1.06136      196.901
978      30.9511      1.32389      992.918      -2897.67      -1904.75      1.06027      196.9
979      30.9828      1.32482      993.615      -2898.38      -1904.77      1.05918      196.899
980      31.0144      1.3257      994.278      -2899.06      -1904.79      1.0581      196.898
981      31.0461      1.32653      994.898      -2899.71      -1904.81      1.05702      196.897
982      31.0777      1.32729      995.466      -2900.3      -1904.84      1.05593      196.896
983      31.1094      1.32795      995.965      -2900.84      -1904.87      1.05486      196.896
984      31.141      1.32851      996.379      -2901.3      -1904.92      1.05378      196.895
985      31.1727      1.32892      996.693      -2901.66      -1904.97      1.05271      196.894
986      31.2043      1.3292      996.896      -2901.92      -1905.03      1.05164      196.894
987      31.236      1.32931      996.984      -2902.07      -1905.08      1.05057      196.893
988      31.2676      1.32927      996.956      -2902.1      -1905.14      1.0495      196.892
989      31.2992      1.3291      996.822      -2902.01      -1905.19      1.04844      196.892
990      31.3309      1.3288      996.6      -2901.83      -1905.23      1.04738      196.891
991      31.3625      1.32842      996.314      -2901.58      -1905.26      1.04631      196.891
992      31.3942      1.328      995.998      -2901.27      -1905.27      1.04526      196.89
993      31.4258      1.32758      995.687      -2900.95      -1905.27      1.0442      196.889
994      31.4575      1.32723      995.419      -2900.66      -1905.24      1.04315      196.889
995      31.4891      1.32698      995.233      -2900.43      -1905.2      1.04209      196.888
996      31.5208      1.32688      995.163      -2900.3      -1905.14      1.04104      196.887
997      31.5524      1.32699      995.24      -2900.3      -1905.06      1.04      196.886
998      31.5841      1.32731      995.482      -2900.46      -1904.98      1.03895      196.886
999      31.6157      1.32787      995.904      -2900.79      -1904.89      1.03791      196.885
1000      31.6474      1.32867      996.506      -2901.3      -1904.8      1.03686      196.884
1000      31.6474      1.32867      996.506      -2901.3      -1904.8      1.03686      196.884
Execution time in seconds: 1.82207
