Timestep Time Temperature KineticEnergy PotentialEnergy TotalEnergy DiffusionConstant MeanSquareDisplacement
1      0.0474211      2.43283      1824.62      -3730.19      -1905.57      692.865      197.138
2      0.0948421      2.42435      1818.26      -3727.01      -1908.75      346.444      197.145
3      0.142263      2.40738      1805.54      -3717.47      -1911.93      230.971      197.152
4      0.189684      2.38185      1786.39      -3701.53      -1915.14      173.235      197.159
5      0.237105      2.34766      1760.74      -3679.13      -1918.38      138.593      197.167
6      0.284526      2.3047      1728.53      -3650.19      -1921.67      115.499      197.175
7      0.331947      2.25288      1689.66      -3614.64      -1924.98      99.003      197.183
8      0.379368      2.19211      1644.08      -3572.4      -1928.32      86.6311      197.191
9      0.426789      2.12239      1591.79      -3523.43      -1931.64      77.0086      197.199
10      0.474211      2.04386      1532.89      -3467.79      -1934.89      69.3106      197.207
11      0.521632      1.95686      1467.64      -3405.63      -1937.99      63.0123      197.215
12      0.569053      1.86203      1396.52      -3337.34      -1940.82      57.7636      197.223
13      0.616474      1.76037      1320.28      -3263.52      -1943.24      53.3224      197.231
14      0.663895      1.65335      1240.01      -3185.07      -1945.06      49.5157      197.239
15      0.711316      1.54288      1157.16      -3103.29      -1946.13      46.2165      197.247
16      0.758737      1.43134      1073.5      -3019.77      -1946.26      43.3296      197.255
17      0.806158      1.32147      991.105      -2936.46      -1945.35      40.7823      197.262
18      0.853579      1.21621      912.157      -2855.49      -1943.33      38.518      197.269
19      0.901      1.11842      838.818      -2779.08      -1940.26      36.4919      197.275
20      0.948421      1.03068      773.011      -2709.28      -1936.27      34.6684      197.281
21      0.995842      0.954984      716.238      -2647.83      -1931.59      33.0185      197.287
22      1.04326      0.892622      669.466      -2595.97      -1926.51      31.5185      197.293
23      1.09068      0.844093      633.07      -2554.37      -1921.3      30.1489      197.298
24      1.13811      0.809165      606.874      -2523.13      -1916.26      28.8934      197.302
25      1.18553      0.786981      590.236      -2501.82      -1911.58      27.7382      197.306
26      1.23295      0.776243      582.182      -2489.61      -1907.43      26.6719      197.31
27      1.28037      0.775383      581.537      -2485.42      -1903.89      25.6845      197.314
28      1.32779      0.782733      587.049      -2488.02      -1900.97      24.7676      197.317
29      1.37521      0.796649      597.487      -2496.16      -1898.67      23.9139      197.32
30      1.42263      0.815598      611.698      -2508.63      -1896.93      23.1171      197.322
31      1.47005      0.838211      628.658      -2524.35      -1895.69      22.3716      197.325
32      1.51747      0.863296      647.472      -2542.35      -1894.88      21.6727      197.327
33      1.56489      0.889839      667.379      -2561.82      -1894.44      21.0162      197.329
34      1.61232      0.916998      687.749      -2582.04      -1894.29      20.3982      197.33
35      1.65974      0.944072      708.054      -2602.45      -1894.4      19.8156      197.332
36      1.70716      0.970479      727.859      -2622.57      -1894.71      19.2653      197.333
37      1.75458      0.995725      746.793      -2641.99      -1895.2      18.7447      197.334
38      1.802      1.01939      764.54      -2660.37      -1895.83      18.2515      197.335
39      1.84942      1.04111      780.832      -2677.43      -1896.6      17.7836      197.336
40      1.89684      1.0606      795.447      -2692.92      -1897.47      17.3391      197.337
41      1.94426      1.07761      808.208      -2706.63      -1898.42      16.9163      197.338
42      1.99168      1.092      818.997      -2718.42      -1899.42      16.5135      197.339
43      2.03911      1.10368      827.758      -2728.2      -1900.44      16.1296      197.339
44      2.08653      1.11268      834.512      -2735.95      -1901.44      15.7631      197.34
45      2.13395      1.11913      839.345      -2741.73      -1902.38      15.4128      197.341
46      2.18137      1.12323      842.42      -2745.66      -1903.24      15.0778      197.342
47      2.22879      1.12527      843.952      -2747.94      -1903.98      14.7571      197.343
48      2.27621      1.12559      844.195      -2748.79      -1904.59      14.4498      197.344
49      2.32363      1.12456      843.421      -2748.49      -1905.07      14.155      197.345
50      2.37105      1.12252      841.891      -2747.3      -1905.41      13.872      197.347
51      2.41847      1.1198      839.85      -2745.48      -1905.63      13.6001      197.349
52      2.46589      1.11667      837.505      -2743.26      -1905.76      13.3387      197.351
53      2.51332      1.11337      835.03      -2740.83      -1905.8      13.0871      197.353
54      2.56074      1.11009      832.571      -2738.34      -1905.77      12.8449      197.355
55      2.60816      1.10703      830.27      -2735.94      -1905.67      12.6115      197.357
56      2.65558      1.10436      828.272      -2733.76      -1905.49      12.3865      197.36
57      2.703      1.10232      826.74      -2731.97      -1905.23      12.1694      197.363
58      2.75042      1.10113      825.849      -2730.74      -1904.89      11.9597      197.366
59      2.79784      1.10103      825.772      -2730.23      -1904.46      11.7572      197.369
60      2.84526      1.1022      826.652      -2730.62      -1903.96      11.5614      197.372
61      2.89268      1.10476      828.568      -2732.01      -1903.44      11.3721      197.375
62      2.94011      1.10868      831.513      -2734.45      -1902.93      11.1888      197.378
63      2.98753      1.11385      835.39      -2737.87      -1902.48      11.0114      197.382
64      3.03495      1.12004      840.032      -2742.16      -1902.13      10.8395      197.385
65      3.08237      1.12698      845.232      -2747.11      -1901.87      10.6729      197.388
66      3.12979      1.13437      850.779      -2752.51      -1901.73      10.5114      197.391
67      3.17721      1.14198      856.487      -2758.16      -1901.67      10.3546      197.393
68      3.22463      1.14961      862.21      -2763.89      -1901.68      10.2025      197.396
69      3.27205      1.15713      867.847      -2769.58      -1901.74      10.0547      197.398
70      3.31947      1.16445      873.335      -2775.16      -1901.82      9.9112      197.4
71      3.36689      1.17152      878.637      -2780.56      -1901.92      9.77167      197.401
72      3.41432      1.17831      883.73      -2785.76      -1902.03      9.63601      197.402
73      3.46174      1.1848      888.599      -2790.74      -1902.15      9.50403      197.403
74      3.50916      1.19097      893.227      -2795.5      -1902.27      9.37559      197.403
75      3.55658      1.1968      897.601      -2800      -1902.4      9.25055      197.402
76      3.604      1.20228      901.71      -2804.24      -1902.53      9.12877      197.401
77      3.65142      1.20741      905.561      -2808.22      -1902.66      9.01013      197.399
78      3.69884      1.21224      909.178      -2811.96      -1902.78      8.89449      197.396
79      3.74626      1.21681      912.605      -2815.47      -1902.87      8.78175      197.392
80      3.79368      1.22121      915.91      -2818.83      -1902.92      8.6718      197.388
81      3.84111      1.22557      919.176      -2822.11      -1902.93      8.56453      197.383
82      3.88853      1.22999      922.493      -2825.39      -1902.89      8.45984      197.378
83      3.93595      1.2346      925.948      -2828.76      -1902.81      8.35766      197.372
84      3.98337      1.23949      929.616      -2832.32      -1902.7      8.25787      197.365
85      4.03079      1.24472      933.537      -2836.11      -1902.57      8.16042      197.358
86      4.07821      1.25029      937.714      -2840.16      -1902.45      8.06521      197.35
87      4.12563      1.25613      942.101      -2844.45      -1902.35      7.97217      197.341
88      4.17305      1.26215      946.609      -2848.91      -1902.3      7.88124      197.333
89      4.22047      1.26815      951.113      -2853.43      -1902.32      7.79233      197.324
90      4.26789      1.27395      955.464      -2857.88      -1902.42      7.7054      197.315
91      4.31532      1.27934      959.502      -2862.09      -1902.59      7.62037      197.306
92      4.36274      1.2841      963.077      -2865.91      -1902.84      7.53718      197.297
93      4.41016      1.28809      966.064      -2869.21      -1903.14      7.45579      197.287
94      4.45758      1.29117      968.375      -2871.86      -1903.49      7.37614      197.278
95      4.505      1.29328      969.958      -2873.81      -1903.85      7.29816      197.269
96      4.55242      1.2944      970.798      -2875.02      -1904.22      7.22183      197.261
97      4.59984      1.29454      970.906      -2875.49      -1904.58      7.14708      197.253
98      4.64726      1.29375      970.314      -2875.24      -1904.93      7.07387      197.245
99      4.69468      1.29209      969.066      -2874.31      -1905.25      7.00215      197.237
100      4.74211      1.28962      967.217      -2872.75      -1905.53      6.93189      197.23
101      4.78953      1.28645      964.836      -2870.62      -1905.79      6.86304      197.224
102      4.83695      1.28267      962      -2868      -1906      6.79555      197.218
103      4.88437      1.27842      958.815      -2864.97      -1906.16      6.7294      197.213
104      4.93179      1.27387      955.405      -2861.65      -1906.25      6.66454      197.209
105      4.97921      1.26923      951.924      -2858.18      -1906.26      6.60093      197.205
106      5.02663      1.26473      948.549      -2854.73      -1906.18      6.53855      197.201
107      5.07405      1.26063      945.471      -2851.48      -1906.01      6.47734      197.198
108      5.12147      1.25716      942.871      -2848.62      -1905.75      6.41728      197.196
109      5.16889      1.25454      940.901      -2846.32      -1905.41      6.35835      197.194
110      5.21632      1.25288      939.659      -2844.7      -1905.04      6.30049      197.192
111      5.26374      1.25224      939.182      -2843.84      -1904.66      6.2437      197.191
112      5.31116      1.25262      939.461      -2843.74      -1904.28      6.18793      197.19
113      5.35858      1.25395      940.46      -2844.39      -1903.93      6.13317      197.19
114      5.406      1.25617      942.131      -2845.73      -1903.6      6.07938      197.191
115      5.45342      1.25926      944.449      -2847.73      -1903.28      6.02654      197.192
116      5.50084      1.26321      947.405      -2850.37      -1902.97      5.97463      197.193
117      5.54826      1.26802      951.012      -2853.66      -1902.64      5.92362      197.195
118      5.59568      1.2737      955.273      -2857.6      -1902.32      5.8735      197.197
119      5.64311      1.28023      960.172      -2862.18      -1902.01      5.82423      197.201
120      5.69053      1.28755      965.66      -2867.39      -1901.73      5.7758      197.204
121      5.73795      1.29552      971.637      -2873.14      -1901.5      5.72819      197.208
122      5.78537      1.30396      977.969      -2879.32      -1901.35      5.68138      197.213
123      5.83279      1.31265      984.489      -2885.77      -1901.28      5.63534      197.219
124      5.88021      1.32136      991.016      -2892.32      -1901.3      5.59006      197.224
125      5.92763      1.32984      997.378      -2898.79      -1901.41      5.54552      197.231
126      5.97505      1.33789      1003.42      -2905.01      -1901.59      5.5017      197.238
127      6.02247      1.34535      1009.01      -2910.84      -1901.83      5.45858      197.245
128      6.06989      1.35209      1014.07      -2916.18      -1902.11      5.41615      197.253
129      6.11732      1.35806      1018.55      -2920.95      -1902.41      5.37438      197.261
130      6.16474      1.36322      1022.41      -2925.13      -1902.72      5.33327      197.269
131      6.21216      1.36755      1025.66      -2928.69      -1903.03      5.29279      197.278
132      6.25958      1.37105      1028.28      -2931.63      -1903.34      5.25293      197.287
133      6.307      1.37369      1030.27      -2933.93      -1903.66      5.21367      197.296
134      6.35442      1.37546      1031.6      -2935.59      -1904      5.17501      197.305
135      6.40184      1.37631      1032.23      -2936.58      -1904.34      5.13692      197.314
136      6.44926      1.37621      1032.16      -2936.86      -1904.7      5.09939      197.324
137      6.49668      1.37515      1031.36      -2936.42      -1905.06      5.06241      197.333
138      6.54411      1.37314      1029.86      -2935.27      -1905.41      5.02596      197.343
139      6.59153      1.37027      1027.7      -2933.43      -1905.73      4.99004      197.352
140      6.63895      1.36665      1024.99      -2930.98      -1905.99      4.95463      197.361
141      6.68637      1.36246      1021.84      -2928.03      -1906.19      4.91971      197.37
142      6.73379      1.35787      1018.41      -2924.72      -1906.32      4.88529      197.379
143      6.78121      1.35311      1014.83      -2921.2      -1906.36      4.85134      197.388
144      6.82863      1.34837      1011.27      -2917.62      -1906.34      4.81785      197.396
145      6.87605      1.3438      1007.85      -2914.11      -1906.26      4.78482      197.404
146      6.92347      1.33951      1004.63      -2910.78      -1906.15      4.75224      197.412
147      6.97089      1.33557      1001.68      -2907.69      -1906.01      4.7201      197.42
148      7.01832      1.33199      998.994      -2904.87      -1905.88      4.68838      197.427
149      7.06574      1.32873      996.549      -2902.31      -1905.76      4.65708      197.434
150      7.11316      1.32572      994.292      -2899.96      -1905.67      4.62619      197.441
151      7.16058      1.32289      992.164      -2897.78      -1905.61      4.59571      197.447
152      7.208      1.32014      990.103      -2895.69      -1905.59      4.56561      197.454
153      7.25542      1.31739      988.041      -2893.64      -1905.59      4.5359      197.459
154      7.30284      1.31456      985.917      -2891.55      -1905.63      4.50657      197.465
155      7.35026      1.31156      983.668      -2889.37      -1905.7      4.47761      197.469
156      7.39768      1.30831      981.231      -2887.03      -1905.8      4.449      197.474
157      7.44511      1.30473      978.549      -2884.48      -1905.93      4.42075      197.478
158      7.49253      1.30077      975.575      -2881.65      -1906.08      4.39285      197.481
159      7.53995      1.29637      972.277      -2878.52      -1906.24      4.36528      197.484
160      7.58737      1.29153      968.648      -2875.05      -1906.4      4.33805      197.486
161      7.63479      1.28628      964.712      -2871.26      -1906.55      4.31114      197.488
162      7.68221      1.28073      960.545      -2867.19      -1906.65      4.28455      197.489
163      7.72963      1.27501      956.26      -2862.95      -1906.69      4.25827      197.489
164      7.77705      1.26934      952.003      -2858.66      -1906.65      4.2323      197.489
165      7.82447      1.26392      947.944      -2854.48      -1906.53      4.20663      197.488
166      7.87189      1.259      944.248      -2850.58      -1906.33      4.18125      197.486
167      7.91932      1.25473      941.048      -2847.11      -1906.07      4.15617      197.484
168      7.96674      1.25124      938.429      -2844.2      -1905.77      4.13136      197.481
169      8.01416      1.24856      936.422      -2841.88      -1905.46      4.10684      197.477
170      8.06158      1.24669      935.017      -2840.18      -1905.16      4.0826      197.473
171      8.109      1.24557      934.175      -2839.06      -1904.89      4.05862      197.468
172      8.15642      1.24511      933.833      -2838.48      -1904.65      4.03492      197.463
173      8.20384      1.24523      933.92      -2838.36      -1904.44      4.01147      197.457
174      8.25126      1.24581      934.359      -2838.64      -1904.28      3.98829      197.45
175      8.29868      1.24676      935.066      -2839.22      -1904.16      3.96536      197.444
176      8.34611      1.24795      935.965      -2840.04      -1904.07      3.94268      197.436
177      8.39353      1.24931      936.98      -2841      -1904.02      3.92025      197.428
178      8.44095      1.25073      938.05      -2842.05      -1904      3.89806      197.42
179      8.48837      1.25217      939.128      -2843.14      -1904.01      3.87612      197.411
180      8.53579      1.25358      940.188      -2844.21      -1904.02      3.85441      197.402
181      8.58321      1.25495      941.213      -2845.26      -1904.04      3.83293      197.393
182      8.63063      1.25625      942.19      -2846.26      -1904.07      3.81168      197.383
183      8.67805      1.25746      943.097      -2847.21      -1904.11      3.79066      197.373
184      8.72547      1.25854      943.907      -2848.07      -1904.17      3.76986      197.363
185      8.77289      1.25942      944.567      -2848.82      -1904.25      3.74928      197.352
186      8.82032      1.26001      945.01      -2849.38      -1904.37      3.72892      197.341
187      8.86774      1.26021      945.156      -2849.68      -1904.53      3.70877      197.331
188      8.91516      1.2599      944.926      -2849.65      -1904.72      3.68884      197.32
189      8.96258      1.25901      944.254      -2849.21      -1904.95      3.66911      197.308
190      9.01      1.25746      943.094      -2848.29      -1905.2      3.6496      197.297
191      9.05742      1.25524      941.433      -2846.88      -1905.45      3.63028      197.286
192      9.10484      1.25239      939.292      -2844.98      -1905.68      3.61117      197.275
193      9.15226      1.24897      936.725      -2842.61      -1905.89      3.59226      197.264
194      9.19968      1.24508      933.81      -2839.86      -1906.05      3.57355      197.253
195      9.24711      1.24086      930.646      -2836.81      -1906.16      3.55503      197.242
196      9.29453      1.23646      927.344      -2833.56      -1906.22      3.5367      197.232
197      9.34195      1.23204      924.028      -2830.24      -1906.21      3.51856      197.221
198      9.38937      1.22778      920.836      -2826.96      -1906.13      3.50061      197.211
199      9.43679      1.22388      917.908      -2823.88      -1905.97      3.48284      197.201
200      9.48421      1.22053      915.397      -2821.14      -1905.75      3.46526      197.191
201      9.53163      1.21795      913.461      -2818.9      -1905.44      3.44785      197.182
202      9.57905      1.21633      912.247      -2817.31      -1905.06      3.43062      197.173
203      9.62647      1.21585      911.886      -2816.51      -1904.62      3.41357      197.164
204      9.67389      1.21665      912.484      -2816.61      -1904.13      3.39669      197.155
205      9.72132      1.21881      914.105      -2817.72      -1903.61      3.37997      197.147
206      9.76874      1.22236      916.768      -2819.86      -1903.09      3.36343      197.139
207      9.81616      1.22726      920.446      -2823.04      -1902.59      3.34705      197.131
208      9.86358      1.23341      925.056      -2827.19      -1902.14      3.33083      197.123
209      9.911      1.24061      930.461      -2832.22      -1901.76      3.31477      197.116
210      9.95842      1.24864      936.478      -2837.96      -1901.48      3.29886      197.109
211      10.0058      1.25718      942.884      -2844.2      -1901.32      3.28312      197.102
212      10.0533      1.26592      949.442      -2850.71      -1901.27      3.26752      197.095
213      10.1007      1.27454      955.906      -2857.26      -1901.35      3.25207      197.089
214      10.1481      1.28274      962.054      -2863.59      -1901.54      3.23677      197.083
215      10.1955      1.29025      967.687      -2869.5      -1901.82      3.22162      197.077
216      10.2429      1.29687      972.65      -2874.82      -1902.17      3.20661      197.071
217      10.2904      1.30245      976.841      -2879.41      -1902.57      3.19174      197.065
218      10.3378      1.30694      980.202      -2883.19      -1902.99      3.17701      197.059
219      10.3852      1.31031      982.729      -2886.14      -1903.41      3.16241      197.054
220      10.4326      1.31261      984.458      -2888.26      -1903.8      3.14795      197.048
221      10.4801      1.31395      985.465      -2889.62      -1904.15      3.13362      197.043
222      10.5275      1.31447      985.853      -2890.3      -1904.45      3.11942      197.038
223      10.5749      1.31432      985.742      -2890.43      -1904.68      3.10535      197.033
224      10.6223      1.31368      985.257      -2890.12      -1904.86      3.09141      197.027
225      10.6697      1.31268      984.512      -2889.49      -1904.98      3.07759      197.023
226      10.7172      1.31146      983.596      -2888.65      -1905.05      3.0639      197.018
227      10.7646      1.31009      982.568      -2887.67      -1905.1      3.05033      197.013
228      10.812      1.3086      981.447      -2886.6      -1905.15      3.03688      197.008
229      10.8594      1.30697      980.226      -2885.43      -1905.2      3.02355      197.004
230      10.9068      1.30516      978.868      -2884.14      -1905.27      3.01034      197
231      10.9543      1.3031      977.326      -2882.7      -1905.37      2.99725      196.996
232      11.0017      1.30073      975.55      -2881.04      -1905.49      2.98427      196.992
233      11.0491      1.298      973.496      -2879.13      -1905.63      2.97141      196.989
234      11.0965      1.29485      971.138      -2876.92      -1905.79      2.95867      196.986
235      11.1439      1.29129      968.467      -2874.41      -1905.94      2.94604      196.983
236      11.1914      1.28733      965.5      -2871.58      -1906.08      2.93353      196.981
237      11.2388      1.28303      962.276      -2868.48      -1906.21      2.92113      196.98
238      11.2862      1.27847      958.851      -2865.15      -1906.3      2.90884      196.978
239      11.3336      1.27374      955.304      -2861.65      -1906.35      2.89666      196.978
240      11.3811      1.26897      951.727      -2858.08      -1906.35      2.88459      196.978
241      11.4285      1.2643      948.225      -2854.52      -1906.3      2.87263      196.978
242      11.4759      1.25989      944.914      -2851.1      -1906.19      2.86077      196.979
243      11.5233      1.25587      941.906      -2847.93      -1906.02      2.84902      196.981
244      11.5707      1.25241      939.304      -2845.11      -1905.81      2.83738      196.983
245      11.6182      1.2496      937.2      -2842.75      -1905.55      2.82583      196.986
246      11.6656      1.24754      935.658      -2840.92      -1905.26      2.81439      196.989
247      11.713      1.24629      934.718      -2839.67      -1904.96      2.80305      196.993
248      11.7604      1.24584      934.376      -2839.03      -1904.66      2.7918      196.997
249      11.8078      1.24614      934.606      -2838.98      -1904.38      2.78065      197.001
250      11.8553      1.24713      935.349      -2839.48      -1904.13      2.76959      197.006
251      11.9027      1.2487      936.522      -2840.45      -1903.92      2.75863      197.011
252      11.9501      1.25072      938.04      -2841.8      -1903.76      2.74776      197.016
253      11.9975      1.25309      939.817      -2843.46      -1903.64      2.73697      197.021
254      12.0449      1.2557      941.777      -2845.34      -1903.56      2.72627      197.027
255      12.0924      1.25849      943.867      -2847.37      -1903.5      2.71566      197.032
256      12.1398      1.26139      946.045      -2849.5      -1903.46      2.70513      197.038
257      12.1872      1.26439      948.29      -2851.72      -1903.43      2.69468      197.044
258      12.2346      1.26746      950.591      -2853.99      -1903.4      2.68432      197.05
259      12.2821      1.2706      952.952      -2856.32      -1903.37      2.67404      197.056
260      12.3295      1.27383      955.369      -2858.71      -1903.34      2.66383      197.062
261      12.3769      1.27713      957.846      -2861.16      -1903.31      2.65371      197.068
262      12.4243      1.28051      960.384      -2863.66      -1903.28      2.64366      197.074
263      12.4717      1.28398      962.989      -2866.23      -1903.25      2.6337      197.081
264      12.5192      1.28756      965.67      -2868.88      -1903.21      2.62381      197.087
265      12.5666      1.29125      968.438      -2871.6      -1903.16      2.61399      197.094
266      12.614      1.29506      971.295      -2874.41      -1903.12      2.60425      197.1
267      12.6614      1.29896      974.223      -2877.31      -1903.09      2.59459      197.107
268      12.7088      1.3029      977.175      -2880.26      -1903.08      2.585      197.114
269      12.7563      1.30677      980.08      -2883.2      -1903.12      2.57548      197.121
270      12.8037      1.31044      982.833      -2886.04      -1903.21      2.56604      197.129
271      12.8511      1.31375      985.313      -2888.67      -1903.36      2.55667      197.136
272      12.8985      1.31654      987.403      -2890.97      -1903.57      2.54738      197.144
273      12.9459      1.31868      989.008      -2892.83      -1903.82      2.53815      197.153
274      12.9934      1.3201      990.074      -2894.16      -1904.09      2.529      197.161
275      13.0408      1.32082      990.612      -2894.96      -1904.35      2.51991      197.17
276      13.0882      1.32093      990.695      -2895.25      -1904.56      2.5109      197.179
277      13.1356      1.32059      990.443      -2895.15      -1904.71      2.50195      197.188
278      13.1831      1.31998      989.989      -2894.78      -1904.79      2.49307      197.197
279      13.2305      1.31925      989.435      -2894.27      -1904.83      2.48425      197.207
280      13.2779      1.31842      988.815      -2893.68      -1904.87      2.4755      197.217
281      13.3253      1.31743      988.071      -2893.01      -1904.94      2.46682      197.227
282      13.3727      1.3161      987.076      -2892.16      -1905.08      2.4582      197.237
283      13.4202      1.31422      985.668      -2890.98      -1905.31      2.44964      197.247
284      13.4676      1.3116      983.699      -2889.3      -1905.6      2.44114      197.258
285      13.515      1.30807      981.056      -2887      -1905.95      2.4327      197.268
286      13.5624      1.30359      977.693      -2884      -1906.31      2.42433      197.278
287      13.6098      1.29817      973.63      -2880.28      -1906.65      2.416      197.289
288      13.6573      1.29194      968.954      -2875.89      -1906.94      2.40774      197.299
289      13.7047      1.28508      963.814      -2870.96      -1907.15      2.39953      197.309
290      13.7521      1.27789      958.415      -2865.66      -1907.24      2.39137      197.318
291      13.7995      1.27069      953.014      -2860.22      -1907.21      2.38327      197.328
292      13.8469      1.26385      947.891      -2854.92      -1907.03      2.37521      197.337
293      13.8944      1.25779      943.34      -2850.05      -1906.71      2.36721      197.346
294      13.9418      1.25287      939.65      -2845.89      -1906.24      2.35926      197.354
295      13.9892      1.24943      937.072      -2842.73      -1905.65      2.35136      197.362
296      14.0366      1.24773      935.801      -2840.78      -1904.98      2.3435      197.369
297      14.0841      1.24793      935.949      -2840.21      -1904.26      2.33569      197.376
298      14.1315      1.25006      937.542      -2841.08      -1903.54      2.32793      197.383
299      14.1789      1.25403      940.526      -2843.38      -1902.86      2.32021      197.388
300      14.2263      1.2597      944.772      -2847.02      -1902.25      2.31254      197.394
301      14.2737      1.2668      950.103      -2851.83      -1901.73      2.30491      197.398
302      14.3212      1.27505      956.288      -2857.62      -1901.33      2.29732      197.402
303      14.3686      1.28409      963.071      -2864.14      -1901.07      2.28978      197.405
304      14.416      1.29356      970.173      -2871.12      -1900.95      2.28227      197.408
305      14.4634      1.30308      977.308      -2878.28      -1900.97      2.27481      197.409
306      14.5108      1.31227      984.204      -2885.33      -1901.12      2.26739      197.411
307      14.5583      1.32081      990.606      -2892      -1901.4      2.26001      197.411
308      14.6057      1.32841      996.305      -2898.08      -1901.77      2.25267      197.411
309      14.6531      1.33485      1001.14      -2903.36      -1902.22      2.24537      197.41
310      14.7005      1.34      1005      -2907.72      -1902.71      2.23812      197.409
311      14.7479      1.34382      1007.87      -2911.08      -1903.21      2.2309      197.407
312      14.7954      1.34635      1009.76      -2913.45      -1903.69      2.22372      197.405
313      14.8428      1.34772      1010.79      -2914.9      -1904.11      2.21659      197.402
314      14.8902      1.34812      1011.09      -2915.54      -1904.45      2.20949      197.399
315      14.9376      1.3478      1010.85      -2915.54      -1904.69      2.20244      197.396
316      14.9851      1.34703      1010.28      -2915.11      -1904.83      2.19543      197.392
317      15.0325      1.3461      1009.58      -2914.45      -1904.87      2.18847      197.388
318      15.0799      1.34525      1008.94      -2913.76      -1904.82      2.18154      197.385
319      15.1273      1.34463      1008.47      -2913.19      -1904.72      2.17467      197.381
320      15.1747      1.34431      1008.23      -2912.84      -1904.61      2.16783      197.378
321      15.2222      1.34424      1008.18      -2912.7      -1904.52      2.16104      197.374
322      15.2696      1.34431      1008.23      -2912.72      -1904.49      2.15429      197.371
323      15.317      1.34431      1008.23      -2912.76      -1904.53      2.14759      197.368
324      15.3644      1.34406      1008.04      -2912.69      -1904.65      2.14093      197.365
325      15.4118      1.34334      1007.51      -2912.35      -1904.84      2.13431      197.362
326      15.4593      1.342      1006.5      -2911.59      -1905.09      2.12773      197.359
327      15.5067      1.33989      1004.92      -2910.31      -1905.39      2.12119      197.356
328      15.5541      1.33694      1002.7      -2908.42      -1905.72      2.11469      197.353
329      15.6015      1.33306      999.796      -2905.86      -1906.07      2.10824      197.35
330      15.6489      1.32827      996.202      -2902.61      -1906.41      2.10182      197.348
331      15.6964      1.32259      991.942      -2898.68      -1906.74      2.09544      197.345
332      15.7438      1.31611      987.084      -2894.11      -1907.03      2.0891      197.342
333      15.7912      1.30898      981.738      -2889      -1907.26      2.08279      197.339
334      15.8386      1.3014      976.052      -2883.46      -1907.41      2.07653      197.336
335      15.8861      1.29361      970.207      -2877.67      -1907.46      2.0703      197.333
336      15.9335      1.28588      964.412      -2871.83      -1907.41      2.06411      197.33
337      15.9809      1.2785      958.874      -2866.13      -1907.26      2.05795      197.327
338      16.0283      1.27173      953.796      -2860.8      -1907.01      2.05183      197.324
339      16.0757      1.2658      949.352      -2856.02      -1906.67      2.04575      197.322
340      16.1232      1.26089      945.664      -2851.94      -1906.28      2.0397      197.319
341      16.1706      1.25708      942.812      -2848.66      -1905.85      2.0337      197.316
342      16.218      1.25442      940.818      -2846.24      -1905.42      2.02772      197.314
343      16.2654      1.25289      939.664      -2844.67      -1905.01      2.02179      197.311
344      16.3128      1.25239      939.295      -2843.92      -1904.62      2.01589      197.309
345      16.3603      1.25285      939.638      -2843.92      -1904.28      2.01003      197.308
346      16.4077      1.25414      940.602      -2844.58      -1903.98      2.0042      197.306
347      16.4551      1.25612      942.088      -2845.82      -1903.73      1.99841      197.305
348      16.5025      1.25866      943.996      -2847.53      -1903.54      1.99266      197.304
349      16.5499      1.26162      946.218      -2849.61      -1903.39      1.98695      197.303
350      16.5974      1.26485      948.636      -2851.95      -1903.31      1.98127      197.303
351      16.6448      1.26816      951.12      -2854.42      -1903.29      1.97562      197.303
352      16.6922      1.27138      953.536      -2856.88      -1903.35      1.97001      197.303
353      16.7396      1.27432      955.741      -2859.21      -1903.47      1.96444      197.304
354      16.7871      1.2768      957.6      -2861.26      -1903.66      1.9589      197.305
355      16.8345      1.27866      958.998      -2862.9      -1903.9      1.9534      197.307
356      16.8819      1.27981      959.858      -2864.04      -1904.18      1.94793      197.308
357      16.9293      1.28017      960.131      -2864.6      -1904.47      1.94249      197.31
358      16.9767      1.27974      959.809      -2864.58      -1904.77      1.93709      197.313
359      17.0242      1.27856      958.92      -2863.97      -1905.05      1.93172      197.316
360      17.0716      1.27669      957.515      -2862.81      -1905.3      1.92639      197.319
361      17.119      1.27422      955.669      -2861.17      -1905.51      1.92109      197.322
362      17.1664      1.27129      953.468      -2859.14      -1905.67      1.91582      197.326
363      17.2138      1.26802      951.016      -2856.8      -1905.78      1.91058      197.33
364      17.2613      1.26457      948.427      -2854.26      -1905.83      1.90537      197.335
365      17.3087      1.2611      945.826      -2851.65      -1905.82      1.9002      197.339
366      17.3561      1.25779      943.343      -2849.09      -1905.75      1.89505      197.344
367      17.4035      1.25483      941.123      -2846.72      -1905.6      1.88994      197.349
368      17.4509      1.25241      939.308      -2844.69      -1905.38      1.88485      197.355
369      17.4984      1.25071      938.029      -2843.13      -1905.1      1.87979      197.36
370      17.5458      1.24987      937.399      -2842.16      -1904.76      1.87477      197.365
371      17.5932      1.24998      937.485      -2841.89      -1904.4      1.86977      197.371
372      17.6406      1.25109      938.315      -2842.35      -1904.03      1.86479      197.377
373      17.6881      1.25316      939.868      -2843.54      -1903.68      1.85985      197.382
374      17.7355      1.25611      942.081      -2845.44      -1903.36      1.85493      197.388
375      17.7829      1.25981      944.86      -2847.95      -1903.09      1.85004      197.394
376      17.8303      1.26413      948.098      -2850.97      -1902.88      1.84517      197.4
377      17.8777      1.26891      951.686      -2854.4      -1902.72      1.84033      197.405
378      17.9252      1.27403      955.523      -2858.13      -1902.61      1.83551      197.411
379      17.9726      1.27935      959.514      -2862.06      -1902.54      1.83072      197.416
380      18.02      1.28477      963.578      -2866.09      -1902.52      1.82595      197.422
381      18.0674      1.2902      967.651      -2870.17      -1902.52      1.8212      197.427
382      18.1148      1.29557      971.68      -2874.23      -1902.55      1.81648      197.431
383      18.1623      1.30083      975.62      -2878.22      -1902.6      1.81178      197.436
384      18.2097      1.30591      979.431      -2882.11      -1902.68      1.8071      197.44
385      18.2571      1.31077      983.078      -2885.84      -1902.76      1.80244      197.444
386      18.3045      1.31537      986.53      -2889.4      -1902.87      1.7978      197.447
387      18.3519      1.31967      989.75      -2892.74      -1902.99      1.79318      197.45
388      18.3994      1.32361      992.707      -2895.83      -1903.12      1.78858      197.452
389      18.4468      1.32716      995.368      -2898.65      -1903.28      1.784      197.454
390      18.4942      1.33025      997.686      -2901.14      -1903.46      1.77944      197.456
391      18.5416      1.33281      999.609      -2903.27      -1903.66      1.7749      197.457
392      18.5891      1.33474      1001.06      -2904.96      -1903.91      1.77038      197.458
393      18.6365      1.33593      1001.95      -2906.14      -1904.2      1.76587      197.458
394      18.6839      1.33626      1002.19      -2906.72      -1904.53      1.76139      197.457
395      18.7313      1.33564      1001.73      -2906.62      -1904.89      1.75692      197.457
396      18.7787      1.33401      1000.51      -2905.78      -1905.27      1.75247      197.455
397      18.8262      1.33139      998.545      -2904.18      -1905.64      1.74805      197.454
398      18.8736      1.32786      995.894      -2901.86      -1905.97      1.74364      197.452
399      18.921      1.32356      992.673      -2898.9      -1906.23      1.73925      197.45
400      18.9684      1.31873      989.045      -2895.45      -1906.41      1.73488      197.448
401      19.0158      1.31362      985.212      -2891.7      -1906.49      1.73054      197.446
402      19.0633      1.30851      981.382      -2887.84      -1906.45      1.72621      197.443
403      19.1107      1.3037      977.771      -2884.09      -1906.32      1.7219      197.441
404      19.1581      1.29942      974.566      -2880.66      -1906.09      1.71762      197.438
405      19.2055      1.29589      971.919      -2877.72      -1905.8      1.71336      197.436
406      19.2529      1.29325      969.934      -2875.39      -1905.46      1.70912      197.433
407      19.3004      1.29154      968.658      -2873.76      -1905.1      1.7049      197.431
408      19.3478      1.29076      968.073      -2872.83      -1904.76      1.7007      197.429
409      19.3952      1.2908      968.1      -2872.57      -1904.47      1.69653      197.427
410      19.4426      1.29146      968.597      -2872.85      -1904.26      1.69237      197.425
411      19.4901      1.29249      969.367      -2873.51      -1904.15      1.68824      197.423
412      19.5375      1.29357      970.176      -2874.33      -1904.16      1.68413      197.422
413      19.5849      1.29436      970.772      -2875.07      -1904.3      1.68004      197.42
414      19.6323      1.29454      970.906      -2875.46      -1904.56      1.67596      197.418
415      19.6797      1.2938      970.348      -2875.28      -1904.93      1.67191      197.417
416      19.7272      1.29189      968.914      -2874.3      -1905.39      1.66788      197.415
417      19.7746      1.28864      966.48      -2872.38      -1905.9      1.66387      197.414
418      19.822      1.28397      962.979      -2869.42      -1906.44      1.65987      197.412
419      19.8694      1.2779      958.422      -2865.38      -1906.96      1.6559      197.41
420      19.9168      1.27051      952.886      -2860.32      -1907.44      1.65194      197.408
421      19.9643      1.26202      946.514      -2854.35      -1907.83      1.648      197.406
422      20.0117      1.25268      939.509      -2847.63      -1908.12      1.64408      197.404
423      20.0591      1.24283      932.123      -2840.4      -1908.27      1.64017      197.402
424      20.1065      1.23287      924.651      -2832.93      -1908.28      1.63628      197.4
425      20.1539      1.22321      917.41      -2825.53      -1908.12      1.63242      197.398
426      20.2014      1.2143      910.726      -2818.53      -1907.8      1.62856      197.395
427      20.2488      1.20655      904.915      -2812.24      -1907.33      1.62473      197.393
428      20.2962      1.20034      900.256      -2806.97      -1906.72      1.62091      197.39
429      20.3436      1.19596      896.967      -2802.97      -1906.01      1.61711      197.388
430      20.3911      1.19359      895.196      -2800.43      -1905.24      1.61333      197.385
431      20.4385      1.19333      895      -2799.44      -1904.44      1.60956      197.382
432      20.4859      1.19514      896.354      -2800.03      -1903.68      1.60582      197.38
433      20.5333      1.19885      899.136      -2802.12      -1902.98      1.60209      197.377
434      20.5807      1.20421      903.16      -2805.55      -1902.39      1.59838      197.375
435      20.6282      1.21091      908.185      -2810.11      -1901.92      1.59468      197.372
436      20.6756      1.2186      913.947      -2815.53      -1901.59      1.59101      197.37
437      20.723      1.22689      920.171      -2821.56      -1901.39      1.58735      197.368
438      20.7704      1.23548      926.611      -2827.92      -1901.31      1.58372      197.367
439      20.8178      1.24408      933.059      -2834.39      -1901.33      1.5801      197.365
440      20.8653      1.25247      939.356      -2840.78      -1901.42      1.57649      197.364
441      20.9127      1.26053      945.401      -2846.96      -1901.56      1.57291      197.363
442      20.9601      1.26819      951.143      -2852.86      -1901.72      1.56935      197.362
443      21.0075      1.27544      956.576      -2858.45      -1901.88      1.5658      197.362
444      21.0549      1.28229      961.714      -2863.74      -1902.02      1.56228      197.362
445      21.1024      1.28878      966.587      -2868.74      -1902.16      1.55877      197.362
446      21.1498      1.29496      971.217      -2873.49      -1902.28      1.55528      197.363
447      21.1972      1.30083      975.625      -2878.01      -1902.39      1.5518      197.363
448      21.2446      1.30642      979.816      -2882.31      -1902.5      1.54835      197.365
449      21.2921      1.31172      983.79      -2886.4      -1902.61      1.54491      197.366
450      21.3395      1.31671      987.533      -2890.26      -1902.73      1.54149      197.367
451      21.3869      1.32136      991.024      -2893.88      -1902.86      1.53809      197.369
452      21.4343      1.32564      994.231      -2897.24      -1903.01      1.5347      197.371
453      21.4817      1.32948      997.107      -2900.29      -1903.18      1.53133      197.373
454      21.5292      1.3328      999.597      -2902.98      -1903.38      1.52797      197.376
455      21.5766      1.33552      1001.64      -2905.25      -1903.61      1.52463      197.378
456      21.624      1.33757      1003.18      -2907.05      -1903.87      1.52131      197.38
457      21.6714      1.33887      1004.15      -2908.31      -1904.16      1.518      197.383
458      21.7188      1.33936      1004.52      -2908.98      -1904.46      1.5147      197.386
459      21.7663      1.33901      1004.26      -2909.04      -1904.78      1.51142      197.388
460      21.8137      1.33782      1003.36      -2908.46      -1905.09      1.50816      197.391
461      21.8611      1.3358      1001.85      -2907.25      -1905.4      1.50491      197.394
462      21.9085      1.333      999.749      -2905.43      -1905.68      1.50167      197.397
463      21.9559      1.32949      997.118      -2903.06      -1905.94      1.49845      197.4
464      22.0034      1.32535      994.014      -2900.18      -1906.17      1.49525      197.403
465      22.0508      1.32067      990.5      -2896.86      -1906.36      1.49206      197.406
466      22.0982      1.31553      986.645      -2893.17      -1906.52      1.48888      197.41
467      22.1456      1.31002      982.513      -2889.16      -1906.65      1.48572      197.413
468      22.1931      1.30423      978.17      -2884.92      -1906.75      1.48257      197.417
469      22.2405      1.29823      973.672      -2880.49      -1906.81      1.47944      197.421
470      22.2879      1.2921      969.075      -2875.93      -1906.85      1.47633      197.425
471      22.3353      1.28592      964.439      -2871.3      -1906.86      1.47323      197.43
472      22.3827      1.27976      959.822      -2866.67      -1906.84      1.47014      197.435
473      22.4302      1.27373      955.297      -2862.08      -1906.78      1.46708      197.441
474      22.4776      1.26794      950.954      -2857.63      -1906.68      1.46402      197.446
475      22.525      1.26254      946.909      -2853.42      -1906.51      1.46099      197.452
476      22.5724      1.25773      943.3      -2849.57      -1906.27      1.45796      197.459
477      22.6198      1.25372      940.293      -2846.24      -1905.94      1.45496      197.466
478      22.6673      1.25076      938.069      -2843.6      -1905.53      1.45197      197.473
479      22.7147      1.24907      936.804      -2841.83      -1905.03      1.44899      197.48
480      22.7621      1.24886      936.648      -2841.11      -1904.46      1.44603      197.488
481      22.8095      1.25024      937.681      -2841.54      -1903.86      1.44308      197.496
482      22.8569      1.25321      939.908      -2843.17      -1903.26      1.44015      197.505
483      22.9044      1.25765      943.238      -2845.97      -1902.73      1.43723      197.513
484      22.9518      1.26333      947.494      -2849.79      -1902.29      1.43432      197.522
485      22.9992      1.26992      952.443      -2854.42      -1901.98      1.43143      197.53
486      23.0466      1.27709      957.816      -2859.62      -1901.8      1.42855      197.539
487      23.0941      1.28448      963.357      -2865.11      -1901.75      1.42567      197.548
488      23.1415      1.29177      968.826      -2870.64      -1901.81      1.42281      197.556
489      23.1889      1.2987      974.026      -2876      -1901.97      1.41996      197.564
490      23.2363      1.30506      978.799      -2881      -1902.21      1.41712      197.573
491      23.2837      1.3107      983.022      -2885.52      -1902.5      1.4143      197.58
492      23.3312      1.31548      986.607      -2889.43      -1902.82      1.41147      197.588
493      23.3786      1.31934      989.502      -2892.68      -1903.17      1.40866      197.595
494      23.426      1.32224      991.68      -2895.22      -1903.54      1.40586      197.602
495      23.4734      1.32419      993.141      -2897.04      -1903.89      1.40306      197.608
496      23.5208      1.3252      993.904      -2898.15      -1904.24      1.40028      197.614
497      23.5683      1.32534      994.005      -2898.57      -1904.57      1.3975      197.62
498      23.6157      1.32465      993.49      -2898.36      -1904.87      1.39473      197.625
499      23.6631      1.32322      992.413      -2897.56      -1905.15      1.39196      197.629
500      23.7105      1.3211      990.824      -2896.22      -1905.4      1.3892      197.633
501      23.7579      1.31837      988.779      -2894.4      -1905.62      1.38645      197.636
502      23.8054      1.31512      986.342      -2892.15      -1905.81      1.38371      197.639
503      23.8528      1.31145      983.589      -2889.54      -1905.95      1.38097      197.641
504      23.9002      1.30748      980.611      -2886.66      -1906.05      1.37825      197.642
505      23.9476      1.30336      977.524      -2883.62      -1906.09      1.37552      197.643
506      23.9951      1.29927      974.453      -2880.52      -1906.07      1.37281      197.643
507      24.0425      1.29538      971.534      -2877.51      -1905.98      1.3701      197.643
508      24.0899      1.29187      968.899      -2874.72      -1905.82      1.36739      197.642
509      24.1373      1.28889      966.666      -2872.27      -1905.61      1.3647      197.641
510      24.1847      1.28656      964.92      -2870.28      -1905.36      1.36201      197.639
511      24.2322      1.28493      963.701      -2868.79      -1905.09      1.35933      197.636
512      24.2796      1.284      963.003      -2867.84      -1904.84      1.35665      197.633
513      24.327      1.28369      962.766      -2867.39      -1904.62      1.35398      197.629
514      24.3744      1.28386      962.893      -2867.35      -1904.45      1.35131      197.625
515      24.4218      1.28433      963.244      -2867.6      -1904.36      1.34866      197.62
516      24.4693      1.28488      963.662      -2868.01      -1904.35      1.34601      197.615
517      24.5167      1.2853      963.974      -2868.39      -1904.42      1.34336      197.609
518      24.5641      1.28534      964.008      -2868.59      -1904.58      1.34073      197.602
519      24.6115      1.28481      963.61      -2868.43      -1904.82      1.3381      197.596
520      24.6589      1.28352      962.641      -2867.76      -1905.11      1.33547      197.588
521      24.7064      1.28134      961.007      -2866.46      -1905.46      1.33286      197.58
522      24.7538      1.2782      958.653      -2864.47      -1905.82      1.33025      197.572
523      24.8012      1.2741      955.576      -2861.75      -1906.18      1.32765      197.564
524      24.8486      1.2691      951.827      -2858.33      -1906.5      1.32506      197.555
525      24.8961      1.26334      947.508      -2854.28      -1906.77      1.32247      197.546
526      24.9435      1.25701      942.758      -2849.73      -1906.97      1.31989      197.536
527      24.9909      1.25032      937.742      -2844.82      -1907.08      1.31732      197.527
528      25.0383      1.24352      932.637      -2839.74      -1907.1      1.31476      197.517
529      25.0857      1.23682      927.615      -2834.66      -1907.04      1.31221      197.507
530      25.1332      1.23044      922.83      -2829.74      -1906.91      1.30967      197.497
531      25.1806      1.22454      918.404      -2825.12      -1906.71      1.30714      197.487
532      25.228      1.21924      914.427      -2820.91      -1906.48      1.30461      197.476
533      25.2754      1.21461      910.961      -2817.18      -1906.22      1.30209      197.466
534      25.3228      1.21071      908.03      -2813.98      -1905.95      1.29959      197.455
535      25.3703      1.20752      905.639      -2811.32      -1905.68      1.29709      197.445
536      25.4177      1.20505      903.786      -2809.2      -1905.41      1.2946      197.434
537      25.4651      1.20328      902.462      -2807.61      -1905.15      1.29212      197.423
538      25.5125      1.2022      901.653      -2806.54      -1904.89      1.28964      197.412
539      25.5599      1.20181      901.361      -2805.99      -1904.63      1.28718      197.401
540      25.6074      1.20212      901.593      -2805.96      -1904.37      1.28472      197.39
541      25.6548      1.20316      902.369      -2806.46      -1904.09      1.28227      197.379
542      25.7022      1.20496      903.719      -2807.53      -1903.81      1.27984      197.368
543      25.7496      1.20756      905.671      -2809.17      -1903.5      1.2774      197.356
544      25.7971      1.21099      908.245      -2811.44      -1903.19      1.27498      197.344
545      25.8445      1.21527      911.451      -2814.33      -1902.88      1.27257      197.333
546      25.8919      1.22037      915.274      -2817.85      -1902.58      1.27016      197.321
547      25.9393      1.22623      919.676      -2821.97      -1902.3      1.26776      197.309
548      25.9867      1.23277      924.577      -2826.64      -1902.06      1.26537      197.296
549      26.0342      1.23982      929.862      -2831.75      -1901.89      1.26298      197.284
550      26.0816      1.24719      935.39      -2837.17      -1901.78      1.2606      197.271
551      26.129      1.25466      940.992      -2842.76      -1901.77      1.25824      197.259
552      26.1764      1.26198      946.486      -2848.33      -1901.85      1.25587      197.246
553      26.2238      1.26893      951.694      -2853.71      -1902.01      1.25352      197.233
554      26.2713      1.27527      956.453      -2858.71      -1902.26      1.25118      197.22
555      26.3187      1.28084      960.628      -2863.19      -1902.57      1.24884      197.207
556      26.3661      1.2855      964.125      -2867.04      -1902.91      1.24651      197.194
557      26.4135      1.28919      966.896      -2870.18      -1903.28      1.2442      197.182
558      26.4609      1.29192      968.943      -2872.58      -1903.64      1.24189      197.169
559      26.5084      1.29375      970.316      -2874.28      -1903.97      1.23959      197.157
560      26.5558      1.29482      971.116      -2875.35      -1904.24      1.2373      197.145
561      26.6032      1.29531      971.48      -2875.92      -1904.44      1.23502      197.133
562      26.6506      1.2954      971.553      -2876.12      -1904.56      1.23275      197.121
563      26.6981      1.2953      971.478      -2876.1      -1904.62      1.23049      197.11
564      26.7455      1.29514      971.357      -2875.99      -1904.64      1.22824      197.099
565      26.7929      1.29497      971.225      -2875.86      -1904.64      1.226      197.089
566      26.8403      1.29474      971.055      -2875.72      -1904.66      1.22377      197.079
567      26.8877      1.29434      970.757      -2875.5      -1904.74      1.22156      197.07
568      26.9352      1.29361      970.207      -2875.09      -1904.88      1.21935      197.061
569      26.9826      1.29237      969.274      -2874.36      -1905.09      1.21716      197.053
570      27.03      1.29047      967.851      -2873.19      -1905.34      1.21498      197.045
571      27.0774      1.28784      965.882      -2871.5      -1905.62      1.21281      197.038
572      27.1248      1.28448      963.363      -2869.25      -1905.89      1.21065      197.032
573      27.1723      1.28047      960.349      -2866.48      -1906.13      1.2085      197.027
574      27.2197      1.27593      956.946      -2863.25      -1906.31      1.20637      197.022
575      27.2671      1.27106      953.297      -2859.71      -1906.41      1.20425      197.018
576      27.3145      1.26608      949.563      -2856      -1906.43      1.20213      197.014
577      27.3619      1.26119      945.893      -2852.28      -1906.38      1.20003      197.012
578      27.4094      1.25656      942.422      -2848.69      -1906.27      1.19795      197.01
579      27.4568      1.25232      939.243      -2845.36      -1906.11      1.19587      197.009
580      27.5042      1.24856      936.419      -2842.35      -1905.93      1.19381      197.008
581      27.5516      1.2453      933.976      -2839.71      -1905.74      1.19175      197.008
582      27.5991      1.24254      931.907      -2837.46      -1905.55      1.18971      197.009
583      27.6465      1.24026      930.193      -2835.57      -1905.38      1.18768      197.011
584      27.6939      1.23842      928.812      -2834.03      -1905.22      1.18566      197.013
585      27.7413      1.23698      927.736      -2832.8      -1905.07      1.18365      197.015
586      27.7887      1.23593      926.948      -2831.87      -1904.92      1.18165      197.019
587      27.8362      1.23525      926.434      -2831.22      -1904.79      1.17965      197.022
588      27.8836      1.23492      926.186      -2830.85      -1904.66      1.17767      197.026
589      27.931      1.23491      926.184      -2830.73      -1904.54      1.1757      197.031
590      27.9784      1.2352      926.397      -2830.84      -1904.44      1.17374      197.036
591      28.0258      1.2357      926.778      -2831.14      -1904.36      1.17178      197.041
592      28.0733      1.23635      927.264      -2831.58      -1904.32      1.16983      197.046
593      28.1207      1.23705      927.784      -2832.1      -1904.31      1.16789      197.051
594      28.1681      1.23768      928.261      -2832.6      -1904.34      1.16595      197.056
595      28.2155      1.23816      928.623      -2833.03      -1904.41      1.16403      197.061
596      28.2629      1.23842      928.812      -2833.31      -1904.5      1.1621      197.066
597      28.3104      1.23837      928.777      -2833.4      -1904.62      1.16018      197.071
598      28.3578      1.23799      928.492      -2833.24      -1904.74      1.15827      197.076
599      28.4052      1.23727      927.951      -2832.82      -1904.87      1.15636      197.08
600      28.4526      1.23623      927.176      -2832.16      -1904.98      1.15445      197.083
601      28.5001      1.23495      926.215      -2831.28      -1905.07      1.15255      197.086
602      28.5475      1.23353      925.144      -2830.25      -1905.11      1.15065      197.089
603      28.5949      1.23209      924.066      -2829.16      -1905.1      1.14875      197.091
604      28.6423      1.23082      923.113      -2828.13      -1905.01      1.14686      197.092
605      28.6897      1.22991      922.434      -2827.29      -1904.86      1.14496      197.092
606      28.7372      1.22958      922.187      -2826.81      -1904.62      1.14307      197.092
607      28.7846      1.23002      922.518      -2826.83      -1904.31      1.14119      197.092
608      28.832      1.23138      923.538      -2827.49      -1903.96      1.1393      197.09
609      28.8794      1.23377      925.325      -2828.89      -1903.57      1.13742      197.088
610      28.9268      1.23719      927.896      -2831.07      -1903.17      1.13554      197.085
611      28.9743      1.24162      931.215      -2834.02      -1902.81      1.13366      197.081
612      29.0217      1.24694      935.204      -2837.69      -1902.49      1.13178      197.077
613      29.0691      1.253      939.749      -2841.97      -1902.22      1.12991      197.072
614      29.1165      1.25963      944.721      -2846.75      -1902.03      1.12804      197.067
615      29.1639      1.26665      949.986      -2851.89      -1901.9      1.12617      197.061
616      29.2114      1.27388      955.411      -2857.25      -1901.84      1.1243      197.055
617      29.2588      1.28115      960.866      -2862.71      -1901.84      1.12245      197.048
618      29.3062      1.2883      966.225      -2868.13      -1901.91      1.12059      197.042
619      29.3536      1.29516      971.37      -2873.4      -1902.03      1.11874      197.035
620      29.4011      1.30157      976.18      -2878.4      -1902.22      1.1169      197.028
621      29.4485      1.30738      980.538      -2883      -1902.46      1.11506      197.021
622      29.4959      1.31245      984.335      -2887.09      -1902.75      1.11323      197.015
623      29.5433      1.31663      987.469      -2890.57      -1903.1      1.11141      197.008
624      29.5907      1.31981      989.855      -2893.34      -1903.48      1.10959      197.001
625      29.6382      1.3219      991.426      -2895.32      -1903.9      1.10778      196.995
626      29.6856      1.32286      992.144      -2896.47      -1904.32      1.10598      196.989
627      29.733      1.32268      992.007      -2896.76      -1904.75      1.10418      196.983
628      29.7804      1.3214      991.049      -2896.2      -1905.15      1.10239      196.978
629      29.8278      1.31912      989.343      -2894.86      -1905.51      1.10061      196.973
630      29.8753      1.316      987.003      -2892.81      -1905.81      1.09884      196.968
631      29.9227      1.31224      984.183      -2890.21      -1906.03      1.09707      196.963
632      29.9701      1.3081      981.072      -2887.22      -1906.14      1.09531      196.959
633      30.0175      1.30384      977.881      -2884.04      -1906.15      1.09355      196.955
634      30.0649      1.29977      974.828      -2880.88      -1906.06      1.09181      196.951
635      30.1124      1.29617      972.124      -2877.98      -1905.85      1.09007      196.947
636      30.1598      1.29328      969.96      -2875.52      -1905.56      1.08833      196.943
637      30.2072      1.29131      968.482      -2873.68      -1905.2      1.08661      196.94
638      30.2546      1.29038      967.788      -2872.59      -1904.8      1.08488      196.936
639      30.3021      1.29055      967.913      -2872.3      -1904.39      1.08317      196.933
640      30.3495      1.29177      968.826      -2872.83      -1904      1.08146      196.93
641      30.3969      1.29391      970.432      -2874.1      -1903.67      1.07975      196.926
642      30.4443      1.29678      972.587      -2876.01      -1903.42      1.07805      196.923
643      30.4917      1.30014      975.106      -2878.37      -1903.26      1.07636      196.92
644      30.5392      1.30373      977.798      -2881      -1903.2      1.07467      196.917
645      30.5866      1.30731      980.483      -2883.71      -1903.22      1.07298      196.914
646      30.634      1.31069      983.019      -2886.33      -1903.32      1.07131      196.911
647      30.6814      1.31374      985.307      -2888.76      -1903.45      1.06964      196.908
648      30.7288      1.31641      987.309      -2890.91      -1903.6      1.06797      196.906
649      30.7763      1.3187      989.025      -2892.76      -1903.74      1.06632      196.903
650      30.8237      1.32066      990.496      -2894.35      -1903.86      1.06466      196.901
651      30.8711      1.32237      991.78      -2895.72      -1903.95      1.06302      196.899
652      30.9185      1.3239      992.926      -2896.94      -1904.01      1.06138      196.898
653      30.9659      1.3253      993.975      -2898.03      -1904.06      1.05975      196.896
654      31.0134      1.32659      994.943      -2899.04      -1904.1      1.05812      196.895
655      31.0608      1.32775      995.815      -2899.96      -1904.15      1.0565      196.894
656      31.1082      1.32874      996.552      -2900.77      -1904.22      1.05488      196.893
657      31.1556      1.32947      997.104      -2901.42      -1904.32      1.05327      196.892
658      31.2031      1.3299      997.423      -2901.86      -1904.44      1.05166      196.891
659      31.2505      1.32998      997.488      -2902.06      -1904.57      1.05006      196.89
660      31.2979      1.32974      997.306      -2902      -1904.69      1.04847      196.889
661      31.3453      1.32923      996.923      -2901.71      -1904.78      1.04688      196.888
662      31.3927      1.32857      996.425      -2901.25      -1904.83      1.04529      196.887
663      31.4402      1.32791      995.931      -2900.74      -1904.81      1.04371      196.886
664      31.4876      1.32742      995.565      -2900.3      -1904.73      1.04213      196.885
665      31.535      1.32727      995.449      -2900.05      -1904.6      1.04056      196.884
666      31.5824      1.32757      995.679      -2900.1      -1904.42      1.03899      196.883
667      31.6298      1.32841      996.304      -2900.52      -1904.22      1.03743      196.882
668      31.6773      1.32977      997.326      -2901.35      -1904.02      1.03587      196.88
669      31.7247      1.3316      998.699      -2902.56      -1903.86      1.03431      196.879
670      31.7721      1.33377      1000.32      -2904.07      -1903.75      1.03276      196.878
671      31.8195      1.33608      1002.06      -2905.77      -1903.71      1.03122      196.877
672      31.8669      1.33831      1003.73      -2907.5      -1903.77      1.02968      196.876
673      31.9144      1.3402      1005.15      -2909.07      -1903.92      1.02814      196.875
674      31.9618      1.34147      1006.1      -2910.28      -1904.18      1.02662      196.875
675      32.0092      1.34184      1006.38      -2910.92      -1904.54      1.02509      196.874
676      32.0566      1.34107      1005.8      -2910.79      -1904.99      1.02357      196.874
677      32.1041      1.33895      1004.21      -2909.72      -1905.51      1.02206      196.874
678      32.1515      1.33533      1001.49      -2907.57      -1906.08      1.02056      196.874
679      32.1989      1.33013      997.597      -2904.27      -1906.67      1.01905      196.875
680      32.2463      1.32338      992.533      -2899.78      -1907.24      1.01756      196.875
681      32.2937      1.31518      986.387      -2894.15      -1907.77      1.01607      196.876
682      32.3412      1.30574      979.307      -2887.51      -1908.21      1.01458      196.876
683      32.3886      1.29535      971.515      -2880.05      -1908.53      1.0131      196.877
684      32.436      1.28437      963.274      -2871.99      -1908.72      1.01162      196.878
685      32.4834      1.27318      954.885      -2863.63      -1908.75      1.01015      196.879
686      32.5308      1.26221      946.657      -2855.28      -1908.63      1.00869      196.881
687      32.5783      1.25184      938.882      -2847.25      -1908.36      1.00722      196.882
688      32.6257      1.24243      931.825      -2839.8      -1907.97      1.00577      196.883
689      32.6731      1.23427      925.7      -2833.18      -1907.48      1.00431      196.884
690      32.7205      1.22755      920.661      -2827.58      -1906.92      1.00287      196.886
691      32.7679      1.2224      916.802      -2823.12      -1906.32      1.00142      196.887
692      32.8154      1.21888      914.157      -2819.86      -1905.71      0.999982      196.889
693      32.8628      1.21694      912.707      -2817.82      -1905.11      0.998547      196.89
694      32.9102      1.21651      912.382      -2816.94      -1904.56      0.997117      196.892
695      32.9576      1.21743      913.072      -2817.14      -1904.07      0.995692      196.894
696      33.0051      1.21951      914.631      -2818.29      -1903.65      0.994272      196.896
697      33.0525      1.22252      916.887      -2820.22      -1903.33      0.992856      196.898
698      33.0999      1.2262      919.652      -2822.75      -1903.1      0.991445      196.9
699      33.1473      1.23032      922.737      -2825.7      -1902.96      0.990039      196.903
700      33.1947      1.23462      925.963      -2828.88      -1902.91      0.988638      196.905
701      33.2422      1.23889      929.17      -2832.11      -1902.94      0.987241      196.908
702      33.2896      1.24296      932.218      -2835.26      -1903.04      0.98585      196.911
703      33.337      1.24665      934.991      -2838.18      -1903.19      0.984462      196.914
704      33.3844      1.24986      937.394      -2840.78      -1903.39      0.983079      196.917
705      33.4318      1.25245      939.34      -2842.97      -1903.63      0.981701      196.92
706      33.4793      1.25433      940.749      -2844.66      -1903.91      0.980327      196.924
707      33.5267      1.2554      941.547      -2845.77      -1904.22      0.978957      196.927
708      33.5741      1.25557      941.674      -2846.24      -1904.56      0.977592      196.931
709      33.6215      1.25479      941.095      -2846.01      -1904.92      0.97623      196.934
710      33.6689      1.25309      939.818      -2845.08      -1905.26      0.974873      196.938
711      33.7164      1.25053      937.901      -2843.47      -1905.57      0.97352      196.941
712      33.7638      1.24728      935.462      -2841.27      -1905.81      0.97217      196.945
713      33.8112      1.24356      932.667      -2838.63      -1905.97      0.970825      196.949
714      33.8586      1.23961      929.708      -2835.73      -1906.03      0.969483      196.952
715      33.9061      1.2357      926.776      -2832.77      -1905.99      0.968145      196.956
716      33.9535      1.23206      924.042      -2829.91      -1905.87      0.966812      196.96
717      34.0009      1.22886      921.647      -2827.33      -1905.69      0.965482      196.963
718      34.0483      1.22625      919.688      -2825.14      -1905.46      0.964156      196.967
719      34.0957      1.22431      918.234      -2823.43      -1905.2      0.962834      196.971
720      34.1432      1.22311      917.332      -2822.25      -1904.92      0.961516      196.975
721      34.1906      1.22267      917.006      -2821.63      -1904.63      0.960202      196.979
722      34.238      1.22303      917.275      -2821.6      -1904.33      0.958892      196.983
723      34.2854      1.22419      918.145      -2822.17      -1904.03      0.957586      196.987
724      34.3328      1.22617      919.625      -2823.35      -1903.72      0.956283      196.992
725      34.3803      1.22893      921.7      -2825.13      -1903.43      0.954985      196.996
726      34.4277      1.23247      924.354      -2827.5      -1903.14      0.95369      197
727      34.4751      1.23674      927.555      -2830.43      -1902.88      0.952398      197.004
728      34.5225      1.24166      931.241      -2833.89      -1902.65      0.95111      197.008
729      34.5699      1.2471      935.327      -2837.79      -1902.46      0.949826      197.013
730      34.6174      1.25293      939.699      -2842.03      -1902.33      0.948544      197.017
731      34.6648      1.25896      944.221      -2846.5      -1902.28      0.947266      197.021
732      34.7122      1.26498      948.733      -2851.04      -1902.31      0.945991      197.025
733      34.7596      1.27077      953.074      -2855.49      -1902.41      0.94472      197.029
734      34.8071      1.2761      957.078      -2859.68      -1902.6      0.943451      197.032
735      34.8545      1.2808      960.598      -2863.46      -1902.87      0.942185      197.036
736      34.9019      1.28467      963.506      -2866.69      -1903.19      0.940922      197.04
737      34.9493      1.28762      965.715      -2869.26      -1903.55      0.939662      197.043
738      34.9967      1.28958      967.182      -2871.1      -1903.92      0.938404      197.047
739      35.0442      1.29055      967.909      -2872.2      -1904.29      0.93715      197.05
740      35.0916      1.2906      967.948      -2872.57      -1904.62      0.935899      197.053
741      35.139      1.28987      967.4      -2872.3      -1904.9      0.93465      197.056
742      35.1864      1.28853      966.397      -2871.51      -1905.11      0.933405      197.059
743      35.2338      1.28679      965.091      -2870.33      -1905.24      0.932162      197.062
744      35.2813      1.28485      963.638      -2868.94      -1905.3      0.930923      197.065
745      35.3287      1.2829      962.178      -2867.46      -1905.29      0.929687      197.068
746      35.3761      1.28109      960.82      -2866.04      -1905.22      0.928454      197.071
747      35.4235      1.27951      959.635      -2864.76      -1905.13      0.927224      197.073
748      35.4709      1.2782      958.647      -2863.67      -1905.03      0.925998      197.076
749      35.5184      1.27713      957.849      -2862.78      -1904.93      0.924775      197.079
750      35.5658      1.27627      957.204      -2862.06      -1904.86      0.923556      197.082
751      35.6132      1.27555      956.66      -2861.47      -1904.81      0.92234      197.085
752      35.6606      1.27489      956.165      -2860.96      -1904.79      0.921127      197.088
753      35.7081      1.27423      955.676      -2860.47      -1904.79      0.919918      197.091
754      35.7555      1.27357      955.178      -2859.97      -1904.79      0.918712      197.094
755      35.8029      1.27291      954.682      -2859.47      -1904.79      0.91751      197.097
756      35.8503      1.27231      954.232      -2858.99      -1904.76      0.91631      197.1
757      35.8977      1.27186      953.893      -2858.58      -1904.69      0.915114      197.103
758      35.9452      1.27165      953.737      -2858.33      -1904.59      0.913922      197.106
759      35.9926      1.27178      953.838      -2858.29      -1904.45      0.912732      197.11
760      36.04      1.27234      954.252      -2858.55      -1904.29      0.911546      197.113
761      36.0874      1.27334      955.005      -2859.13      -1904.12      0.910362      197.116
762      36.1348      1.27478      956.085      -2860.05      -1903.97      0.909182      197.119
763      36.1823      1.2766      957.45      -2861.28      -1903.83      0.908005      197.122
764      36.2297      1.27872      959.038      -2862.77      -1903.73      0.906831      197.125
765      36.2771      1.28103      960.772      -2864.44      -1903.67      0.90566      197.128
766      36.3245      1.28343      962.575      -2866.22      -1903.64      0.904492      197.132
767      36.3719      1.28585      964.385      -2868.03      -1903.65      0.903327      197.135
768      36.4194      1.2882      966.151      -2869.83      -1903.68      0.902166      197.138
769      36.4668      1.29045      967.836      -2871.56      -1903.72      0.901007      197.141
770      36.5142      1.29255      969.409      -2873.19      -1903.78      0.899852      197.144
771      36.5616      1.29447      970.849      -2874.7      -1903.86      0.898699      197.148
772      36.6091      1.29618      972.132      -2876.07      -1903.94      0.89755      197.151
773      36.6565      1.29765      973.235      -2877.26      -1904.03      0.896404      197.154
774      36.7039      1.29885      974.139      -2878.27      -1904.13      0.895261      197.157
775      36.7513      1.29978      974.834      -2879.07      -1904.24      0.894121      197.161
776      36.7987      1.30042      975.316      -2879.66      -1904.34      0.892985      197.164
777      36.8462      1.30078      975.588      -2880.03      -1904.44      0.89185      197.168
778      36.8936      1.30088      975.66      -2880.2      -1904.54      0.890719      197.171
779      36.941      1.30073      975.547      -2880.18      -1904.63      0.889591      197.174
780      36.9884      1.30034      975.259      -2879.98      -1904.72      0.888465      197.177
781      37.0358      1.29974      974.804      -2879.6      -1904.8      0.887341      197.181
782      37.0833      1.29892      974.191      -2879.07      -1904.87      0.88622      197.183
783      37.1307      1.2979      973.426      -2878.37      -1904.95      0.8851      197.186
784      37.1781      1.29669      972.519      -2877.53      -1905.02      0.883983      197.189
785      37.2255      1.29531      971.486      -2876.56      -1905.08      0.882868      197.191
786      37.2729      1.29379      970.345      -2875.47      -1905.13      0.881754      197.194
787      37.3204      1.29216      969.122      -2874.28      -1905.16      0.880643      197.196
788      37.3678      1.29044      967.832      -2873.02      -1905.19      0.879534      197.197
789      37.4152      1.28865      966.489      -2871.71      -1905.22      0.878426      197.199
790      37.4626      1.2868      965.103      -2870.34      -1905.24      0.87732      197.2
791      37.5101      1.28491      963.682      -2868.93      -1905.25      0.876217      197.202
792      37.5575      1.28298      962.236      -2867.5      -1905.26      0.875116      197.203
793      37.6049      1.28105      960.791      -2866.05      -1905.25      0.874018      197.204
794      37.6523      1.2792      959.398      -2864.62      -1905.22      0.872922      197.205
795      37.6997      1.27752      958.138      -2863.28      -1905.14      0.871829      197.206
796      37.7472      1.27616      957.118      -2862.12      -1905      0.870738      197.207
797      37.7946      1.2753      956.474      -2861.27      -1904.8      0.869651      197.209
798      37.842      1.27513      956.349      -2860.87      -1904.52      0.868568      197.21
799      37.8894      1.27584      956.881      -2861.06      -1904.18      0.867487      197.212
800      37.9368      1.27757      958.181      -2861.96      -1903.78      0.86641      197.213
801      37.9843      1.28041      960.309      -2863.68      -1903.37      0.865337      197.215
802      38.0317      1.28435      963.264      -2866.22      -1902.96      0.864267      197.217
803      38.0791      1.28931      966.981      -2869.57      -1902.59      0.863201      197.22
804      38.1265      1.29512      971.342      -2873.63      -1902.28      0.862139      197.222
805      38.1739      1.30158      976.185      -2878.25      -1902.07      0.86108      197.225
806      38.2214      1.30842      981.318      -2883.27      -1901.95      0.860025      197.228
807      38.2688      1.31539      986.54      -2888.47      -1901.93      0.858973      197.231
808      38.3162      1.32218      991.638      -2893.65      -1902.02      0.857924      197.234
809      38.3636      1.32855      996.411      -2898.62      -1902.2      0.856879      197.238
810      38.4111      1.33421      1000.66      -2903.15      -1902.49      0.855837      197.242
811      38.4585      1.33894      1004.2      -2907.07      -1902.86      0.854797      197.245
812      38.5059      1.34255      1006.91      -2910.21      -1903.3      0.85376      197.249
813      38.5533      1.3449      1008.68      -2912.45      -1903.77      0.852725      197.252
814      38.6007      1.34594      1009.46      -2913.73      -1904.27      0.851691      197.256
815      38.6482      1.34568      1009.26      -2914.01      -1904.76      0.85066      197.259
816      38.6956      1.34416      1008.12      -2913.34      -1905.22      0.84963      197.261
817      38.743      1.34146      1006.09      -2911.75      -1905.65      0.8486      197.264
818      38.7904      1.33767      1003.25      -2909.3      -1906.05      0.847572      197.266
819      38.8378      1.33286      999.641      -2906.07      -1906.43      0.846544      197.268
820      38.8853      1.32709      995.317      -2902.09      -1906.78      0.845517      197.269
821      38.9327      1.32047      990.352      -2897.44      -1907.08      0.844491      197.27
822      38.9801      1.31315      984.861      -2892.19      -1907.33      0.843464      197.27
823      39.0275      1.30537      979.025      -2886.5      -1907.47      0.842439      197.27
824      39.0749      1.29747      973.103      -2880.58      -1907.48      0.841413      197.269
825      39.1224      1.28988      967.412      -2874.73      -1907.32      0.840387      197.268
826      39.1698      1.28305      962.291      -2869.28      -1906.99      0.839362      197.266
827      39.2172      1.27742      958.066      -2864.58      -1906.51      0.838337      197.263
828      39.2646      1.27332      954.991      -2860.9      -1905.91      0.837313      197.261
829      39.3121      1.27096      953.219      -2858.47      -1905.25      0.836288      197.257
830      39.3595      1.27037      952.779      -2857.37      -1904.59      0.835265      197.253
831      39.4069      1.27143      953.574      -2857.57      -1903.99      0.834241      197.249
832      39.4543      1.27387      955.399      -2858.91      -1903.51      0.833219      197.244
833      39.5017      1.2773      957.977      -2861.15      -1903.17      0.832197      197.239
834      39.5492      1.28132      960.987      -2863.99      -1903      0.831175      197.234
835      39.5966      1.28547      964.105      -2867.09      -1902.99      0.830155      197.228
836      39.644      1.28936      967.024      -2870.15      -1903.13      0.829136      197.222
837      39.6914      1.29264      969.481      -2872.87      -1903.39      0.828118      197.215
838      39.7388      1.29503      971.276      -2875.02      -1903.74      0.8271      197.208
839      39.7863      1.29636      972.273      -2876.43      -1904.16      0.826084      197.201
840      39.8337      1.29654      972.405      -2877      -1904.6      0.82507      197.193
841      39.8811      1.29557      971.674      -2876.7      -1905.03      0.824056      197.186
842      39.9285      1.29352      970.139      -2875.56      -1905.42      0.823044      197.178
843      39.9759      1.29055      967.91      -2873.66      -1905.75      0.822033      197.169
844      40.0234      1.28683      965.124      -2871.14      -1906.01      0.821023      197.161
845      40.0708      1.28259      961.943      -2868.13      -1906.19      0.820015      197.152
846      40.1182      1.27804      958.531      -2864.82      -1906.28      0.819008      197.143
847      40.1656      1.2734      955.047      -2861.35      -1906.3      0.818002      197.133
848      40.2131      1.26884      951.627      -2857.88      -1906.25      0.816997      197.124
849      40.2605      1.2645      948.379      -2854.53      -1906.16      0.815994      197.114
850      40.3079      1.2605      945.377      -2851.4      -1906.03      0.814992      197.104
851      40.3553      1.25687      942.654      -2848.54      -1905.88      0.813991      197.093
852      40.4027      1.25362      940.213      -2845.95      -1905.74      0.812992      197.083
853      40.4502      1.2507      938.022      -2843.64      -1905.62      0.811994      197.072
854      40.4976      1.24804      936.03      -2841.56      -1905.53      0.810998      197.061
855      40.545      1.24556      934.173      -2839.64      -1905.47      0.810003      197.049
856      40.5924      1.24319      932.392      -2837.83      -1905.44      0.80901      197.038
857      40.6398      1.24084      930.63      -2836.06      -1905.43      0.808018      197.026
858      40.6873      1.23847      928.855      -2834.29      -1905.44      0.807029      197.015
859      40.7347      1.23607      927.05      -2832.5      -1905.45      0.806041      197.003
860      40.7821      1.23363      925.223      -2830.68      -1905.46      0.805054      196.991
861      40.8295      1.2312      923.397      -2828.85      -1905.46      0.80407      196.979
862      40.8769      1.22881      921.609      -2827.04      -1905.43      0.803088      196.967
863      40.9244      1.22655      919.916      -2825.29      -1905.37      0.802107      196.954
864      40.9718      1.22451      918.381      -2823.67      -1905.29      0.801129      196.942
865      41.0192      1.22278      917.084      -2822.24      -1905.16      0.800154      196.93
866      41.0666      1.22147      916.102      -2821.09      -1904.99      0.79918      196.918
867      41.1141      1.22068      915.507      -2820.29      -1904.79      0.798209      196.906
868      41.1615      1.22048      915.359      -2819.91      -1904.56      0.797241      196.894
869      41.2089      1.22093      915.697      -2820.01      -1904.31      0.796275      196.882
870      41.2563      1.22205      916.535      -2820.59      -1904.06      0.795313      196.87
871      41.3037      1.22381      917.854      -2821.67      -1903.82      0.794353      196.858
872      41.3512      1.22615      919.614      -2823.22      -1903.61      0.793396      196.847
873      41.3986      1.22899      921.745      -2825.17      -1903.43      0.792442      196.836
874      41.446      1.23222      924.162      -2827.46      -1903.3      0.791491      196.825
875      41.4934      1.23569      926.764      -2829.98      -1903.22      0.790544      196.814
876      41.5408      1.23926      929.446      -2832.63      -1903.19      0.7896      196.804
877      41.5883      1.24282      932.112      -2835.32      -1903.21      0.78866      196.794
878      41.6357      1.24624      934.682      -2837.94      -1903.26      0.787723      196.784
879      41.6831      1.24947      937.1      -2840.44      -1903.34      0.78679      196.775
880      41.7305      1.25245      939.336      -2842.77      -1903.44      0.78586      196.766
881      41.7779      1.25518      941.385      -2844.92      -1903.53      0.784933      196.757
882      41.8254      1.25768      943.262      -2846.88      -1903.62      0.784011      196.749
883      41.8728      1.25998      944.989      -2848.68      -1903.69      0.783091      196.741
884      41.9202      1.26212      946.587      -2850.34      -1903.75      0.782175      196.734
885      41.9676      1.2641      948.077      -2851.88      -1903.81      0.781263      196.726
886      42.0151      1.26594      949.459      -2853.32      -1903.86      0.780353      196.719
887      42.0625      1.26764      950.729      -2854.65      -1903.92      0.779446      196.713
888      42.1099      1.26915      951.865      -2855.86      -1903.99      0.778543      196.706
889      42.1573      1.27044      952.83      -2856.92      -1904.09      0.777642      196.7
890      42.2047      1.27144      953.58      -2857.78      -1904.2      0.776744      196.694
891      42.2522      1.27209      954.07      -2858.41      -1904.34      0.775848      196.688
892      42.2996      1.27235      954.264      -2858.76      -1904.49      0.774955      196.682
893      42.347      1.27218      954.136      -2858.79      -1904.66      0.774064      196.676
894      42.3944      1.27158      953.684      -2858.5      -1904.82      0.773174      196.67
895      42.4418      1.27056      952.92      -2857.9      -1904.98      0.772287      196.664
896      42.4893      1.26917      951.875      -2856.99      -1905.11      0.771402      196.658
897      42.5367      1.26746      950.594      -2855.82      -1905.22      0.770519      196.652
898      42.5841      1.26552      949.143      -2854.44      -1905.3      0.769637      196.646
899      42.6315      1.26346      947.595      -2852.94      -1905.34      0.768757      196.64
900      42.6789      1.26138      946.036      -2851.37      -1905.34      0.767878      196.633
901      42.7264      1.2594      944.551      -2849.84      -1905.29      0.767001      196.627
902      42.7738      1.25765      943.237      -2848.43      -1905.19      0.766126      196.621
903      42.8212      1.25622      942.166      -2847.23      -1905.06      0.765253      196.614
904      42.8686      1.2552      941.402      -2846.3      -1904.9      0.764381      196.608
905      42.9161      1.25466      940.991      -2845.71      -1904.72      0.763511      196.601
906      42.9635      1.2546      940.949      -2845.49      -1904.54      0.762642      196.595
907      43.0109      1.25501      941.26      -2845.62      -1904.36      0.761776      196.588
908      43.0583      1.25584      941.882      -2846.1      -1904.21      0.760911      196.581
909      43.1057      1.25701      942.759      -2846.85      -1904.1      0.760048      196.575
910      43.1532      1.25843      943.819      -2847.83      -1904.01      0.759188      196.568
911      43.2006      1.25998      944.988      -2848.96      -1903.97      0.758329      196.562
912      43.248      1.26159      946.19      -2850.15      -1903.96      0.757472      196.555
913      43.2954      1.26315      947.36      -2851.34      -1903.98      0.756618      196.548
914      43.3428      1.26457      948.428      -2852.47      -1904.04      0.755765      196.542
915      43.3903      1.26578      949.334      -2853.47      -1904.13      0.754914      196.535
916      43.4377      1.26669      950.02      -2854.27      -1904.25      0.754065      196.529
917      43.4851      1.26725      950.438      -2854.83      -1904.39      0.753218      196.523
918      43.5325      1.26741      950.558      -2855.1      -1904.54      0.752373      196.516
919      43.5799      1.26716      950.367      -2855.06      -1904.69      0.751529      196.51
920      43.6274      1.2665      949.878      -2854.72      -1904.84      0.750688      196.503
921      43.6748      1.26549      949.121      -2854.09      -1904.97      0.749848      196.497
922      43.7222      1.2642      948.148      -2853.22      -1905.07      0.749011      196.49
923      43.7696      1.26269      947.016      -2852.15      -1905.14      0.748175      196.484
924      43.8171      1.26105      945.785      -2850.96      -1905.18      0.747341      196.478
925      43.8645      1.25934      944.504      -2849.7      -1905.2      0.746509      196.471
926      43.9119      1.25762      943.212      -2848.41      -1905.2      0.745679      196.465
927      43.9593      1.25589      941.919      -2847.12      -1905.2      0.744852      196.459
928      44.0067      1.25418      940.637      -2845.83      -1905.19      0.744027      196.453
929      44.0542      1.25249      939.369      -2844.55      -1905.18      0.743203      196.447
930      44.1016      1.25084      938.129      -2843.29      -1905.16      0.742383      196.441
931      44.149      1.24926      936.948      -2842.07      -1905.13      0.741564      196.436
932      44.1964      1.24784      935.882      -2840.94      -1905.06      0.740749      196.431
933      44.2438      1.24668      935.011      -2839.96      -1904.95      0.739935      196.425
934      44.2913      1.2459      934.424      -2839.22      -1904.8      0.739125      196.421
935      44.3387      1.24564      934.227      -2838.82      -1904.59      0.738317      196.416
936      44.3861      1.24601      934.508      -2838.85      -1904.34      0.737511      196.411
937      44.4335      1.24712      935.342      -2839.4      -1904.06      0.736709      196.407
938      44.4809      1.24902      936.762      -2840.53      -1903.77      0.735909      196.404
939      44.5284      1.25168      938.76      -2842.24      -1903.48      0.735112      196.4
940      44.5758      1.25506      941.294      -2844.52      -1903.22      0.734318      196.397
941      44.6232      1.25904      944.281      -2847.29      -1903.01      0.733527      196.394
942      44.6706      1.26349      947.615      -2850.46      -1902.85      0.732739      196.392
943      44.7181      1.26824      951.181      -2853.93      -1902.75      0.731954      196.389
944      44.7655      1.27315      954.866      -2857.57      -1902.7      0.731173      196.388
945      44.8129      1.27808      958.563      -2861.27      -1902.71      0.730394      196.386
946      44.8603      1.28291      962.186      -2864.94      -1902.76      0.729619      196.386
947      44.9077      1.28754      965.655      -2868.5      -1902.84      0.728847      196.385
948      44.9552      1.29187      968.899      -2871.86      -1902.97      0.728078      196.385
949      45.0026      1.2958      971.849      -2874.97      -1903.12      0.727313      196.386
950      45.05      1.29924      974.427      -2877.75      -1903.32      0.726552      196.387
951      45.0974      1.30208      976.56      -2880.11      -1903.55      0.725794      196.389
952      45.1448      1.30425      978.187      -2882      -1903.81      0.725039      196.391
953      45.1923      1.30569      979.268      -2883.36      -1904.09      0.724289      196.394
954      45.2397      1.30639      979.79      -2884.16      -1904.37      0.723543      196.397
955      45.2871      1.30637      979.777      -2884.41      -1904.63      0.7228      196.401
956      45.3345      1.30572      979.289      -2884.15      -1904.87      0.722061      196.406
957      45.3819      1.30454      978.405      -2883.46      -1905.05      0.721327      196.411
958      45.4294      1.30296      977.217      -2882.41      -1905.19      0.720596      196.417
959      45.4768      1.3011      975.822      -2881.11      -1905.29      0.71987      196.424
960      45.5242      1.29907      974.3      -2879.64      -1905.34      0.719148      196.432
961      45.5716      1.29696      972.717      -2878.08      -1905.36      0.718429      196.44
962      45.6191      1.29482      971.112      -2876.49      -1905.37      0.717715      196.449
963      45.6665      1.29266      969.497      -2874.87      -1905.38      0.717005      196.459
964      45.7139      1.29049      967.868      -2873.25      -1905.38      0.716299      196.469
965      45.7613      1.28827      966.201      -2871.61      -1905.41      0.715597      196.48
966      45.8087      1.28595      964.462      -2869.91      -1905.45      0.714899      196.492
967      45.8562      1.28349      962.616      -2868.11      -1905.5      0.714204      196.504
968      45.9036      1.28085      960.64      -2866.2      -1905.56      0.713513      196.517
969      45.951      1.27803      958.526      -2864.16      -1905.63      0.712826      196.53
970      45.9984      1.27504      956.283      -2861.97      -1905.69      0.712143      196.545
971      46.0458      1.27193      953.945      -2859.67      -1905.73      0.711462      196.559
972      46.0933      1.26875      951.566      -2857.31      -1905.74      0.710785      196.574
973      46.1407      1.26563      949.222      -2854.93      -1905.71      0.710111      196.59
974      46.1881      1.26266      946.994      -2852.64      -1905.64      0.709439      196.606
975      46.2355      1.25996      944.973      -2850.5      -1905.52      0.708771      196.622
976      46.2829      1.25767      943.251      -2848.61      -1905.36      0.708105      196.639
977      46.3304      1.25588      941.91      -2847.07      -1905.16      0.707441      196.656
978      46.3778      1.25469      941.019      -2845.95      -1904.93      0.706779      196.673
979      46.4252      1.25417      940.628      -2845.3      -1904.67      0.70612      196.691
980      46.4726      1.25434      940.757      -2845.17      -1904.41      0.705462      196.708
981      46.5201      1.2552      941.399      -2845.56      -1904.16      0.704806      196.726
982      46.5675      1.2567      942.522      -2846.45      -1903.92      0.704151      196.743
983      46.6149      1.25877      944.075      -2847.79      -1903.72      0.703497      196.761
984      46.6623      1.26133      945.996      -2849.54      -1903.54      0.702845      196.778
985      46.7097      1.26429      948.218      -2851.62      -1903.4      0.702194      196.796
986      46.7572      1.26756      950.669      -2853.97      -1903.3      0.701544      196.813
987      46.8046      1.27103      953.275      -2856.5      -1903.23      0.700894      196.83
988      46.852      1.27462      955.964      -2859.16      -1903.2      0.700245      196.847
989      46.8994      1.2782      958.648      -2861.86      -1903.21      0.699597      196.864
990      46.9468      1.28166      961.243      -2864.51      -1903.27      0.69895      196.881
991      46.9943      1.28488      963.663      -2867.03      -1903.37      0.698303      196.897
992      47.0417      1.28777      965.825      -2869.34      -1903.51      0.697656      196.914
993      47.0891      1.29021      967.656      -2871.34      -1903.69      0.69701      196.93
994      47.1365      1.29214      969.106      -2872.99      -1903.88      0.696365      196.945
995      47.1839      1.29351      970.134      -2874.23      -1904.1      0.69572      196.961
996      47.2314      1.2943      970.727      -2875.05      -1904.32      0.695076      196.976
997      47.2788      1.29452      970.888      -2875.42      -1904.53      0.694433      196.992
998      47.3262      1.29418      970.636      -2875.37      -1904.74      0.69379      197.007
999      47.3736      1.29334      970.004      -2874.93      -1904.92      0.693148      197.022
1000      47.4211      1.29205      969.04      -2874.12      -1905.08      0.692507      197.036
1000      47.4211      1.29205      969.04      -2874.12      -1905.08      0.692507      197.036
Execution time in seconds: 1.82479
