Timestep Time Temperature KineticEnergy PotentialEnergy TotalEnergy DiffusionConstant MeanSquareDisplacement
1      0.034      2.43283      1824.62      -3730.19      -1905.57      966.354      197.136
2      0.068      2.42847      1821.35      -3728.56      -1907.2      483.189      197.141
3      0.102      2.41976      1814.82      -3723.65      -1908.84      322.134      197.146
4      0.136      2.40667      1805      -3715.48      -1910.48      241.607      197.151
5      0.17      2.38918      1791.89      -3704.01      -1912.13      193.291      197.156
6      0.204      2.36726      1775.44      -3689.23      -1913.79      161.08      197.162
7      0.238      2.34086      1755.64      -3671.11      -1915.46      138.072      197.167
8      0.272      2.30995      1732.46      -3649.61      -1917.16      120.817      197.173
9      0.306      2.27448      1705.86      -3624.72      -1918.86      107.396      197.178
10      0.34      2.23443      1675.82      -3596.4      -1920.57      96.6588      197.184
11      0.374      2.18978      1642.33      -3564.62      -1922.29      87.8742      197.19
12      0.408      2.14052      1605.39      -3529.4      -1924.01      80.5537      197.196
13      0.442      2.08671      1565.03      -3490.73      -1925.7      74.3595      197.201
14      0.476      2.02843      1521.32      -3448.67      -1927.35      69.0501      197.207
15      0.51      1.96584      1474.38      -3403.32      -1928.94      64.4487      197.213
16      0.544      1.89918      1424.39      -3354.81      -1930.42      60.4225      197.219
17      0.578      1.82879      1371.59      -3303.37      -1931.78      56.8699      197.225
18      0.612      1.7551      1316.32      -3249.28      -1932.96      53.712      197.231
19      0.646      1.67868      1259.01      -3192.92      -1933.91      50.8865      197.236
20      0.68      1.60023      1200.17      -3134.76      -1934.59      48.3436      197.242
21      0.714      1.52056      1140.42      -3075.38      -1934.96      46.0428      197.247
22      0.748      1.4406      1080.45      -3015.42      -1934.97      43.9512      197.253
23      0.782      1.36137      1021.03      -2955.62      -1934.59      42.0414      197.258
24      0.816      1.28395      962.96      -2896.76      -1933.8      40.2907      197.263
25      0.85      1.20941      907.055      -2839.67      -1932.62      38.68      197.268
26      0.884      1.1388      854.102      -2785.14      -1931.04      37.1932      197.273
27      0.918      1.0731      804.822      -2733.94      -1929.12      35.8165      197.278
28      0.952      1.01311      759.833      -2686.74      -1926.9      34.5381      197.282
29      0.986      0.9595      719.625      -2644.08      -1924.46      33.3479      197.286
30      1.02      0.912718      684.538      -2606.4      -1921.86      32.2369      197.29
31      1.054      0.873009      654.757      -2573.95      -1919.2      31.1976      197.294
32      1.088      0.840417      630.313      -2546.84      -1916.53      30.2233      197.297
33      1.122      0.814799      611.099      -2525.04      -1913.94      29.3079      197.301
34      1.156      0.795848      596.886      -2508.36      -1911.47      28.4464      197.304
35      1.19      0.783134      587.35      -2496.53      -1909.18      27.634      197.307
36      1.224      0.776127      582.095      -2489.19      -1907.09      26.8668      197.31
37      1.258      0.774246      580.684      -2485.91      -1905.23      26.141      197.312
38      1.292      0.776874      582.655      -2486.26      -1903.6      25.4534      197.315
39      1.326      0.783396      587.547      -2489.75      -1902.2      24.801      197.317
40      1.36      0.793212      594.909      -2495.93      -1901.02      24.1813      197.319
41      1.394      0.805753      604.315      -2504.37      -1900.06      23.5917      197.321
42      1.428      0.820495      615.371      -2514.66      -1899.28      23.0302      197.323
43      1.462      0.836956      627.717      -2526.4      -1898.69      22.4948      197.324
44      1.496      0.854704      641.028      -2539.28      -1898.25      21.9837      197.326
45      1.53      0.873355      655.016      -2552.96      -1897.95      21.4954      197.327
46      1.564      0.892571      669.429      -2567.2      -1897.77      21.0282      197.329
47      1.598      0.912055      684.042      -2581.74      -1897.7      20.5809      197.33
48      1.632      0.931549      698.661      -2596.39      -1897.73      20.1523      197.331
49      1.666      0.950825      713.119      -2610.95      -1897.83      19.7411      197.332
50      1.7      0.969683      727.263      -2625.27      -1898.01      19.3464      197.333
51      1.734      0.987946      740.96      -2639.21      -1898.25      18.9671      197.334
52      1.768      1.00546      754.091      -2652.65      -1898.55      18.6024      197.335
53      1.802      1.02207      766.551      -2665.46      -1898.91      18.2515      197.335
54      1.836      1.03766      778.245      -2677.55      -1899.3      17.9136      197.336
55      1.87      1.05212      789.09      -2688.83      -1899.74      17.5879      197.337
56      1.904      1.06536      799.017      -2699.22      -1900.21      17.2739      197.337
57      1.938      1.07729      807.97      -2708.67      -1900.7      16.9709      197.338
58      1.972      1.08788      815.908      -2717.12      -1901.21      16.6784      197.338
59      2.006      1.09708      822.807      -2724.54      -1901.74      16.3957      197.339
60      2.04      1.10488      828.662      -2730.92      -1902.26      16.1225      197.339
61      2.074      1.11132      833.489      -2736.26      -1902.77      15.8582      197.34
62      2.108      1.11643      837.319      -2740.58      -1903.26      15.6025      197.341
63      2.142      1.12028      840.207      -2743.94      -1903.73      15.3549      197.341
64      2.176      1.12296      842.22      -2746.38      -1904.16      15.115      197.342
65      2.21      1.12459      843.442      -2747.98      -1904.54      14.8825      197.343
66      2.244      1.12529      843.965      -2748.84      -1904.88      14.6571      197.343
67      2.278      1.12518      843.888      -2749.05      -1905.17      14.4384      197.344
68      2.312      1.12441      843.311      -2748.71      -1905.4      14.2261      197.345
69      2.346      1.12311      842.331      -2747.92      -1905.59      14.02      197.346
70      2.38      1.12139      841.039      -2746.77      -1905.73      13.8198      197.347
71      2.414      1.11936      839.523      -2745.36      -1905.84      13.6253      197.348
72      2.448      1.11714      837.853      -2743.76      -1905.9      13.4361      197.35
73      2.482      1.11479      836.095      -2742.03      -1905.94      13.2522      197.351
74      2.516      1.11241      834.308      -2740.25      -1905.94      13.0732      197.353
75      2.55      1.11006      832.542      -2738.47      -1905.93      12.899      197.354
76      2.584      1.1078      830.85      -2736.73      -1905.88      12.7294      197.356
77      2.618      1.10572      829.287      -2735.09      -1905.81      12.5642      197.358
78      2.652      1.10387      827.905      -2733.61      -1905.71      12.4032      197.36
79      2.686      1.10236      826.768      -2732.35      -1905.58      12.2463      197.362
80      2.72      1.10125      825.94      -2731.35      -1905.41      12.0934      197.364
81      2.754      1.10065      825.487      -2730.7      -1905.22      11.9442      197.366
82      2.788      1.10063      825.47      -2730.46      -1904.99      11.7987      197.368
83      2.822      1.10125      825.941      -2730.68      -1904.74      11.6566      197.37
84      2.856      1.10258      826.935      -2731.41      -1904.48      11.518      197.373
85      2.89      1.10462      828.468      -2732.67      -1904.21      11.3826      197.375
86      2.924      1.10737      830.529      -2734.47      -1903.94      11.2504      197.377
87      2.958      1.11078      833.085      -2736.79      -1903.7      11.1212      197.379
88      2.992      1.11477      836.081      -2739.57      -1903.49      10.995      197.382
89      3.026      1.11926      839.447      -2742.76      -1903.31      10.8716      197.384
90      3.06      1.12414      843.108      -2746.29      -1903.18      10.7509      197.386
91      3.094      1.12931      846.984      -2750.06      -1903.08      10.6329      197.388
92      3.128      1.13467      851.001      -2754.02      -1903.02      10.5174      197.39
93      3.162      1.14012      855.092      -2758.08      -1902.99      10.4044      197.392
94      3.196      1.14561      859.204      -2762.19      -1902.99      10.2938      197.394
95      3.23      1.15106      863.293      -2766.3      -1903      10.1855      197.396
96      3.264      1.15644      867.329      -2770.36      -1903.03      10.0795      197.398
97      3.298      1.16172      871.289      -2774.36      -1903.08      9.97569      197.399
98      3.332      1.16688      875.159      -2778.28      -1903.12      9.87395      197.4
99      3.366      1.1719      878.928      -2782.1      -1903.18      9.77427      197.401
100      3.4      1.17678      882.588      -2785.82      -1903.23      9.67656      197.402
101      3.434      1.18151      886.135      -2789.43      -1903.29      9.58078      197.402
102      3.468      1.18608      889.562      -2792.91      -1903.35      9.48686      197.403
103      3.502      1.19048      892.862      -2796.28      -1903.42      9.39475      197.403
104      3.536      1.19471      896.032      -2799.52      -1903.48      9.3044      197.402
105      3.57      1.19876      899.067      -2802.62      -1903.55      9.21576      197.402
106      3.604      1.20262      901.966      -2805.59      -1903.62      9.12877      197.401
107      3.638      1.20631      904.731      -2808.42      -1903.69      9.04339      197.399
108      3.672      1.20983      907.375      -2811.12      -1903.75      8.95958      197.397
109      3.706      1.21321      909.909      -2813.71      -1903.8      8.87729      197.395
110      3.74      1.21647      912.354      -2816.19      -1903.84      8.79648      197.393
111      3.774      1.21965      914.734      -2818.6      -1903.87      8.7171      197.39
112      3.808      1.22278      917.082      -2820.96      -1903.88      8.63913      197.387
113      3.842      1.2259      919.428      -2823.31      -1903.88      8.56253      197.383
114      3.876      1.22908      921.808      -2825.67      -1903.86      8.48725      197.379
115      3.91      1.23234      924.252      -2828.07      -1903.82      8.41326      197.375
116      3.944      1.23572      926.792      -2830.56      -1903.77      8.34054      197.371
117      3.978      1.23926      929.448      -2833.16      -1903.71      8.26905      197.366
118      4.012      1.24298      932.236      -2835.88      -1903.64      8.19876      197.361
119      4.046      1.24688      935.157      -2838.74      -1903.58      8.12964      197.355
120      4.08      1.25094      938.202      -2841.72      -1903.52      8.06166      197.349
121      4.114      1.25513      941.349      -2844.82      -1903.47      7.9948      197.344
122      4.148      1.25942      944.565      -2848      -1903.44      7.92902      197.337
123      4.182      1.26374      947.805      -2851.24      -1903.43      7.86431      197.331
124      4.216      1.26803      951.021      -2854.47      -1903.45      7.80064      197.325
125      4.25      1.27221      954.154      -2857.66      -1903.5      7.73798      197.318
126      4.284      1.2762      957.148      -2860.73      -1903.58      7.67631      197.312
127      4.318      1.27992      959.942      -2863.63      -1903.68      7.61561      197.305
128      4.352      1.28331      962.485      -2866.3      -1903.81      7.55586      197.299
129      4.386      1.28631      964.732      -2868.7      -1903.97      7.49704      197.292
130      4.42      1.28886      966.645      -2870.78      -1904.14      7.43912      197.286
131      4.454      1.29093      968.2      -2872.52      -1904.32      7.38209      197.279
132      4.488      1.29251      969.379      -2873.89      -1904.51      7.32593      197.273
133      4.522      1.29357      970.176      -2874.87      -1904.7      7.27062      197.266
134      4.556      1.29412      970.592      -2875.48      -1904.89      7.21613      197.26
135      4.59      1.29418      970.635      -2875.71      -1905.07      7.16247      197.254
136      4.624      1.29376      970.316      -2875.57      -1905.25      7.10959      197.249
137      4.658      1.29287      969.651      -2875.07      -1905.42      7.0575      197.243
138      4.692      1.29154      968.658      -2874.24      -1905.58      7.00617      197.238
139      4.726      1.28981      967.359      -2873.09      -1905.73      6.95559      197.233
140      4.76      1.28771      965.779      -2871.64      -1905.87      6.90575      197.228
141      4.794      1.28526      963.944      -2869.93      -1905.99      6.85662      197.224
142      4.828      1.28251      961.885      -2867.98      -1906.09      6.80819      197.22
143      4.862      1.27952      959.644      -2865.82      -1906.18      6.76044      197.216
144      4.896      1.27635      957.264      -2863.5      -1906.24      6.71338      197.212
145      4.93      1.27306      954.796      -2861.07      -1906.28      6.66697      197.209
146      4.964      1.26973      952.298      -2858.58      -1906.28      6.6212      197.206
147      4.998      1.26645      949.838      -2856.09      -1906.26      6.57607      197.203
148      5.032      1.26331      947.483      -2853.68      -1906.19      6.53156      197.201
149      5.066      1.2604      945.303      -2851.4      -1906.1      6.48765      197.199
150      5.1      1.25782      943.366      -2849.33      -1905.97      6.44434      197.197
151      5.134      1.25564      941.73      -2847.54      -1905.81      6.40161      197.195
152      5.168      1.25392      940.442      -2846.07      -1905.63      6.35945      197.194
153      5.202      1.25271      939.533      -2844.97      -1905.44      6.31785      197.193
154      5.236      1.25202      939.016      -2844.26      -1905.24      6.27679      197.192
155      5.27      1.25186      938.893      -2843.94      -1905.04      6.23628      197.191
156      5.304      1.25221      939.156      -2844.01      -1904.85      6.19629      197.191
157      5.338      1.25305      939.789      -2844.46      -1904.67      6.15681      197.19
158      5.372      1.25437      940.776      -2845.27      -1904.5      6.11785      197.19
159      5.406      1.25613      942.101      -2846.43      -1904.33      6.07938      197.191
160      5.44      1.25834      943.758      -2847.92      -1904.16      6.0414      197.191
161      5.474      1.26099      945.743      -2849.75      -1904      6.0039      197.192
162      5.508      1.26408      948.059      -2851.9      -1903.84      5.96687      197.193
163      5.542      1.26761      950.711      -2854.38      -1903.67      5.93031      197.195
164      5.576      1.2716      953.699      -2857.2      -1903.51      5.8942      197.196
165      5.61      1.27603      957.02      -2860.36      -1903.34      5.85854      197.198
166      5.644      1.28088      960.66      -2863.85      -1903.19      5.82331      197.201
167      5.678      1.28613      964.598      -2867.64      -1903.04      5.78852      197.203
168      5.712      1.29173      968.795      -2871.71      -1902.92      5.75414      197.206
169      5.746      1.29761      973.206      -2876.03      -1902.82      5.72019      197.209
170      5.78      1.3037      977.777      -2880.53      -1902.75      5.68664      197.213
171      5.814      1.30992      982.444      -2885.15      -1902.71      5.65349      197.216
172      5.848      1.31619      987.139      -2889.84      -1902.71      5.62074      197.22
173      5.882      1.3224      991.797      -2894.53      -1902.73      5.58837      197.225
174      5.916      1.32847      996.356      -2899.15      -1902.79      5.55638      197.229
175      5.95      1.33435      1000.76      -2903.64      -1902.88      5.52476      197.234
176      5.984      1.33994      1004.96      -2907.94      -1902.99      5.49351      197.239
177      6.018      1.34521      1008.91      -2912.02      -1903.11      5.46262      197.244
178      6.052      1.35011      1012.58      -2915.84      -1903.26      5.43208      197.25
179      6.086      1.35462      1015.96      -2919.37      -1903.41      5.40189      197.255
180      6.12      1.35871      1019.03      -2922.59      -1903.56      5.37204      197.261
181      6.154      1.36239      1021.79      -2925.51      -1903.72      5.34252      197.267
182      6.188      1.36564      1024.23      -2928.11      -1903.88      5.31333      197.273
183      6.222      1.36846      1026.34      -2930.39      -1904.04      5.28446      197.28
184      6.256      1.37085      1028.14      -2932.34      -1904.2      5.25591      197.286
185      6.29      1.37281      1029.61      -2933.98      -1904.37      5.22767      197.292
186      6.324      1.37432      1030.74      -2935.28      -1904.54      5.19974      197.299
187      6.358      1.37536      1031.52      -2936.24      -1904.71      5.17211      197.306
188      6.392      1.37593      1031.95      -2936.84      -1904.89      5.14477      197.312
189      6.426      1.37601      1032.01      -2937.08      -1905.08      5.11773      197.319
190      6.46      1.3756      1031.7      -2936.96      -1905.26      5.09096      197.326
191      6.494      1.37469      1031.02      -2936.46      -1905.45      5.06448      197.332
192      6.528      1.3733      1029.97      -2935.6      -1905.63      5.03828      197.339
193      6.562      1.37145      1028.59      -2934.38      -1905.79      5.01234      197.346
194      6.596      1.36919      1026.89      -2932.84      -1905.95      4.98667      197.353
195      6.63      1.36655      1024.91      -2930.99      -1906.08      4.96126      197.359
196      6.664      1.36362      1022.71      -2928.9      -1906.19      4.93611      197.366
197      6.698      1.36044      1020.33      -2926.6      -1906.27      4.91122      197.372
198      6.732      1.35711      1017.83      -2924.15      -1906.32      4.88657      197.378
199      6.766      1.3537      1015.27      -2921.62      -1906.34      4.86217      197.385
200      6.8      1.35027      1012.71      -2919.05      -1906.34      4.83801      197.391
201      6.834      1.3469      1010.18      -2916.49      -1906.31      4.81409      197.397
202      6.868      1.34364      1007.73      -2914      -1906.27      4.7904      197.403
203      6.902      1.34052      1005.39      -2911.6      -1906.21      4.76694      197.408
204      6.936      1.33757      1003.18      -2909.33      -1906.15      4.7437      197.414
205      6.97      1.33481      1001.11      -2907.18      -1906.08      4.7207      197.419
206      7.004      1.33223      999.17      -2905.18      -1906.01      4.69791      197.425
207      7.038      1.32981      997.361      -2903.31      -1905.95      4.67533      197.43
208      7.072      1.32755      995.661      -2901.55      -1905.89      4.65297      197.435
209      7.106      1.3254      994.052      -2899.9      -1905.85      4.63082      197.44
210      7.14      1.32335      992.511      -2898.33      -1905.82      4.60888      197.445
211      7.174      1.32135      991.014      -2896.81      -1905.8      4.58714      197.449
212      7.208      1.31938      989.538      -2895.33      -1905.79      4.56561      197.453
213      7.242      1.31741      988.057      -2893.85      -1905.8      4.54427      197.458
214      7.276      1.3154      986.549      -2892.36      -1905.81      4.52312      197.461
215      7.31      1.31332      984.993      -2890.83      -1905.84      4.50217      197.465
216      7.344      1.31115      983.364      -2889.24      -1905.88      4.48141      197.469
217      7.378      1.30885      981.639      -2887.57      -1905.93      4.46083      197.472
218      7.412      1.30639      979.796      -2885.78      -1905.99      4.44043      197.475
219      7.446      1.30376      977.817      -2883.87      -1906.06      4.42022      197.478
220      7.48      1.30091      975.685      -2881.82      -1906.14      4.40018      197.48
221      7.514      1.29785      973.389      -2879.61      -1906.22      4.38032      197.482
222      7.548      1.29456      970.922      -2877.23      -1906.3      4.36063      197.484
223      7.582      1.29105      968.286      -2874.67      -1906.39      4.34111      197.486
224      7.616      1.28733      965.494      -2871.95      -1906.46      4.32176      197.487
225      7.65      1.28343      962.57      -2869.09      -1906.52      4.30258      197.488
226      7.684      1.2794      959.549      -2866.11      -1906.56      4.28355      197.489
227      7.718      1.2753      956.477      -2863.06      -1906.58      4.26469      197.489
228      7.752      1.27121      953.409      -2859.98      -1906.57      4.24598      197.489
229      7.786      1.26721      950.407      -2856.94      -1906.53      4.22743      197.489
230      7.82      1.26338      947.532      -2853.99      -1906.46      4.20904      197.488
231      7.854      1.2598      944.847      -2851.2      -1906.36      4.19079      197.487
232      7.888      1.25654      942.401      -2848.63      -1906.23      4.1727      197.485
233      7.922      1.25365      940.234      -2846.32      -1906.09      4.15475      197.484
234      7.956      1.25116      938.37      -2844.3      -1905.93      4.13695      197.482
235      7.99      1.24909      936.821      -2842.6      -1905.78      4.1193      197.479
236      8.024      1.24745      935.586      -2841.21      -1905.62      4.10179      197.476
237      8.058      1.24621      934.655      -2840.12      -1905.47      4.08442      197.473
238      8.092      1.24535      934.013      -2839.34      -1905.33      4.06719      197.47
239      8.126      1.24485      933.637      -2838.83      -1905.2      4.05009      197.466
240      8.16      1.24467      933.502      -2838.58      -1905.08      4.03314      197.462
241      8.194      1.24477      933.578      -2838.56      -1904.98      4.01632      197.458
242      8.228      1.24512      933.84      -2838.73      -1904.89      3.99963      197.454
243      8.262      1.24568      934.257      -2839.07      -1904.82      3.98308      197.449
244      8.296      1.2464      934.797      -2839.56      -1904.76      3.96665      197.444
245      8.33      1.24724      935.433      -2840.15      -1904.71      3.95036      197.439
246      8.364      1.24818      936.138      -2840.82      -1904.69      3.93419      197.433
247      8.398      1.24918      936.886      -2841.55      -1904.67      3.91815      197.428
248      8.432      1.25021      937.657      -2842.31      -1904.66      3.90223      197.422
249      8.466      1.25124      938.434      -2843.09      -1904.66      3.88644      197.416
250      8.5      1.25227      939.204      -2843.87      -1904.66      3.87077      197.409
251      8.534      1.25328      939.962      -2844.63      -1904.67      3.85522      197.403
252      8.568      1.25427      940.703      -2845.38      -1904.68      3.83979      197.396
253      8.602      1.25523      941.42      -2846.11      -1904.69      3.82448      197.389
254      8.636      1.25614      942.107      -2846.82      -1904.71      3.80929      197.382
255      8.67      1.25701      942.754      -2847.49      -1904.73      3.79421      197.375
256      8.704      1.2578      943.354      -2848.11      -1904.76      3.77925      197.368
257      8.738      1.25851      943.885      -2848.68      -1904.8      3.7644      197.36
258      8.772      1.2591      944.327      -2849.17      -1904.85      3.74967      197.353
259      8.806      1.25954      944.654      -2849.56      -1904.91      3.73505      197.345
260      8.84      1.25978      944.835      -2849.82      -1904.98      3.72053      197.337
261      8.874      1.25979      944.841      -2849.92      -1905.08      3.70613      197.329
262      8.908      1.25953      944.644      -2849.83      -1905.18      3.69184      197.321
263      8.942      1.25896      944.221      -2849.52      -1905.3      3.67765      197.313
264      8.976      1.25807      943.551      -2848.97      -1905.42      3.66357      197.305
265      9.01      1.25683      942.625      -2848.18      -1905.55      3.6496      197.297
266      9.044      1.25525      941.441      -2847.12      -1905.68      3.63573      197.289
267      9.078      1.25334      940.007      -2845.81      -1905.8      3.62197      197.281
268      9.112      1.25112      938.34      -2844.26      -1905.92      3.60831      197.273
269      9.146      1.24862      936.463      -2842.48      -1906.02      3.59475      197.266
270      9.18      1.24588      934.407      -2840.51      -1906.1      3.58129      197.258
271      9.214      1.24294      932.207      -2838.38      -1906.17      3.56794      197.25
272      9.248      1.23987      929.903      -2836.12      -1906.22      3.55468      197.242
273      9.282      1.23671      927.535      -2833.78      -1906.24      3.54152      197.235
274      9.316      1.23354      925.152      -2831.4      -1906.24      3.52846      197.227
275      9.35      1.2304      922.8      -2829.02      -1906.22      3.5155      197.22
276      9.384      1.22738      920.533      -2826.71      -1906.17      3.50263      197.212
277      9.418      1.22454      918.403      -2824.5      -1906.1      3.48986      197.205
278      9.452      1.22196      916.466      -2822.46      -1905.99      3.47718      197.198
279      9.486      1.21971      914.779      -2820.64      -1905.86      3.4646      197.191
280      9.52      1.21787      913.4      -2819.1      -1905.7      3.45211      197.184
281      9.554      1.21651      912.383      -2817.9      -1905.51      3.43971      197.178
282      9.588      1.21571      911.779      -2817.08      -1905.3      3.42739      197.171
283      9.622      1.21551      911.632      -2816.7      -1905.07      3.41517      197.165
284      9.656      1.21597      911.978      -2816.79      -1904.82      3.40304      197.159
285      9.69      1.21712      912.844      -2817.4      -1904.55      3.39099      197.152
286      9.724      1.21899      914.243      -2818.53      -1904.29      3.37904      197.146
287      9.758      1.22157      916.178      -2820.2      -1904.02      3.36716      197.141
288      9.792      1.22485      918.637      -2822.4      -1903.76      3.35537      197.135
289      9.826      1.22879      921.595      -2825.11      -1903.51      3.34367      197.129
290      9.86      1.23335      925.012      -2828.3      -1903.29      3.33205      197.124
291      9.894      1.23845      928.835      -2831.93      -1903.1      3.32051      197.119
292      9.928      1.244      932.997      -2835.93      -1902.93      3.30905      197.113
293      9.962      1.24989      937.42      -2840.24      -1902.81      3.29767      197.108
294      9.996      1.25603      942.021      -2844.76      -1902.74      3.28637      197.103
295      10.03      1.26228      946.71      -2849.42      -1902.71      3.27515      197.099
296      10.064      1.26853      951.398      -2854.12      -1902.72      3.26401      197.094
297      10.098      1.27466      955.996      -2858.77      -1902.77      3.25294      197.089
298      10.132      1.28057      960.424      -2863.29      -1902.87      3.24195      197.085
299      10.166      1.28614      964.607      -2867.61      -1903      3.23104      197.08
300      10.2      1.29131      968.484      -2871.65      -1903.16      3.2202      197.076
301      10.234      1.296      972.002      -2875.35      -1903.35      3.20943      197.072
302      10.268      1.30017      975.126      -2878.67      -1903.55      3.19873      197.068
303      10.302      1.30377      977.829      -2881.59      -1903.76      3.18811      197.064
304      10.336      1.3068      980.103      -2884.08      -1903.98      3.17756      197.059
305      10.37      1.30927      981.949      -2886.14      -1904.19      3.16708      197.055
306      10.404      1.31117      983.379      -2887.78      -1904.4      3.15666      197.052
307      10.438      1.31256      984.417      -2889.01      -1904.59      3.14632      197.048
308      10.472      1.31346      985.095      -2889.86      -1904.77      3.13604      197.044
309      10.506      1.31394      985.453      -2890.38      -1904.92      3.12583      197.04
310      10.54      1.31405      985.534      -2890.59      -1905.06      3.11569      197.036
311      10.574      1.31384      985.383      -2890.55      -1905.17      3.10562      197.033
312      10.608      1.3134      985.047      -2890.3      -1905.26      3.0956      197.029
313      10.642      1.31276      984.569      -2889.89      -1905.32      3.08566      197.025
314      10.676      1.31198      983.984      -2889.36      -1905.37      3.07577      197.022
315      10.71      1.3111      983.322      -2888.73      -1905.41      3.06596      197.018
316      10.744      1.31013      982.601      -2888.04      -1905.43      3.0562      197.015
317      10.778      1.30911      981.833      -2887.29      -1905.46      3.04651      197.012
318      10.812      1.30802      981.018      -2886.5      -1905.48      3.03688      197.008
319      10.846      1.30687      980.15      -2885.66      -1905.51      3.02731      197.005
320      10.88      1.30562      979.215      -2884.76      -1905.54      3.0178      197.002
321      10.914      1.30426      978.197      -2883.78      -1905.59      3.00835      196.999
322      10.948      1.30277      977.077      -2882.72      -1905.64      2.99897      196.996
323      10.982      1.30112      975.836      -2881.54      -1905.7      2.98964      196.993
324      11.016      1.29928      974.458      -2880.23      -1905.77      2.98038      196.991
325      11.05      1.29724      972.93      -2878.78      -1905.85      2.97117      196.989
326      11.084      1.29499      971.244      -2877.17      -1905.93      2.96202      196.986
327      11.118      1.29253      969.395      -2875.4      -1906.01      2.95294      196.985
328      11.152      1.28985      967.388      -2873.47      -1906.09      2.94391      196.983
329      11.186      1.28698      965.234      -2871.39      -1906.16      2.93494      196.981
330      11.22      1.28393      962.946      -2869.17      -1906.22      2.92603      196.98
331      11.254      1.28073      960.544      -2866.82      -1906.28      2.91717      196.979
332      11.288      1.27741      958.055      -2864.37      -1906.32      2.90837      196.978
333      11.322      1.27401      955.51      -2861.85      -1906.34      2.89963      196.978
334      11.356      1.27059      952.941      -2859.29      -1906.35      2.89095      196.978
335      11.39      1.26719      950.389      -2856.72      -1906.33      2.88232      196.978
336      11.424      1.26386      947.893      -2854.19      -1906.3      2.87375      196.978
337      11.458      1.26066      945.496      -2851.74      -1906.24      2.86523      196.979
338      11.492      1.25765      943.238      -2849.41      -1906.17      2.85677      196.98
339      11.526      1.25488      941.163      -2847.24      -1906.07      2.84836      196.981
340      11.56      1.25241      939.306      -2845.27      -1905.96      2.84      196.983
341      11.594      1.25027      937.699      -2843.53      -1905.83      2.8317      196.984
342      11.628      1.24849      936.371      -2842.06      -1905.69      2.82345      196.986
343      11.662      1.24712      935.34      -2840.88      -1905.54      2.81525      196.989
344      11.696      1.24616      934.62      -2840      -1905.38      2.8071      196.991
345      11.73      1.24561      934.211      -2839.44      -1905.23      2.799      196.994
346      11.764      1.24547      934.105      -2839.18      -1905.08      2.79096      196.997
347      11.798      1.24572      934.288      -2839.22      -1904.93      2.78296      197
348      11.832      1.24632      934.739      -2839.54      -1904.8      2.77501      197.003
349      11.866      1.24724      935.429      -2840.12      -1904.69      2.7671      197.007
350      11.9      1.24843      936.324      -2840.91      -1904.59      2.75925      197.01
351      11.934      1.24986      937.394      -2841.9      -1904.5      2.75144      197.014
352      11.968      1.25148      938.607      -2843.04      -1904.44      2.74367      197.018
353      12.002      1.25324      939.933      -2844.32      -1904.38      2.73596      197.022
354      12.036      1.25513      941.347      -2845.69      -1904.34      2.72828      197.026
355      12.07      1.2571      942.828      -2847.14      -1904.31      2.72065      197.03
356      12.104      1.25915      944.362      -2848.65      -1904.29      2.71307      197.034
357      12.138      1.26125      945.936      -2850.2      -1904.27      2.70552      197.038
358      12.172      1.26339      947.543      -2851.8      -1904.25      2.69803      197.042
359      12.206      1.26558      949.181      -2853.42      -1904.24      2.69057      197.046
360      12.24      1.2678      950.85      -2855.07      -1904.22      2.68315      197.051
361      12.274      1.27006      952.548      -2856.76      -1904.21      2.67578      197.055
362      12.308      1.27237      954.275      -2858.47      -1904.19      2.66844      197.059
363      12.342      1.27471      956.032      -2860.21      -1904.18      2.66115      197.064
364      12.376      1.27709      957.821      -2861.98      -1904.16      2.6539      197.068
365      12.41      1.27952      959.64      -2863.79      -1904.15      2.64669      197.072
366      12.444      1.28199      961.495      -2865.62      -1904.13      2.63952      197.077
367      12.478      1.28451      963.385      -2867.49      -1904.11      2.63239      197.081
368      12.512      1.28709      965.317      -2869.41      -1904.09      2.62529      197.086
369      12.546      1.28972      967.293      -2871.36      -1904.07      2.61824      197.091
370      12.58      1.29242      969.314      -2873.36      -1904.04      2.61123      197.095
371      12.614      1.29517      971.379      -2875.4      -1904.02      2.60425      197.1
372      12.648      1.29797      973.479      -2877.48      -1904.01      2.59732      197.105
373      12.682      1.3008      975.597      -2879.6      -1904      2.59042      197.11
374      12.716      1.30361      977.709      -2881.71      -1904      2.58356      197.115
375      12.75      1.30638      979.784      -2883.81      -1904.03      2.57674      197.12
376      12.784      1.30904      981.78      -2885.85      -1904.07      2.56995      197.126
377      12.818      1.31154      983.656      -2887.79      -1904.14      2.56321      197.131
378      12.852      1.31382      985.366      -2889.59      -1904.23      2.5565      197.137
379      12.886      1.31582      986.866      -2891.2      -1904.34      2.54983      197.142
380      12.92      1.3175      988.123      -2892.58      -1904.46      2.54319      197.148
381      12.954      1.31881      989.109      -2893.71      -1904.6      2.53659      197.154
382      12.988      1.31976      989.817      -2894.55      -1904.74      2.53003      197.16
383      13.022      1.32034      990.252      -2895.12      -1904.87      2.5235      197.166
384      13.056      1.32058      990.437      -2895.43      -1904.99      2.51701      197.173
385      13.09      1.32055      990.412      -2895.5      -1905.09      2.51056      197.179
386      13.124      1.3203      990.224      -2895.39      -1905.17      2.50414      197.186
387      13.158      1.3199      989.924      -2895.14      -1905.22      2.49775      197.192
388      13.192      1.3194      989.554      -2894.8      -1905.25      2.4914      197.199
389      13.226      1.31886      989.143      -2894.41      -1905.26      2.48508      197.206
390      13.26      1.31827      988.699      -2893.98      -1905.28      2.4788      197.213
391      13.294      1.31761      988.206      -2893.52      -1905.31      2.47255      197.22
392      13.328      1.31683      987.623      -2892.98      -1905.36      2.46633      197.228
393      13.362      1.31586      986.898      -2892.33      -1905.44      2.46015      197.235
394      13.396      1.31463      985.973      -2891.52      -1905.54      2.45399      197.242
395      13.43      1.31305      984.789      -2890.47      -1905.68      2.44787      197.249
396      13.464      1.31106      983.295      -2889.13      -1905.84      2.44178      197.257
397      13.498      1.3086      981.453      -2887.47      -1906.02      2.43572      197.264
398      13.532      1.30566      979.245      -2885.44      -1906.2      2.42969      197.272
399      13.566      1.30222      976.666      -2883.05      -1906.38      2.42369      197.279
400      13.6      1.29831      973.734      -2880.29      -1906.56      2.41773      197.286
401      13.634      1.29398      970.481      -2877.19      -1906.71      2.41179      197.294
402      13.668      1.28928      966.957      -2873.8      -1906.84      2.40587      197.301
403      13.702      1.2843      963.225      -2870.16      -1906.93      2.39999      197.308
404      13.736      1.27916      959.367      -2866.35      -1906.98      2.39413      197.315
405      13.77      1.27397      955.475      -2862.46      -1906.99      2.38831      197.322
406      13.804      1.26887      951.651      -2858.59      -1906.94      2.3825      197.328
407      13.838      1.264      947.999      -2854.84      -1906.84      2.37673      197.335
408      13.872      1.25951      944.63      -2851.31      -1906.68      2.37098      197.341
409      13.906      1.25553      941.648      -2848.13      -1906.48      2.36526      197.348
410      13.94      1.25221      939.159      -2845.38      -1906.22      2.35956      197.354
411      13.974      1.24967      937.25      -2843.17      -1905.92      2.35389      197.359
412      14.008      1.24799      935.995      -2841.58      -1905.58      2.34824      197.365
413      14.042      1.24726      935.447      -2840.67      -1905.22      2.34262      197.37
414      14.076      1.24751      935.636      -2840.49      -1904.85      2.33702      197.375
415      14.11      1.24876      936.568      -2841.05      -1904.48      2.33144      197.38
416      14.144      1.25097      938.231      -2842.35      -1904.12      2.32589      197.384
417      14.178      1.25412      940.589      -2844.36      -1903.77      2.32036      197.388
418      14.212      1.25812      943.589      -2847.05      -1903.46      2.31485      197.392
419      14.246      1.26289      947.167      -2850.35      -1903.18      2.30937      197.395
420      14.28      1.26832      951.243      -2854.19      -1902.94      2.30391      197.399
421      14.314      1.27431      955.729      -2858.48      -1902.75      2.29847      197.401
422      14.348      1.2807      960.528      -2863.13      -1902.61      2.29305      197.404
423      14.382      1.28738      965.538      -2868.05      -1902.51      2.28765      197.406
424      14.416      1.29421      970.654      -2873.13      -1902.47      2.28228      197.408
425      14.45      1.30103      975.772      -2878.26      -1902.49      2.27692      197.409
426      14.484      1.30772      980.79      -2883.34      -1902.55      2.27159      197.41
427      14.518      1.31415      985.613      -2888.27      -1902.66      2.26628      197.411
428      14.552      1.3202      990.15      -2892.96      -1902.81      2.26099      197.411
429      14.586      1.32577      994.328      -2897.33      -1903      2.25572      197.411
430      14.62      1.33078      998.084      -2901.3      -1903.22      2.25047      197.411
431      14.654      1.33516      1001.37      -2904.83      -1903.46      2.24524      197.41
432      14.688      1.33887      1004.15      -2907.86      -1903.71      2.24003      197.409
433      14.722      1.34189      1006.42      -2910.39      -1903.97      2.23484      197.408
434      14.756      1.34424      1008.18      -2912.4      -1904.22      2.22968      197.407
435      14.79      1.34593      1009.45      -2913.91      -1904.46      2.22453      197.405
436      14.824      1.34703      1010.27      -2914.95      -1904.68      2.21941      197.403
437      14.858      1.34759      1010.7      -2915.57      -1904.87      2.21431      197.401
438      14.892      1.34771      1010.78      -2915.82      -1905.03      2.20923      197.399
439      14.926      1.34748      1010.61      -2915.76      -1905.15      2.20417      197.397
440      14.96      1.347      1010.25      -2915.49      -1905.24      2.19913      197.394
441      14.994      1.34638      1009.79      -2915.07      -1905.28      2.19412      197.391
442      15.028      1.34571      1009.29      -2914.57      -1905.29      2.18912      197.389
443      15.062      1.34509      1008.81      -2914.08      -1905.27      2.18415      197.386
444      15.096      1.34456      1008.42      -2913.64      -1905.22      2.17921      197.384
445      15.13      1.34418      1008.14      -2913.3      -1905.17      2.17428      197.381
446      15.164      1.34395      1007.97      -2913.07      -1905.11      2.16938      197.379
447      15.198      1.34387      1007.9      -2912.96      -1905.06      2.1645      197.376
448      15.232      1.34388      1007.91      -2912.94      -1905.03      2.15964      197.374
449      15.266      1.34393      1007.95      -2912.96      -1905.02      2.1548      197.371
450      15.3      1.34394      1007.96      -2913      -1905.04      2.14999      197.369
451      15.334      1.34385      1007.89      -2912.98      -1905.09      2.1452      197.367
452      15.368      1.34358      1007.68      -2912.85      -1905.16      2.14043      197.364
453      15.402      1.34305      1007.29      -2912.55      -1905.27      2.13568      197.362
454      15.436      1.34221      1006.65      -2912.04      -1905.39      2.13095      197.36
455      15.47      1.34099      1005.74      -2911.28      -1905.53      2.12625      197.358
456      15.504      1.33936      1004.52      -2910.22      -1905.69      2.12156      197.356
457      15.538      1.3373      1002.97      -2908.83      -1905.86      2.1169      197.354
458      15.572      1.33476      1001.07      -2907.11      -1906.04      2.11225      197.352
459      15.606      1.33175      998.811      -2905.03      -1906.22      2.10763      197.35
460      15.64      1.32827      996.199      -2902.59      -1906.4      2.10303      197.348
461      15.674      1.32432      993.242      -2899.81      -1906.57      2.09845      197.346
462      15.708      1.31995      989.962      -2896.69      -1906.72      2.09388      197.344
463      15.742      1.31519      986.391      -2893.26      -1906.87      2.08934      197.342
464      15.776      1.3101      982.573      -2889.56      -1906.98      2.08481      197.34
465      15.81      1.30475      978.562      -2885.63      -1907.07      2.08031      197.338
466      15.844      1.29923      974.421      -2881.55      -1907.13      2.07582      197.336
467      15.878      1.29363      970.222      -2877.37      -1907.15      2.07135      197.334
468      15.912      1.28805      966.041      -2873.17      -1907.13      2.06691      197.332
469      15.946      1.28261      961.957      -2869.03      -1907.07      2.06248      197.33
470      15.98      1.2774      958.046      -2865.02      -1906.98      2.05807      197.327
471      16.014      1.27251      954.381      -2861.23      -1906.85      2.05368      197.325
472      16.048      1.26804      951.027      -2857.71      -1906.68      2.0493      197.323
473      16.082      1.26405      948.036      -2854.53      -1906.5      2.04495      197.321
474      16.116      1.2606      945.448      -2851.74      -1906.29      2.04062      197.319
475      16.15      1.25772      943.289      -2849.36      -1906.07      2.0363      197.317
476      16.184      1.25543      941.571      -2847.42      -1905.85      2.032      197.316
477      16.218      1.25373      940.295      -2845.92      -1905.63      2.02772      197.314
478      16.252      1.2526      939.45      -2844.87      -1905.42      2.02347      197.312
479      16.286      1.25202      939.015      -2844.23      -1905.21      2.01923      197.311
480      16.32      1.25196      938.966      -2843.99      -1905.02      2.015      197.309
481      16.354      1.25236      939.272      -2844.12      -1904.85      2.0108      197.308
482      16.388      1.2532      939.899      -2844.59      -1904.69      2.00662      197.307
483      16.422      1.25441      940.81      -2845.37      -1904.56      2.00245      197.306
484      16.456      1.25596      941.969      -2846.41      -1904.44      1.99831      197.305
485      16.49      1.25779      943.339      -2847.68      -1904.34      1.99418      197.304
486      16.524      1.25984      944.879      -2849.14      -1904.26      1.99007      197.304
487      16.558      1.26206      946.549      -2850.75      -1904.2      1.98598      197.303
488      16.592      1.2644      948.303      -2852.47      -1904.16      1.98191      197.303
489      16.626      1.26679      950.092      -2854.24      -1904.15      1.97785      197.303
490      16.66      1.26916      951.867      -2856.03      -1904.17      1.97382      197.303
491      16.694      1.27143      953.575      -2857.78      -1904.21      1.9698      197.303
492      16.728      1.27355      955.165      -2859.44      -1904.27      1.9658      197.304
493      16.762      1.27545      956.586      -2860.95      -1904.36      1.96182      197.304
494      16.796      1.27706      957.793      -2862.27      -1904.47      1.95786      197.305
495      16.83      1.27833      958.748      -2863.35      -1904.6      1.95391      197.306
496      16.864      1.27923      959.426      -2864.17      -1904.75      1.94999      197.307
497      16.898      1.27974      959.806      -2864.7      -1904.9      1.94608      197.309
498      16.932      1.27984      959.88      -2864.93      -1905.05      1.94218      197.31
499      16.966      1.27953      959.647      -2864.85      -1905.2      1.93831      197.312
500      17      1.27883      959.12      -2864.47      -1905.35      1.93445      197.314
501      17.034      1.27775      958.315      -2863.8      -1905.48      1.93061      197.316
502      17.068      1.27634      957.254      -2862.86      -1905.61      1.92679      197.318
503      17.102      1.27462      955.964      -2861.68      -1905.72      1.92298      197.321
504      17.136      1.27264      954.479      -2860.29      -1905.81      1.91919      197.324
505      17.17      1.27045      952.835      -2858.72      -1905.89      1.91542      197.326
506      17.204      1.26809      951.07      -2857.01      -1905.94      1.91166      197.329
507      17.238      1.26564      949.228      -2855.2      -1905.97      1.90792      197.332
508      17.272      1.26314      947.354      -2853.34      -1905.98      1.90419      197.335
509      17.306      1.26066      945.495      -2851.46      -1905.97      1.90049      197.339
510      17.34      1.25826      943.698      -2849.63      -1905.93      1.89679      197.342
511      17.374      1.25603      942.019      -2847.89      -1905.87      1.89311      197.346
512      17.408      1.25402      940.511      -2846.29      -1905.77      1.88945      197.349
513      17.442      1.2523      939.226      -2844.88      -1905.66      1.8858      197.353
514      17.476      1.25095      938.212      -2843.73      -1905.52      1.88217      197.357
515      17.51      1.25002      937.512      -2842.87      -1905.36      1.87855      197.361
516      17.544      1.24954      937.158      -2842.34      -1905.18      1.87495      197.365
517      17.578      1.24957      937.175      -2842.17      -1904.99      1.87136      197.369
518      17.612      1.2501      937.574      -2842.38      -1904.8      1.86779      197.373
519      17.646      1.25113      938.351      -2842.97      -1904.61      1.86423      197.377
520      17.68      1.25266      939.494      -2843.93      -1904.43      1.86068      197.381
521      17.714      1.25464      940.979      -2845.25      -1904.27      1.85715      197.385
522      17.748      1.25703      942.772      -2846.89      -1904.12      1.85363      197.389
523      17.782      1.25978      944.835      -2848.83      -1903.99      1.85012      197.393
524      17.816      1.26284      947.13      -2851.01      -1903.88      1.84663      197.397
525      17.85      1.26615      949.615      -2853.41      -1903.79      1.84315      197.402
526      17.884      1.26967      952.251      -2855.97      -1903.72      1.83969      197.406
527      17.918      1.27334      955.005      -2858.67      -1903.67      1.83623      197.41
528      17.952      1.27712      957.84      -2861.47      -1903.63      1.83279      197.413
529      17.986      1.28097      960.724      -2864.34      -1903.61      1.82936      197.417
530      18.02      1.28485      963.635      -2867.24      -1903.6      1.82594      197.421
531      18.054      1.28873      966.546      -2870.15      -1903.61      1.82254      197.425
532      18.088      1.29259      969.441      -2873.06      -1903.62      1.81914      197.428
533      18.122      1.2964      972.3      -2875.94      -1903.64      1.81576      197.431
534      18.156      1.30015      975.111      -2878.77      -1903.66      1.81239      197.435
535      18.19      1.30381      977.857      -2881.55      -1903.7      1.80903      197.438
536      18.224      1.30736      980.524      -2884.26      -1903.74      1.80568      197.441
537      18.258      1.3108      983.101      -2886.89      -1903.79      1.80234      197.443
538      18.292      1.3141      985.577      -2889.42      -1903.84      1.79902      197.446
539      18.326      1.31725      987.939      -2891.84      -1903.9      1.7957      197.448
540      18.36      1.32023      990.174      -2894.14      -1903.96      1.79239      197.45
541      18.394      1.32303      992.271      -2896.3      -1904.03      1.7891      197.452
542      18.428      1.32562      994.217      -2898.33      -1904.11      1.78581      197.453
543      18.462      1.328      995.997      -2900.19      -1904.2      1.78253      197.455
544      18.496      1.33012      997.59      -2901.88      -1904.29      1.77926      197.456
545      18.53      1.33197      998.976      -2903.37      -1904.4      1.77601      197.456
546      18.564      1.3335      1000.12      -2904.65      -1904.52      1.77276      197.457
547      18.598      1.33467      1001.01      -2905.66      -1904.66      1.76952      197.457
548      18.632      1.33545      1001.59      -2906.4      -1904.81      1.76629      197.457
549      18.666      1.33579      1001.84      -2906.82      -1904.98      1.76307      197.457
550      18.7      1.33565      1001.74      -2906.9      -1905.16      1.75986      197.457
551      18.734      1.335      1001.25      -2906.6      -1905.35      1.75667      197.456
552      18.768      1.33384      1000.38      -2905.93      -1905.55      1.75348      197.455
553      18.802      1.33216      999.117      -2904.86      -1905.74      1.7503      197.454
554      18.836      1.32998      997.486      -2903.41      -1905.92      1.74713      197.453
555      18.87      1.32736      995.516      -2901.6      -1906.08      1.74397      197.452
556      18.904      1.32434      993.254      -2899.48      -1906.22      1.74082      197.451
557      18.938      1.32101      990.757      -2897.09      -1906.33      1.73768      197.449
558      18.972      1.31746      988.095      -2894.5      -1906.41      1.73455      197.447
559      19.006      1.3138      985.346      -2891.79      -1906.44      1.73143      197.446
560      19.04      1.31011      982.586      -2889.02      -1906.43      1.72833      197.444
561      19.074      1.30653      979.897      -2886.29      -1906.39      1.72523      197.442
562      19.108      1.30314      977.352      -2883.66      -1906.31      1.72214      197.44
563      19.142      1.30003      975.019      -2881.21      -1906.19      1.71907      197.439
564      19.176      1.29728      972.958      -2879.01      -1906.05      1.71601      197.437
565      19.21      1.29495      971.213      -2877.1      -1905.89      1.71295      197.435
566      19.244      1.29309      969.816      -2875.53      -1905.71      1.70991      197.433
567      19.278      1.29171      968.783      -2874.31      -1905.53      1.70688      197.432
568      19.312      1.29082      968.114      -2873.46      -1905.35      1.70386      197.43
569      19.346      1.29039      967.791      -2872.97      -1905.18      1.70086      197.429
570      19.38      1.29037      967.781      -2872.81      -1905.03      1.69786      197.427
571      19.414      1.29071      968.032      -2872.93      -1904.9      1.69487      197.426
572      19.448      1.29131      968.48      -2873.29      -1904.81      1.6919      197.424
573      19.482      1.29206      969.045      -2873.81      -1904.77      1.68894      197.423
574      19.516      1.29285      969.64      -2874.4      -1904.76      1.68598      197.422
575      19.55      1.29356      970.174      -2874.98      -1904.8      1.68304      197.421
576      19.584      1.29407      970.552      -2875.45      -1904.89      1.68011      197.42
577      19.618      1.29424      970.682      -2875.71      -1905.03      1.67719      197.418
578      19.652      1.29397      970.479      -2875.69      -1905.21      1.67428      197.417
579      19.686      1.29316      969.87      -2875.29      -1905.42      1.67138      197.416
580      19.72      1.29172      968.792      -2874.45      -1905.66      1.66848      197.415
581      19.754      1.2896      967.201      -2873.12      -1905.92      1.6656      197.414
582      19.788      1.28676      965.068      -2871.26      -1906.19      1.66273      197.413
583      19.822      1.28318      962.384      -2868.85      -1906.47      1.65987      197.412
584      19.856      1.27888      959.156      -2865.9      -1906.74      1.65702      197.41
585      19.89      1.27388      955.413      -2862.41      -1906.99      1.65417      197.409
586      19.924      1.26827      951.2      -2858.42      -1907.22      1.65134      197.408
587      19.958      1.2621      946.576      -2853.99      -1907.42      1.64851      197.406
588      19.992      1.25549      941.62      -2849.19      -1907.57      1.6457      197.405
589      20.026      1.24856      936.421      -2844.1      -1907.68      1.64289      197.403
590      20.06      1.24144      931.081      -2838.82      -1907.74      1.6401      197.402
591      20.094      1.23428      925.712      -2833.45      -1907.74      1.63731      197.4
592      20.128      1.22724      920.431      -2828.11      -1907.68      1.63453      197.399
593      20.162      1.22048      915.358      -2822.92      -1907.56      1.63176      197.397
594      20.196      1.21415      910.615      -2818      -1907.38      1.629      197.395
595      20.23      1.20842      906.315      -2813.46      -1907.14      1.62624      197.393
596      20.264      1.20342      902.568      -2809.42      -1906.86      1.6235      197.392
597      20.298      1.19928      899.462      -2805.99      -1906.52      1.62077      197.39
598      20.332      1.1961      897.075      -2803.23      -1906.16      1.61804      197.388
599      20.366      1.19395      895.46      -2801.22      -1905.76      1.61532      197.386
600      20.4      1.19287      894.65      -2800.01      -1905.36      1.61262      197.384
601      20.434      1.19287      894.652      -2799.6      -1904.95      1.60992      197.382
602      20.468      1.19394      895.453      -2800.01      -1904.56      1.60723      197.38
603      20.502      1.19602      897.012      -2801.2      -1904.18      1.60455      197.379
604      20.536      1.19903      899.272      -2803.11      -1903.84      1.60188      197.377
605      20.57      1.20287      902.153      -2805.69      -1903.54      1.59921      197.375
606      20.604      1.20742      905.568      -2808.85      -1903.29      1.59656      197.373
607      20.638      1.21256      909.421      -2812.5      -1903.08      1.59392      197.372
608      20.672      1.21815      913.611      -2816.53      -1902.92      1.59129      197.37
609      20.706      1.22405      918.039      -2820.86      -1902.82      1.58866      197.369
610      20.74      1.23015      922.611      -2825.37      -1902.76      1.58605      197.367
611      20.774      1.23632      927.243      -2829.98      -1902.74      1.58344      197.366
612      20.808      1.24249      931.865      -2834.62      -1902.75      1.58084      197.365
613      20.842      1.24856      936.42      -2839.21      -1902.79      1.57826      197.364
614      20.876      1.25449      940.865      -2843.72      -1902.85      1.57568      197.363
615      20.91      1.26023      945.17      -2848.1      -1902.92      1.57311      197.363
616      20.944      1.26576      949.322      -2852.33      -1903      1.57055      197.362
617      20.978      1.27109      953.317      -2856.4      -1903.08      1.56801      197.362
618      21.012      1.27621      957.158      -2860.32      -1903.16      1.56547      197.362
619      21.046      1.28113      960.85      -2864.08      -1903.23      1.56294      197.361
620      21.08      1.28588      964.409      -2867.71      -1903.3      1.56042      197.362
621      21.114      1.29045      967.839      -2871.2      -1903.37      1.55791      197.362
622      21.148      1.29487      971.15      -2874.58      -1903.43      1.5554      197.362
623      21.182      1.29913      974.349      -2877.83      -1903.48      1.55291      197.363
624      21.216      1.30325      977.437      -2880.97      -1903.54      1.55043      197.363
625      21.25      1.30722      980.413      -2884.01      -1903.59      1.54795      197.364
626      21.284      1.31104      983.277      -2886.93      -1903.65      1.54549      197.365
627      21.318      1.31469      986.021      -2889.73      -1903.71      1.54303      197.366
628      21.352      1.31819      988.639      -2892.42      -1903.78      1.54059      197.367
629      21.386      1.32149      991.121      -2894.97      -1903.85      1.53815      197.369
630      21.42      1.3246      993.453      -2897.38      -1903.92      1.53572      197.37
631      21.454      1.32749      995.617      -2899.63      -1904.01      1.53329      197.372
632      21.488      1.33012      997.593      -2901.7      -1904.11      1.53088      197.373
633      21.522      1.33248      999.361      -2903.57      -1904.21      1.52847      197.375
634      21.556      1.33453      1000.9      -2905.23      -1904.33      1.52607      197.376
635      21.59      1.33624      1002.18      -2906.64      -1904.46      1.52368      197.378
636      21.624      1.33757      1003.18      -2907.79      -1904.6      1.5213      197.38
637      21.658      1.33852      1003.89      -2908.64      -1904.75      1.51893      197.382
638      21.692      1.33905      1004.29      -2909.2      -1904.91      1.51656      197.384
639      21.726      1.33915      1004.36      -2909.43      -1905.07      1.5142      197.385
640      21.76      1.3388      1004.1      -2909.34      -1905.24      1.51185      197.387
641      21.794      1.33802      1003.52      -2908.92      -1905.4      1.50951      197.389
642      21.828      1.33681      1002.61      -2908.17      -1905.56      1.50717      197.391
643      21.862      1.33518      1001.38      -2907.1      -1905.72      1.50484      197.393
644      21.896      1.33315      999.86      -2905.72      -1905.86      1.50252      197.395
645      21.93      1.33074      998.057      -2904.06      -1906      1.50021      197.397
646      21.964      1.328      995.997      -2902.12      -1906.13      1.4979      197.4
647      21.998      1.32494      993.704      -2899.94      -1906.24      1.4956      197.402
648      22.032      1.3216      991.201      -2897.54      -1906.34      1.49331      197.404
649      22.066      1.31802      988.513      -2894.94      -1906.43      1.49103      197.407
650      22.1      1.31422      985.666      -2892.17      -1906.5      1.48876      197.409
651      22.134      1.31025      982.685      -2889.25      -1906.57      1.48649      197.412
652      22.168      1.30612      979.592      -2886.21      -1906.62      1.48423      197.414
653      22.202      1.30188      976.41      -2883.07      -1906.66      1.48198      197.417
654      22.236      1.29755      973.16      -2879.85      -1906.69      1.47973      197.42
655      22.27      1.29315      969.862      -2876.57      -1906.71      1.4775      197.423
656      22.304      1.28872      966.538      -2873.26      -1906.72      1.47527      197.426
657      22.338      1.28428      963.208      -2869.93      -1906.72      1.47305      197.43
658      22.372      1.27986      959.895      -2866.6      -1906.71      1.47084      197.433
659      22.406      1.2755      956.626      -2863.31      -1906.68      1.46863      197.437
660      22.44      1.27124      953.43      -2860.07      -1906.64      1.46644      197.441
661      22.474      1.26713      950.347      -2856.92      -1906.58      1.46425      197.445
662      22.508      1.26323      947.419      -2853.91      -1906.49      1.46207      197.449
663      22.542      1.2596      944.697      -2851.08      -1906.38      1.4599      197.454
664      22.576      1.25631      942.236      -2848.48      -1906.24      1.45773      197.458
665      22.61      1.25347      940.101      -2846.17      -1906.07      1.45558      197.463
666      22.644      1.25115      938.361      -2844.22      -1905.86      1.45343      197.468
667      22.678      1.24944      937.08      -2842.7      -1905.62      1.45129      197.474
668      22.712      1.24843      936.32      -2841.68      -1905.36      1.44915      197.479
669      22.746      1.24818      936.134      -2841.2      -1905.06      1.44703      197.484
670      22.78      1.24874      936.554      -2841.31      -1904.76      1.44491      197.49
671      22.814      1.25013      937.595      -2842.04      -1904.45      1.4428      197.496
672      22.848      1.25233      939.246      -2843.39      -1904.14      1.44069      197.502
673      22.882      1.2553      941.472      -2845.33      -1903.86      1.4386      197.508
674      22.916      1.25895      944.215      -2847.83      -1903.61      1.43651      197.514
675      22.95      1.26319      947.395      -2850.8      -1903.4      1.43442      197.52
676      22.984      1.2679      950.924      -2854.17      -1903.24      1.43235      197.526
677      23.018      1.27294      954.702      -2857.83      -1903.13      1.43028      197.533
678      23.052      1.27818      958.632      -2861.7      -1903.07      1.42821      197.539
679      23.086      1.28349      962.619      -2865.67      -1903.05      1.42615      197.545
680      23.12      1.28877      966.578      -2869.65      -1903.07      1.4241      197.551
681      23.154      1.29391      970.431      -2873.57      -1903.14      1.42205      197.557
682      23.188      1.29882      974.112      -2877.34      -1903.23      1.42001      197.563
683      23.222      1.30342      977.568      -2880.92      -1903.35      1.41797      197.569
684      23.256      1.30767      980.751      -2884.24      -1903.49      1.41594      197.575
685      23.29      1.3115      983.626      -2887.28      -1903.65      1.41391      197.58
686      23.324      1.31489      986.166      -2889.99      -1903.82      1.41189      197.586
687      23.358      1.3178      988.35      -2892.35      -1904      1.40987      197.591
688      23.392      1.32023      990.17      -2894.36      -1904.19      1.40786      197.596
689      23.426      1.32216      991.618      -2895.99      -1904.37      1.40585      197.601
690      23.46      1.3236      992.698      -2897.25      -1904.56      1.40385      197.606
691      23.494      1.32455      993.416      -2898.15      -1904.74      1.40185      197.61
692      23.528      1.32505      993.784      -2898.69      -1904.91      1.39985      197.614
693      23.562      1.32509      993.816      -2898.89      -1905.08      1.39786      197.618
694      23.596      1.32471      993.531      -2898.76      -1905.23      1.39587      197.622
695      23.63      1.32393      992.946      -2898.33      -1905.38      1.39388      197.625
696      23.664      1.32278      992.082      -2897.6      -1905.52      1.3919      197.628
697      23.698      1.32128      990.957      -2896.6      -1905.65      1.38993      197.631
698      23.732      1.31945      989.591      -2895.35      -1905.76      1.38795      197.633
699      23.766      1.31734      988.008      -2893.88      -1905.87      1.38598      197.635
700      23.8      1.31497      986.231      -2892.19      -1905.96      1.38402      197.637
701      23.834      1.31239      984.289      -2890.33      -1906.04      1.38205      197.639
702      23.868      1.30962      982.214      -2888.32      -1906.1      1.38009      197.64
703      23.902      1.30673      980.046      -2886.19      -1906.15      1.37814      197.641
704      23.936      1.30377      977.828      -2883.99      -1906.17      1.37618      197.642
705      23.97      1.30081      975.608      -2881.77      -1906.16      1.37424      197.643
706      24.004      1.29791      973.435      -2879.57      -1906.13      1.37229      197.643
707      24.038      1.29515      971.36      -2877.44      -1906.08      1.37035      197.643
708      24.072      1.29257      969.431      -2875.43      -1906      1.36841      197.642
709      24.106      1.29026      967.694      -2873.59      -1905.9      1.36647      197.641
710      24.14      1.28825      966.186      -2871.96      -1905.78      1.36454      197.64
711      24.174      1.28658      964.935      -2870.58      -1905.65      1.36261      197.639
712      24.208      1.28527      963.954      -2869.47      -1905.51      1.36069      197.637
713      24.242      1.28433      963.248      -2868.62      -1905.38      1.35877      197.635
714      24.276      1.28374      962.806      -2868.05      -1905.25      1.35685      197.633
715      24.31      1.28347      962.602      -2867.73      -1905.13      1.35493      197.63
716      24.344      1.28347      962.601      -2867.64      -1905.03      1.35302      197.628
717      24.378      1.28368      962.759      -2867.72      -1904.96      1.35111      197.624
718      24.412      1.28403      963.02      -2867.94      -1904.92      1.34921      197.621
719      24.446      1.28443      963.326      -2868.23      -1904.9      1.3473      197.617
720      24.48      1.28482      963.612      -2868.53      -1904.92      1.34541      197.613
721      24.514      1.28509      963.817      -2868.79      -1904.97      1.34351      197.609
722      24.548      1.28517      963.876      -2868.93      -1905.05      1.34162      197.604
723      24.582      1.28498      963.731      -2868.89      -1905.16      1.33973      197.6
724      24.616      1.28444      963.327      -2868.62      -1905.3      1.33785      197.595
725      24.65      1.28349      962.618      -2868.07      -1905.45      1.33597      197.589
726      24.684      1.28209      961.569      -2867.2      -1905.63      1.33409      197.584
727      24.718      1.28021      960.157      -2865.97      -1905.81      1.33222      197.578
728      24.752      1.27783      958.37      -2864.37      -1906      1.33035      197.573
729      24.786      1.27495      956.211      -2862.39      -1906.18      1.32848      197.566
730      24.82      1.27159      953.696      -2860.05      -1906.36      1.32662      197.56
731      24.854      1.26781      950.857      -2857.37      -1906.52      1.32476      197.554
732      24.888      1.26365      947.736      -2854.39      -1906.65      1.32291      197.547
733      24.922      1.25918      944.387      -2851.14      -1906.76      1.32106      197.541
734      24.956      1.25449      940.868      -2847.7      -1906.83      1.31921      197.534
735      24.99      1.24966      937.244      -2844.12      -1906.88      1.31737      197.527
736      25.024      1.24477      933.579      -2840.47      -1906.89      1.31554      197.52
737      25.058      1.23992      929.937      -2836.81      -1906.87      1.31371      197.513
738      25.092      1.23517      926.38      -2833.2      -1906.82      1.31188      197.506
739      25.126      1.23062      922.961      -2829.71      -1906.75      1.31005      197.498
740      25.16      1.2263      919.722      -2826.37      -1906.65      1.30823      197.491
741      25.194      1.22227      916.701      -2823.24      -1906.54      1.30642      197.484
742      25.228      1.21857      913.925      -2820.34      -1906.41      1.30461      197.476
743      25.262      1.21522      911.413      -2817.69      -1906.28      1.30281      197.469
744      25.296      1.21223      909.175      -2815.32      -1906.14      1.301      197.461
745      25.33      1.20962      907.213      -2813.22      -1906      1.29921      197.454
746      25.364      1.20737      905.529      -2811.39      -1905.86      1.29742      197.446
747      25.398      1.20549      904.121      -2809.85      -1905.73      1.29563      197.438
748      25.432      1.20398      902.985      -2808.58      -1905.59      1.29385      197.431
749      25.466      1.20282      902.117      -2807.58      -1905.46      1.29207      197.423
750      25.5      1.20201      901.511      -2806.84      -1905.33      1.2903      197.415
751      25.534      1.20156      901.168      -2806.36      -1905.2      1.28853      197.407
752      25.568      1.20145      901.09      -2806.15      -1905.06      1.28676      197.399
753      25.602      1.20171      901.284      -2806.21      -1904.93      1.285      197.392
754      25.636      1.20234      901.755      -2806.54      -1904.79      1.28324      197.383
755      25.67      1.20335      902.515      -2807.16      -1904.64      1.28149      197.375
756      25.704      1.20477      903.576      -2808.07      -1904.49      1.27974      197.367
757      25.738      1.2066      904.947      -2809.28      -1904.34      1.278      197.359
758      25.772      1.20885      906.637      -2810.81      -1904.17      1.27626      197.351
759      25.806      1.21153      908.651      -2812.66      -1904.01      1.27452      197.342
760      25.84      1.21466      910.992      -2814.84      -1903.85      1.27279      197.334
761      25.874      1.2182      913.652      -2817.35      -1903.69      1.27107      197.325
762      25.908      1.22216      916.621      -2820.16      -1903.54      1.26934      197.317
763      25.942      1.2265      919.874      -2823.28      -1903.4      1.26762      197.308
764      25.976      1.23117      923.38      -2826.66      -1903.28      1.26591      197.299
765      26.01      1.23613      927.098      -2830.28      -1903.18      1.26419      197.29
766      26.044      1.2413      930.976      -2834.09      -1903.11      1.26249      197.281
767      26.078      1.24661      934.959      -2838.02      -1903.07      1.26078      197.272
768      26.112      1.25198      938.983      -2842.04      -1903.05      1.25908      197.263
769      26.146      1.25731      942.981      -2846.06      -1903.08      1.25739      197.254
770      26.18      1.26251      946.886      -2850.02      -1903.13      1.2557      197.245
771      26.214      1.26751      950.633      -2853.85      -1903.22      1.25401      197.236
772      26.248      1.27222      954.162      -2857.5      -1903.33      1.25233      197.227
773      26.282      1.27656      957.419      -2860.9      -1903.48      1.25065      197.217
774      26.316      1.28048      960.36      -2864      -1903.64      1.24897      197.208
775      26.35      1.28394      962.953      -2866.77      -1903.82      1.2473      197.199
776      26.384      1.2869      965.176      -2869.18      -1904      1.24564      197.19
777      26.418      1.28936      967.023      -2871.21      -1904.19      1.24398      197.181
778      26.452      1.29133      968.499      -2872.87      -1904.38      1.24232      197.172
779      26.486      1.29283      969.623      -2874.17      -1904.55      1.24067      197.163
780      26.52      1.2939      970.428      -2875.13      -1904.7      1.23903      197.154
781      26.554      1.29461      970.958      -2875.79      -1904.84      1.23739      197.145
782      26.588      1.29502      971.265      -2876.2      -1904.94      1.23575      197.137
783      26.622      1.2952      971.402      -2876.42      -1905.02      1.23412      197.128
784      26.656      1.29523      971.424      -2876.49      -1905.07      1.23249      197.12
785      26.69      1.29517      971.381      -2876.48      -1905.1      1.23087      197.112
786      26.724      1.29508      971.307      -2876.41      -1905.11      1.22926      197.104
787      26.758      1.29497      971.224      -2876.33      -1905.11      1.22765      197.097
788      26.792      1.29484      971.134      -2876.25      -1905.11      1.22604      197.089
789      26.826      1.29469      971.02      -2876.15      -1905.13      1.22445      197.082
790      26.86      1.29447      970.85      -2876.01      -1905.16      1.22285      197.075
791      26.894      1.29411      970.582      -2875.8      -1905.21      1.22127      197.069
792      26.928      1.29356      970.169      -2875.46      -1905.29      1.21969      197.062
793      26.962      1.29275      969.561      -2874.96      -1905.4      1.21811      197.056
794      26.996      1.29162      968.717      -2874.24      -1905.52      1.21654      197.051
795      27.03      1.29014      967.606      -2873.26      -1905.65      1.21498      197.045
796      27.064      1.28828      966.212      -2872.01      -1905.8      1.21342      197.04
797      27.098      1.28604      964.533      -2870.47      -1905.94      1.21187      197.036
798      27.132      1.28344      962.581      -2868.65      -1906.07      1.21033      197.031
799      27.166      1.28051      960.385      -2866.57      -1906.19      1.20879      197.027
800      27.2      1.27731      957.986      -2864.27      -1906.29      1.20725      197.024
801      27.234      1.27391      955.435      -2861.79      -1906.35      1.20573      197.021
802      27.268      1.27039      952.792      -2859.19      -1906.39      1.20421      197.018
803      27.302      1.26682      950.114      -2856.52      -1906.4      1.20269      197.015
804      27.336      1.26328      947.459      -2853.84      -1906.39      1.20118      197.013
805      27.37      1.25984      944.88      -2851.22      -1906.34      1.19968      197.011
806      27.404      1.25656      942.42      -2848.7      -1906.28      1.19818      197.01
807      27.438      1.25348      940.113      -2846.31      -1906.2      1.19669      197.009
808      27.472      1.25064      937.983      -2844.09      -1906.11      1.19521      197.008
809      27.506      1.24806      936.044      -2842.05      -1906.01      1.19373      197.008
810      27.54      1.24574      934.303      -2840.21      -1905.91      1.19225      197.008
811      27.574      1.24367      932.755      -2838.57      -1905.81      1.19079      197.009
812      27.608      1.24186      931.396      -2837.11      -1905.72      1.18933      197.009
813      27.642      1.24029      930.214      -2835.85      -1905.63      1.18787      197.01
814      27.676      1.23894      929.202      -2834.75      -1905.55      1.18642      197.012
815      27.71      1.2378      928.347      -2833.82      -1905.47      1.18497      197.014
816      27.744      1.23686      927.643      -2833.04      -1905.4      1.18353      197.016
817      27.778      1.23611      927.081      -2832.41      -1905.33      1.1821      197.018
818      27.812      1.23554      926.658      -2831.92      -1905.26      1.18067      197.02
819      27.846      1.23516      926.371      -2831.56      -1905.19      1.17924      197.023
820      27.88      1.23495      926.214      -2831.34      -1905.13      1.17782      197.026
821      27.914      1.23491      926.18      -2831.25      -1905.07      1.17641      197.029
822      27.948      1.23501      926.258      -2831.27      -1905.01      1.175      197.033
823      27.982      1.23525      926.435      -2831.4      -1904.97      1.17359      197.036
824      28.016      1.23559      926.691      -2831.62      -1904.93      1.17219      197.04
825      28.05      1.236      927.002      -2831.91      -1904.91      1.17079      197.044
826      28.084      1.23646      927.345      -2832.24      -1904.89      1.16939      197.047
827      28.118      1.23693      927.694      -2832.59      -1904.9      1.168      197.051
828      28.152      1.23736      928.019      -2832.93      -1904.91      1.16661      197.055
829      28.186      1.23773      928.295      -2833.23      -1904.94      1.16523      197.059
830      28.22      1.238      928.499      -2833.48      -1904.98      1.16385      197.062
831      28.254      1.23815      928.61      -2833.64      -1905.03      1.16247      197.066
832      28.288      1.23815      928.61      -2833.69      -1905.08      1.16109      197.07
833      28.322      1.23798      928.488      -2833.63      -1905.14      1.15972      197.073
834      28.356      1.23765      928.237      -2833.45      -1905.21      1.15835      197.076
835      28.39      1.23714      927.858      -2833.13      -1905.27      1.15698      197.079
836      28.424      1.23648      927.357      -2832.69      -1905.33      1.15561      197.082
837      28.458      1.23567      926.75      -2832.13      -1905.38      1.15424      197.085
838      28.492      1.23474      926.056      -2831.48      -1905.42      1.15288      197.087
839      28.526      1.23374      925.303      -2830.75      -1905.45      1.15152      197.089
840      28.56      1.2327      924.528      -2829.98      -1905.45      1.15016      197.091
841      28.594      1.2317      923.773      -2829.21      -1905.44      1.1488      197.092
842      28.628      1.23078      923.086      -2828.48      -1905.39      1.14744      197.093
843      28.662      1.23003      922.526      -2827.85      -1905.32      1.14608      197.094
844      28.696      1.22953      922.146      -2827.37      -1905.23      1.14472      197.094
845      28.73      1.22934      922.005      -2827.1      -1905.1      1.14337      197.094
846      28.764      1.22954      922.155      -2827.1      -1904.95      1.14202      197.094
847      28.798      1.23019      922.642      -2827.42      -1904.77      1.14066      197.093
848      28.832      1.23133      923.499      -2828.08      -1904.58      1.13931      197.092
849      28.866      1.233      924.75      -2829.14      -1904.39      1.13796      197.091
850      28.9      1.23521      926.404      -2830.59      -1904.18      1.13661      197.089
851      28.934      1.23794      928.455      -2832.44      -1903.99      1.13527      197.087
852      28.968      1.24117      930.88      -2834.68      -1903.8      1.13392      197.084
853      29.002      1.24487      933.651      -2837.29      -1903.63      1.13257      197.081
854      29.036      1.24897      936.728      -2840.21      -1903.49      1.13123      197.078
855      29.07      1.25342      940.064      -2843.43      -1903.36      1.12989      197.075
856      29.104      1.25815      943.611      -2846.88      -1903.26      1.12854      197.071
857      29.138      1.2631      947.322      -2850.51      -1903.19      1.12721      197.067
858      29.172      1.26819      951.145      -2854.29      -1903.14      1.12587      197.063
859      29.206      1.27338      955.032      -2858.15      -1903.11      1.12453      197.059
860      29.24      1.27858      958.935      -2862.05      -1903.11      1.1232      197.054
861      29.274      1.28374      962.807      -2865.94      -1903.13      1.12187      197.049
862      29.308      1.28881      966.606      -2869.78      -1903.18      1.12054      197.045
863      29.342      1.29371      970.286      -2873.53      -1903.24      1.11921      197.04
864      29.376      1.29841      973.804      -2877.14      -1903.33      1.11789      197.035
865      29.41      1.30282      977.115      -2880.56      -1903.44      1.11657      197.03
866      29.444      1.3069      980.178      -2883.75      -1903.57      1.11525      197.025
867      29.478      1.3106      982.953      -2886.67      -1903.72      1.11394      197.02
868      29.512      1.31387      985.402      -2889.29      -1903.89      1.11263      197.016
869      29.546      1.31665      987.49      -2891.56      -1904.07      1.11132      197.011
870      29.58      1.31892      989.188      -2893.46      -1904.27      1.11002      197.006
871      29.614      1.32063      990.47      -2894.95      -1904.48      1.10872      197.002
872      29.648      1.32176      991.321      -2896.02      -1904.7      1.10742      196.997
873      29.682      1.32231      991.731      -2896.65      -1904.92      1.10613      196.993
874      29.716      1.32226      991.698      -2896.84      -1905.14      1.10484      196.989
875      29.75      1.32165      991.237      -2896.59      -1905.35      1.10356      196.985
876      29.784      1.32049      990.365      -2895.92      -1905.55      1.10228      196.981
877      29.818      1.31882      989.116      -2894.85      -1905.74      1.101      196.977
878      29.852      1.31671      987.532      -2893.43      -1905.9      1.09972      196.974
879      29.886      1.31422      985.665      -2891.69      -1906.03      1.09845      196.971
880      29.92      1.31144      983.578      -2889.71      -1906.13      1.09719      196.967
881      29.954      1.30846      981.343      -2887.54      -1906.19      1.09593      196.964
882      29.988      1.30538      979.037      -2885.26      -1906.22      1.09467      196.961
883      30.022      1.30232      976.742      -2882.94      -1906.2      1.09341      196.958
884      30.056      1.29938      974.538      -2880.68      -1906.15      1.09216      196.955
885      30.09      1.29667      972.503      -2878.56      -1906.05      1.09091      196.953
886      30.124      1.29428      970.711      -2876.63      -1905.92      1.08966      196.95
887      30.158      1.2923      969.226      -2874.99      -1905.76      1.08842      196.947
888      30.192      1.2908      968.098      -2873.67      -1905.58      1.08718      196.945
889      30.226      1.28982      967.367      -2872.74      -1905.37      1.08594      196.942
890      30.26      1.28941      967.055      -2872.22      -1905.16      1.08471      196.94
891      30.294      1.28955      967.165      -2872.12      -1904.95      1.08348      196.937
892      30.328      1.29025      967.685      -2872.43      -1904.75      1.08225      196.935
893      30.362      1.29145      968.585      -2873.15      -1904.56      1.08103      196.933
894      30.396      1.29309      969.82      -2874.22      -1904.4      1.0798      196.93
895      30.43      1.29511      971.332      -2875.6      -1904.27      1.07858      196.928
896      30.464      1.2974      973.052      -2877.23      -1904.18      1.07737      196.926
897      30.498      1.29988      974.91      -2879.03      -1904.12      1.07615      196.923
898      30.532      1.30244      976.833      -2880.93      -1904.09      1.07494      196.921
899      30.566      1.30501      978.759      -2882.86      -1904.1      1.07374      196.919
900      30.6      1.30751      980.631      -2884.77      -1904.13      1.07253      196.917
901      30.634      1.30987      982.405      -2886.59      -1904.19      1.07133      196.915
902      30.668      1.31207      984.049      -2888.31      -1904.26      1.07013      196.913
903      30.702      1.31406      985.548      -2889.88      -1904.33      1.06894      196.911
904      30.736      1.31587      986.901      -2891.31      -1904.4      1.06774      196.909
905      30.77      1.31749      988.115      -2892.59      -1904.47      1.06655      196.907
906      30.804      1.31894      989.205      -2893.74      -1904.53      1.06537      196.906
907      30.838      1.32026      990.194      -2894.78      -1904.58      1.06419      196.904
908      30.872      1.32147      991.103      -2895.72      -1904.62      1.06301      196.903
909      30.906      1.3226      991.949      -2896.6      -1904.65      1.06183      196.902
910      30.94      1.32366      992.747      -2897.42      -1904.67      1.06066      196.901
911      30.974      1.32467      993.506      -2898.2      -1904.69      1.05949      196.9
912      31.008      1.32564      994.227      -2898.94      -1904.71      1.05832      196.899
913      31.042      1.32654      994.903      -2899.64      -1904.74      1.05716      196.898
914      31.076      1.32736      995.52      -2900.29      -1904.77      1.056      196.897
915      31.11      1.32808      996.058      -2900.87      -1904.81      1.05484      196.896
916      31.144      1.32867      996.499      -2901.36      -1904.86      1.05368      196.895
917      31.178      1.3291      996.824      -2901.74      -1904.92      1.05253      196.895
918      31.212      1.32936      997.02      -2902.01      -1904.99      1.05138      196.894
919      31.246      1.32944      997.084      -2902.14      -1905.05      1.05023      196.893
920      31.28      1.32936      997.017      -2902.13      -1905.12      1.04909      196.893
921      31.314      1.32911      996.835      -2902.01      -1905.17      1.04794      196.892
922      31.348      1.32875      996.563      -2901.78      -1905.21      1.0468      196.891
923      31.382      1.32832      996.236      -2901.47      -1905.24      1.04567      196.891
924      31.416      1.32787      995.9      -2901.14      -1905.24      1.04453      196.89
925      31.45      1.32747      995.599      -2900.81      -1905.21      1.0434      196.889
926      31.484      1.32717      995.38      -2900.55      -1905.17      1.04227      196.888
927      31.518      1.32705      995.288      -2900.39      -1905.1      1.04114      196.888
928      31.552      1.32715      995.36      -2900.37      -1905.01      1.04001      196.887
929      31.586      1.32749      995.621      -2900.54      -1904.92      1.03889      196.886
930      31.62      1.32812      996.088      -2900.9      -1904.81      1.03777      196.885
931      31.654      1.32901      996.76      -2901.47      -1904.71      1.03665      196.884
932      31.688      1.33017      997.624      -2902.24      -1904.62      1.03553      196.883
933      31.722      1.33154      998.657      -2903.2      -1904.54      1.03442      196.882
934      31.756      1.33309      999.817      -2904.3      -1904.48      1.0333      196.882
935      31.79      1.33474      1001.05      -2905.5      -1904.45      1.03219      196.881
936      31.824      1.33641      1002.31      -2906.76      -1904.45      1.03109      196.88
937      31.858      1.33801      1003.51      -2907.99      -1904.48      1.02998      196.879
938      31.892      1.33945      1004.59      -2909.14      -1904.56      1.02888      196.879
939      31.926      1.34062      1005.46      -2910.13      -1904.66      1.02778      196.878
940      31.96      1.34142      1006.07      -2910.88      -1904.81      1.02669      196.878
941      31.994      1.34176      1006.32      -2911.31      -1905      1.0256      196.877
942      32.028      1.34153      1006.15      -2911.36      -1905.22      1.0245      196.877
943      32.062      1.34065      1005.49      -2910.95      -1905.47      1.02342      196.877
944      32.096      1.33906      1004.3      -2910.03      -1905.74      1.02233      196.877
945      32.13      1.3367      1002.53      -2908.56      -1906.03      1.02125      196.877
946      32.164      1.33354      1000.15      -2906.49      -1906.33      1.02017      196.877
947      32.198      1.32956      997.171      -2903.81      -1906.64      1.0191      196.877
948      32.232      1.32478      993.588      -2900.52      -1906.93      1.01802      196.877
949      32.266      1.31925      989.436      -2896.65      -1907.21      1.01695      196.878
950      32.3      1.31301      984.761      -2892.23      -1907.47      1.01588      196.878
951      32.334      1.30617      979.625      -2887.31      -1907.69      1.01482      196.879
952      32.368      1.29882      974.114      -2881.97      -1907.86      1.01376      196.879
953      32.402      1.2911      968.322      -2876.31      -1907.99      1.0127      196.88
954      32.436      1.28313      962.351      -2870.41      -1908.06      1.01164      196.881
955      32.47      1.27509      956.315      -2864.4      -1908.08      1.01058      196.882
956      32.504      1.2671      950.329      -2858.37      -1908.04      1.00953      196.882
957      32.538      1.25934      944.503      -2852.45      -1907.95      1.00848      196.883
958      32.572      1.25192      938.942      -2846.74      -1907.8      1.00743      196.884
959      32.606      1.24499      933.742      -2841.35      -1907.61      1.00638      196.885
960      32.64      1.23865      928.985      -2836.36      -1907.37      1.00534      196.886
961      32.674      1.23299      924.741      -2831.85      -1907.11      1.0043      196.887
962      32.708      1.22808      921.061      -2827.88      -1906.82      1.00326      196.888
963      32.742      1.22397      917.981      -2824.5      -1906.52      1.00222      196.889
964      32.776      1.2207      915.522      -2821.73      -1906.2      1.00119      196.89
965      32.81      1.21825      913.69      -2819.58      -1905.89      1.00016      196.891
966      32.844      1.21664      912.477      -2818.06      -1905.58      0.999128      196.892
967      32.878      1.21581      911.861      -2817.15      -1905.29      0.9981      196.893
968      32.912      1.21575      911.81      -2816.82      -1905.01      0.997076      196.895
969      32.946      1.21637      912.281      -2817.03      -1904.75      0.996053      196.896
970      32.98      1.21763      913.221      -2817.75      -1904.53      0.995034      196.897
971      33.014      1.21942      914.568      -2818.9      -1904.33      0.994016      196.899
972      33.048      1.22168      916.257      -2820.42      -1904.17      0.993001      196.9
973      33.082      1.22429      918.218      -2822.26      -1904.04      0.991989      196.902
974      33.116      1.22717      920.379      -2824.33      -1903.95      0.990979      196.904
975      33.15      1.23023      922.672      -2826.56      -1903.89      0.989971      196.905
976      33.184      1.23337      925.031      -2828.9      -1903.87      0.988966      196.907
977      33.218      1.23653      927.394      -2831.27      -1903.87      0.987963      196.909
978      33.252      1.23961      929.707      -2833.61      -1903.91      0.986963      196.911
979      33.286      1.24256      931.92      -2835.88      -1903.96      0.985965      196.913
980      33.32      1.24532      933.991      -2838.03      -1904.04      0.984969      196.915
981      33.354      1.24784      935.882      -2840.01      -1904.13      0.983976      196.917
982      33.388      1.25008      937.559      -2841.8      -1904.24      0.982985      196.919
983      33.422      1.25199      938.99      -2843.36      -1904.37      0.981996      196.922
984      33.456      1.25353      940.145      -2844.66      -1904.51      0.98101      196.924
985      33.49      1.25466      940.994      -2845.66      -1904.67      0.980026      196.926
986      33.524      1.25535      941.514      -2846.35      -1904.84      0.979044      196.929
987      33.558      1.25558      941.681      -2846.7      -1905.02      0.978064      196.931
988      33.592      1.25531      941.482      -2846.68      -1905.2      0.977086      196.934
989      33.626      1.25455      940.913      -2846.3      -1905.39      0.97611      196.936
990      33.66      1.25331      939.979      -2845.55      -1905.57      0.975136      196.939
991      33.694      1.25161      938.706      -2844.44      -1905.73      0.974165      196.941
992      33.728      1.24951      937.13      -2843.01      -1905.88      0.973195      196.944
993      33.762      1.24707      935.305      -2841.3      -1905.99      0.972228      196.946
994      33.796      1.24439      933.295      -2839.37      -1906.08      0.971262      196.949
995      33.83      1.24156      931.17      -2837.3      -1906.13      0.970299      196.951
996      33.864      1.23867      929.004      -2835.14      -1906.14      0.969337      196.954
997      33.898      1.23582      926.867      -2832.98      -1906.12      0.968378      196.956
998      33.932      1.2331      924.821      -2830.88      -1906.06      0.96742      196.959
999      33.966      1.23057      922.925      -2828.91      -1905.98      0.966465      196.962
1000      34      1.2283      921.224      -2827.1      -1905.88      0.965512      196.964
1000      34      1.2283      921.224      -2827.1      -1905.88      0.965512      196.964
Execution time in seconds: 1.83227
