Timestep Time Temperature KineticEnergy PotentialEnergy TotalEnergy DiffusionConstant MeanSquareDisplacement
1      0.0158737      2.43235      1824.27      -3729.84      -1905.57      2069.82      197.134
2      0.0317474      2.43093      1823.2      -3728.77      -1905.57      1034.92      197.136
3      0.0476211      2.42856      1821.42      -3726.99      -1905.57      689.955      197.138
4      0.0634947      2.42523      1818.92      -3724.49      -1905.57      517.472      197.14
5      0.0793684      2.42096      1815.72      -3721.29      -1905.57      413.982      197.143
6      0.0952421      2.41573      1811.8      -3717.37      -1905.57      344.989      197.145
7      0.111116      2.40955      1807.16      -3712.73      -1905.57      295.709      197.147
8      0.126989      2.40241      1801.81      -3707.38      -1905.57      258.748      197.15
9      0.142863      2.39431      1795.73      -3701.3      -1905.57      230.001      197.152
10      0.158737      2.38525      1788.94      -3694.51      -1905.57      207.004      197.155
11      0.174611      2.37522      1781.41      -3686.98      -1905.57      188.187      197.157
12      0.190484      2.36421      1773.16      -3678.73      -1905.57      172.507      197.16
13      0.206358      2.35223      1764.17      -3669.75      -1905.57      159.24      197.162
14      0.222232      2.33927      1754.45      -3660.03      -1905.57      147.867      197.165
15      0.238105      2.32533      1744      -3649.57      -1905.57      138.011      197.167
16      0.253979      2.31039      1732.8      -3638.37      -1905.57      129.387      197.17
17      0.269853      2.29447      1720.85      -3626.43      -1905.57      121.778      197.172
18      0.285726      2.27755      1708.16      -3613.74      -1905.58      115.014      197.175
19      0.3016      2.25963      1694.72      -3600.3      -1905.58      108.962      197.178
20      0.317474      2.24071      1680.53      -3586.11      -1905.58      103.515      197.18
21      0.333347      2.22079      1665.59      -3571.17      -1905.58      98.5873      197.183
22      0.349221      2.19986      1649.89      -3555.47      -1905.58      94.1073      197.186
23      0.365095      2.17793      1633.45      -3539.02      -1905.58      90.0169      197.188
24      0.380968      2.155      1616.25      -3521.82      -1905.58      86.2674      197.191
25      0.396842      2.13106      1598.3      -3503.88      -1905.58      82.8178      197.194
26      0.412716      2.10614      1579.61      -3485.19      -1905.58      79.6336      197.196
27      0.428589      2.08024      1560.18      -3465.76      -1905.58      76.6853      197.199
28      0.444463      2.05336      1540.02      -3445.6      -1905.58      73.9475      197.202
29      0.460337      2.02553      1519.15      -3424.73      -1905.58      71.3986      197.205
30      0.476211      1.99676      1497.57      -3403.15      -1905.58      69.0196      197.207
31      0.492084      1.96708      1475.31      -3380.89      -1905.58      66.7941      197.21
32      0.507958      1.93651      1452.38      -3357.96      -1905.58      64.7077      197.213
33      0.523832      1.90507      1428.81      -3334.38      -1905.58      62.7477      197.215
34      0.539705      1.87282      1404.61      -3310.19      -1905.57      60.903      197.218
35      0.555579      1.83978      1379.84      -3285.41      -1905.57      59.1638      197.221
36      0.571453      1.80601      1354.51      -3260.08      -1905.57      57.5211      197.224
37      0.587326      1.77155      1328.66      -3234.23      -1905.57      55.9673      197.226
38      0.6032      1.73647      1302.35      -3207.92      -1905.57      54.4952      197.229
39      0.619074      1.70083      1275.62      -3181.18      -1905.56      53.0986      197.232
40      0.634947      1.6647      1248.52      -3154.08      -1905.56      51.7718      197.234
41      0.650821      1.62815      1221.11      -3126.67      -1905.56      50.5098      197.237
42      0.666695      1.59126      1193.45      -3099      -1905.55      49.3078      197.24
43      0.682568      1.55414      1165.6      -3071.15      -1905.55      48.1618      197.242
44      0.698442      1.51686      1137.64      -3043.19      -1905.55      47.0678      197.245
45      0.714316      1.47952      1109.64      -3015.18      -1905.54      46.0225      197.247
46      0.730189      1.44223      1081.68      -2987.21      -1905.54      45.0226      197.25
47      0.746063      1.4051      1053.82      -2959.36      -1905.53      44.0652      197.252
48      0.761937      1.36822      1026.17      -2931.69      -1905.53      43.1477      197.255
49      0.777811      1.33172      998.79      -2904.31      -1905.52      42.2677      197.257
50      0.793684      1.2957      971.772      -2877.29      -1905.52      41.4228      197.26
51      0.809558      1.26027      945.199      -2850.71      -1905.51      40.6111      197.262
52      0.825432      1.22553      919.151      -2824.66      -1905.51      39.8306      197.265
53      0.841305      1.19161      893.709      -2799.21      -1905.5      39.0795      197.267
54      0.857179      1.1586      868.95      -2774.45      -1905.5      38.3563      197.269
55      0.873053      1.1266      844.949      -2750.44      -1905.49      37.6593      197.271
56      0.888926      1.0957      821.773      -2727.26      -1905.49      36.9872      197.274
57      0.9048      1.06598      799.488      -2704.97      -1905.49      36.3387      197.276
58      0.920674      1.03754      778.152      -2683.64      -1905.48      35.7126      197.278
59      0.936547      1.01042      757.816      -2663.3      -1905.48      35.1077      197.28
60      0.952421      0.984702      738.527      -2644      -1905.48      34.5229      197.282
61      0.968295      0.960429      720.322      -2625.8      -1905.48      33.9573      197.284
62      0.984168      0.937643      703.232      -2608.71      -1905.47      33.4099      197.286
63      1.00004      0.916376      687.282      -2592.76      -1905.47      32.8799      197.288
64      1.01592      0.896648      672.486      -2577.96      -1905.47      32.3665      197.29
65      1.03179      0.878471      658.854      -2564.33      -1905.47      31.8688      197.291
66      1.04766      0.861848      646.386      -2551.86      -1905.47      31.3862      197.293
67      1.06354      0.846772      635.079      -2540.55      -1905.47      30.918      197.295
68      1.07941      0.833226      624.92      -2530.4      -1905.48      30.4636      197.296
69      1.09528      0.821188      615.891      -2521.37      -1905.48      30.0224      197.298
70      1.11116      0.810627      607.97      -2513.45      -1905.48      29.5937      197.3
71      1.12703      0.801505      601.129      -2506.61      -1905.48      29.1771      197.301
72      1.14291      0.793779      595.334      -2500.82      -1905.48      28.7721      197.303
73      1.15878      0.787401      590.551      -2496.04      -1905.49      28.3782      197.304
74      1.17465      0.782319      586.739      -2492.23      -1905.49      27.9949      197.306
75      1.19053      0.778476      583.857      -2489.35      -1905.49      27.6218      197.307
76      1.2064      0.775815      581.861      -2487.35      -1905.49      27.2585      197.308
77      1.22227      0.774273      580.705      -2486.2      -1905.5      26.9047      197.309
78      1.23815      0.77379      580.343      -2485.84      -1905.5      26.5599      197.311
79      1.25402      0.774303      580.727      -2486.23      -1905.5      26.2239      197.312
80      1.26989      0.775748      581.811      -2487.32      -1905.5      25.8963      197.313
81      1.28577      0.778062      583.546      -2489.05      -1905.51      25.5767      197.314
82      1.30164      0.781184      585.888      -2491.4      -1905.51      25.2649      197.315
83      1.31752      0.785052      588.789      -2494.3      -1905.51      24.9607      197.316
84      1.33339      0.789608      592.206      -2497.72      -1905.52      24.6636      197.317
85      1.34926      0.794792      596.094      -2501.61      -1905.52      24.3736      197.318
86      1.36514      0.800549      600.412      -2505.93      -1905.52      24.0903      197.319
87      1.38101      0.806825      605.119      -2510.64      -1905.52      23.8135      197.32
88      1.39688      0.813569      610.177      -2515.7      -1905.52      23.543      197.321
89      1.41276      0.82073      615.547      -2521.07      -1905.53      23.2786      197.322
90      1.42863      0.828261      621.196      -2526.72      -1905.53      23.02      197.323
91      1.44451      0.836117      627.088      -2532.62      -1905.53      22.7671      197.324
92      1.46038      0.844255      633.191      -2538.72      -1905.53      22.5198      197.324
93      1.47625      0.852635      639.476      -2545.01      -1905.53      22.2777      197.325
94      1.49213      0.861219      645.914      -2551.45      -1905.53      22.0408      197.326
95      1.508      0.86997      652.477      -2558.01      -1905.54      21.8088      197.326
96      1.52387      0.878854      659.14      -2564.68      -1905.54      21.5817      197.327
97      1.53975      0.88784      665.88      -2571.42      -1905.54      21.3593      197.328
98      1.55562      0.896898      672.673      -2578.21      -1905.54      21.1414      197.328
99      1.57149      0.905999      679.499      -2585.04      -1905.54      20.9279      197.329
100      1.58737      0.915117      686.337      -2591.88      -1905.54      20.7187      197.33
101      1.60324      0.924227      693.17      -2598.71      -1905.54      20.5136      197.33
102      1.61912      0.933306      699.98      -2605.52      -1905.54      20.3126      197.331
103      1.63499      0.942332      706.749      -2612.29      -1905.54      20.1154      197.331
104      1.65086      0.951285      713.464      -2619.01      -1905.54      19.9221      197.332
105      1.66674      0.960145      720.109      -2625.65      -1905.55      19.7324      197.332
106      1.68261      0.968892      726.669      -2632.21      -1905.55      19.5463      197.332
107      1.69848      0.97751      733.133      -2638.68      -1905.55      19.3636      197.333
108      1.71436      0.985982      739.487      -2645.03      -1905.55      19.1844      197.333
109      1.73023      0.994292      745.719      -2651.27      -1905.55      19.0084      197.334
110      1.74611      1.00242      751.819      -2657.37      -1905.55      18.8356      197.334
111      1.76198      1.01037      757.775      -2663.32      -1905.55      18.666      197.334
112      1.77785      1.0181      763.578      -2669.13      -1905.55      18.4994      197.335
113      1.79373      1.02562      769.218      -2674.77      -1905.55      18.3357      197.335
114      1.8096      1.03291      774.686      -2680.24      -1905.55      18.1749      197.335
115      1.82547      1.03996      779.974      -2685.52      -1905.55      18.0169      197.336
116      1.84135      1.04676      785.073      -2690.62      -1905.55      17.8616      197.336
117      1.85722      1.0533      789.977      -2695.53      -1905.55      17.7089      197.336
118      1.87309      1.05957      794.68      -2700.23      -1905.55      17.5589      197.337
119      1.88897      1.06557      799.175      -2704.73      -1905.55      17.4114      197.337
120      1.90484      1.07127      803.456      -2709.01      -1905.55      17.2663      197.337
121      1.92072      1.07669      807.52      -2713.07      -1905.55      17.1236      197.337
122      1.93659      1.08182      811.362      -2716.91      -1905.55      16.9833      197.338
123      1.95246      1.08664      814.981      -2720.53      -1905.55      16.8452      197.338
124      1.96834      1.09116      818.372      -2723.92      -1905.55      16.7094      197.338
125      1.98421      1.09538      821.537      -2727.09      -1905.55      16.5757      197.339
126      2.00008      1.0993      824.473      -2730.03      -1905.55      16.4442      197.339
127      2.01596      1.10291      827.183      -2732.73      -1905.55      16.3147      197.339
128      2.03183      1.10622      829.667      -2735.22      -1905.55      16.1873      197.339
129      2.04771      1.10924      831.928      -2737.48      -1905.55      16.0618      197.34
130      2.06358      1.11196      833.969      -2739.52      -1905.55      15.9383      197.34
131      2.07945      1.11439      835.795      -2741.35      -1905.55      15.8167      197.34
132      2.09533      1.11655      837.411      -2742.96      -1905.55      15.6969      197.34
133      2.1112      1.11843      838.823      -2744.37      -1905.55      15.5789      197.341
134      2.12707      1.12005      840.038      -2745.59      -1905.55      15.4626      197.341
135      2.14295      1.12142      841.062      -2746.61      -1905.55      15.3481      197.341
136      2.15882      1.12254      841.906      -2747.45      -1905.55      15.2353      197.341
137      2.17469      1.12343      842.576      -2748.12      -1905.55      15.1241      197.342
138      2.19057      1.12411      843.083      -2748.63      -1905.55      15.0145      197.342
139      2.20644      1.12458      843.435      -2748.98      -1905.55      14.9065      197.342
140      2.22232      1.12486      843.643      -2749.19      -1905.55      14.8001      197.343
141      2.23819      1.12496      843.717      -2749.26      -1905.55      14.6952      197.343
142      2.25406      1.12489      843.667      -2749.21      -1905.54      14.5917      197.344
143      2.26994      1.12467      843.504      -2749.05      -1905.54      14.4897      197.344
144      2.28581      1.12432      843.236      -2748.78      -1905.54      14.3891      197.344
145      2.30168      1.12383      842.876      -2748.42      -1905.54      14.2899      197.345
146      2.31756      1.12324      842.431      -2747.97      -1905.54      14.192      197.345
147      2.33343      1.12255      841.911      -2747.45      -1905.54      14.0955      197.346
148      2.34931      1.12177      841.326      -2746.87      -1905.54      14.0003      197.346
149      2.36518      1.12091      840.684      -2746.23      -1905.54      13.9064      197.347
150      2.38105      1.11999      839.994      -2745.53      -1905.54      13.8137      197.347
151      2.39693      1.11902      839.263      -2744.8      -1905.54      13.7223      197.348
152      2.4128      1.118      838.499      -2744.04      -1905.54      13.632      197.348
153      2.42867      1.11694      837.708      -2743.25      -1905.54      13.543      197.349
154      2.44455      1.11586      836.896      -2742.44      -1905.54      13.4551      197.35
155      2.46042      1.11476      836.071      -2741.61      -1905.54      13.3683      197.35
156      2.47629      1.11365      835.237      -2740.78      -1905.54      13.2827      197.351
157      2.49217      1.11253      834.401      -2739.94      -1905.54      13.1981      197.352
158      2.50804      1.11142      833.567      -2739.11      -1905.54      13.1146      197.352
159      2.52392      1.11032      832.741      -2738.28      -1905.54      13.0322      197.353
160      2.53979      1.10924      831.927      -2737.47      -1905.54      12.9508      197.354
161      2.55566      1.10818      831.132      -2736.67      -1905.54      12.8704      197.355
162      2.57154      1.10715      830.361      -2735.9      -1905.54      12.791      197.355
163      2.58741      1.10616      829.619      -2735.16      -1905.54      12.7126      197.356
164      2.60328      1.10522      828.912      -2734.45      -1905.54      12.6351      197.357
165      2.61916      1.10433      828.245      -2733.78      -1905.54      12.5586      197.358
166      2.63503      1.1035      827.624      -2733.16      -1905.54      12.483      197.359
167      2.65091      1.10274      827.057      -2732.59      -1905.54      12.4083      197.36
168      2.66678      1.10207      826.55      -2732.09      -1905.54      12.3345      197.361
169      2.68265      1.10148      826.108      -2731.64      -1905.54      12.2616      197.361
170      2.69853      1.10099      825.74      -2731.28      -1905.54      12.1895      197.362
171      2.7144      1.1006      825.452      -2730.99      -1905.54      12.1183      197.363
172      2.73027      1.10033      825.25      -2730.78      -1905.53      12.0479      197.364
173      2.74615      1.10019      825.14      -2730.67      -1905.53      11.9783      197.365
174      2.76202      1.10017      825.129      -2730.66      -1905.53      11.9095      197.366
175      2.77789      1.10029      825.221      -2730.75      -1905.53      11.8415      197.367
176      2.79377      1.10056      825.422      -2730.96      -1905.53      11.7743      197.368
177      2.80964      1.10098      825.735      -2731.27      -1905.53      11.7079      197.369
178      2.82552      1.10155      826.162      -2731.7      -1905.53      11.6422      197.37
179      2.84139      1.10228      826.706      -2732.24      -1905.53      11.5772      197.372
180      2.85726      1.10316      827.368      -2732.9      -1905.53      11.5129      197.373
181      2.87314      1.1042      828.147      -2733.68      -1905.53      11.4494      197.374
182      2.88901      1.10539      829.041      -2734.58      -1905.53      11.3865      197.375
183      2.90488      1.10673      830.048      -2735.58      -1905.53      11.3244      197.376
184      2.92076      1.10822      831.164      -2736.7      -1905.53      11.2629      197.377
185      2.93663      1.10984      832.383      -2737.92      -1905.53      11.2021      197.378
186      2.95251      1.1116      833.701      -2739.24      -1905.54      11.1419      197.379
187      2.96838      1.11348      835.109      -2740.65      -1905.54      11.0824      197.38
188      2.98425      1.11547      836.602      -2742.14      -1905.54      11.0235      197.381
189      3.00013      1.11756      838.172      -2743.71      -1905.54      10.9652      197.382
190      3.016      1.11975      839.811      -2745.35      -1905.54      10.9076      197.383
191      3.03187      1.12201      841.51      -2747.05      -1905.54      10.8505      197.384
192      3.04775      1.12435      843.262      -2748.8      -1905.54      10.7941      197.385
193      3.06362      1.12675      845.06      -2750.6      -1905.54      10.7382      197.386
194      3.07949      1.12919      846.894      -2752.43      -1905.54      10.6829      197.387
195      3.09537      1.13168      848.759      -2754.3      -1905.54      10.6282      197.388
196      3.11124      1.13419      850.646      -2756.19      -1905.54      10.574      197.389
197      3.12712      1.13673      852.55      -2758.09      -1905.54      10.5204      197.39
198      3.14299      1.13929      854.464      -2760      -1905.54      10.4673      197.391
199      3.15886      1.14184      856.384      -2761.92      -1905.54      10.4147      197.392
200      3.17474      1.14441      858.304      -2763.85      -1905.54      10.3627      197.393
201      3.19061      1.14696      860.22      -2765.76      -1905.54      10.3112      197.394
202      3.20648      1.14951      862.129      -2767.67      -1905.54      10.2602      197.395
203      3.22236      1.15204      864.028      -2769.57      -1905.54      10.2097      197.395
204      3.23823      1.15455      865.914      -2771.46      -1905.54      10.1597      197.396
205      3.25411      1.15705      867.784      -2773.33      -1905.54      10.1101      197.397
206      3.26998      1.15952      869.637      -2775.18      -1905.54      10.0611      197.398
207      3.28585      1.16196      871.472      -2777.01      -1905.54      10.0125      197.398
208      3.30173      1.16438      873.286      -2778.83      -1905.54      9.96443      197.399
209      3.3176      1.16677      875.08      -2780.62      -1905.54      9.91678      197.399
210      3.33347      1.16913      876.851      -2782.39      -1905.54      9.86959      197.4
211      3.34935      1.17146      878.599      -2784.14      -1905.54      9.82283      197.401
212      3.36522      1.17376      880.323      -2785.86      -1905.54      9.77652      197.401
213      3.38109      1.17603      882.024      -2787.57      -1905.54      9.73064      197.401
214      3.39697      1.17827      883.7      -2789.24      -1905.54      9.68519      197.402
215      3.41284      1.18047      885.35      -2790.89      -1905.54      9.64015      197.402
216      3.42872      1.18263      886.975      -2792.52      -1905.54      9.59553      197.402
217      3.44459      1.18476      888.573      -2794.11      -1905.54      9.55132      197.402
218      3.46046      1.18686      890.143      -2795.68      -1905.54      9.50752      197.402
219      3.47634      1.18891      891.686      -2797.23      -1905.54      9.4641      197.402
220      3.49221      1.19093      893.2      -2798.74      -1905.54      9.42108      197.402
221      3.50808      1.19291      894.686      -2800.23      -1905.54      9.37845      197.402
222      3.52396      1.19486      896.142      -2801.68      -1905.54      9.3362      197.402
223      3.53983      1.19676      897.569      -2803.11      -1905.54      9.29432      197.402
224      3.55571      1.19862      898.966      -2804.51      -1905.54      9.25282      197.402
225      3.57158      1.20044      900.333      -2805.87      -1905.54      9.21168      197.401
226      3.58745      1.20223      901.671      -2807.21      -1905.54      9.1709      197.401
227      3.60333      1.20397      902.98      -2808.52      -1905.54      9.13047      197.4
228      3.6192      1.20568      904.26      -2809.8      -1905.54      9.0904      197.4
229      3.63507      1.20735      905.514      -2811.06      -1905.54      9.05067      197.399
230      3.65095      1.20899      906.742      -2812.28      -1905.54      9.01129      197.398
231      3.66682      1.21059      907.946      -2813.49      -1905.54      8.97224      197.398
232      3.68269      1.21217      909.127      -2814.67      -1905.54      8.93353      197.397
233      3.69857      1.21372      910.287      -2815.83      -1905.54      8.89514      197.396
234      3.71444      1.21524      911.429      -2816.97      -1905.54      8.85708      197.395
235      3.73032      1.21674      912.556      -2818.1      -1905.54      8.81934      197.394
236      3.74619      1.21823      913.67      -2819.21      -1905.54      8.78192      197.392
237      3.76206      1.2197      914.774      -2820.31      -1905.54      8.7448      197.391
238      3.77794      1.22116      915.872      -2821.41      -1905.54      8.708      197.39
239      3.79381      1.22262      916.967      -2822.51      -1905.54      8.6715      197.388
240      3.80968      1.22408      918.061      -2823.6      -1905.54      8.6353      197.387
241      3.82556      1.22555      919.16      -2824.7      -1905.54      8.5994      197.385
242      3.84143      1.22702      920.266      -2825.81      -1905.54      8.56379      197.383
243      3.85731      1.22851      921.382      -2826.92      -1905.54      8.52847      197.382
244      3.87318      1.23002      922.512      -2828.05      -1905.54      8.49344      197.38
245      3.88905      1.23155      923.659      -2829.2      -1905.54      8.45869      197.378
246      3.90493      1.2331      924.826      -2830.36      -1905.54      8.42422      197.376
247      3.9208      1.23469      926.016      -2831.55      -1905.54      8.39003      197.374
248      3.93667      1.23631      927.23      -2832.77      -1905.54      8.3561      197.372
249      3.95255      1.23796      928.47      -2834.01      -1905.54      8.32245      197.369
250      3.96842      1.23965      929.739      -2835.28      -1905.54      8.28907      197.367
251      3.98429      1.24138      931.036      -2836.57      -1905.54      8.25595      197.365
252      4.00017      1.24315      932.363      -2837.9      -1905.54      8.22308      197.362
253      4.01604      1.24496      933.718      -2839.26      -1905.54      8.19048      197.36
254      4.03192      1.2468      935.101      -2840.64      -1905.54      8.15813      197.357
255      4.04779      1.24868      936.512      -2842.05      -1905.54      8.12603      197.355
256      4.06366      1.2506      937.946      -2843.48      -1905.54      8.09418      197.352
257      4.07954      1.25254      939.404      -2844.94      -1905.54      8.06258      197.349
258      4.09541      1.25451      940.88      -2846.42      -1905.54      8.03122      197.347
259      4.11128      1.2565      942.372      -2847.91      -1905.54      8.0001      197.344
260      4.12716      1.2585      943.875      -2849.41      -1905.54      7.96921      197.341
261      4.14303      1.26051      945.385      -2850.93      -1905.54      7.93856      197.338
262      4.15891      1.26253      946.898      -2852.44      -1905.54      7.90815      197.335
263      4.17478      1.26454      948.406      -2853.95      -1905.54      7.87796      197.333
264      4.19065      1.26654      949.906      -2855.45      -1905.54      7.84801      197.33
265      4.20653      1.26852      951.392      -2856.93      -1905.54      7.81827      197.327
266      4.2224      1.27048      952.857      -2858.4      -1905.54      7.78876      197.324
267      4.23827      1.27239      954.295      -2859.84      -1905.54      7.75947      197.321
268      4.25415      1.27427      955.701      -2861.24      -1905.54      7.7304      197.318
269      4.27002      1.27609      957.069      -2862.61      -1905.54      7.70154      197.315
270      4.28589      1.27786      958.392      -2863.94      -1905.54      7.6729      197.311
271      4.30177      1.27955      959.665      -2865.21      -1905.54      7.64447      197.308
272      4.31764      1.28118      960.884      -2866.43      -1905.54      7.61625      197.305
273      4.33352      1.28272      962.043      -2867.59      -1905.54      7.58823      197.302
274      4.34939      1.28418      963.137      -2868.68      -1905.54      7.56042      197.299
275      4.36526      1.28555      964.164      -2869.71      -1905.54      7.53281      197.296
276      4.38114      1.28682      965.119      -2870.66      -1905.55      7.5054      197.293
277      4.39701      1.288      965.998      -2871.54      -1905.55      7.47818      197.29
278      4.41288      1.28907      966.801      -2872.35      -1905.55      7.45117      197.287
279      4.42876      1.29003      967.524      -2873.07      -1905.55      7.42435      197.284
280      4.44463      1.29089      968.166      -2873.71      -1905.55      7.39772      197.281
281      4.46051      1.29163      968.726      -2874.27      -1905.55      7.37128      197.278
282      4.47638      1.29227      969.203      -2874.75      -1905.55      7.34503      197.275
283      4.49225      1.29279      969.596      -2875.14      -1905.55      7.31897      197.272
284      4.50813      1.29321      969.905      -2875.45      -1905.55      7.29309      197.269
285      4.524      1.29351      970.132      -2875.68      -1905.55      7.26739      197.266
286      4.53987      1.2937      970.277      -2875.82      -1905.55      7.24187      197.263
287      4.55575      1.29379      970.34      -2875.89      -1905.55      7.21654      197.26
288      4.57162      1.29376      970.323      -2875.87      -1905.55      7.19138      197.258
289      4.58749      1.29364      970.227      -2875.77      -1905.55      7.16639      197.255
290      4.60337      1.2934      970.053      -2875.6      -1905.55      7.14158      197.252
291      4.61924      1.29307      969.804      -2875.35      -1905.55      7.11695      197.249
292      4.63512      1.29264      969.48      -2875.03      -1905.55      7.09248      197.247
293      4.65099      1.29211      969.084      -2874.63      -1905.55      7.06818      197.244
294      4.66686      1.29149      968.618      -2874.16      -1905.55      7.04405      197.242
295      4.68274      1.29078      968.084      -2873.63      -1905.55      7.02008      197.239
296      4.69861      1.28998      967.484      -2873.03      -1905.54      6.99628      197.237
297      4.71448      1.28909      966.821      -2872.37      -1905.54      6.97264      197.235
298      4.73036      1.28813      966.098      -2871.64      -1905.54      6.94917      197.232
299      4.74623      1.28709      965.317      -2870.86      -1905.54      6.92585      197.23
300      4.76211      1.28597      964.481      -2870.02      -1905.54      6.90268      197.228
301      4.77798      1.28479      963.592      -2869.14      -1905.54      6.87968      197.226
302      4.79385      1.28354      962.655      -2868.2      -1905.54      6.85683      197.224
303      4.80973      1.28223      961.673      -2867.22      -1905.54      6.83413      197.222
304      4.8256      1.28087      960.651      -2866.19      -1905.54      6.81158      197.22
305      4.84147      1.27946      959.593      -2865.14      -1905.54      6.78919      197.218
306      4.85735      1.27801      958.504      -2864.05      -1905.54      6.76694      197.216
307      4.87322      1.27652      957.389      -2862.93      -1905.54      6.74484      197.215
308      4.88909      1.275      956.251      -2861.79      -1905.54      6.72288      197.213
309      4.90497      1.27346      955.098      -2860.64      -1905.54      6.70107      197.211
310      4.92084      1.27191      953.935      -2859.48      -1905.54      6.6794      197.21
311      4.93672      1.27036      952.769      -2858.31      -1905.54      6.65788      197.208
312      4.95259      1.26881      951.606      -2857.15      -1905.54      6.63649      197.207
313      4.96846      1.26727      950.453      -2855.99      -1905.54      6.61524      197.206
314      4.98434      1.26576      949.318      -2854.86      -1905.54      6.59413      197.204
315      5.00021      1.26427      948.206      -2853.75      -1905.54      6.57316      197.203
316      5.01608      1.26283      947.126      -2852.67      -1905.54      6.55232      197.202
317      5.03196      1.26145      946.085      -2851.62      -1905.54      6.53162      197.201
318      5.04783      1.26012      945.089      -2850.63      -1905.54      6.51104      197.2
319      5.06371      1.25886      944.146      -2849.68      -1905.54      6.4906      197.199
320      5.07958      1.25768      943.26      -2848.8      -1905.54      6.47029      197.198
321      5.09545      1.25659      942.439      -2847.98      -1905.54      6.4501      197.197
322      5.11133      1.25558      941.688      -2847.23      -1905.54      6.43004      197.196
323      5.1272      1.25468      941.011      -2846.55      -1905.54      6.41011      197.196
324      5.14307      1.25388      940.412      -2845.95      -1905.54      6.3903      197.195
325      5.15895      1.25319      939.895      -2845.43      -1905.54      6.37062      197.194
326      5.17482      1.25261      939.461      -2845      -1905.54      6.35106      197.194
327      5.19069      1.25215      939.112      -2844.65      -1905.54      6.33162      197.193
328      5.20657      1.2518      938.849      -2844.39      -1905.54      6.3123      197.193
329      5.22244      1.25156      938.673      -2844.21      -1905.54      6.2931      197.192
330      5.23832      1.25144      938.582      -2844.12      -1905.54      6.27402      197.192
331      5.25419      1.25144      938.577      -2844.11      -1905.54      6.25505      197.191
332      5.27006      1.25154      938.655      -2844.19      -1905.54      6.2362      197.191
333      5.28594      1.25175      938.816      -2844.35      -1905.54      6.21747      197.191
334      5.30181      1.25208      939.058      -2844.6      -1905.54      6.19885      197.191
335      5.31768      1.25251      939.379      -2844.92      -1905.54      6.18034      197.19
336      5.33356      1.25304      939.778      -2845.32      -1905.54      6.16194      197.19
337      5.34943      1.25367      940.253      -2845.79      -1905.54      6.14365      197.19
338      5.36531      1.2544      940.802      -2846.34      -1905.54      6.12548      197.19
339      5.38118      1.25523      941.424      -2846.96      -1905.54      6.10741      197.19
340      5.39705      1.25616      942.119      -2847.66      -1905.54      6.08945      197.191
341      5.41293      1.25718      942.886      -2848.42      -1905.54      6.0716      197.191
342      5.4288      1.2583      943.725      -2849.26      -1905.54      6.05386      197.191
343      5.44467      1.25951      944.636      -2850.17      -1905.54      6.03622      197.191
344      5.46055      1.26082      945.618      -2851.16      -1905.54      6.01868      197.192
345      5.47642      1.26223      946.672      -2852.21      -1905.54      6.00125      197.192
346      5.49229      1.26373      947.799      -2853.34      -1905.54      5.98392      197.193
347      5.50817      1.26533      948.999      -2854.54      -1905.54      5.96669      197.193
348      5.52404      1.26703      950.273      -2855.81      -1905.54      5.94956      197.194
349      5.53992      1.26883      951.62      -2857.16      -1905.54      5.93254      197.195
350      5.55579      1.27072      953.04      -2858.58      -1905.54      5.91561      197.195
351      5.57166      1.27271      954.532      -2860.07      -1905.54      5.89878      197.196
352      5.58754      1.2748      956.097      -2861.63      -1905.54      5.88205      197.197
353      5.60341      1.27697      957.731      -2863.27      -1905.54      5.86541      197.198
354      5.61928      1.27925      959.435      -2864.97      -1905.54      5.84887      197.199
355      5.63516      1.28161      961.204      -2866.74      -1905.54      5.83243      197.2
356      5.65103      1.28405      963.037      -2868.57      -1905.54      5.81608      197.201
357      5.66691      1.28657      964.929      -2870.47      -1905.54      5.79982      197.202
358      5.68278      1.28917      966.877      -2872.41      -1905.54      5.78366      197.203
359      5.69865      1.29183      968.875      -2874.41      -1905.54      5.76759      197.205
360      5.71453      1.29456      970.918      -2876.46      -1905.54      5.75161      197.206
361      5.7304      1.29734      973.002      -2878.54      -1905.54      5.73571      197.208
362      5.74627      1.30016      975.12      -2880.66      -1905.54      5.71991      197.209
363      5.76215      1.30302      977.267      -2882.81      -1905.54      5.7042      197.211
364      5.77802      1.30591      979.436      -2884.98      -1905.54      5.68858      197.212
365      5.79389      1.30883      981.619      -2887.16      -1905.54      5.67304      197.214
366      5.80977      1.31175      983.81      -2889.35      -1905.54      5.65759      197.216
367      5.82564      1.31467      986.002      -2891.54      -1905.54      5.64223      197.218
368      5.84152      1.31758      988.188      -2893.73      -1905.54      5.62695      197.22
369      5.85739      1.32048      990.362      -2895.9      -1905.54      5.61176      197.221
370      5.87326      1.32336      992.518      -2898.06      -1905.54      5.59665      197.223
371      5.88914      1.3262      994.649      -2900.19      -1905.54      5.58162      197.226
372      5.90501      1.329      996.75      -2902.29      -1905.54      5.56667      197.228
373      5.92088      1.33175      998.816      -2904.36      -1905.54      5.55181      197.23
374      5.93676      1.33445      1000.84      -2906.38      -1905.54      5.53703      197.232
375      5.95263      1.33709      1002.82      -2908.36      -1905.54      5.52233      197.234
376      5.96851      1.33966      1004.75      -2910.29      -1905.54      5.5077      197.237
377      5.98438      1.34216      1006.62      -2912.17      -1905.54      5.49316      197.239
378      6.00025      1.34458      1008.44      -2913.98      -1905.54      5.4787      197.241
379      6.01613      1.34693      1010.2      -2915.74      -1905.54      5.46431      197.244
380      6.032      1.34919      1011.89      -2917.44      -1905.54      5.45      197.246
381      6.04787      1.35136      1013.52      -2919.07      -1905.54      5.43576      197.249
382      6.06375      1.35345      1015.09      -2920.63      -1905.54      5.42161      197.252
383      6.07962      1.35545      1016.59      -2922.13      -1905.54      5.40752      197.254
384      6.09549      1.35736      1018.02      -2923.56      -1905.54      5.39351      197.257
385      6.11137      1.35917      1019.38      -2924.92      -1905.54      5.37958      197.26
386      6.12724      1.3609      1020.67      -2926.22      -1905.54      5.36572      197.262
387      6.14312      1.36253      1021.9      -2927.44      -1905.54      5.35193      197.265
388      6.15899      1.36407      1023.05      -2928.6      -1905.54      5.33821      197.268
389      6.17486      1.36552      1024.14      -2929.68      -1905.54      5.32456      197.271
390      6.19074      1.36687      1025.15      -2930.7      -1905.54      5.31099      197.274
391      6.20661      1.36813      1026.1      -2931.64      -1905.54      5.29748      197.277
392      6.22248      1.3693      1026.97      -2932.52      -1905.54      5.28405      197.279
393      6.23836      1.37037      1027.78      -2933.32      -1905.54      5.27068      197.282
394      6.25423      1.37135      1028.51      -2934.05      -1905.54      5.25739      197.285
395      6.27011      1.37223      1029.17      -2934.71      -1905.54      5.24416      197.288
396      6.28598      1.37301      1029.76      -2935.3      -1905.54      5.23099      197.291
397      6.30185      1.37369      1030.27      -2935.81      -1905.54      5.2179      197.295
398      6.31773      1.37428      1030.71      -2936.25      -1905.54      5.20487      197.298
399      6.3336      1.37476      1031.07      -2936.61      -1905.54      5.1919      197.301
400      6.34947      1.37514      1031.35      -2936.9      -1905.54      5.17901      197.304
401      6.36535      1.37541      1031.56      -2937.1      -1905.54      5.16617      197.307
402      6.38122      1.37558      1031.68      -2937.23      -1905.54      5.1534      197.31
403      6.39709      1.37564      1031.73      -2937.27      -1905.54      5.1407      197.313
404      6.41297      1.37559      1031.69      -2937.24      -1905.54      5.12805      197.316
405      6.42884      1.37544      1031.58      -2937.12      -1905.54      5.11547      197.319
406      6.44472      1.37517      1031.38      -2936.93      -1905.54      5.10295      197.323
407      6.46059      1.3748      1031.1      -2936.65      -1905.54      5.0905      197.326
408      6.47646      1.37433      1030.75      -2936.29      -1905.54      5.0781      197.329
409      6.49234      1.37374      1030.31      -2935.85      -1905.54      5.06577      197.332
410      6.50821      1.37306      1029.79      -2935.34      -1905.54      5.05349      197.335
411      6.52408      1.37227      1029.2      -2934.75      -1905.54      5.04128      197.338
412      6.53996      1.37139      1028.54      -2934.09      -1905.54      5.02912      197.341
413      6.55583      1.37041      1027.81      -2933.35      -1905.54      5.01702      197.344
414      6.57171      1.36935      1027.01      -2932.56      -1905.54      5.00498      197.348
415      6.58758      1.3682      1026.15      -2931.7      -1905.54      4.993      197.351
416      6.60345      1.36698      1025.23      -2930.78      -1905.54      4.98108      197.354
417      6.61933      1.36568      1024.26      -2929.81      -1905.54      4.96921      197.357
418      6.6352      1.36433      1023.24      -2928.79      -1905.54      4.9574      197.36
419      6.65107      1.36291      1022.18      -2927.72      -1905.54      4.94564      197.363
420      6.66695      1.36145      1021.08      -2926.63      -1905.54      4.93394      197.366
421      6.68282      1.35994      1019.95      -2925.49      -1905.54      4.9223      197.369
422      6.69869      1.3584      1018.8      -2924.34      -1905.54      4.91071      197.372
423      6.71457      1.35683      1017.62      -2923.16      -1905.54      4.89917      197.375
424      6.73044      1.35524      1016.43      -2921.97      -1905.54      4.88769      197.378
425      6.74632      1.35364      1015.23      -2920.77      -1905.54      4.87626      197.381
426      6.76219      1.35204      1014.03      -2919.57      -1905.54      4.86489      197.384
427      6.77806      1.35044      1012.83      -2918.37      -1905.54      4.85356      197.387
428      6.79394      1.34885      1011.64      -2917.18      -1905.54      4.84229      197.389
429      6.80981      1.34728      1010.46      -2916      -1905.54      4.83108      197.392
430      6.82568      1.34573      1009.3      -2914.84      -1905.54      4.81991      197.395
431      6.84156      1.3442      1008.15      -2913.69      -1905.54      4.80879      197.398
432      6.85743      1.3427      1007.03      -2912.57      -1905.54      4.79773      197.401
433      6.87331      1.34124      1005.93      -2911.47      -1905.54      4.78672      197.403
434      6.88918      1.33981      1004.86      -2910.39      -1905.54      4.77575      197.406
435      6.90505      1.33842      1003.81      -2909.35      -1905.54      4.76484      197.409
436      6.92093      1.33707      1002.8      -2908.34      -1905.54      4.75397      197.411
437      6.9368      1.33575      1001.82      -2907.35      -1905.54      4.74316      197.414
438      6.95267      1.33448      1000.86      -2906.4      -1905.54      4.73239      197.416
439      6.96855      1.33325      999.937      -2905.48      -1905.54      4.72167      197.419
440      6.98442      1.33206      999.041      -2904.58      -1905.54      4.711      197.422
441      7.00029      1.3309      998.174      -2903.71      -1905.54      4.70037      197.424
442      7.01617      1.32978      997.334      -2902.87      -1905.54      4.6898      197.426
443      7.03204      1.32869      996.518      -2902.06      -1905.54      4.67927      197.429
444      7.04792      1.32763      995.725      -2901.26      -1905.54      4.66879      197.431
445      7.06379      1.3266      994.953      -2900.49      -1905.54      4.65835      197.434
446      7.07966      1.3256      994.199      -2899.74      -1905.54      4.64796      197.436
447      7.09554      1.32462      993.461      -2899      -1905.54      4.63761      197.438
448      7.11141      1.32365      992.738      -2898.28      -1905.54      4.62731      197.44
449      7.12728      1.3227      992.026      -2897.57      -1905.54      4.61706      197.443
450      7.14316      1.32176      991.323      -2896.86      -1905.54      4.60685      197.445
451      7.15903      1.32084      990.627      -2896.17      -1905.54      4.59668      197.447
452      7.17491      1.31991      989.935      -2895.48      -1905.54      4.58656      197.449
453      7.19078      1.31899      989.246      -2894.79      -1905.54      4.57649      197.451
454      7.20665      1.31807      988.555      -2894.1      -1905.54      4.56645      197.453
455      7.22253      1.31715      987.861      -2893.4      -1905.54      4.55646      197.455
456      7.2384      1.31622      987.162      -2892.7      -1905.54      4.54651      197.457
457      7.25427      1.31527      986.455      -2892      -1905.54      4.53661      197.459
458      7.27015      1.31432      985.739      -2891.28      -1905.54      4.52674      197.461
459      7.28602      1.31335      985.01      -2890.55      -1905.54      4.51692      197.462
460      7.30189      1.31236      984.267      -2889.81      -1905.54      4.50714      197.464
461      7.31777      1.31134      983.507      -2889.05      -1905.54      4.4974      197.466
462      7.33364      1.3103      982.727      -2888.27      -1905.54      4.48771      197.467
463      7.34952      1.30923      981.926      -2887.47      -1905.54      4.47805      197.469
464      7.36539      1.30813      981.1      -2886.64      -1905.54      4.46843      197.471
465      7.38126      1.307      980.249      -2885.79      -1905.54      4.45886      197.472
466      7.39714      1.30583      979.369      -2884.91      -1905.54      4.44932      197.473
467      7.41301      1.30461      978.46      -2884      -1905.54      4.43983      197.475
468      7.42888      1.30336      977.519      -2883.06      -1905.54      4.43037      197.476
469      7.44476      1.30206      976.545      -2882.09      -1905.54      4.42095      197.477
470      7.46063      1.30072      975.537      -2881.08      -1905.54      4.41157      197.479
471      7.47651      1.29932      974.493      -2880.04      -1905.54      4.40223      197.48
472      7.49238      1.29788      973.413      -2878.96      -1905.54      4.39293      197.481
473      7.50825      1.29639      972.295      -2877.84      -1905.54      4.38366      197.482
474      7.52413      1.29485      971.14      -2876.68      -1905.54      4.37444      197.483
475      7.54      1.29326      969.948      -2875.49      -1905.54      4.36525      197.484
476      7.55587      1.29163      968.72      -2874.26      -1905.54      4.35609      197.485
477      7.57175      1.28994      967.457      -2873      -1905.54      4.34698      197.485
478      7.58762      1.28821      966.16      -2871.7      -1905.54      4.3379      197.486
479      7.60349      1.28644      964.832      -2870.38      -1905.54      4.32886      197.487
480      7.61937      1.28463      963.476      -2869.02      -1905.54      4.31985      197.487
481      7.63524      1.28279      962.095      -2867.64      -1905.54      4.31088      197.488
482      7.65112      1.28093      960.694      -2866.24      -1905.54      4.30195      197.488
483      7.66699      1.27904      959.276      -2864.82      -1905.54      4.29305      197.488
484      7.68286      1.27713      957.847      -2863.39      -1905.54      4.28418      197.489
485      7.69874      1.27522      956.412      -2861.95      -1905.54      4.27535      197.489
486      7.71461      1.2733      954.977      -2860.52      -1905.54      4.26656      197.489
487      7.73048      1.2714      953.548      -2859.09      -1905.54      4.2578      197.489
488      7.74636      1.26951      952.13      -2857.67      -1905.54      4.24907      197.489
489      7.76223      1.26764      950.731      -2856.27      -1905.54      4.24038      197.489
490      7.77811      1.26581      949.357      -2854.9      -1905.54      4.23172      197.489
491      7.79398      1.26402      948.014      -2853.55      -1905.54      4.2231      197.488
492      7.80985      1.26228      946.708      -2852.25      -1905.54      4.21451      197.488
493      7.82573      1.26059      945.446      -2850.98      -1905.54      4.20595      197.488
494      7.8416      1.25898      944.232      -2849.77      -1905.54      4.19743      197.487
495      7.85747      1.25743      943.072      -2848.61      -1905.54      4.18893      197.487
496      7.87335      1.25596      941.969      -2847.51      -1905.54      4.18048      197.486
497      7.88922      1.25457      940.927      -2846.46      -1905.54      4.17205      197.485
498      7.90509      1.25326      939.949      -2845.49      -1905.54      4.16366      197.485
499      7.92097      1.25205      939.036      -2844.57      -1905.54      4.15529      197.484
500      7.93684      1.25092      938.192      -2843.73      -1905.54      4.14696      197.483
501      7.95272      1.24989      937.416      -2842.95      -1905.54      4.13866      197.482
502      7.96859      1.24894      936.708      -2842.25      -1905.54      4.1304      197.481
503      7.98446      1.24809      936.069      -2841.61      -1905.54      4.12216      197.48
504      8.00034      1.24733      935.499      -2841.04      -1905.54      4.11396      197.478
505      8.01621      1.24666      934.995      -2840.53      -1905.54      4.10578      197.477
506      8.03208      1.24608      934.557      -2840.09      -1905.54      4.09764      197.476
507      8.04796      1.24558      934.183      -2839.72      -1905.54      4.08953      197.474
508      8.06383      1.24516      933.871      -2839.41      -1905.54      4.08145      197.473
509      8.07971      1.24482      933.619      -2839.16      -1905.54      4.0734      197.471
510      8.09558      1.24457      933.424      -2838.96      -1905.54      4.06538      197.47
511      8.11145      1.24438      933.284      -2838.82      -1905.54      4.05739      197.468
512      8.12733      1.24426      933.196      -2838.73      -1905.54      4.04943      197.466
513      8.1432      1.24421      933.158      -2838.7      -1905.54      4.0415      197.464
514      8.15907      1.24422      933.166      -2838.71      -1905.54      4.0336      197.462
515      8.17495      1.24429      933.218      -2838.76      -1905.54      4.02573      197.461
516      8.19082      1.24441      933.311      -2838.85      -1905.54      4.01788      197.459
517      8.20669      1.24459      933.442      -2838.98      -1905.54      4.01007      197.457
518      8.22257      1.24481      933.607      -2839.15      -1905.54      4.00229      197.454
519      8.23844      1.24507      933.804      -2839.34      -1905.54      3.99453      197.452
520      8.25432      1.24537      934.03      -2839.57      -1905.54      3.9868      197.45
521      8.27019      1.24571      934.282      -2839.82      -1905.54      3.97911      197.448
522      8.28606      1.24607      934.556      -2840.1      -1905.54      3.97144      197.445
523      8.30194      1.24647      934.85      -2840.39      -1905.54      3.9638      197.443
524      8.31781      1.24688      935.161      -2840.7      -1905.54      3.95618      197.441
525      8.33368      1.24731      935.486      -2841.03      -1905.54      3.9486      197.438
526      8.34956      1.24776      935.823      -2841.36      -1905.54      3.94104      197.436
527      8.36543      1.24823      936.169      -2841.71      -1905.54      3.93351      197.433
528      8.38131      1.2487      936.523      -2842.06      -1905.54      3.92601      197.43
529      8.39718      1.24917      936.881      -2842.42      -1905.54      3.91853      197.428
530      8.41305      1.24966      937.243      -2842.78      -1905.54      3.91109      197.425
531      8.42893      1.25014      937.607      -2843.15      -1905.54      3.90367      197.422
532      8.4448      1.25063      937.971      -2843.51      -1905.54      3.89627      197.42
533      8.46067      1.25111      938.334      -2843.88      -1905.54      3.88891      197.417
534      8.47655      1.25159      938.695      -2844.24      -1905.54      3.88157      197.414
535      8.49242      1.25207      939.053      -2844.59      -1905.54      3.87425      197.411
536      8.50829      1.25255      939.409      -2844.95      -1905.54      3.86697      197.408
537      8.52417      1.25302      939.761      -2845.3      -1905.54      3.85971      197.405
538      8.54004      1.25348      940.11      -2845.65      -1905.54      3.85247      197.402
539      8.55592      1.25394      940.453      -2845.99      -1905.54      3.84526      197.399
540      8.57179      1.25439      940.792      -2846.33      -1905.54      3.83808      197.395
541      8.58766      1.25483      941.125      -2846.67      -1905.54      3.83093      197.392
542      8.60354      1.25527      941.45      -2846.99      -1905.54      3.8238      197.389
543      8.61941      1.25569      941.769      -2847.31      -1905.54      3.81669      197.386
544      8.63528      1.2561      942.078      -2847.62      -1905.54      3.80961      197.382
545      8.65116      1.2565      942.379      -2847.92      -1905.54      3.80256      197.379
546      8.66703      1.25689      942.669      -2848.21      -1905.54      3.79553      197.376
547      8.68291      1.25726      942.947      -2848.49      -1905.54      3.78852      197.372
548      8.69878      1.25761      943.211      -2848.75      -1905.54      3.78154      197.369
549      8.71465      1.25795      943.459      -2849      -1905.54      3.77459      197.365
550      8.73053      1.25825      943.688      -2849.23      -1905.54      3.76766      197.362
551      8.7464      1.25853      943.896      -2849.44      -1905.54      3.76075      197.358
552      8.76227      1.25877      944.081      -2849.62      -1905.54      3.75387      197.355
553      8.77815      1.25899      944.239      -2849.78      -1905.54      3.74702      197.351
554      8.79402      1.25916      944.368      -2849.91      -1905.54      3.74019      197.348
555      8.80989      1.25929      944.464      -2850.01      -1905.54      3.73338      197.344
556      8.82577      1.25937      944.525      -2850.07      -1905.54      3.7266      197.34
557      8.84164      1.2594      944.547      -2850.09      -1905.54      3.71984      197.337
558      8.85752      1.25937      944.528      -2850.07      -1905.54      3.7131      197.333
559      8.87339      1.25929      944.464      -2850.01      -1905.54      3.70639      197.329
560      8.88926      1.25914      944.353      -2849.9      -1905.54      3.6997      197.326
561      8.90514      1.25892      944.194      -2849.74      -1905.54      3.69304      197.322
562      8.92101      1.25864      943.983      -2849.53      -1905.54      3.6864      197.318
563      8.93688      1.25829      943.718      -2849.26      -1905.54      3.67978      197.315
564      8.95276      1.25787      943.399      -2848.94      -1905.54      3.67319      197.311
565      8.96863      1.25737      943.025      -2848.57      -1905.54      3.66662      197.307
566      8.98451      1.25679      942.594      -2848.14      -1905.54      3.66007      197.303
567      9.00038      1.25614      942.106      -2847.65      -1905.54      3.65355      197.3
568      9.01625      1.25542      941.563      -2847.11      -1905.54      3.64704      197.296
569      9.03213      1.25462      940.964      -2846.51      -1905.54      3.64057      197.292
570      9.048      1.25375      940.311      -2845.85      -1905.54      3.63411      197.289
571      9.06387      1.25281      939.606      -2845.15      -1905.54      3.62768      197.285
572      9.07975      1.2518      938.849      -2844.39      -1905.54      3.62127      197.281
573      9.09562      1.25073      938.045      -2843.59      -1905.54      3.61488      197.277
574      9.11149      1.24959      937.194      -2842.74      -1905.54      3.60851      197.274
575      9.12737      1.2484      936.301      -2841.84      -1905.54      3.60217      197.27
576      9.14324      1.24716      935.368      -2840.91      -1905.54      3.59585      197.266
577      9.15912      1.24586      934.398      -2839.94      -1905.54      3.58955      197.263
578      9.17499      1.24453      933.397      -2838.94      -1905.54      3.58327      197.259
579      9.19086      1.24315      932.366      -2837.91      -1905.54      3.57702      197.255
580      9.20674      1.24175      931.311      -2836.85      -1905.54      3.57078      197.252
581      9.22261      1.24031      930.236      -2835.78      -1905.54      3.56457      197.248
582      9.23848      1.23886      929.144      -2834.69      -1905.54      3.55838      197.244
583      9.25436      1.23739      928.041      -2833.58      -1905.54      3.55222      197.241
584      9.27023      1.23591      926.93      -2832.47      -1905.54      3.54607      197.237
585      9.28611      1.23442      925.817      -2831.36      -1905.54      3.53994      197.234
586      9.30198      1.23294      924.707      -2830.25      -1905.54      3.53384      197.23
587      9.31785      1.23147      923.605      -2829.14      -1905.54      3.52776      197.227
588      9.33373      1.23002      922.516      -2828.05      -1905.54      3.52169      197.223
589      9.3496      1.22859      921.445      -2826.98      -1905.54      3.51565      197.22
590      9.36547      1.2272      920.397      -2825.94      -1905.54      3.50963      197.216
591      9.38135      1.22584      919.379      -2824.92      -1905.54      3.50364      197.213
592      9.39722      1.22453      918.396      -2823.93      -1905.54      3.49766      197.21
593      9.41309      1.22327      917.452      -2822.99      -1905.54      3.4917      197.206
594      9.42897      1.22207      916.555      -2822.09      -1905.54      3.48576      197.203
595      9.44484      1.22095      915.71      -2821.25      -1905.54      3.47985      197.2
596      9.46072      1.2199      914.923      -2820.46      -1905.54      3.47395      197.196
597      9.47659      1.21893      914.199      -2819.74      -1905.54      3.46807      197.193
598      9.49246      1.21806      913.545      -2819.08      -1905.54      3.46222      197.19
599      9.50834      1.21729      912.966      -2818.5      -1905.54      3.45638      197.187
600      9.52421      1.21662      912.468      -2818      -1905.53      3.45057      197.183
601      9.54008      1.21607      912.055      -2817.59      -1905.53      3.44477      197.18
602      9.55596      1.21564      911.733      -2817.27      -1905.53      3.43899      197.177
603      9.57183      1.21534      911.506      -2817.04      -1905.53      3.43324      197.174
604      9.58771      1.21517      911.378      -2816.91      -1905.53      3.4275      197.171
605      9.60358      1.21514      911.354      -2816.89      -1905.53      3.42178      197.168
606      9.61945      1.21525      911.437      -2816.97      -1905.53      3.41608      197.165
607      9.63533      1.21551      911.63      -2817.16      -1905.53      3.41041      197.162
608      9.6512      1.21591      911.936      -2817.47      -1905.53      3.40475      197.159
609      9.66707      1.21648      912.356      -2817.89      -1905.53      3.39911      197.156
610      9.68295      1.21719      912.893      -2818.43      -1905.53      3.39348      197.154
611      9.69882      1.21806      913.546      -2819.08      -1905.53      3.38788      197.151
612      9.71469      1.21909      914.315      -2819.85      -1905.53      3.3823      197.148
613      9.73057      1.22027      915.202      -2820.73      -1905.53      3.37673      197.145
614      9.74644      1.2216      916.203      -2821.74      -1905.53      3.37119      197.143
615      9.76232      1.22309      917.318      -2822.85      -1905.53      3.36566      197.14
616      9.77819      1.22473      918.545      -2824.08      -1905.53      3.36015      197.137
617      9.79406      1.22651      919.88      -2825.41      -1905.53      3.35466      197.135
618      9.80994      1.22842      921.319      -2826.85      -1905.53      3.34919      197.132
619      9.82581      1.23048      922.858      -2828.39      -1905.53      3.34373      197.129
620      9.84168      1.23266      924.492      -2830.03      -1905.53      3.3383      197.127
621      9.85756      1.23495      926.215      -2831.75      -1905.54      3.33288      197.124
622      9.87343      1.23736      928.021      -2833.56      -1905.54      3.32748      197.122
623      9.88931      1.23987      929.903      -2835.44      -1905.54      3.3221      197.119
624      9.90518      1.24247      931.854      -2837.39      -1905.54      3.31673      197.117
625      9.92105      1.24515      933.865      -2839.4      -1905.54      3.31138      197.114
626      9.93693      1.2479      935.929      -2841.47      -1905.54      3.30605      197.112
627      9.9528      1.25071      938.036      -2843.57      -1905.54      3.30074      197.11
628      9.96867      1.25357      940.178      -2845.72      -1905.54      3.29545      197.107
629      9.98455      1.25646      942.345      -2847.88      -1905.54      3.29017      197.105
630      10.0004      1.25937      944.529      -2850.07      -1905.54      3.28491      197.103
631      10.0163      1.26229      946.721      -2852.26      -1905.54      3.27966      197.1
632      10.0322      1.26521      948.91      -2854.45      -1905.54      3.27444      197.098
633      10.048      1.26812      951.089      -2856.63      -1905.54      3.26923      197.096
634      10.0639      1.271      953.248      -2858.79      -1905.54      3.26404      197.094
635      10.0798      1.27384      955.38      -2860.92      -1905.54      3.25886      197.092
636      10.0957      1.27663      957.475      -2863.02      -1905.54      3.2537      197.09
637      10.1115      1.27937      959.527      -2865.07      -1905.54      3.24856      197.087
638      10.1274      1.28204      961.527      -2867.07      -1905.54      3.24343      197.085
639      10.1433      1.28462      963.468      -2869.01      -1905.54      3.23832      197.083
640      10.1592      1.28713      965.345      -2870.89      -1905.54      3.23323      197.081
641      10.175      1.28954      967.152      -2872.7      -1905.54      3.22815      197.079
642      10.1909      1.29185      968.884      -2874.43      -1905.54      3.22309      197.077
643      10.2068      1.29405      970.535      -2876.08      -1905.55      3.21804      197.075
644      10.2227      1.29614      972.103      -2877.65      -1905.55      3.21301      197.073
645      10.2385      1.29811      973.584      -2879.13      -1905.55      3.208      197.071
646      10.2544      1.29997      974.975      -2880.52      -1905.55      3.203      197.069
647      10.2703      1.3017      976.275      -2881.82      -1905.55      3.19802      197.067
648      10.2861      1.30331      977.481      -2883.03      -1905.55      3.19305      197.065
649      10.302      1.30479      978.594      -2884.14      -1905.55      3.1881      197.063
650      10.3179      1.30615      979.613      -2885.16      -1905.55      3.18317      197.061
651      10.3338      1.30738      980.538      -2886.08      -1905.55      3.17825      197.06
652      10.3496      1.30849      981.371      -2886.92      -1905.55      3.17334      197.058
653      10.3655      1.30948      982.113      -2887.66      -1905.54      3.16845      197.056
654      10.3814      1.31036      982.766      -2888.31      -1905.54      3.16358      197.054
655      10.3973      1.31111      983.333      -2888.88      -1905.54      3.15872      197.052
656      10.4131      1.31175      983.816      -2889.36      -1905.54      3.15387      197.05
657      10.429      1.31229      984.218      -2889.76      -1905.54      3.14905      197.049
658      10.4449      1.31272      984.544      -2890.09      -1905.54      3.14423      197.047
659      10.4608      1.31306      984.797      -2890.34      -1905.54      3.13943      197.045
660      10.4766      1.31331      984.982      -2890.53      -1905.54      3.13465      197.043
661      10.4925      1.31347      985.103      -2890.65      -1905.54      3.12988      197.041
662      10.5084      1.31355      985.164      -2890.71      -1905.54      3.12512      197.04
663      10.5243      1.31356      985.171      -2890.71      -1905.54      3.12038      197.038
664      10.5401      1.3135      985.127      -2890.67      -1905.54      3.11565      197.036
665      10.556      1.31338      985.038      -2890.58      -1905.54      3.11094      197.034
666      10.5719      1.31321      984.909      -2890.45      -1905.54      3.10624      197.033
667      10.5877      1.31299      984.743      -2890.28      -1905.54      3.10156      197.031
668      10.6036      1.31273      984.544      -2890.09      -1905.54      3.09689      197.029
669      10.6195      1.31242      984.318      -2889.86      -1905.54      3.09223      197.028
670      10.6354      1.31209      984.068      -2889.61      -1905.54      3.08759      197.026
671      10.6512      1.31173      983.796      -2889.34      -1905.54      3.08296      197.024
672      10.6671      1.31134      983.506      -2889.05      -1905.54      3.07835      197.023
673      10.683      1.31093      983.201      -2888.74      -1905.54      3.07375      197.021
674      10.6989      1.31051      982.882      -2888.42      -1905.54      3.06916      197.019
675      10.7147      1.31007      982.551      -2888.09      -1905.54      3.06459      197.018
676      10.7306      1.30961      982.208      -2887.75      -1905.54      3.06003      197.016
677      10.7465      1.30914      981.856      -2887.4      -1905.54      3.05549      197.015
678      10.7624      1.30866      981.493      -2887.03      -1905.54      3.05096      197.013
679      10.7782      1.30816      981.121      -2886.66      -1905.54      3.04644      197.011
680      10.7941      1.30765      980.738      -2886.28      -1905.54      3.04194      197.01
681      10.81      1.30712      980.343      -2885.88      -1905.54      3.03745      197.008
682      10.8259      1.30658      979.936      -2885.48      -1905.54      3.03297      197.007
683      10.8417      1.30602      979.515      -2885.06      -1905.54      3.02851      197.005
684      10.8576      1.30544      979.078      -2884.62      -1905.54      3.02406      197.004
685      10.8735      1.30483      978.624      -2884.16      -1905.54      3.01962      197.002
686      10.8893      1.3042      978.15      -2883.69      -1905.54      3.0152      197.001
687      10.9052      1.30354      977.656      -2883.2      -1905.54      3.01078      197
688      10.9211      1.30285      977.138      -2882.68      -1905.54      3.00639      196.998
689      10.937      1.30213      976.595      -2882.14      -1905.54      3.002      196.997
690      10.9528      1.30137      976.025      -2881.57      -1905.54      2.99763      196.996
691      10.9687      1.30057      975.427      -2880.97      -1905.54      2.99328      196.994
692      10.9846      1.29973      974.797      -2880.34      -1905.54      2.98893      196.993
693      11.0005      1.29885      974.137      -2879.68      -1905.54      2.9846      196.992
694      11.0163      1.29792      973.443      -2878.98      -1905.54      2.98028      196.991
695      11.0322      1.29695      972.716      -2878.26      -1905.54      2.97598      196.99
696      11.0481      1.29594      971.954      -2877.5      -1905.54      2.97169      196.989
697      11.064      1.29488      971.156      -2876.7      -1905.54      2.96741      196.988
698      11.0798      1.29376      970.324      -2875.87      -1905.54      2.96314      196.987
699      11.0957      1.29261      969.456      -2875      -1905.54      2.95889      196.986
700      11.1116      1.2914      968.552      -2874.09      -1905.54      2.95465      196.985
701      11.1275      1.29015      967.615      -2873.16      -1905.54      2.95042      196.984
702      11.1433      1.28886      966.645      -2872.19      -1905.54      2.94621      196.983
703      11.1592      1.28752      965.643      -2871.18      -1905.54      2.942      196.982
704      11.1751      1.28615      964.611      -2870.15      -1905.54      2.93781      196.982
705      11.1909      1.28473      963.549      -2869.09      -1905.54      2.93364      196.981
706      11.2068      1.28328      962.461      -2868      -1905.54      2.92947      196.98
707      11.2227      1.2818      961.349      -2866.89      -1905.54      2.92532      196.98
708      11.2386      1.28029      960.215      -2865.76      -1905.54      2.92118      196.979
709      11.2544      1.27875      959.061      -2864.6      -1905.54      2.91706      196.979
710      11.2703      1.27719      957.892      -2863.43      -1905.54      2.91294      196.979
711      11.2862      1.27561      956.71      -2862.25      -1905.54      2.90884      196.978
712      11.3021      1.27402      955.518      -2861.06      -1905.54      2.90475      196.978
713      11.3179      1.27243      954.32      -2859.86      -1905.54      2.90067      196.978
714      11.3338      1.27083      953.121      -2858.66      -1905.54      2.89661      196.978
715      11.3497      1.26923      951.923      -2857.46      -1905.54      2.89256      196.978
716      11.3656      1.26764      950.73      -2856.27      -1905.54      2.88852      196.978
717      11.3814      1.26606      949.548      -2855.09      -1905.54      2.88449      196.978
718      11.3973      1.26451      948.38      -2853.92      -1905.54      2.88047      196.978
719      11.4132      1.26297      947.231      -2852.77      -1905.54      2.87647      196.978
720      11.4291      1.26147      946.105      -2851.64      -1905.54      2.87248      196.978
721      11.4449      1.26001      945.006      -2850.54      -1905.54      2.8685      196.979
722      11.4608      1.25858      943.938      -2849.47      -1905.54      2.86453      196.979
723      11.4767      1.25721      942.905      -2848.44      -1905.54      2.86058      196.979
724      11.4925      1.25588      941.913      -2847.45      -1905.54      2.85663      196.98
725      11.5084      1.25462      940.964      -2846.5      -1905.54      2.8527      196.98
726      11.5243      1.25342      940.062      -2845.6      -1905.54      2.84878      196.981
727      11.5402      1.25228      939.212      -2844.75      -1905.54      2.84487      196.982
728      11.556      1.25122      938.415      -2843.95      -1905.54      2.84097      196.982
729      11.5719      1.25023      937.675      -2843.21      -1905.54      2.83709      196.983
730      11.5878      1.24933      936.995      -2842.53      -1905.54      2.83321      196.984
731      11.6037      1.2485      936.377      -2841.91      -1905.54      2.82935      196.985
732      11.6195      1.24776      935.823      -2841.36      -1905.54      2.8255      196.986
733      11.6354      1.24711      935.335      -2840.87      -1905.54      2.82166      196.987
734      11.6513      1.24655      934.914      -2840.45      -1905.54      2.81783      196.988
735      11.6672      1.24608      934.561      -2840.1      -1905.54      2.81401      196.989
736      11.683      1.2457      934.276      -2839.81      -1905.54      2.8102      196.99
737      11.6989      1.24541      934.059      -2839.59      -1905.54      2.80641      196.991
738      11.7148      1.24521      933.908      -2839.44      -1905.54      2.80262      196.993
739      11.7307      1.2451      933.824      -2839.36      -1905.54      2.79885      196.994
740      11.7465      1.24507      933.804      -2839.34      -1905.54      2.79508      196.995
741      11.7624      1.24513      933.848      -2839.38      -1905.54      2.79133      196.997
742      11.7783      1.24527      933.954      -2839.49      -1905.54      2.78759      196.998
743      11.7941      1.24549      934.118      -2839.65      -1905.54      2.78386      196.999
744      11.81      1.24579      934.339      -2839.87      -1905.54      2.78014      197.001
745      11.8259      1.24615      934.612      -2840.15      -1905.54      2.77643      197.003
746      11.8418      1.24658      934.936      -2840.47      -1905.54      2.77273      197.004
747      11.8576      1.24708      935.307      -2840.84      -1905.54      2.76904      197.006
748      11.8735      1.24763      935.721      -2841.26      -1905.54      2.76536      197.007
749      11.8894      1.24823      936.175      -2841.71      -1905.54      2.76169      197.009
750      11.9053      1.24889      936.666      -2842.2      -1905.54      2.75803      197.011
751      11.9211      1.24959      937.191      -2842.73      -1905.54      2.75439      197.012
752      11.937      1.25033      937.746      -2843.28      -1905.54      2.75075      197.014
753      11.9529      1.25111      938.329      -2843.87      -1905.54      2.74712      197.016
754      11.9688      1.25192      938.937      -2844.48      -1905.54      2.7435      197.018
755      11.9846      1.25276      939.566      -2845.1      -1905.54      2.73989      197.02
756      12.0005      1.25362      940.215      -2845.75      -1905.54      2.73629      197.021
757      12.0164      1.25451      940.881      -2846.42      -1905.54      2.7327      197.023
758      12.0323      1.25542      941.562      -2847.1      -1905.54      2.72912      197.025
759      12.0481      1.25634      942.256      -2847.8      -1905.54      2.72555      197.027
760      12.064      1.25728      942.963      -2848.5      -1905.54      2.72199      197.029
761      12.0799      1.25824      943.679      -2849.22      -1905.54      2.71844      197.031
762      12.0957      1.25921      944.406      -2849.94      -1905.54      2.7149      197.033
763      12.1116      1.26019      945.14      -2850.68      -1905.54      2.71137      197.035
764      12.1275      1.26118      945.883      -2851.42      -1905.54      2.70785      197.037
765      12.1434      1.26218      946.633      -2852.17      -1905.54      2.70434      197.038
766      12.1592      1.26319      947.389      -2852.93      -1905.54      2.70083      197.04
767      12.1751      1.2642      948.152      -2853.69      -1905.54      2.69734      197.042
768      12.191      1.26523      948.921      -2854.46      -1905.54      2.69385      197.044
769      12.2069      1.26626      949.697      -2855.24      -1905.54      2.69038      197.046
770      12.2227      1.26731      950.48      -2856.02      -1905.54      2.68691      197.048
771      12.2386      1.26836      951.27      -2856.81      -1905.54      2.68345      197.05
772      12.2545      1.26942      952.065      -2857.6      -1905.54      2.68      197.052
773      12.2704      1.27049      952.868      -2858.41      -1905.54      2.67656      197.054
774      12.2862      1.27157      953.676      -2859.22      -1905.54      2.67313      197.056
775      12.3021      1.27266      954.492      -2860.03      -1905.54      2.66971      197.058
776      12.318      1.27375      955.314      -2860.85      -1905.54      2.6663      197.06
777      12.3339      1.27486      956.142      -2861.68      -1905.54      2.66289      197.062
778      12.3497      1.27597      956.978      -2862.52      -1905.54      2.6595      197.064
779      12.3656      1.27709      957.821      -2863.36      -1905.54      2.65611      197.067
780      12.3815      1.27823      958.67      -2864.21      -1905.54      2.65273      197.069
781      12.3973      1.27937      959.527      -2865.07      -1905.54      2.64937      197.071
782      12.4132      1.28052      960.391      -2865.93      -1905.54      2.64601      197.073
783      12.4291      1.28168      961.263      -2866.8      -1905.54      2.64265      197.075
784      12.445      1.28286      962.143      -2867.68      -1905.54      2.63931      197.077
785      12.4608      1.28404      963.032      -2868.57      -1905.54      2.63598      197.079
786      12.4767      1.28524      963.929      -2869.47      -1905.54      2.63265      197.081
787      12.4926      1.28645      964.836      -2870.38      -1905.54      2.62934      197.083
788      12.5085      1.28767      965.753      -2871.29      -1905.54      2.62603      197.085
789      12.5243      1.28891      966.679      -2872.22      -1905.54      2.62273      197.088
790      12.5402      1.29015      967.615      -2873.15      -1905.54      2.61944      197.09
791      12.5561      1.29142      968.561      -2874.1      -1905.54      2.61615      197.092
792      12.572      1.29269      969.517      -2875.06      -1905.54      2.61288      197.094
793      12.5878      1.29398      970.483      -2876.02      -1905.54      2.60962      197.096
794      12.6037      1.29527      971.456      -2877      -1905.54      2.60636      197.099
795      12.6196      1.29658      972.436      -2877.98      -1905.54      2.60311      197.101
796      12.6355      1.2979      973.423      -2878.96      -1905.54      2.59987      197.103
797      12.6513      1.29922      974.412      -2879.95      -1905.54      2.59664      197.105
798      12.6672      1.30054      975.403      -2880.94      -1905.54      2.59341      197.108
799      12.6831      1.30186      976.392      -2881.93      -1905.54      2.5902      197.11
800      12.6989      1.30317      977.377      -2882.92      -1905.54      2.58699      197.113
801      12.7148      1.30447      978.354      -2883.89      -1905.54      2.58379      197.115
802      12.7307      1.30576      979.319      -2884.86      -1905.54      2.5806      197.117
803      12.7466      1.30702      980.268      -2885.81      -1905.54      2.57742      197.12
804      12.7624      1.30826      981.196      -2886.74      -1905.54      2.57425      197.122
805      12.7783      1.30947      982.1      -2887.64      -1905.54      2.57108      197.125
806      12.7942      1.31063      982.974      -2888.52      -1905.54      2.56793      197.127
807      12.8101      1.31175      983.814      -2889.36      -1905.54      2.56478      197.13
808      12.8259      1.31282      984.616      -2890.16      -1905.54      2.56164      197.132
809      12.8418      1.31383      985.375      -2890.92      -1905.54      2.5585      197.135
810      12.8577      1.31478      986.087      -2891.63      -1905.54      2.55538      197.138
811      12.8736      1.31566      986.748      -2892.29      -1905.54      2.55226      197.14
812      12.8894      1.31647      987.354      -2892.9      -1905.54      2.54915      197.143
813      12.9053      1.3172      987.904      -2893.45      -1905.54      2.54605      197.146
814      12.9212      1.31786      988.394      -2893.94      -1905.54      2.54296      197.148
815      12.9371      1.31843      988.824      -2894.37      -1905.54      2.53988      197.151
816      12.9529      1.31892      989.193      -2894.74      -1905.54      2.5368      197.154
817      12.9688      1.31933      989.501      -2895.04      -1905.54      2.53373      197.157
818      12.9847      1.31967      989.749      -2895.29      -1905.54      2.53067      197.159
819      13.0005      1.31992      989.939      -2895.48      -1905.54      2.52762      197.162
820      13.0164      1.3201      990.073      -2895.62      -1905.54      2.52457      197.165
821      13.0323      1.32021      990.154      -2895.7      -1905.54      2.52153      197.168
822      13.0482      1.32025      990.188      -2895.73      -1905.54      2.5185      197.171
823      13.064      1.32024      990.177      -2895.72      -1905.54      2.51548      197.174
824      13.0799      1.32017      990.128      -2895.67      -1905.54      2.51247      197.177
825      13.0958      1.32006      990.045      -2895.59      -1905.54      2.50946      197.18
826      13.1117      1.31991      989.933      -2895.47      -1905.54      2.50646      197.183
827      13.1275      1.31973      989.798      -2895.34      -1905.54      2.50347      197.186
828      13.1434      1.31952      989.643      -2895.18      -1905.54      2.50049      197.189
829      13.1593      1.3193      989.473      -2895.01      -1905.54      2.49751      197.193
830      13.1752      1.31906      989.292      -2894.83      -1905.54      2.49454      197.196
831      13.191      1.3188      989.102      -2894.64      -1905.54      2.49158      197.199
832      13.2069      1.31854      988.905      -2894.45      -1905.54      2.48862      197.202
833      13.2228      1.31827      988.7      -2894.24      -1905.54      2.48568      197.205
834      13.2387      1.31798      988.487      -2894.03      -1905.54      2.48274      197.209
835      13.2545      1.31769      988.265      -2893.81      -1905.54      2.47981      197.212
836      13.2704      1.31737      988.03      -2893.57      -1905.54      2.47688      197.215
837      13.2863      1.31704      987.777      -2893.32      -1905.54      2.47396      197.219
838      13.3021      1.31667      987.503      -2893.05      -1905.54      2.47105      197.222
839      13.318      1.31627      987.202      -2892.75      -1905.54      2.46815      197.225
840      13.3339      1.31582      986.868      -2892.41      -1905.54      2.46525      197.229
841      13.3498      1.31533      986.495      -2892.04      -1905.54      2.46236      197.232
842      13.3656      1.31477      986.078      -2891.62      -1905.54      2.45948      197.235
843      13.3815      1.31414      985.609      -2891.15      -1905.54      2.45661      197.239
844      13.3974      1.31344      985.083      -2890.63      -1905.54      2.45374      197.242
845      13.4133      1.31266      984.495      -2890.04      -1905.54      2.45088      197.246
846      13.4291      1.31179      983.84      -2889.39      -1905.55      2.44802      197.249
847      13.445      1.31082      983.114      -2888.66      -1905.55      2.44518      197.253
848      13.4609      1.30975      982.312      -2887.86      -1905.55      2.44234      197.256
849      13.4768      1.30858      981.433      -2886.98      -1905.55      2.4395      197.259
850      13.4926      1.3073      980.474      -2886.02      -1905.55      2.43667      197.263
851      13.5085      1.30591      979.435      -2884.98      -1905.55      2.43385      197.266
852      13.5244      1.30442      978.315      -2883.86      -1905.55      2.43104      197.27
853      13.5403      1.30282      977.115      -2882.66      -1905.55      2.42823      197.273
854      13.5561      1.30112      975.837      -2881.38      -1905.55      2.42543      197.277
855      13.572      1.29931      974.482      -2880.03      -1905.55      2.42264      197.28
856      13.5879      1.29741      973.055      -2878.6      -1905.55      2.41985      197.284
857      13.6037      1.29541      971.558      -2877.1      -1905.55      2.41707      197.287
858      13.6196      1.29333      969.997      -2875.54      -1905.55      2.41429      197.29
859      13.6355      1.29117      968.378      -2873.92      -1905.55      2.41152      197.294
860      13.6514      1.28894      966.706      -2872.25      -1905.54      2.40876      197.297
861      13.6672      1.28665      964.988      -2870.53      -1905.54      2.406      197.301
862      13.6831      1.28431      963.233      -2868.78      -1905.54      2.40325      197.304
863      13.699      1.28193      961.449      -2866.99      -1905.54      2.40051      197.307
864      13.7149      1.27953      959.644      -2865.19      -1905.54      2.39777      197.31
865      13.7307      1.2771      957.828      -2863.37      -1905.54      2.39504      197.314
866      13.7466      1.27468      956.012      -2861.55      -1905.54      2.39231      197.317
867      13.7625      1.27227      954.206      -2859.75      -1905.54      2.38959      197.32
868      13.7784      1.26989      952.419      -2857.96      -1905.54      2.38687      197.323
869      13.7942      1.26755      950.663      -2856.2      -1905.54      2.38417      197.326
870      13.8101      1.26527      948.95      -2854.49      -1905.54      2.38146      197.329
871      13.826      1.26305      947.289      -2852.83      -1905.54      2.37877      197.333
872      13.8419      1.26092      945.691      -2851.23      -1905.54      2.37607      197.336
873      13.8577      1.25889      944.169      -2849.71      -1905.54      2.37339      197.339
874      13.8736      1.25698      942.733      -2848.27      -1905.54      2.37071      197.342
875      13.8895      1.25519      941.393      -2846.93      -1905.54      2.36803      197.344
876      13.9053      1.25355      940.159      -2845.69      -1905.54      2.36536      197.347
877      13.9212      1.25206      939.042      -2844.58      -1905.53      2.3627      197.35
878      13.9371      1.25073      938.05      -2843.58      -1905.53      2.36004      197.353
879      13.953      1.24959      937.19      -2842.72      -1905.53      2.35739      197.356
880      13.9688      1.24863      936.472      -2842      -1905.53      2.35474      197.358
881      13.9847      1.24787      935.899      -2841.43      -1905.53      2.3521      197.361
882      14.0006      1.24731      935.479      -2841.01      -1905.53      2.34947      197.363
883      14.0165      1.24695      935.215      -2840.75      -1905.53      2.34683      197.366
884      14.0323      1.24681      935.111      -2840.64      -1905.53      2.34421      197.368
885      14.0482      1.24689      935.168      -2840.7      -1905.53      2.34159      197.371
886      14.0641      1.24718      935.387      -2840.92      -1905.53      2.33897      197.373
887      14.08      1.24769      935.769      -2841.3      -1905.53      2.33636      197.375
888      14.0958      1.24842      936.312      -2841.84      -1905.53      2.33376      197.378
889      14.1117      1.24935      937.013      -2842.55      -1905.53      2.33116      197.38
890      14.1276      1.25049      937.871      -2843.4      -1905.53      2.32856      197.382
891      14.1435      1.25184      938.881      -2844.41      -1905.53      2.32597      197.384
892      14.1593      1.25338      940.037      -2845.57      -1905.53      2.32339      197.386
893      14.1752      1.25511      941.335      -2846.87      -1905.53      2.32081      197.388
894      14.1911      1.25702      942.768      -2848.3      -1905.53      2.31824      197.39
895      14.2069      1.25911      944.329      -2849.86      -1905.54      2.31567      197.391
896      14.2228      1.26135      946.011      -2851.55      -1905.54      2.3131      197.393
897      14.2387      1.26374      947.806      -2853.34      -1905.54      2.31054      197.395
898      14.2546      1.26627      949.706      -2855.24      -1905.54      2.30799      197.396
899      14.2704      1.26893      951.7      -2857.24      -1905.54      2.30544      197.398
900      14.2863      1.27171      953.78      -2859.32      -1905.54      2.30289      197.399
901      14.3022      1.27458      955.935      -2861.47      -1905.54      2.30035      197.4
902      14.3181      1.27754      958.157      -2863.7      -1905.54      2.29782      197.402
903      14.3339      1.28058      960.434      -2865.97      -1905.54      2.29528      197.403
904      14.3498      1.28368      962.757      -2868.3      -1905.54      2.29276      197.404
905      14.3657      1.28682      965.114      -2870.65      -1905.54      2.29024      197.405
906      14.3816      1.28999      967.494      -2873.04      -1905.54      2.28772      197.406
907      14.3974      1.29318      969.887      -2875.43      -1905.54      2.28521      197.407
908      14.4133      1.29638      972.283      -2877.83      -1905.54      2.2827      197.407
909      14.4292      1.29956      974.67      -2880.21      -1905.54      2.2802      197.408
910      14.4451      1.30272      977.039      -2882.58      -1905.54      2.2777      197.409
911      14.4609      1.30584      979.379      -2884.92      -1905.54      2.2752      197.409
912      14.4768      1.30891      981.682      -2887.23      -1905.55      2.27271      197.41
913      14.4927      1.31191      983.936      -2889.48      -1905.55      2.27023      197.41
914      14.5085      1.31485      986.134      -2891.68      -1905.55      2.26775      197.411
915      14.5244      1.31769      988.266      -2893.81      -1905.55      2.26527      197.411
916      14.5403      1.32043      990.325      -2895.87      -1905.55      2.2628      197.411
917      14.5562      1.32307      992.304      -2897.85      -1905.55      2.26034      197.411
918      14.572      1.3256      994.196      -2899.74      -1905.55      2.25788      197.411
919      14.5879      1.32799      995.996      -2901.54      -1905.55      2.25542      197.411
920      14.6038      1.33026      997.698      -2903.25      -1905.55      2.25297      197.411
921      14.6197      1.3324      999.297      -2904.85      -1905.55      2.25052      197.411
922      14.6355      1.33439      1000.79      -2906.34      -1905.55      2.24807      197.411
923      14.6514      1.33623      1002.17      -2907.72      -1905.55      2.24563      197.41
924      14.6673      1.33793      1003.45      -2908.99      -1905.55      2.2432      197.41
925      14.6832      1.33948      1004.61      -2910.16      -1905.55      2.24077      197.409
926      14.699      1.34087      1005.65      -2911.2      -1905.55      2.23834      197.409
927      14.7149      1.34212      1006.59      -2912.14      -1905.55      2.23592      197.408
928      14.7308      1.34322      1007.42      -2912.97      -1905.55      2.23351      197.408
929      14.7467      1.34418      1008.14      -2913.69      -1905.55      2.23109      197.407
930      14.7625      1.345      1008.75      -2914.3      -1905.55      2.22869      197.406
931      14.7784      1.34569      1009.26      -2914.81      -1905.55      2.22629      197.406
932      14.7943      1.34624      1009.68      -2915.23      -1905.55      2.22389      197.405
933      14.8101      1.34667      1010      -2915.55      -1905.55      2.22149      197.404
934      14.826      1.34699      1010.24      -2915.79      -1905.55      2.21911      197.403
935      14.8419      1.3472      1010.4      -2915.95      -1905.55      2.21672      197.402
936      14.8578      1.34731      1010.48      -2916.03      -1905.55      2.21434      197.401
937      14.8736      1.34733      1010.5      -2916.05      -1905.55      2.21197      197.4
938      14.8895      1.34728      1010.46      -2916      -1905.55      2.2096      197.399
939      14.9054      1.34715      1010.37      -2915.91      -1905.55      2.20723      197.398
940      14.9213      1.34697      1010.23      -2915.78      -1905.55      2.20487      197.397
941      14.9371      1.34675      1010.06      -2915.61      -1905.54      2.20252      197.396
942      14.953      1.34648      1009.86      -2915.41      -1905.54      2.20016      197.395
943      14.9689      1.34619      1009.65      -2915.19      -1905.54      2.19782      197.393
944      14.9848      1.34589      1009.42      -2914.96      -1905.54      2.19548      197.392
945      15.0006      1.34558      1009.18      -2914.73      -1905.54      2.19314      197.391
946      15.0165      1.34527      1008.95      -2914.5      -1905.54      2.19081      197.39
947      15.0324      1.34497      1008.73      -2914.27      -1905.54      2.18848      197.389
948      15.0483      1.34469      1008.52      -2914.06      -1905.54      2.18616      197.387
949      15.0641      1.34443      1008.32      -2913.87      -1905.54      2.18384      197.386
950      15.08      1.3442      1008.15      -2913.69      -1905.54      2.18153      197.385
951      15.0959      1.344      1008      -2913.54      -1905.54      2.17922      197.384
952      15.1117      1.34384      1007.88      -2913.42      -1905.54      2.17692      197.382
953      15.1276      1.34371      1007.78      -2913.32      -1905.54      2.17462      197.381
954      15.1435      1.34361      1007.7      -2913.25      -1905.54      2.17233      197.38
955      15.1594      1.34354      1007.65      -2913.2      -1905.54      2.17004      197.379
956      15.1752      1.3435      1007.62      -2913.17      -1905.54      2.16776      197.378
957      15.1911      1.34348      1007.61      -2913.15      -1905.54      2.16548      197.376
958      15.207      1.34348      1007.61      -2913.15      -1905.54      2.16321      197.375
959      15.2229      1.3435      1007.62      -2913.17      -1905.54      2.16094      197.374
960      15.2387      1.34351      1007.64      -2913.18      -1905.54      2.15868      197.373
961      15.2546      1.34353      1007.65      -2913.19      -1905.54      2.15642      197.372
962      15.2705      1.34354      1007.66      -2913.2      -1905.54      2.15416      197.371
963      15.2864      1.34353      1007.65      -2913.2      -1905.54      2.15192      197.37
964      15.3022      1.3435      1007.63      -2913.17      -1905.54      2.14967      197.369
965      15.3181      1.34344      1007.58      -2913.12      -1905.54      2.14743      197.368
966      15.334      1.34333      1007.5      -2913.04      -1905.55      2.1452      197.366
967      15.3499      1.34318      1007.39      -2912.93      -1905.55      2.14297      197.365
968      15.3657      1.34297      1007.23      -2912.78      -1905.55      2.14074      197.364
969      15.3816      1.34271      1007.03      -2912.58      -1905.55      2.13852      197.363
970      15.3975      1.34237      1006.78      -2912.32      -1905.55      2.13631      197.362
971      15.4133      1.34196      1006.47      -2912.02      -1905.55      2.1341      197.361
972      15.4292      1.34148      1006.11      -2911.65      -1905.55      2.13189      197.36
973      15.4451      1.34091      1005.68      -2911.23      -1905.55      2.12969      197.36
974      15.461      1.34025      1005.19      -2910.73      -1905.55      2.12749      197.359
975      15.4768      1.3395      1004.62      -2910.17      -1905.55      2.1253      197.358
976      15.4927      1.33866      1003.99      -2909.54      -1905.55      2.12311      197.357
977      15.5086      1.33772      1003.29      -2908.83      -1905.55      2.12093      197.356
978      15.5245      1.33668      1002.51      -2908.05      -1905.55      2.11875      197.355
979      15.5403      1.33553      1001.65      -2907.2      -1905.55      2.11658      197.354
980      15.5562      1.33429      1000.72      -2906.26      -1905.55      2.11441      197.353
981      15.5721      1.33294      999.704      -2905.25      -1905.55      2.11224      197.352
982      15.588      1.33149      998.615      -2904.16      -1905.55      2.11008      197.351
983      15.6038      1.32993      997.448      -2903      -1905.55      2.10792      197.35
984      15.6197      1.32827      996.204      -2901.75      -1905.55      2.10577      197.349
985      15.6356      1.32651      994.886      -2900.43      -1905.55      2.10362      197.348
986      15.6515      1.32466      993.493      -2899.04      -1905.55      2.10148      197.347
987      15.6673      1.3227      992.029      -2897.58      -1905.55      2.09934      197.346
988      15.6832      1.32066      990.496      -2896.04      -1905.55      2.09721      197.346
989      15.6991      1.31853      988.897      -2894.44      -1905.55      2.09508      197.345
990      15.7149      1.31632      987.237      -2892.78      -1905.55      2.09295      197.344
991      15.7308      1.31403      985.52      -2891.07      -1905.55      2.09083      197.343
992      15.7467      1.31167      983.751      -2889.3      -1905.55      2.08871      197.342
993      15.7626      1.30925      981.934      -2887.48      -1905.55      2.0866      197.341
994      15.7784      1.30677      980.076      -2885.62      -1905.55      2.08449      197.34
995      15.7943      1.30425      978.184      -2883.73      -1905.54      2.08238      197.339
996      15.8102      1.30168      976.263      -2881.81      -1905.54      2.08028      197.338
997      15.8261      1.29909      974.321      -2879.86      -1905.54      2.07819      197.337
998      15.8419      1.29649      972.365      -2877.91      -1905.54      2.07609      197.336
999      15.8578      1.29387      970.404      -2875.95      -1905.54      2.074      197.335
1000      15.8737      1.29126      968.444      -2873.99      -1905.54      2.07192      197.334
1000      15.8737      1.29126      968.444      -2873.99      -1905.54      2.07192      197.334
Execution time in seconds: 1.87526
