Timestep Time Temperature KineticEnergy PotentialEnergy TotalEnergy DiffusionConstant MeanSquareDisplacement
1      0.023      2.43283      1824.62      -3730.19      -1905.57      1428.51      197.135
2      0.046      2.43084      1823.13      -3729.44      -1906.32      714.268      197.138
3      0.069      2.42685      1820.14      -3727.2      -1907.06      476.187      197.141
4      0.092      2.42087      1815.65      -3723.46      -1907.81      357.146      197.145
5      0.115      2.41289      1809.66      -3718.23      -1908.56      285.722      197.148
6      0.138      2.4029      1802.17      -3711.49      -1909.31      238.106      197.151
7      0.161      2.39089      1793.17      -3703.24      -1910.07      204.094      197.155
8      0.184      2.37686      1782.64      -3693.48      -1910.83      178.586      197.159
9      0.207      2.36079      1770.59      -3682.19      -1911.59      158.746      197.162
10      0.23      2.34266      1757      -3669.36      -1912.36      142.874      197.166
11      0.253      2.32248      1741.86      -3654.99      -1913.14      129.888      197.17
12      0.276      2.30021      1725.16      -3639.07      -1913.91      119.066      197.173
13      0.299      2.27586      1706.89      -3621.59      -1914.7      109.909      197.177
14      0.322      2.24941      1687.06      -3602.54      -1915.48      102.061      197.181
15      0.345      2.22086      1665.64      -3581.91      -1916.27      95.2584      197.185
16      0.368      2.1902      1642.65      -3559.7      -1917.05      89.3065      197.189
17      0.391      2.15743      1618.07      -3535.91      -1917.84      84.0548      197.193
18      0.414      2.12257      1591.92      -3510.55      -1918.62      79.3867      197.197
19      0.437      2.08563      1564.22      -3483.61      -1919.39      75.2099      197.2
20      0.46      2.04665      1534.98      -3455.14      -1920.15      71.4509      197.204
21      0.483      2.00567      1504.25      -3425.14      -1920.89      68.0498      197.208
22      0.506      1.96275      1472.06      -3393.67      -1921.61      64.958      197.212
23      0.529      1.91798      1438.48      -3360.78      -1922.29      62.135      197.216
24      0.552      1.87144      1403.58      -3326.52      -1922.94      59.5472      197.22
25      0.575      1.82327      1367.45      -3290.99      -1923.54      57.1664      197.224
26      0.598      1.77361      1330.21      -3254.28      -1924.08      54.9688      197.228
27      0.621      1.72263      1291.97      -3216.52      -1924.55      52.934      197.232
28      0.644      1.67052      1252.89      -3177.84      -1924.95      51.0445      197.236
29      0.667      1.61752      1213.14      -3138.4      -1925.26      49.2853      197.24
30      0.69      1.56387      1172.91      -3098.38      -1925.48      47.6434      197.243
31      0.713      1.50986      1132.39      -3057.98      -1925.59      46.1073      197.247
32      0.736      1.45576      1091.82      -3017.4      -1925.58      44.6673      197.251
33      0.759      1.40191      1051.43      -2976.89      -1925.46      43.3146      197.255
34      0.782      1.34862      1011.47      -2936.68      -1925.21      42.0414      197.258
35      0.805      1.29624      972.182      -2897.02      -1924.84      40.8409      197.262
36      0.828      1.2451      933.826      -2858.17      -1924.34      39.7071      197.265
37      0.851      1.19553      896.649      -2820.37      -1923.72      38.6346      197.268
38      0.874      1.14785      860.888      -2783.87      -1922.99      37.6185      197.272
39      0.897      1.10236      826.766      -2748.91      -1922.14      36.6545      197.275
40      0.92      1.05932      794.487      -2715.68      -1921.19      35.7387      197.278
41      0.943      1.01897      764.226      -2684.39      -1920.16      34.8676      197.281
42      0.966      0.981512      736.134      -2655.2      -1919.06      34.0379      197.284
43      0.989      0.947104      710.328      -2628.23      -1917.9      33.2468      197.286
44      1.012      0.91586      686.895      -2603.6      -1916.71      32.4916      197.289
45      1.035      0.88785      665.888      -2581.38      -1915.49      31.77      197.292
46      1.058      0.863101      647.326      -2561.59      -1914.27      31.0797      197.294
47      1.081      0.841602      631.201      -2544.25      -1913.05      30.4189      197.297
48      1.104      0.8233      617.475      -2529.33      -1911.86      29.7855      197.299
49      1.127      0.80811      606.083      -2516.78      -1910.7      29.1779      197.301
50      1.15      0.795918      596.938      -2506.53      -1909.59      28.5947      197.303
51      1.173      0.786585      589.939      -2498.47      -1908.53      28.0343      197.305
52      1.196      0.779951      584.964      -2492.5      -1907.54      27.4955      197.307
53      1.219      0.775844      581.883      -2488.49      -1906.61      26.9769      197.309
54      1.242      0.774079      580.559      -2486.3      -1905.75      26.4776      197.311
55      1.265      0.774467      580.85      -2485.81      -1904.96      25.9964      197.313
56      1.288      0.776816      582.612      -2486.85      -1904.24      25.5324      197.314
57      1.311      0.780935      585.701      -2489.3      -1903.59      25.0847      197.316
58      1.334      0.786638      589.979      -2493      -1903.02      24.6524      197.317
59      1.357      0.793745      595.308      -2497.82      -1902.51      24.2347      197.319
60      1.38      0.80208      601.56      -2503.63      -1902.07      23.8309      197.32
61      1.403      0.811481      608.611      -2510.29      -1901.68      23.4404      197.321
62      1.426      0.821793      616.345      -2517.7      -1901.36      23.0625      197.323
63      1.449      0.832871      624.653      -2525.74      -1901.09      22.6965      197.324
64      1.472      0.84458      633.435      -2534.3      -1900.86      22.342      197.325
65      1.495      0.856796      642.597      -2543.28      -1900.69      21.9984      197.326
66      1.518      0.869403      652.052      -2552.6      -1900.55      21.6652      197.327
67      1.541      0.882296      661.722      -2562.18      -1900.45      21.342      197.328
68      1.564      0.89538      671.535      -2571.93      -1900.39      21.0282      197.329
69      1.587      0.908566      681.425      -2581.79      -1900.36      20.7235      197.33
70      1.61      0.921775      691.331      -2591.7      -1900.36      20.4276      197.33
71      1.633      0.934932      701.199      -2601.59      -1900.39      20.1399      197.331
72      1.656      0.947972      710.979      -2611.42      -1900.44      19.8603      197.332
73      1.679      0.960833      720.624      -2621.14      -1900.52      19.5883      197.332
74      1.702      0.973456      730.092      -2630.7      -1900.61      19.3236      197.333
75      1.725      0.98579      739.343      -2640.07      -1900.73      19.066      197.334
76      1.748      0.997787      748.34      -2649.2      -1900.86      18.8152      197.334
77      1.771      1.0094      757.049      -2658.06      -1901.01      18.5709      197.335
78      1.794      1.02059      765.439      -2666.61      -1901.17      18.3329      197.335
79      1.817      1.03131      773.481      -2674.83      -1901.35      18.1009      197.336
80      1.84      1.04153      781.15      -2682.69      -1901.54      17.8746      197.336
81      1.863      1.05123      788.421      -2690.16      -1901.74      17.654      197.336
82      1.886      1.06036      795.273      -2697.23      -1901.96      17.4388      197.337
83      1.909      1.06892      801.687      -2703.86      -1902.18      17.2287      197.337
84      1.932      1.07686      807.649      -2710.06      -1902.41      17.0236      197.338
85      1.955      1.08419      813.146      -2715.79      -1902.64      16.8234      197.338
86      1.978      1.09089      818.17      -2721.05      -1902.88      16.6278      197.338
87      2.001      1.09696      822.716      -2725.83      -1903.12      16.4367      197.339
88      2.024      1.10238      826.785      -2730.14      -1903.36      16.2499      197.339
89      2.047      1.10717      830.38      -2733.97      -1903.59      16.0674      197.34
90      2.07      1.11134      833.508      -2737.33      -1903.83      15.8889      197.34
91      2.093      1.11491      836.181      -2740.23      -1904.05      15.7143      197.34
92      2.116      1.11789      838.415      -2742.68      -1904.27      15.5435      197.341
93      2.139      1.1203      840.228      -2744.7      -1904.48      15.3764      197.341
94      2.162      1.12219      841.643      -2746.32      -1904.67      15.2129      197.342
95      2.185      1.12358      842.686      -2747.54      -1904.86      15.0528      197.342
96      2.208      1.12451      843.384      -2748.41      -1905.02      14.896      197.343
97      2.231      1.12502      843.766      -2748.94      -1905.18      14.7425      197.343
98      2.254      1.12515      843.863      -2749.18      -1905.32      14.5921      197.344
99      2.277      1.12494      843.705      -2749.15      -1905.44      14.4447      197.344
100      2.3      1.12443      843.325      -2748.87      -1905.55      14.3003      197.345
101      2.323      1.12367      842.752      -2748.39      -1905.64      14.1588      197.345
102      2.346      1.12269      842.015      -2747.73      -1905.72      14.02      197.346
103      2.369      1.12152      841.141      -2746.92      -1905.78      13.884      197.347
104      2.392      1.12021      840.158      -2745.99      -1905.83      13.7505      197.348
105      2.415      1.11879      839.089      -2744.96      -1905.87      13.6196      197.348
106      2.438      1.11727      837.956      -2743.86      -1905.9      13.4912      197.349
107      2.461      1.11571      836.779      -2742.7      -1905.92      13.3652      197.35
108      2.484      1.1141      835.577      -2741.51      -1905.93      13.2415      197.351
109      2.507      1.11249      834.366      -2740.3      -1905.93      13.1201      197.352
110      2.53      1.11088      833.163      -2739.09      -1905.93      13.0009      197.353
111      2.553      1.10931      831.982      -2737.9      -1905.91      12.8838      197.354
112      2.576      1.10779      830.842      -2736.73      -1905.89      12.7689      197.356
113      2.599      1.10634      829.758      -2735.62      -1905.86      12.6559      197.357
114      2.622      1.105      828.747      -2734.57      -1905.82      12.545      197.358
115      2.645      1.10377      827.827      -2733.6      -1905.77      12.436      197.359
116      2.668      1.10269      827.017      -2732.73      -1905.71      12.3289      197.361
117      2.691      1.10178      826.337      -2731.98      -1905.65      12.2236      197.362
118      2.714      1.10108      825.807      -2731.38      -1905.57      12.1201      197.363
119      2.737      1.1006      825.449      -2730.93      -1905.48      12.0183      197.365
120      2.76      1.10038      825.281      -2730.66      -1905.38      11.9183      197.366
121      2.783      1.10043      825.321      -2730.6      -1905.28      11.8198      197.368
122      2.806      1.10078      825.586      -2730.75      -1905.16      11.723      197.369
123      2.829      1.10145      826.086      -2731.13      -1905.04      11.6278      197.371
124      2.852      1.10244      826.829      -2731.75      -1904.92      11.5341      197.372
125      2.875      1.10376      827.819      -2732.61      -1904.8      11.442      197.374
126      2.898      1.1054      829.053      -2733.73      -1904.67      11.3512      197.375
127      2.921      1.10737      830.525      -2735.08      -1904.56      11.2619      197.377
128      2.944      1.10963      832.222      -2736.67      -1904.45      11.1741      197.378
129      2.967      1.11217      834.128      -2738.47      -1904.34      11.0875      197.38
130      2.99      1.11496      836.223      -2740.47      -1904.25      11.0023      197.382
131      3.013      1.11798      838.485      -2742.66      -1904.17      10.9184      197.383
132      3.036      1.12119      840.889      -2744.99      -1904.1      10.8358      197.385
133      3.059      1.12455      843.412      -2747.46      -1904.05      10.7544      197.386
134      3.082      1.12804      846.03      -2750.03      -1904      10.6742      197.388
135      3.105      1.13162      848.719      -2752.69      -1903.97      10.5952      197.389
136      3.128      1.13528      851.457      -2755.4      -1903.95      10.5174      197.39
137      3.151      1.13897      854.225      -2758.16      -1903.94      10.4407      197.392
138      3.174      1.14267      857.006      -2760.94      -1903.93      10.3651      197.393
139      3.197      1.14638      859.786      -2763.72      -1903.93      10.2906      197.394
140      3.22      1.15007      862.552      -2766.49      -1903.94      10.2172      197.395
141      3.243      1.15373      865.297      -2769.25      -1903.95      10.1447      197.396
142      3.266      1.15735      868.01      -2771.98      -1903.97      10.0734      197.398
143      3.289      1.16092      870.687      -2774.68      -1903.99      10.003      197.398
144      3.312      1.16443      873.324      -2777.34      -1904.01      9.93354      197.399
145      3.335      1.16789      875.917      -2779.95      -1904.03      9.86507      197.4
146      3.358      1.17128      878.462      -2782.52      -1904.06      9.79754      197.401
147      3.381      1.17461      880.958      -2785.04      -1904.08      9.73092      197.401
148      3.404      1.17787      883.403      -2787.51      -1904.11      9.66519      197.402
149      3.427      1.18106      885.796      -2789.93      -1904.14      9.60034      197.402
150      3.45      1.18418      888.133      -2792.3      -1904.16      9.53635      197.402
151      3.473      1.18722      890.414      -2794.61      -1904.19      9.4732      197.403
152      3.496      1.19018      892.635      -2796.86      -1904.22      9.41087      197.403
153      3.519      1.19306      894.798      -2799.05      -1904.25      9.34936      197.402
154      3.542      1.19586      896.899      -2801.18      -1904.28      9.28863      197.402
155      3.565      1.19858      898.937      -2803.25      -1904.32      9.22868      197.402
156      3.588      1.20122      900.914      -2805.26      -1904.35      9.1695      197.401
157      3.611      1.20377      902.828      -2807.21      -1904.38      9.11106      197.4
158      3.634      1.20624      904.684      -2809.09      -1904.41      9.05335      197.399
159      3.657      1.20864      906.483      -2810.92      -1904.44      8.99636      197.398
160      3.68      1.21097      908.23      -2812.69      -1904.46      8.94008      197.397
161      3.703      1.21324      909.93      -2814.41      -1904.48      8.88449      197.395
162      3.726      1.21545      911.59      -2816.09      -1904.5      8.82957      197.394
163      3.749      1.21762      913.216      -2817.74      -1904.52      8.77532      197.392
164      3.772      1.21976      914.82      -2819.35      -1904.53      8.72173      197.39
165      3.795      1.22188      916.409      -2820.94      -1904.54      8.66878      197.388
166      3.818      1.22399      917.995      -2822.53      -1904.54      8.61646      197.386
167      3.841      1.22612      919.586      -2824.12      -1904.53      8.56476      197.383
168      3.864      1.22826      921.195      -2825.72      -1904.52      8.51366      197.381
169      3.887      1.23044      922.83      -2827.34      -1904.51      8.46317      197.378
170      3.91      1.23267      924.502      -2828.99      -1904.49      8.41326      197.375
171      3.933      1.23496      926.219      -2830.68      -1904.46      8.36393      197.372
172      3.956      1.23732      927.988      -2832.43      -1904.44      8.31517      197.369
173      3.979      1.23975      929.815      -2834.22      -1904.41      8.26697      197.366
174      4.002      1.24227      931.703      -2836.08      -1904.38      8.21931      197.362
175      4.025      1.24487      933.651      -2838      -1904.35      8.17219      197.358
176      4.048      1.24755      935.659      -2839.98      -1904.32      8.12561      197.355
177      4.071      1.2503      937.721      -2842.01      -1904.29      8.07954      197.351
178      4.094      1.25311      939.832      -2844.1      -1904.27      8.03399      197.347
179      4.117      1.25598      941.983      -2846.23      -1904.25      7.98895      197.343
180      4.14      1.25888      944.16      -2848.4      -1904.24      7.9444      197.339
181      4.163      1.2618      946.35      -2850.58      -1904.23      7.90034      197.335
182      4.186      1.26472      948.539      -2852.78      -1904.24      7.85676      197.33
183      4.209      1.26761      950.71      -2854.96      -1904.25      7.81366      197.326
184      4.232      1.27046      952.844      -2857.11      -1904.27      7.77102      197.322
185      4.255      1.27323      954.925      -2859.22      -1904.3      7.72885      197.317
186      4.278      1.27591      956.933      -2861.27      -1904.33      7.68712      197.313
187      4.301      1.27847      958.85      -2863.23      -1904.38      7.64584      197.309
188      4.324      1.28088      960.66      -2865.1      -1904.44      7.605      197.304
189      4.347      1.28313      962.349      -2866.85      -1904.5      7.56459      197.3
190      4.37      1.2852      963.901      -2868.47      -1904.57      7.52461      197.295
191      4.393      1.28707      965.306      -2869.95      -1904.64      7.48504      197.291
192      4.416      1.28874      966.553      -2871.28      -1904.72      7.44589      197.286
193      4.439      1.29018      967.635      -2872.44      -1904.81      7.40714      197.282
194      4.462      1.2914      968.548      -2873.44      -1904.89      7.3688      197.278
195      4.485      1.29238      969.287      -2874.27      -1904.98      7.33085      197.273
196      4.508      1.29313      969.85      -2874.92      -1905.07      7.29329      197.269
197      4.531      1.29365      970.239      -2875.39      -1905.15      7.25612      197.265
198      4.554      1.29394      970.454      -2875.69      -1905.24      7.21932      197.261
199      4.577      1.294      970.5      -2875.82      -1905.32      7.18289      197.257
200      4.6      1.29384      970.378      -2875.78      -1905.41      7.14683      197.253
201      4.623      1.29346      970.094      -2875.58      -1905.49      7.11114      197.249
202      4.646      1.29287      969.652      -2875.22      -1905.56      7.0758      197.245
203      4.669      1.29208      969.059      -2874.7      -1905.64      7.04081      197.241
204      4.692      1.29109      968.32      -2874.03      -1905.71      7.00618      197.238
205      4.715      1.28992      967.442      -2873.22      -1905.78      6.97188      197.234
206      4.738      1.28858      966.434      -2872.28      -1905.84      6.93792      197.231
207      4.761      1.28707      965.302      -2871.21      -1905.9      6.90429      197.228
208      4.784      1.28541      964.057      -2870.02      -1905.96      6.87099      197.225
209      4.807      1.28361      962.707      -2868.72      -1906.01      6.83802      197.222
210      4.83      1.28169      961.264      -2867.32      -1906.05      6.80536      197.219
211      4.853      1.27966      959.742      -2865.83      -1906.09      6.77302      197.217
212      4.876      1.27754      958.155      -2864.28      -1906.12      6.74098      197.214
213      4.899      1.27535      956.516      -2862.66      -1906.14      6.70926      197.212
214      4.922      1.27312      954.843      -2861      -1906.16      6.67783      197.21
215      4.945      1.27087      953.154      -2859.32      -1906.17      6.6467      197.208
216      4.968      1.26863      951.469      -2857.63      -1906.16      6.61586      197.206
217      4.991      1.26641      949.809      -2855.95      -1906.14      6.58531      197.204
218      5.014      1.26426      948.196      -2854.31      -1906.12      6.55505      197.202
219      5.037      1.2622      946.651      -2852.73      -1906.08      6.52507      197.201
220      5.06      1.26026      945.197      -2851.23      -1906.03      6.49536      197.199
221      5.083      1.25847      943.852      -2849.83      -1905.98      6.46592      197.198
222      5.106      1.25685      942.636      -2848.54      -1905.91      6.43676      197.197
223      5.129      1.25542      941.566      -2847.4      -1905.83      6.40786      197.195
224      5.152      1.25421      940.656      -2846.41      -1905.75      6.37922      197.194
225      5.175      1.25322      939.915      -2845.58      -1905.67      6.35084      197.194
226      5.198      1.25247      939.351      -2844.93      -1905.58      6.32271      197.193
227      5.221      1.25196      938.967      -2844.45      -1905.49      6.29484      197.192
228      5.244      1.25169      938.764      -2844.16      -1905.4      6.26721      197.192
229      5.267      1.25165      938.74      -2844.05      -1905.31      6.23983      197.191
230      5.29      1.25186      938.893      -2844.11      -1905.22      6.21269      197.191
231      5.313      1.25229      939.216      -2844.35      -1905.13      6.18579      197.191
232      5.336      1.25294      939.707      -2844.76      -1905.05      6.15912      197.19
233      5.359      1.25381      940.358      -2845.33      -1904.97      6.13269      197.19
234      5.382      1.25489      941.166      -2846.06      -1904.89      6.10648      197.191
235      5.405      1.25617      942.127      -2846.95      -1904.82      6.0805      197.191
236      5.428      1.25765      943.24      -2847.98      -1904.74      6.05475      197.191
237      5.451      1.25934      944.503      -2849.17      -1904.67      6.02922      197.192
238      5.474      1.26122      945.916      -2850.51      -1904.59      6.0039      197.192
239      5.497      1.26331      947.48      -2852      -1904.52      5.9788      197.193
240      5.52      1.2656      949.198      -2853.64      -1904.44      5.95392      197.194
241      5.543      1.26809      951.07      -2855.44      -1904.37      5.92924      197.195
242      5.566      1.2708      953.096      -2857.39      -1904.29      5.90477      197.196
243      5.589      1.2737      955.275      -2859.49      -1904.21      5.88051      197.197
244      5.612      1.2768      957.603      -2861.74      -1904.14      5.85645      197.198
245      5.635      1.2801      960.076      -2864.14      -1904.07      5.83259      197.2
246      5.658      1.28358      962.686      -2866.69      -1904      5.80893      197.202
247      5.681      1.28723      965.424      -2869.36      -1903.94      5.78547      197.203
248      5.704      1.29103      968.275      -2872.16      -1903.89      5.76219      197.205
249      5.727      1.29497      971.227      -2875.06      -1903.84      5.73911      197.207
250      5.75      1.29902      974.262      -2878.06      -1903.8      5.71622      197.21
251      5.773      1.30315      977.364      -2881.13      -1903.77      5.69351      197.212
252      5.796      1.30735      980.511      -2884.26      -1903.75      5.67099      197.214
253      5.819      1.31158      983.682      -2887.42      -1903.74      5.64865      197.217
254      5.842      1.31581      986.858      -2890.6      -1903.74      5.62649      197.22
255      5.865      1.32002      990.017      -2893.77      -1903.75      5.6045      197.222
256      5.888      1.32419      993.141      -2896.91      -1903.77      5.58269      197.225
257      5.911      1.32828      996.211      -2900.01      -1903.8      5.56106      197.228
258      5.934      1.33228      999.21      -2903.05      -1903.84      5.53959      197.232
259      5.957      1.33616      1002.12      -2906.01      -1903.88      5.5183      197.235
260      5.98      1.33991      1004.93      -2908.87      -1903.94      5.49717      197.238
261      6.003      1.3435      1007.63      -2911.62      -1904      5.4762      197.242
262      6.026      1.34693      1010.2      -2914.26      -1904.06      5.4554      197.245
263      6.049      1.35019      1012.64      -2916.77      -1904.12      5.43476      197.249
264      6.072      1.35327      1014.95      -2919.14      -1904.19      5.41428      197.253
265      6.095      1.35616      1017.12      -2921.38      -1904.26      5.39395      197.257
266      6.118      1.35886      1019.14      -2923.48      -1904.34      5.37378      197.261
267      6.141      1.36137      1021.02      -2925.43      -1904.41      5.35376      197.265
268      6.164      1.36368      1022.76      -2927.24      -1904.48      5.3339      197.269
269      6.187      1.3658      1024.35      -2928.9      -1904.55      5.31418      197.273
270      6.21      1.36772      1025.79      -2930.42      -1904.63      5.29461      197.277
271      6.233      1.36945      1027.09      -2931.79      -1904.7      5.27519      197.282
272      6.256      1.37098      1028.23      -2933.01      -1904.78      5.25591      197.286
273      6.279      1.37231      1029.23      -2934.08      -1904.85      5.23677      197.29
274      6.302      1.37343      1030.07      -2935      -1904.93      5.21778      197.295
275      6.325      1.37434      1030.76      -2935.77      -1905.01      5.19892      197.299
276      6.348      1.37505      1031.28      -2936.37      -1905.09      5.1802      197.304
277      6.371      1.37553      1031.65      -2936.82      -1905.17      5.16162      197.308
278      6.394      1.37579      1031.84      -2937.1      -1905.25      5.14317      197.313
279      6.417      1.37583      1031.87      -2937.21      -1905.34      5.12485      197.317
280      6.44      1.37565      1031.73      -2937.16      -1905.42      5.10667      197.322
281      6.463      1.37523      1031.42      -2936.93      -1905.51      5.08861      197.326
282      6.486      1.37459      1030.94      -2936.54      -1905.59      5.07068      197.331
283      6.509      1.37373      1030.3      -2935.97      -1905.67      5.05288      197.335
284      6.532      1.37265      1029.49      -2935.24      -1905.75      5.03521      197.34
285      6.555      1.37137      1028.53      -2934.36      -1905.83      5.01766      197.344
286      6.578      1.3699      1027.43      -2933.33      -1905.9      5.00023      197.349
287      6.601      1.36825      1026.19      -2932.15      -1905.97      4.98292      197.353
288      6.624      1.36644      1024.83      -2930.85      -1906.02      4.96573      197.358
289      6.647      1.36449      1023.36      -2929.44      -1906.07      4.94865      197.362
290      6.67      1.36241      1021.81      -2927.93      -1906.12      4.9317      197.367
291      6.693      1.36025      1020.19      -2926.34      -1906.15      4.91486      197.371
292      6.716      1.35801      1018.51      -2924.68      -1906.18      4.89814      197.375
293      6.739      1.35572      1016.79      -2922.98      -1906.19      4.88152      197.38
294      6.762      1.3534      1015.05      -2921.25      -1906.2      4.86502      197.384
295      6.785      1.35108      1013.31      -2919.51      -1906.2      4.84863      197.388
296      6.808      1.34878      1011.58      -2917.77      -1906.19      4.83235      197.392
297      6.831      1.34651      1009.88      -2916.06      -1906.18      4.81618      197.396
298      6.854      1.34429      1008.22      -2914.38      -1906.16      4.80012      197.4
299      6.877      1.34214      1006.6      -2912.73      -1906.13      4.78416      197.404
300      6.9      1.34005      1005.04      -2911.14      -1906.1      4.76831      197.408
301      6.923      1.33805      1003.54      -2909.61      -1906.07      4.75256      197.412
302      6.946      1.33613      1002.1      -2908.14      -1906.04      4.73691      197.415
303      6.969      1.33429      1000.72      -2906.73      -1906.01      4.72137      197.419
304      6.992      1.33254      999.402      -2905.38      -1905.98      4.70592      197.423
305      7.015      1.33086      998.146      -2904.1      -1905.95      4.69058      197.426
306      7.038      1.32926      996.946      -2902.87      -1905.92      4.67533      197.43
307      7.061      1.32773      995.794      -2901.69      -1905.9      4.66018      197.433
308      7.084      1.32625      994.685      -2900.56      -1905.88      4.64513      197.437
309      7.107      1.32482      993.612      -2899.47      -1905.86      4.63017      197.44
310      7.13      1.32343      992.569      -2898.42      -1905.85      4.61531      197.443
311      7.153      1.32206      991.548      -2897.38      -1905.84      4.60054      197.446
312      7.176      1.32072      990.541      -2896.37      -1905.83      4.58587      197.449
313      7.199      1.31939      989.541      -2895.37      -1905.83      4.57129      197.452
314      7.222      1.31806      988.541      -2894.37      -1905.83      4.55679      197.455
315      7.245      1.31671      987.533      -2893.37      -1905.83      4.54239      197.458
316      7.268      1.31535      986.51      -2892.35      -1905.84      4.52808      197.46
317      7.291      1.31396      985.467      -2891.32      -1905.85      4.51385      197.463
318      7.314      1.31253      984.394      -2890.26      -1905.87      4.49971      197.465
319      7.337      1.31105      983.285      -2889.17      -1905.89      4.48566      197.468
320      7.36      1.30951      982.133      -2888.04      -1905.91      4.4717      197.47
321      7.383      1.30791      980.932      -2886.86      -1905.93      4.45781      197.472
322      7.406      1.30623      979.673      -2885.64      -1905.96      4.44402      197.474
323      7.429      1.30447      978.352      -2884.35      -1905.99      4.4303      197.476
324      7.452      1.30262      976.964      -2882.99      -1906.03      4.41667      197.478
325      7.475      1.30067      975.505      -2881.57      -1906.06      4.40312      197.48
326      7.498      1.29863      973.971      -2880.07      -1906.1      4.38964      197.481
327      7.521      1.29648      972.358      -2878.5      -1906.14      4.37625      197.483
328      7.544      1.29422      970.668      -2876.85      -1906.18      4.36294      197.484
329      7.567      1.29187      968.9      -2875.12      -1906.22      4.3497      197.485
330      7.59      1.28941      967.058      -2873.31      -1906.25      4.33654      197.486
331      7.613      1.28686      965.148      -2871.43      -1906.29      4.32346      197.487
332      7.636      1.28424      963.179      -2869.49      -1906.31      4.31045      197.488
333      7.659      1.28155      961.16      -2867.5      -1906.34      4.29752      197.488
334      7.682      1.27881      959.105      -2865.46      -1906.35      4.28466      197.489
335      7.705      1.27604      957.028      -2863.39      -1906.36      4.27188      197.489
336      7.728      1.27326      954.948      -2861.31      -1906.36      4.25917      197.489
337      7.751      1.27051      952.881      -2859.23      -1906.35      4.24653      197.489
338      7.774      1.2678      950.848      -2857.18      -1906.33      4.23396      197.489
339      7.797      1.26516      948.866      -2855.17      -1906.3      4.22146      197.488
340      7.82      1.26261      946.957      -2853.22      -1906.27      4.20903      197.488
341      7.843      1.26018      945.138      -2851.36      -1906.22      4.19668      197.487
342      7.866      1.2579      943.425      -2849.59      -1906.16      4.18439      197.486
343      7.889      1.25578      941.832      -2847.93      -1906.1      4.17217      197.485
344      7.912      1.25382      940.368      -2846.4      -1906.04      4.16001      197.484
345      7.935      1.25206      939.042      -2845.01      -1905.97      4.14793      197.483
346      7.958      1.25048      937.858      -2843.75      -1905.89      4.13591      197.481
347      7.981      1.24909      936.818      -2842.64      -1905.82      4.12396      197.48
348      8.004      1.2479      935.923      -2841.67      -1905.75      4.11207      197.478
349      8.027      1.24689      935.169      -2840.85      -1905.68      4.10025      197.476
350      8.05      1.24607      934.554      -2840.16      -1905.61      4.08849      197.474
351      8.073      1.24543      934.07      -2839.62      -1905.54      4.0768      197.472
352      8.096      1.24495      933.714      -2839.2      -1905.48      4.06517      197.47
353      8.119      1.24463      933.475      -2838.9      -1905.42      4.0536      197.467
354      8.142      1.24446      933.348      -2838.72      -1905.37      4.0421      197.464
355      8.165      1.24443      933.323      -2838.64      -1905.32      4.03065      197.462
356      8.188      1.24452      933.393      -2838.67      -1905.27      4.01927      197.459
357      8.211      1.24473      933.547      -2838.78      -1905.23      4.00796      197.456
358      8.234      1.24504      933.776      -2838.97      -1905.2      3.9967      197.453
359      8.257      1.24543      934.073      -2839.24      -1905.16      3.9855      197.45
360      8.28      1.2459      934.426      -2839.56      -1905.14      3.97436      197.446
361      8.303      1.24644      934.828      -2839.94      -1905.11      3.96329      197.443
362      8.326      1.24703      935.27      -2840.37      -1905.1      3.95227      197.439
363      8.349      1.24766      935.742      -2840.82      -1905.08      3.94131      197.436
364      8.372      1.24832      936.237      -2841.31      -1905.07      3.9304      197.432
365      8.395      1.249      936.748      -2841.81      -1905.06      3.91956      197.428
366      8.418      1.24969      937.269      -2842.33      -1905.06      3.90877      197.424
367      8.441      1.25039      937.796      -2842.85      -1905.06      3.89804      197.42
368      8.464      1.2511      938.323      -2843.38      -1905.06      3.88737      197.416
369      8.487      1.25179      938.846      -2843.91      -1905.06      3.87675      197.412
370      8.51      1.25249      939.364      -2844.43      -1905.06      3.86619      197.407
371      8.533      1.25317      939.876      -2844.94      -1905.07      3.85568      197.403
372      8.556      1.25384      940.38      -2845.45      -1905.07      3.84523      197.399
373      8.579      1.2545      940.874      -2845.95      -1905.08      3.83483      197.394
374      8.602      1.25514      941.355      -2846.44      -1905.09      3.82448      197.389
375      8.625      1.25576      941.822      -2846.91      -1905.09      3.81419      197.385
376      8.648      1.25636      942.272      -2847.37      -1905.1      3.80396      197.38
377      8.671      1.25694      942.702      -2847.81      -1905.11      3.79377      197.375
378      8.694      1.25748      943.109      -2848.23      -1905.12      3.78364      197.37
379      8.717      1.25798      943.487      -2848.63      -1905.14      3.77356      197.365
380      8.74      1.25844      943.828      -2848.99      -1905.16      3.76354      197.36
381      8.763      1.25883      944.125      -2849.31      -1905.18      3.75356      197.355
382      8.786      1.25916      944.372      -2849.58      -1905.21      3.74364      197.349
383      8.809      1.25941      944.558      -2849.8      -1905.24      3.73376      197.344
384      8.832      1.25957      944.674      -2849.95      -1905.28      3.72394      197.339
385      8.855      1.25961      944.711      -2850.03      -1905.32      3.71417      197.334
386      8.878      1.25955      944.66      -2850.02      -1905.36      3.70445      197.328
387      8.901      1.25935      944.512      -2849.92      -1905.41      3.69477      197.323
388      8.924      1.25902      944.262      -2849.73      -1905.46      3.68515      197.318
389      8.947      1.25854      943.901      -2849.42      -1905.52      3.67558      197.312
390      8.97      1.2579      943.427      -2849      -1905.58      3.66605      197.307
391      8.993      1.25711      942.834      -2848.47      -1905.64      3.65657      197.301
392      9.016      1.25616      942.123      -2847.82      -1905.7      3.64715      197.296
393      9.039      1.25506      941.295      -2847.05      -1905.75      3.63777      197.291
394      9.062      1.2538      940.352      -2846.16      -1905.81      3.62843      197.285
395      9.085      1.2524      939.299      -2845.16      -1905.87      3.61915      197.28
396      9.108      1.25086      938.143      -2844.06      -1905.92      3.60991      197.274
397      9.131      1.24919      936.891      -2842.85      -1905.96      3.60072      197.269
398      9.154      1.2474      935.553      -2841.56      -1906.01      3.59158      197.264
399      9.177      1.24552      934.138      -2840.18      -1906.04      3.58248      197.258
400      9.2      1.24354      932.659      -2838.73      -1906.07      3.57343      197.253
401      9.223      1.2415      931.126      -2837.22      -1906.1      3.56442      197.248
402      9.246      1.23941      929.554      -2835.67      -1906.12      3.55546      197.243
403      9.269      1.23727      927.955      -2834.08      -1906.13      3.54654      197.238
404      9.292      1.23512      926.342      -2832.47      -1906.13      3.53767      197.232
405      9.315      1.23298      924.732      -2830.86      -1906.13      3.52885      197.227
406      9.338      1.23085      923.14      -2829.26      -1906.12      3.52007      197.222
407      9.361      1.22877      921.581      -2827.68      -1906.1      3.51133      197.217
408      9.384      1.22676      920.072      -2826.14      -1906.07      3.50263      197.212
409      9.407      1.22484      918.629      -2824.67      -1906.04      3.49398      197.207
410      9.43      1.22303      917.27      -2823.26      -1905.99      3.48538      197.203
411      9.453      1.22135      916.012      -2821.95      -1905.94      3.47681      197.198
412      9.476      1.21983      914.873      -2820.75      -1905.88      3.46829      197.193
413      9.499      1.2185      913.872      -2819.68      -1905.81      3.45981      197.189
414      9.522      1.21737      913.024      -2818.75      -1905.73      3.45137      197.184
415      9.545      1.21646      912.347      -2817.99      -1905.64      3.44298      197.179
416      9.568      1.21581      911.857      -2817.4      -1905.55      3.43462      197.175
417      9.591      1.21542      911.566      -2817.01      -1905.45      3.42631      197.171
418      9.614      1.21532      911.489      -2816.83      -1905.34      3.41804      197.166
419      9.637      1.21551      911.636      -2816.86      -1905.22      3.40981      197.162
420      9.66      1.21602      912.017      -2817.12      -1905.11      3.40162      197.158
421      9.683      1.21685      912.638      -2817.62      -1904.98      3.39347      197.154
422      9.706      1.218      913.503      -2818.37      -1904.86      3.38536      197.15
423      9.729      1.21949      914.614      -2819.35      -1904.74      3.37728      197.146
424      9.752      1.22129      915.969      -2820.59      -1904.62      3.36925      197.142
425      9.775      1.22342      917.564      -2822.06      -1904.5      3.36126      197.138
426      9.798      1.22586      919.392      -2823.77      -1904.38      3.3533      197.134
427      9.821      1.22859      921.443      -2825.72      -1904.27      3.34538      197.13
428      9.844      1.23161      923.705      -2827.87      -1904.17      3.33751      197.126
429      9.867      1.23488      926.16      -2830.23      -1904.07      3.32966      197.123
430      9.89      1.23839      928.791      -2832.78      -1903.99      3.32186      197.119
431      9.913      1.2421      931.576      -2835.49      -1903.92      3.31409      197.116
432      9.936      1.24599      934.493      -2838.35      -1903.85      3.30636      197.112
433      9.959      1.25002      937.515      -2841.32      -1903.8      3.29867      197.109
434      9.982      1.25415      940.616      -2844.38      -1903.77      3.29101      197.105
435      10.005      1.25836      943.768      -2847.51      -1903.75      3.28339      197.102
436      10.028      1.26259      946.944      -2850.68      -1903.74      3.27581      197.099
437      10.051      1.26682      950.116      -2853.86      -1903.74      3.26826      197.096
438      10.074      1.27101      953.255      -2857.02      -1903.76      3.26075      197.092
439      10.097      1.27512      956.338      -2860.13      -1903.79      3.25327      197.089
440      10.12      1.27912      959.338      -2863.18      -1903.84      3.24582      197.086
441      10.143      1.28298      962.233      -2866.13      -1903.89      3.23841      197.083
442      10.166      1.28667      965.001      -2868.96      -1903.96      3.23104      197.08
443      10.189      1.29017      967.626      -2871.66      -1904.03      3.22369      197.077
444      10.212      1.29345      970.091      -2874.21      -1904.12      3.21639      197.074
445      10.235      1.29651      972.382      -2876.59      -1904.2      3.20911      197.072
446      10.258      1.29932      974.491      -2878.79      -1904.3      3.20187      197.069
447      10.281      1.30188      976.408      -2880.8      -1904.39      3.19466      197.066
448      10.304      1.30417      978.131      -2882.62      -1904.49      3.18749      197.063
449      10.327      1.30621      979.656      -2884.25      -1904.59      3.18034      197.06
450      10.35      1.30798      980.985      -2885.67      -1904.69      3.17323      197.058
451      10.373      1.30949      982.12      -2886.91      -1904.79      3.16615      197.055
452      10.396      1.31076      983.067      -2887.95      -1904.88      3.15911      197.052
453      10.419      1.31178      983.834      -2888.8      -1904.97      3.15209      197.05
454      10.442      1.31257      984.43      -2889.48      -1905.05      3.14511      197.047
455      10.465      1.31315      984.865      -2890      -1905.13      3.13815      197.045
456      10.488      1.31354      985.154      -2890.36      -1905.2      3.13123      197.042
457      10.511      1.31374      985.307      -2890.58      -1905.27      3.12434      197.039
458      10.534      1.31379      985.341      -2890.67      -1905.33      3.11748      197.037
459      10.557      1.31369      985.268      -2890.65      -1905.38      3.11064      197.034
460      10.58      1.31347      985.103      -2890.53      -1905.42      3.10384      197.032
461      10.603      1.31315      984.86      -2890.32      -1905.46      3.09707      197.029
462      10.626      1.31274      984.552      -2890.04      -1905.49      3.09033      197.027
463      10.649      1.31225      984.19      -2889.71      -1905.52      3.08362      197.025
464      10.672      1.31171      983.785      -2889.32      -1905.54      3.07693      197.022
465      10.695      1.31113      983.345      -2888.9      -1905.56      3.07028      197.02
466      10.718      1.3105      982.877      -2888.45      -1905.57      3.06365      197.017
467      10.741      1.30985      982.384      -2887.96      -1905.58      3.05706      197.015
468      10.764      1.30916      981.87      -2887.46      -1905.59      3.05049      197.013
469      10.787      1.30845      981.335      -2886.94      -1905.6      3.04395      197.011
470      10.81      1.3077      980.778      -2886.39      -1905.61      3.03744      197.008
471      10.833      1.30693      980.196      -2885.82      -1905.63      3.03096      197.006
472      10.856      1.30611      979.586      -2885.23      -1905.64      3.0245      197.004
473      10.879      1.30526      978.942      -2884.6      -1905.66      3.01808      197.002
474      10.902      1.30435      978.259      -2883.94      -1905.68      3.01168      197
475      10.925      1.30338      977.532      -2883.23      -1905.7      3.00531      196.998
476      10.948      1.30234      976.753      -2882.48      -1905.73      2.99897      196.996
477      10.971      1.30122      975.918      -2881.67      -1905.75      2.99265      196.994
478      10.994      1.30003      975.021      -2880.81      -1905.79      2.98636      196.993
479      11.017      1.29874      974.058      -2879.88      -1905.82      2.9801      196.991
480      11.04      1.29737      973.025      -2878.88      -1905.85      2.97387      196.989
481      11.063      1.29589      971.919      -2877.81      -1905.89      2.96767      196.988
482      11.086      1.29432      970.74      -2876.67      -1905.93      2.96149      196.986
483      11.109      1.29265      969.486      -2875.45      -1905.97      2.95534      196.985
484      11.132      1.29088      968.159      -2874.16      -1906      2.94921      196.984
485      11.155      1.28902      966.762      -2872.8      -1906.04      2.94311      196.983
486      11.178      1.28707      965.299      -2871.37      -1906.07      2.93704      196.982
487      11.201      1.28503      963.773      -2869.87      -1906.1      2.931      196.981
488      11.224      1.28292      962.191      -2868.32      -1906.13      2.92498      196.98
489      11.247      1.28075      960.559      -2866.71      -1906.15      2.91899      196.979
490      11.27      1.27852      958.886      -2865.06      -1906.17      2.91302      196.979
491      11.293      1.27624      957.182      -2863.37      -1906.18      2.90708      196.978
492      11.316      1.27394      955.456      -2861.65      -1906.19      2.90117      196.978
493      11.339      1.27162      953.718      -2859.92      -1906.2      2.89528      196.978
494      11.362      1.26931      951.982      -2858.18      -1906.2      2.88942      196.978
495      11.385      1.26701      950.258      -2856.45      -1906.19      2.88359      196.978
496      11.408      1.26475      948.56      -2854.73      -1906.17      2.87778      196.978
497      11.431      1.26253      946.901      -2853.05      -1906.15      2.87199      196.978
498      11.454      1.26039      945.294      -2851.42      -1906.13      2.86623      196.979
499      11.477      1.25833      943.751      -2849.84      -1906.09      2.86049      196.979
500      11.5      1.25638      942.286      -2848.34      -1906.05      2.85478      196.98
501      11.523      1.25455      940.911      -2846.92      -1906      2.8491      196.981
502      11.546      1.25285      939.637      -2845.59      -1905.95      2.84344      196.982
503      11.569      1.2513      938.474      -2844.37      -1905.9      2.8378      196.983
504      11.592      1.24991      937.431      -2843.27      -1905.83      2.83219      196.984
505      11.615      1.24869      936.516      -2842.29      -1905.77      2.8266      196.986
506      11.638      1.24765      935.736      -2841.44      -1905.7      2.82103      196.987
507      11.661      1.24679      935.096      -2840.73      -1905.63      2.81549      196.989
508      11.684      1.24613      934.598      -2840.16      -1905.56      2.80997      196.99
509      11.707      1.24566      934.243      -2839.73      -1905.49      2.80448      196.992
510      11.73      1.24537      934.028      -2839.45      -1905.42      2.799      196.994
511      11.753      1.24527      933.952      -2839.3      -1905.35      2.79355      196.996
512      11.776      1.24535      934.01      -2839.29      -1905.28      2.78813      196.998
513      11.799      1.24559      934.196      -2839.42      -1905.22      2.78272      197
514      11.822      1.246      934.502      -2839.66      -1905.16      2.77734      197.002
515      11.845      1.24656      934.919      -2840.03      -1905.11      2.77198      197.004
516      11.868      1.24725      935.439      -2840.5      -1905.06      2.76664      197.007
517      11.891      1.24807      936.05      -2841.06      -1905.01      2.76132      197.009
518      11.914      1.24899      936.742      -2841.71      -1904.97      2.75602      197.012
519      11.937      1.25001      937.506      -2842.44      -1904.94      2.75075      197.014
520      11.96      1.25111      938.332      -2843.24      -1904.91      2.7455      197.017
521      11.983      1.25228      939.212      -2844.09      -1904.88      2.74026      197.019
522      12.006      1.25352      940.137      -2845      -1904.86      2.73505      197.022
523      12.029      1.2548      941.098      -2845.94      -1904.84      2.72986      197.025
524      12.052      1.25612      942.09      -2846.92      -1904.83      2.72469      197.027
525      12.075      1.25748      943.11      -2847.93      -1904.82      2.71953      197.03
526      12.098      1.25887      944.151      -2848.96      -1904.81      2.7144      197.033
527      12.121      1.26028      945.211      -2850.01      -1904.8      2.70929      197.036
528      12.144      1.26172      946.288      -2851.08      -1904.79      2.7042      197.039
529      12.167      1.26317      947.379      -2852.16      -1904.78      2.69912      197.041
530      12.19      1.26465      948.485      -2853.26      -1904.77      2.69407      197.044
531      12.213      1.26614      949.603      -2854.37      -1904.77      2.68904      197.047
532      12.236      1.26765      950.736      -2855.5      -1904.76      2.68402      197.05
533      12.259      1.26918      951.882      -2856.64      -1904.75      2.67902      197.053
534      12.282      1.27072      953.042      -2857.79      -1904.75      2.67405      197.056
535      12.305      1.27229      954.216      -2858.96      -1904.74      2.66909      197.059
536      12.328      1.27387      955.403      -2860.14      -1904.73      2.66415      197.062
537      12.351      1.27547      956.605      -2861.33      -1904.73      2.65923      197.065
538      12.374      1.27709      957.821      -2862.54      -1904.72      2.65432      197.068
539      12.397      1.27874      959.051      -2863.76      -1904.71      2.64944      197.071
540      12.42      1.2804      960.297      -2865      -1904.7      2.64457      197.074
541      12.443      1.28208      961.559      -2866.26      -1904.7      2.63973      197.077
542      12.466      1.28378      962.839      -2867.53      -1904.69      2.6349      197.08
543      12.489      1.28552      964.136      -2868.81      -1904.68      2.63009      197.083
544      12.512      1.28727      965.454      -2870.12      -1904.67      2.62529      197.086
545      12.535      1.28906      966.792      -2871.45      -1904.66      2.62052      197.089
546      12.558      1.29087      968.151      -2872.8      -1904.65      2.61576      197.092
547      12.581      1.29271      969.53      -2874.17      -1904.64      2.61102      197.095
548      12.604      1.29457      970.929      -2875.56      -1904.63      2.6063      197.099
549      12.627      1.29646      972.345      -2876.96      -1904.62      2.60159      197.102
550      12.65      1.29836      973.773      -2878.39      -1904.61      2.59691      197.105
551      12.673      1.30028      975.208      -2879.82      -1904.61      2.59224      197.109
552      12.696      1.30219      976.641      -2881.26      -1904.61      2.58759      197.112
553      12.719      1.30409      978.065      -2882.69      -1904.62      2.58295      197.116
554      12.742      1.30596      979.468      -2884.1      -1904.63      2.57834      197.119
555      12.765      1.30778      980.837      -2885.49      -1904.65      2.57374      197.123
556      12.788      1.30955      982.159      -2886.83      -1904.68      2.56916      197.126
557      12.811      1.31123      983.42      -2888.13      -1904.71      2.56459      197.13
558      12.834      1.31281      984.606      -2889.35      -1904.75      2.56004      197.134
559      12.857      1.31427      985.704      -2890.5      -1904.79      2.55551      197.137
560      12.88      1.3156      986.701      -2891.55      -1904.84      2.551      197.141
561      12.903      1.31678      987.586      -2892.49      -1904.9      2.5465      197.145
562      12.926      1.3178      988.351      -2893.31      -1904.96      2.54202      197.149
563      12.949      1.31865      988.99      -2894.02      -1905.03      2.53756      197.153
564      12.972      1.31933      989.5      -2894.59      -1905.09      2.53311      197.157
565      12.995      1.31985      989.884      -2895.04      -1905.15      2.52868      197.161
566      13.018      1.32019      990.145      -2895.36      -1905.21      2.52427      197.166
567      13.041      1.32039      990.292      -2895.56      -1905.27      2.51987      197.17
568      13.064      1.32045      990.336      -2895.65      -1905.32      2.51549      197.174
569      13.087      1.32039      990.291      -2895.65      -1905.36      2.51112      197.179
570      13.11      1.32023      990.173      -2895.57      -1905.4      2.50678      197.183
571      13.133      1.32      989.997      -2895.42      -1905.42      2.50244      197.187
572      13.156      1.3197      989.777      -2895.22      -1905.44      2.49812      197.192
573      13.179      1.31937      989.527      -2894.98      -1905.46      2.49382      197.197
574      13.202      1.31901      989.256      -2894.72      -1905.47      2.48954      197.201
575      13.225      1.31863      988.97      -2894.44      -1905.47      2.48527      197.206
576      13.248      1.31822      988.668      -2894.15      -1905.48      2.48101      197.211
577      13.271      1.3178      988.346      -2893.84      -1905.49      2.47677      197.215
578      13.294      1.31733      987.994      -2893.5      -1905.51      2.47255      197.22
579      13.317      1.3168      987.599      -2893.13      -1905.53      2.46834      197.225
580      13.34      1.31619      987.143      -2892.71      -1905.56      2.46414      197.23
581      13.363      1.31548      986.61      -2892.21      -1905.6      2.45996      197.235
582      13.386      1.31464      985.981      -2891.64      -1905.66      2.4558      197.24
583      13.409      1.31365      985.237      -2890.95      -1905.71      2.45165      197.245
584      13.432      1.31248      984.362      -2890.14      -1905.78      2.44751      197.25
585      13.455      1.31112      983.342      -2889.2      -1905.86      2.44339      197.255
586      13.478      1.30955      982.164      -2888.1      -1905.94      2.43928      197.26
587      13.501      1.30776      980.822      -2886.84      -1906.02      2.43519      197.265
588      13.524      1.30575      979.31      -2885.41      -1906.1      2.43111      197.27
589      13.547      1.30351      977.629      -2883.82      -1906.19      2.42704      197.275
590      13.57      1.30104      975.782      -2882.05      -1906.27      2.42299      197.28
591      13.593      1.29837      973.777      -2880.12      -1906.35      2.41895      197.285
592      13.616      1.2955      971.622      -2878.04      -1906.42      2.41493      197.29
593      13.639      1.29245      969.334      -2875.82      -1906.48      2.41091      197.295
594      13.662      1.28924      966.929      -2873.47      -1906.54      2.40691      197.3
595      13.685      1.2859      964.428      -2871.01      -1906.59      2.40293      197.304
596      13.708      1.28247      961.855      -2868.47      -1906.62      2.39895      197.309
597      13.731      1.27898      959.236      -2865.87      -1906.64      2.39499      197.314
598      13.754      1.27547      956.602      -2863.24      -1906.64      2.39104      197.318
599      13.777      1.27198      953.983      -2860.61      -1906.63      2.38711      197.323
600      13.8      1.26855      951.411      -2858.01      -1906.6      2.38318      197.328
601      13.823      1.26522      948.918      -2855.48      -1906.56      2.37927      197.332
602      13.846      1.26205      946.54      -2853.04      -1906.5      2.37537      197.336
603      13.869      1.25908      944.309      -2850.73      -1906.42      2.37149      197.341
604      13.892      1.25634      942.258      -2848.58      -1906.32      2.36761      197.345
605      13.915      1.25389      940.42      -2846.63      -1906.21      2.36375      197.349
606      13.938      1.25176      938.823      -2844.91      -1906.09      2.35989      197.353
607      13.961      1.24999      937.496      -2843.45      -1905.95      2.35605      197.357
608      13.984      1.24861      936.46      -2842.26      -1905.8      2.35222      197.361
609      14.007      1.24765      935.736      -2841.38      -1905.64      2.3484      197.365
610      14.03      1.24712      935.338      -2840.82      -1905.48      2.3446      197.368
611      14.053      1.24703      935.275      -2840.59      -1905.31      2.3408      197.372
612      14.076      1.2474      935.552      -2840.69      -1905.14      2.33701      197.375
613      14.099      1.24823      936.17      -2841.14      -1904.97      2.33324      197.378
614      14.122      1.2495      937.125      -2841.93      -1904.8      2.32948      197.381
615      14.145      1.25121      938.407      -2843.05      -1904.64      2.32572      197.384
616      14.168      1.25334      940.005      -2844.49      -1904.48      2.32198      197.387
617      14.191      1.25587      941.9      -2846.24      -1904.34      2.31825      197.39
618      14.214      1.25877      944.076      -2848.28      -1904.2      2.31453      197.392
619      14.237      1.26201      946.509      -2850.58      -1904.07      2.31082      197.395
620      14.26      1.26557      949.176      -2853.14      -1903.96      2.30711      197.397
621      14.283      1.2694      952.049      -2855.91      -1903.86      2.30342      197.399
622      14.306      1.27347      955.101      -2858.88      -1903.78      2.29974      197.401
623      14.329      1.27773      958.3      -2862.01      -1903.71      2.29607      197.402
624      14.352      1.28215      961.616      -2865.27      -1903.65      2.29241      197.404
625      14.375      1.28669      965.016      -2868.63      -1903.61      2.28876      197.406
626      14.398      1.29129      968.469      -2872.06      -1903.59      2.28512      197.407
627      14.421      1.29592      971.941      -2875.53      -1903.59      2.28149      197.408
628      14.444      1.30054      975.401      -2879      -1903.6      2.27786      197.409
629      14.467      1.30509      978.817      -2882.44      -1903.62      2.27425      197.41
630      14.49      1.30955      982.159      -2885.82      -1903.66      2.27065      197.41
631      14.513      1.31386      985.398      -2889.11      -1903.72      2.26706      197.411
632      14.536      1.31801      988.507      -2892.29      -1903.78      2.26347      197.411
633      14.559      1.32195      991.462      -2895.33      -1903.86      2.2599      197.411
634      14.582      1.32566      994.242      -2898.2      -1903.95      2.25633      197.411
635      14.605      1.3291      996.828      -2900.88      -1904.05      2.25278      197.411
636      14.628      1.33227      999.204      -2903.36      -1904.16      2.24923      197.411
637      14.651      1.33514      1001.36      -2905.63      -1904.27      2.2457      197.41
638      14.674      1.33771      1003.28      -2907.67      -1904.39      2.24217      197.41
639      14.697      1.33996      1004.97      -2909.48      -1904.51      2.23865      197.409
640      14.72      1.3419      1006.42      -2911.05      -1904.62      2.23515      197.408
641      14.743      1.34353      1007.64      -2912.38      -1904.74      2.23165      197.407
642      14.766      1.34485      1008.64      -2913.49      -1904.85      2.22816      197.406
643      14.789      1.34589      1009.42      -2914.38      -1904.96      2.22468      197.405
644      14.812      1.34665      1009.99      -2915.05      -1905.06      2.22122      197.404
645      14.835      1.34717      1010.38      -2915.53      -1905.15      2.21776      197.403
646      14.858      1.34746      1010.59      -2915.83      -1905.23      2.21431      197.401
647      14.881      1.34754      1010.66      -2915.96      -1905.31      2.21087      197.4
648      14.904      1.34746      1010.6      -2915.96      -1905.37      2.20744      197.398
649      14.927      1.34724      1010.43      -2915.85      -1905.41      2.20402      197.396
650      14.95      1.34692      1010.19      -2915.64      -1905.45      2.20061      197.395
651      14.973      1.34652      1009.89      -2915.37      -1905.48      2.19721      197.393
652      14.996      1.34608      1009.56      -2915.05      -1905.49      2.19382      197.391
653      15.019      1.34563      1009.22      -2914.71      -1905.49      2.19044      197.39
654      15.042      1.34519      1008.89      -2914.38      -1905.48      2.18707      197.388
655      15.065      1.34479      1008.59      -2914.06      -1905.47      2.18372      197.386
656      15.088      1.34444      1008.33      -2913.77      -1905.45      2.18037      197.384
657      15.111      1.34415      1008.11      -2913.53      -1905.42      2.17703      197.383
658      15.134      1.34393      1007.95      -2913.35      -1905.4      2.1737      197.381
659      15.157      1.34379      1007.84      -2913.21      -1905.37      2.17038      197.379
660      15.18      1.34371      1007.78      -2913.13      -1905.35      2.16708      197.377
661      15.203      1.34368      1007.76      -2913.09      -1905.33      2.16378      197.376
662      15.226      1.34369      1007.77      -2913.08      -1905.31      2.16049      197.374
663      15.249      1.34372      1007.79      -2913.1      -1905.31      2.15722      197.372
664      15.272      1.34374      1007.81      -2913.12      -1905.31      2.15395      197.371
665      15.295      1.34374      1007.81      -2913.13      -1905.32      2.15069      197.369
666      15.318      1.34369      1007.77      -2913.12      -1905.35      2.14745      197.368
667      15.341      1.34357      1007.68      -2913.05      -1905.37      2.14421      197.366
668      15.364      1.34336      1007.52      -2912.93      -1905.41      2.14099      197.365
669      15.387      1.34302      1007.27      -2912.73      -1905.46      2.13777      197.363
670      15.41      1.34255      1006.91      -2912.43      -1905.51      2.13456      197.362
671      15.433      1.34193      1006.44      -2912.02      -1905.57      2.13137      197.36
672      15.456      1.34113      1005.85      -2911.49      -1905.64      2.12818      197.359
673      15.479      1.34015      1005.11      -2910.82      -1905.71      2.125      197.358
674      15.502      1.33898      1004.23      -2910.02      -1905.78      2.12184      197.356
675      15.525      1.3376      1003.2      -2909.06      -1905.86      2.11868      197.355
676      15.548      1.33601      1002.01      -2907.95      -1905.94      2.11553      197.353
677      15.571      1.33421      1000.66      -2906.68      -1906.02      2.11239      197.352
678      15.594      1.33219      999.139      -2905.24      -1906.1      2.10926      197.351
679      15.617      1.32995      997.46      -2903.64      -1906.18      2.10614      197.349
680      15.64      1.32749      995.621      -2901.88      -1906.26      2.10303      197.348
681      15.663      1.32483      993.624      -2899.97      -1906.34      2.09993      197.347
682      15.686      1.32197      991.477      -2897.89      -1906.42      2.09683      197.345
683      15.709      1.31892      989.19      -2895.67      -1906.49      2.09375      197.344
684      15.732      1.3157      986.772      -2893.32      -1906.55      2.09067      197.343
685      15.755      1.31232      984.238      -2890.84      -1906.6      2.08761      197.341
686      15.778      1.30881      981.604      -2888.26      -1906.65      2.08455      197.34
687      15.801      1.30518      978.886      -2885.58      -1906.69      2.0815      197.339
688      15.824      1.30147      976.105      -2882.83      -1906.72      2.07846      197.337
689      15.847      1.29771      973.283      -2880.02      -1906.74      2.07543      197.336
690      15.87      1.29392      970.441      -2877.19      -1906.75      2.0724      197.334
691      15.893      1.29014      967.605      -2874.35      -1906.74      2.06939      197.333
692      15.916      1.2864      964.798      -2871.52      -1906.72      2.06638      197.331
693      15.939      1.28273      962.044      -2868.74      -1906.69      2.06339      197.33
694      15.962      1.27916      959.366      -2866.02      -1906.65      2.0604      197.329
695      15.985      1.27572      956.789      -2863.39      -1906.6      2.05742      197.327
696      16.008      1.27244      954.333      -2860.87      -1906.54      2.05445      197.326
697      16.031      1.26936      952.019      -2858.48      -1906.46      2.05149      197.324
698      16.054      1.26648      949.863      -2856.24      -1906.38      2.04853      197.323
699      16.077      1.26384      947.879      -2854.17      -1906.29      2.04559      197.322
700      16.1      1.26144      946.08      -2852.28      -1906.2      2.04265      197.32
701      16.123      1.2593      944.474      -2850.58      -1906.1      2.03973      197.319
702      16.146      1.25742      943.068      -2849.07      -1906      2.03681      197.318
703      16.169      1.25582      941.864      -2847.76      -1905.9      2.0339      197.316
704      16.192      1.25448      940.862      -2846.66      -1905.8      2.03099      197.315
705      16.215      1.25342      940.062      -2845.76      -1905.7      2.0281      197.314
706      16.238      1.25261      939.458      -2845.06      -1905.6      2.02522      197.313
707      16.261      1.25206      939.046      -2844.55      -1905.51      2.02234      197.312
708      16.284      1.25176      938.817      -2844.23      -1905.42      2.01947      197.311
709      16.307      1.25168      938.763      -2844.09      -1905.33      2.01662      197.31
710      16.33      1.25183      938.876      -2844.12      -1905.25      2.01377      197.309
711      16.353      1.25219      939.144      -2844.32      -1905.17      2.01092      197.308
712      16.376      1.25274      939.558      -2844.66      -1905.1      2.00809      197.307
713      16.399      1.25347      940.106      -2845.14      -1905.03      2.00527      197.306
714      16.422      1.25437      940.776      -2845.75      -1904.97      2.00245      197.306
715      16.445      1.25541      941.558      -2846.48      -1904.92      1.99965      197.305
716      16.468      1.25659      942.439      -2847.31      -1904.87      1.99685      197.305
717      16.491      1.25788      943.409      -2848.24      -1904.83      1.99406      197.304
718      16.514      1.25927      944.453      -2849.25      -1904.79      1.99128      197.304
719      16.537      1.26075      945.559      -2850.32      -1904.76      1.9885      197.303
720      16.56      1.26229      946.715      -2851.46      -1904.74      1.98574      197.303
721      16.583      1.26387      947.905      -2852.63      -1904.73      1.98298      197.303
722      16.606      1.26549      949.114      -2853.83      -1904.72      1.98024      197.303
723      16.629      1.2671      950.328      -2855.04      -1904.72      1.9775      197.303
724      16.652      1.26871      951.529      -2856.25      -1904.73      1.97477      197.303
725      16.675      1.27027      952.703      -2857.44      -1904.74      1.97204      197.303
726      16.698      1.27178      953.832      -2858.6      -1904.77      1.96933      197.303
727      16.721      1.2732      954.901      -2859.7      -1904.8      1.96662      197.304
728      16.744      1.27453      955.895      -2860.73      -1904.84      1.96393      197.304
729      16.767      1.27573      956.799      -2861.68      -1904.88      1.96124      197.304
730      16.79      1.2768      957.599      -2862.54      -1904.94      1.95856      197.305
731      16.813      1.27771      958.284      -2863.28      -1905      1.95588      197.306
732      16.836      1.27846      958.846      -2863.9      -1905.06      1.95322      197.306
733      16.859      1.27904      959.279      -2864.4      -1905.12      1.95056      197.307
734      16.882      1.27943      959.574      -2864.77      -1905.19      1.94791      197.308
735      16.905      1.27964      959.73      -2864.99      -1905.26      1.94527      197.309
736      16.928      1.27966      959.744      -2865.08      -1905.33      1.94264      197.31
737      16.951      1.27949      959.619      -2865.02      -1905.4      1.94002      197.311
738      16.974      1.27914      959.356      -2864.83      -1905.47      1.9374      197.313
739      16.997      1.27861      958.961      -2864.5      -1905.54      1.93479      197.314
740      17.02      1.27792      958.438      -2864.04      -1905.6      1.93219      197.315
741      17.043      1.27706      957.795      -2863.45      -1905.66      1.9296      197.317
742      17.066      1.27605      957.039      -2862.75      -1905.71      1.92701      197.318
743      17.089      1.27491      956.18      -2861.95      -1905.76      1.92443      197.32
744      17.112      1.27364      955.228      -2861.04      -1905.81      1.92186      197.322
745      17.135      1.27226      954.192      -2860.04      -1905.85      1.9193      197.323
746      17.158      1.27078      953.085      -2858.97      -1905.88      1.91675      197.325
747      17.181      1.26923      951.919      -2857.83      -1905.91      1.9142      197.327
748      17.204      1.26761      950.706      -2856.64      -1905.93      1.91166      197.329
749      17.227      1.26595      949.461      -2855.41      -1905.95      1.90913      197.331
750      17.25      1.26426      948.197      -2854.15      -1905.96      1.9066      197.333
751      17.273      1.26257      946.928      -2852.88      -1905.96      1.90408      197.335
752      17.296      1.26089      945.669      -2851.62      -1905.95      1.90157      197.338
753      17.319      1.25925      944.435      -2850.37      -1905.93      1.89907      197.34
754      17.342      1.25766      943.243      -2849.16      -1905.91      1.89657      197.342
755      17.365      1.25615      942.109      -2847.99      -1905.88      1.89408      197.345
756      17.388      1.25473      941.051      -2846.89      -1905.84      1.8916      197.347
757      17.411      1.25345      940.084      -2845.88      -1905.79      1.88913      197.35
758      17.434      1.2523      939.224      -2844.96      -1905.74      1.88666      197.352
759      17.457      1.25131      938.485      -2844.16      -1905.68      1.8842      197.355
760      17.48      1.25051      937.881      -2843.49      -1905.61      1.88174      197.357
761      17.503      1.2499      937.427      -2842.96      -1905.53      1.8793      197.36
762      17.526      1.24951      937.13      -2842.58      -1905.45      1.87685      197.362
763      17.549      1.24933      936.999      -2842.37      -1905.37      1.87442      197.365
764      17.572      1.24938      937.039      -2842.32      -1905.28      1.87199      197.368
765      17.595      1.24967      937.253      -2842.45      -1905.19      1.86957      197.371
766      17.618      1.25019      937.642      -2842.75      -1905.11      1.86716      197.373
767      17.641      1.25094      938.202      -2843.22      -1905.02      1.86475      197.376
768      17.664      1.25191      938.93      -2843.87      -1904.94      1.86235      197.379
769      17.687      1.25309      939.819      -2844.68      -1904.86      1.85995      197.382
770      17.71      1.25448      940.859      -2845.65      -1904.79      1.85756      197.384
771      17.733      1.25605      942.04      -2846.76      -1904.72      1.85518      197.387
772      17.756      1.2578      943.35      -2848.01      -1904.66      1.8528      197.39
773      17.779      1.2597      944.777      -2849.38      -1904.6      1.85043      197.393
774      17.802      1.26174      946.308      -2850.86      -1904.55      1.84806      197.395
775      17.825      1.26391      947.932      -2852.44      -1904.5      1.84571      197.398
776      17.848      1.26618      949.635      -2854.1      -1904.47      1.84335      197.401
777      17.871      1.26854      951.407      -2855.84      -1904.43      1.84101      197.404
778      17.894      1.27098      953.235      -2857.64      -1904.41      1.83867      197.406
779      17.917      1.27348      955.111      -2859.5      -1904.39      1.83633      197.409
780      17.94      1.27603      957.023      -2861.39      -1904.37      1.834      197.412
781      17.963      1.27861      958.959      -2863.32      -1904.36      1.83168      197.414
782      17.986      1.28122      960.914      -2865.26      -1904.35      1.82936      197.417
783      18.009      1.28384      962.879      -2867.22      -1904.35      1.82704      197.419
784      18.032      1.28646      964.847      -2869.19      -1904.35      1.82474      197.422
785      18.055      1.28908      966.81      -2871.16      -1904.35      1.82244      197.424
786      18.078      1.29169      968.766      -2873.12      -1904.35      1.82014      197.427
787      18.101      1.29427      970.706      -2875.07      -1904.36      1.81785      197.429
788      18.124      1.29684      972.628      -2877      -1904.37      1.81556      197.431
789      18.147      1.29937      974.526      -2878.91      -1904.38      1.81328      197.434
790      18.17      1.30186      976.395      -2880.79      -1904.4      1.811      197.436
791      18.193      1.30431      978.231      -2882.65      -1904.42      1.80873      197.438
792      18.216      1.30671      980.03      -2884.47      -1904.44      1.80647      197.44
793      18.239      1.30905      981.789      -2886.24      -1904.46      1.80421      197.441
794      18.262      1.31134      983.504      -2887.98      -1904.48      1.80195      197.443
795      18.285      1.31356      985.173      -2889.68      -1904.5      1.7997      197.445
796      18.308      1.31572      986.789      -2891.32      -1904.53      1.79745      197.446
797      18.331      1.3178      988.35      -2892.91      -1904.56      1.79521      197.448
798      18.354      1.3198      989.851      -2894.44      -1904.59      1.79297      197.449
799      18.377      1.32172      991.289      -2895.91      -1904.62      1.79074      197.451
800      18.4      1.32355      992.662      -2897.32      -1904.65      1.78851      197.452
801      18.423      1.32528      993.963      -2898.65      -1904.69      1.78629      197.453
802      18.446      1.32692      995.188      -2899.92      -1904.73      1.78407      197.454
803      18.469      1.32844      996.332      -2901.1      -1904.77      1.78186      197.454
804      18.492      1.32985      997.387      -2902.2      -1904.82      1.77965      197.455
805      18.515      1.33113      998.348      -2903.21      -1904.86      1.77744      197.456
806      18.538      1.33227      999.205      -2904.12      -1904.92      1.77524      197.456
807      18.561      1.33327      999.949      -2904.92      -1904.97      1.77304      197.457
808      18.584      1.33409      1000.57      -2905.61      -1905.04      1.77085      197.457
809      18.607      1.33474      1001.06      -2906.16      -1905.1      1.76866      197.457
810      18.63      1.33521      1001.4      -2906.58      -1905.18      1.76648      197.457
811      18.653      1.33547      1001.6      -2906.85      -1905.25      1.7643      197.457
812      18.676      1.33551      1001.63      -2906.97      -1905.33      1.76213      197.457
813      18.699      1.33533      1001.5      -2906.92      -1905.42      1.75996      197.457
814      18.722      1.33492      1001.19      -2906.7      -1905.51      1.75779      197.456
815      18.745      1.33427      1000.7      -2906.3      -1905.6      1.75563      197.456
816      18.768      1.33338      1000.04      -2905.72      -1905.68      1.75347      197.455
817      18.791      1.33226      999.196      -2904.97      -1905.77      1.75132      197.455
818      18.814      1.33091      998.183      -2904.04      -1905.86      1.74917      197.454
819      18.837      1.32934      997.006      -2902.94      -1905.94      1.74703      197.453
820      18.86      1.32757      995.677      -2901.69      -1906.01      1.74489      197.452
821      18.883      1.32561      994.21      -2900.29      -1906.08      1.74276      197.451
822      18.906      1.32349      992.621      -2898.76      -1906.14      1.74063      197.45
823      18.929      1.32124      990.93      -2897.11      -1906.18      1.73851      197.449
824      18.952      1.31888      989.159      -2895.38      -1906.22      1.73639      197.448
825      18.975      1.31644      987.332      -2893.58      -1906.25      1.73427      197.447
826      18.998      1.31396      985.472      -2891.73      -1906.26      1.73216      197.446
827      19.021      1.31147      983.602      -2889.86      -1906.26      1.73006      197.445
828      19.044      1.309      981.749      -2888      -1906.25      1.72796      197.444
829      19.067      1.30658      979.937      -2886.16      -1906.23      1.72586      197.442
830      19.09      1.30425      978.188      -2884.38      -1906.19      1.72377      197.441
831      19.113      1.30203      976.524      -2882.67      -1906.15      1.72169      197.44
832      19.136      1.29995      974.965      -2881.06      -1906.09      1.71961      197.439
833      19.159      1.29804      973.53      -2879.56      -1906.03      1.71753      197.437
834      19.182      1.29631      972.232      -2878.19      -1905.96      1.71546      197.436
835      19.205      1.29478      971.083      -2876.96      -1905.88      1.7134      197.435
836      19.228      1.29346      970.094      -2875.89      -1905.8      1.71134      197.434
837      19.251      1.29236      969.27      -2874.99      -1905.72      1.70929      197.433
838      19.274      1.29148      968.613      -2874.25      -1905.63      1.70724      197.432
839      19.297      1.29083      968.124      -2873.67      -1905.55      1.70519      197.431
840      19.32      1.2904      967.797      -2873.27      -1905.47      1.70315      197.43
841      19.343      1.29016      967.622      -2873.02      -1905.39      1.70112      197.428
842      19.366      1.29012      967.592      -2872.92      -1905.32      1.69909      197.427
843      19.389      1.29025      967.688      -2872.95      -1905.26      1.69707      197.426
844      19.412      1.29052      967.893      -2873.1      -1905.21      1.69505      197.426
845      19.435      1.29092      968.187      -2873.36      -1905.17      1.69303      197.425
846      19.458      1.29139      968.544      -2873.68      -1905.14      1.69102      197.424
847      19.481      1.29192      968.939      -2874.06      -1905.12      1.68902      197.423
848      19.504      1.29246      969.345      -2874.47      -1905.12      1.68702      197.422
849      19.527      1.29298      969.732      -2874.87      -1905.14      1.68503      197.421
850      19.55      1.29343      970.071      -2875.23      -1905.16      1.68304      197.42
851      19.573      1.29378      970.335      -2875.54      -1905.21      1.68105      197.42
852      19.596      1.29399      970.493      -2875.75      -1905.26      1.67907      197.419
853      19.619      1.29403      970.52      -2875.85      -1905.33      1.6771      197.418
854      19.642      1.29385      970.388      -2875.8      -1905.41      1.67513      197.417
855      19.665      1.29343      970.076      -2875.58      -1905.51      1.67316      197.417
856      19.688      1.29275      969.562      -2875.17      -1905.61      1.6712      197.416
857      19.711      1.29177      968.83      -2874.55      -1905.72      1.66925      197.415
858      19.734      1.29049      967.865      -2873.7      -1905.84      1.66729      197.414
859      19.757      1.28888      966.658      -2872.62      -1905.96      1.66535      197.414
860      19.78      1.28693      965.2      -2871.29      -1906.09      1.6634      197.413
861      19.803      1.28465      963.49      -2869.7      -1906.21      1.66146      197.412
862      19.826      1.28204      961.528      -2867.87      -1906.34      1.65953      197.411
863      19.849      1.27909      959.319      -2865.78      -1906.46      1.6576      197.41
864      19.872      1.27583      956.873      -2863.45      -1906.58      1.65567      197.409
865      19.895      1.27227      954.201      -2860.89      -1906.69      1.65375      197.409
866      19.918      1.26843      951.321      -2858.11      -1906.79      1.65184      197.408
867      19.941      1.26433      948.25      -2855.13      -1906.88      1.64992      197.407
868      19.964      1.26002      945.013      -2851.98      -1906.96      1.64801      197.406
869      19.987      1.25551      941.635      -2848.67      -1907.03      1.64611      197.405
870      20.01      1.25086      938.143      -2845.23      -1907.08      1.64421      197.404
871      20.033      1.24609      934.57      -2841.69      -1907.12      1.64231      197.403
872      20.056      1.24126      930.948      -2838.09      -1907.14      1.64042      197.402
873      20.079      1.23642      927.312      -2834.45      -1907.14      1.63853      197.401
874      20.102      1.2316      923.699      -2830.83      -1907.13      1.63665      197.4
875      20.125      1.22686      920.145      -2827.24      -1907.09      1.63477      197.398
876      20.148      1.22225      916.687      -2823.73      -1907.04      1.63289      197.397
877      20.171      1.21782      913.364      -2820.33      -1906.97      1.63102      197.396
878      20.194      1.21361      910.211      -2817.09      -1906.88      1.62916      197.395
879      20.217      1.20969      907.264      -2814.03      -1906.77      1.62729      197.394
880      20.24      1.20608      904.558      -2811.2      -1906.65      1.62543      197.393
881      20.263      1.20283      902.122      -2808.63      -1906.51      1.62358      197.391
882      20.286      1.19998      899.983      -2806.34      -1906.35      1.62173      197.39
883      20.309      1.19755      898.165      -2804.36      -1906.19      1.61988      197.389
884      20.332      1.19559      896.69      -2802.71      -1906.02      1.61804      197.388
885      20.355      1.19409      895.569      -2801.41      -1905.84      1.6162      197.386
886      20.378      1.19309      894.815      -2800.47      -1905.65      1.61436      197.385
887      20.401      1.19258      894.432      -2799.9      -1905.47      1.61253      197.384
888      20.424      1.19256      894.421      -2799.7      -1905.28      1.61071      197.383
889      20.447      1.19304      894.778      -2799.88      -1905.1      1.60889      197.381
890      20.47      1.19399      895.494      -2800.42      -1904.92      1.60707      197.38
891      20.493      1.1954      896.552      -2801.3      -1904.75      1.60525      197.379
892      20.516      1.19725      897.935      -2802.53      -1904.59      1.60344      197.378
893      20.539      1.1995      899.621      -2804.06      -1904.44      1.60164      197.376
894      20.562      1.20211      901.584      -2805.89      -1904.31      1.59984      197.375
895      20.585      1.20506      903.797      -2807.98      -1904.19      1.59804      197.374
896      20.608      1.20831      906.23      -2810.31      -1904.08      1.59625      197.373
897      20.631      1.2118      908.852      -2812.84      -1903.99      1.59446      197.372
898      20.654      1.21551      911.634      -2815.55      -1903.91      1.59268      197.371
899      20.677      1.21939      914.542      -2818.4      -1903.85      1.5909      197.37
900      20.7      1.2234      917.549      -2821.36      -1903.81      1.58912      197.369
901      20.723      1.2275      920.623      -2824.4      -1903.78      1.58735      197.368
902      20.746      1.23165      923.74      -2827.5      -1903.76      1.58558      197.367
903      20.769      1.23583      926.874      -2830.63      -1903.76      1.58382      197.366
904      20.792      1.24001      930.005      -2833.77      -1903.76      1.58206      197.365
905      20.815      1.24415      933.115      -2836.89      -1903.77      1.58031      197.365
906      20.838      1.24825      936.186      -2839.98      -1903.79      1.57856      197.364
907      20.861      1.25228      939.207      -2843.03      -1903.82      1.57681      197.363
908      20.884      1.25623      942.169      -2846.02      -1903.85      1.57507      197.363
909      20.907      1.26009      945.065      -2848.95      -1903.89      1.57334      197.362
910      20.93      1.26385      947.891      -2851.81      -1903.92      1.5716      197.362
911      20.953      1.26753      950.645      -2854.6      -1903.96      1.56988      197.362
912      20.976      1.27111      953.329      -2857.32      -1903.99      1.56815      197.361
913      20.999      1.27459      955.944      -2859.97      -1904.03      1.56643      197.361
914      21.022      1.27799      958.49      -2862.55      -1904.06      1.56472      197.361
915      21.045      1.2813      960.971      -2865.07      -1904.09      1.56301      197.361
916      21.068      1.28452      963.393      -2867.52      -1904.12      1.5613      197.361
917      21.091      1.28767      965.755      -2869.91      -1904.15      1.5596      197.361
918      21.114      1.29075      968.062      -2872.24      -1904.18      1.5579      197.361
919      21.137      1.29375      970.314      -2874.52      -1904.21      1.55621      197.362
920      21.16      1.29669      972.515      -2876.75      -1904.23      1.55452      197.362
921      21.183      1.29955      974.665      -2878.93      -1904.26      1.55284      197.362
922      21.206      1.30235      976.764      -2881.05      -1904.29      1.55116      197.363
923      21.229      1.30508      978.813      -2883.12      -1904.31      1.54948      197.363
924      21.252      1.30775      980.81      -2885.15      -1904.34      1.54781      197.364
925      21.275      1.31034      982.755      -2887.12      -1904.36      1.54614      197.365
926      21.298      1.31286      984.646      -2889.04      -1904.39      1.54447      197.365
927      21.321      1.31531      986.48      -2890.9      -1904.42      1.54281      197.366
928      21.344      1.31767      988.255      -2892.71      -1904.45      1.54116      197.367
929      21.367      1.31996      989.968      -2894.45      -1904.48      1.5395      197.368
930      21.39      1.32215      991.614      -2896.13      -1904.52      1.53786      197.368
931      21.413      1.32425      993.19      -2897.74      -1904.55      1.53621      197.369
932      21.436      1.32625      994.688      -2899.28      -1904.59      1.53457      197.37
933      21.459      1.32814      996.103      -2900.74      -1904.63      1.53293      197.371
934      21.482      1.32991      997.429      -2902.11      -1904.68      1.5313      197.372
935      21.505      1.33155      998.659      -2903.39      -1904.73      1.52967      197.373
936      21.528      1.33305      999.786      -2904.57      -1904.78      1.52805      197.375
937      21.551      1.3344      1000.8      -2905.64      -1904.84      1.52642      197.376
938      21.574      1.3356      1001.7      -2906.6      -1904.9      1.5248      197.377
939      21.597      1.33664      1002.48      -2907.44      -1904.96      1.52319      197.378
940      21.62      1.33749      1003.12      -2908.15      -1905.03      1.52158      197.379
941      21.643      1.33817      1003.63      -2908.72      -1905.09      1.51997      197.38
942      21.666      1.33866      1004      -2909.16      -1905.17      1.51837      197.382
943      21.689      1.33895      1004.22      -2909.46      -1905.24      1.51677      197.383
944      21.712      1.33905      1004.29      -2909.6      -1905.31      1.51517      197.384
945      21.735      1.33894      1004.21      -2909.6      -1905.39      1.51358      197.385
946      21.758      1.33864      1003.98      -2909.44      -1905.47      1.51199      197.387
947      21.781      1.33813      1003.59      -2909.14      -1905.54      1.5104      197.388
948      21.804      1.33742      1003.06      -2908.68      -1905.62      1.50882      197.389
949      21.827      1.33651      1002.38      -2908.07      -1905.69      1.50724      197.391
950      21.85      1.33541      1001.56      -2907.32      -1905.76      1.50566      197.392
951      21.873      1.33413      1000.6      -2906.43      -1905.83      1.50409      197.393
952      21.896      1.33267      999.505      -2905.4      -1905.89      1.50252      197.395
953      21.919      1.33105      998.284      -2904.24      -1905.96      1.50095      197.396
954      21.942      1.32926      996.943      -2902.96      -1906.01      1.49939      197.398
955      21.965      1.32732      995.49      -2901.56      -1906.07      1.49783      197.399
956      21.988      1.32524      993.932      -2900.05      -1906.12      1.49628      197.401
957      22.011      1.32303      992.276      -2898.44      -1906.17      1.49472      197.402
958      22.034      1.32071      990.53      -2896.74      -1906.21      1.49318      197.404
959      22.057      1.31827      988.703      -2894.95      -1906.25      1.49163      197.405
960      22.08      1.31574      986.801      -2893.09      -1906.29      1.49009      197.407
961      22.103      1.31311      984.833      -2891.15      -1906.32      1.48855      197.409
962      22.126      1.31041      982.807      -2889.15      -1906.35      1.48702      197.411
963      22.149      1.30764      980.729      -2887.1      -1906.37      1.48549      197.412
964      22.172      1.30481      978.607      -2885      -1906.39      1.48396      197.414
965      22.195      1.30193      976.446      -2882.86      -1906.41      1.48244      197.416
966      22.218      1.29901      974.254      -2880.68      -1906.43      1.48092      197.418
967      22.241      1.29605      972.037      -2878.48      -1906.44      1.4794      197.42
968      22.264      1.29307      969.801      -2876.25      -1906.45      1.47789      197.422
969      22.287      1.29007      967.553      -2874      -1906.45      1.47638      197.424
970      22.31      1.28707      965.299      -2871.75      -1906.45      1.47487      197.426
971      22.333      1.28406      963.046      -2869.5      -1906.45      1.47337      197.429
972      22.356      1.28107      960.8      -2867.25      -1906.45      1.47187      197.431
973      22.379      1.27809      958.571      -2865.01      -1906.44      1.47038      197.434
974      22.402      1.27515      956.366      -2862.79      -1906.42      1.46889      197.436
975      22.425      1.27226      954.194      -2860.6      -1906.4      1.4674      197.439
976      22.448      1.26943      952.069      -2858.45      -1906.38      1.46592      197.441
977      22.471      1.26667      950.002      -2856.35      -1906.35      1.46444      197.444
978      22.494      1.26401      948.007      -2854.32      -1906.31      1.46296      197.447
979      22.517      1.26147      946.1      -2852.36      -1906.26      1.46149      197.45
980      22.54      1.25906      944.296      -2850.51      -1906.21      1.46002      197.453
981      22.563      1.25682      942.615      -2848.76      -1906.15      1.45855      197.456
982      22.586      1.25477      941.075      -2847.15      -1906.07      1.45709      197.459
983      22.609      1.25293      939.697      -2845.69      -1905.99      1.45564      197.463
984      22.632      1.25134      938.503      -2844.4      -1905.89      1.45418      197.466
985      22.655      1.25002      937.514      -2843.3      -1905.79      1.45273      197.47
986      22.678      1.249      936.747      -2842.42      -1905.67      1.45128      197.473
987      22.701      1.2483      936.223      -2841.78      -1905.55      1.44984      197.477
988      22.724      1.24794      935.958      -2841.38      -1905.42      1.4484      197.48
989      22.747      1.24795      935.964      -2841.25      -1905.28      1.44696      197.484
990      22.77      1.24833      936.25      -2841.39      -1905.14      1.44553      197.488
991      22.793      1.24909      936.82      -2841.82      -1905      1.4441      197.492
992      22.816      1.25023      937.672      -2842.53      -1904.86      1.44267      197.496
993      22.839      1.25174      938.802      -2843.52      -1904.72      1.44125      197.5
994      22.862      1.2536      940.199      -2844.79      -1904.59      1.43983      197.504
995      22.885      1.25579      941.845      -2846.31      -1904.47      1.43841      197.508
996      22.908      1.2583      943.722      -2848.08      -1904.36      1.437      197.512
997      22.931      1.26107      945.802      -2850.06      -1904.26      1.43558      197.516
998      22.954      1.26408      948.06      -2852.23      -1904.17      1.43418      197.52
999      22.977      1.26729      950.467      -2854.57      -1904.1      1.43277      197.525
1000      23      1.27065      952.991      -2857.04      -1904.05      1.43137      197.529
1000      23      1.27065      952.991      -2857.04      -1904.05      1.43137      197.529
Execution time in seconds: 1.8259
