Timestep Time Temperature KineticEnergy PotentialEnergy TotalEnergy DiffusionConstant MeanSquareDisplacement
1      0.0474211      2.42859      1821.44      -3727.01      -1905.57      692.865      197.138
2      0.0948421      2.41586      1811.89      -3717.47      -1905.57      346.444      197.145
3      0.142263      2.39459      1795.95      -3701.53      -1905.58      230.971      197.152
4      0.189684      2.36471      1773.54      -3679.13      -1905.59      173.235      197.159
5      0.237105      2.32611      1744.59      -3650.19      -1905.61      138.593      197.167
6      0.284526      2.27869      1709.02      -3614.64      -1905.62      115.499      197.175
7      0.331947      2.22235      1666.76      -3572.4      -1905.64      99.003      197.183
8      0.379368      2.15705      1617.78      -3523.43      -1905.65      86.6311      197.191
9      0.426789      2.08285      1562.13      -3467.79      -1905.65      77.0086      197.199
10      0.474211      1.99999      1499.99      -3405.63      -1905.64      69.3106      197.207
11      0.521632      1.90896      1431.72      -3337.34      -1905.62      63.0123      197.215
12      0.569053      1.81058      1357.93      -3263.52      -1905.58      57.7636      197.223
13      0.616474      1.70608      1279.56      -3185.07      -1905.52      53.3224      197.231
14      0.663895      1.59714      1197.86      -3103.29      -1905.43      49.5157      197.239
15      0.711316      1.48593      1114.45      -3019.77      -1905.32      46.2165      197.247
16      0.758737      1.37502      1031.26      -2936.46      -1905.19      43.3296      197.255
17      0.806158      1.26724      950.433      -2855.49      -1905.06      40.7823      197.262
18      0.853579      1.16553      874.146      -2779.08      -1904.93      38.518      197.269
19      0.901      1.07261      804.455      -2709.28      -1904.83      36.4919      197.275
20      0.948421      0.990774      743.081      -2647.83      -1904.75      34.6684      197.281
21      0.995842      0.921682      691.261      -2595.97      -1904.71      33.0185      197.287
22      1.04326      0.866224      649.668      -2554.37      -1904.71      31.5185      197.293
23      1.09068      0.82453      618.397      -2523.13      -1904.73      30.1489      197.298
24      1.13811      0.796045      597.033      -2501.82      -1904.79      28.8934      197.302
25      1.18553      0.779681      584.761      -2489.61      -1904.85      27.7382      197.306
26      1.23295      0.773995      580.497      -2485.42      -1904.93      26.6719      197.31
27      1.28037      0.777361      583.021      -2488.02      -1905      25.6845      197.314
28      1.32779      0.788114      591.086      -2496.16      -1905.07      24.7676      197.317
29      1.37521      0.804662      603.497      -2508.63      -1905.14      23.9139      197.32
30      1.42263      0.82555      619.162      -2524.35      -1905.19      23.1171      197.322
31      1.47005      0.849495      637.121      -2542.35      -1905.23      22.3716      197.325
32      1.51747      0.875394      656.546      -2561.82      -1905.27      21.6727      197.327
33      1.56489      0.902321      676.741      -2582.04      -1905.3      21.0162      197.329
34      1.61232      0.929503      697.127      -2602.45      -1905.32      20.3982      197.33
35      1.65974      0.9563      717.225      -2622.57      -1905.34      19.8156      197.332
36      1.70716      0.982176      736.632      -2641.99      -1905.36      19.2653      197.333
37      1.75458      1.00667      755.004      -2660.37      -1905.37      18.7447      197.334
38      1.802      1.0294      772.05      -2677.43      -1905.38      18.2515      197.335
39      1.84942      1.05003      787.525      -2692.92      -1905.39      17.7836      197.336
40      1.89684      1.06831      801.229      -2706.63      -1905.4      17.3391      197.337
41      1.94426      1.08402      813.016      -2718.42      -1905.4      16.9163      197.338
42      1.99168      1.09706      822.797      -2728.2      -1905.4      16.5135      197.339
43      2.03911      1.10741      830.554      -2735.95      -1905.4      16.1296      197.339
44      2.08653      1.11512      836.342      -2741.73      -1905.39      15.7631      197.34
45      2.13395      1.12038      840.285      -2745.66      -1905.38      15.4128      197.341
46      2.18137      1.12343      842.574      -2747.94      -1905.36      15.0778      197.342
47      2.22879      1.12459      843.444      -2748.79      -1905.34      14.7571      197.343
48      2.27621      1.12421      843.159      -2748.49      -1905.33      14.4498      197.344
49      2.32363      1.12265      841.988      -2747.3      -1905.31      14.155      197.345
50      2.37105      1.12024      840.183      -2745.48      -1905.3      13.872      197.347
51      2.41847      1.1173      837.973      -2743.26      -1905.29      13.6001      197.349
52      2.46589      1.11406      835.546      -2740.83      -1905.28      13.3387      197.351
53      2.51332      1.11075      833.064      -2738.34      -1905.28      13.0871      197.353
54      2.56074      1.10756      830.668      -2735.94      -1905.27      12.8449      197.355
55      2.60816      1.10467      828.502      -2733.76      -1905.26      12.6115      197.357
56      2.65558      1.1023      826.721      -2731.97      -1905.25      12.3865      197.36
57      2.703      1.10066      825.495      -2730.74      -1905.24      12.1694      197.363
58      2.75042      1.1      824.998      -2730.23      -1905.23      11.9597      197.366
59      2.79784      1.10052      825.391      -2730.62      -1905.23      11.7572      197.369
60      2.84526      1.10238      826.785      -2732.01      -1905.22      11.5614      197.372
61      2.89268      1.10562      829.218      -2734.45      -1905.23      11.3721      197.375
62      2.94011      1.11018      832.637      -2737.87      -1905.24      11.1888      197.378
63      2.98753      1.11588      836.909      -2742.16      -1905.25      11.0114      197.382
64      3.03495      1.12246      841.845      -2747.11      -1905.26      10.8395      197.385
65      3.08237      1.12964      847.233      -2752.51      -1905.27      10.6729      197.388
66      3.12979      1.13717      852.874      -2758.16      -1905.28      10.5114      197.391
67      3.17721      1.1448      858.602      -2763.89      -1905.29      10.3546      197.393
68      3.22463      1.15239      864.291      -2769.58      -1905.29      10.2025      197.396
69      3.27205      1.15981      869.861      -2775.16      -1905.29      10.0547      197.398
70      3.31947      1.16702      875.263      -2780.56      -1905.29      9.9112      197.4
71      3.36689      1.17395      880.465      -2785.76      -1905.29      9.77167      197.401
72      3.41432      1.1806      885.451      -2790.74      -1905.29      9.63601      197.402
73      3.46174      1.18694      890.204      -2795.5      -1905.29      9.50403      197.403
74      3.50916      1.19294      894.708      -2800      -1905.29      9.37559      197.403
75      3.55658      1.1986      898.952      -2804.24      -1905.29      9.25055      197.402
76      3.604      1.20391      902.933      -2808.22      -1905.29      9.12877      197.401
77      3.65142      1.20889      906.666      -2811.96      -1905.29      9.01013      197.399
78      3.69884      1.21358      910.187      -2815.47      -1905.29      8.89449      197.396
79      3.74626      1.21807      913.55      -2818.83      -1905.28      8.78175      197.392
80      3.79368      1.22244      916.831      -2822.11      -1905.27      8.6718      197.388
81      3.84111      1.22682      920.118      -2825.39      -1905.27      8.56453      197.383
82      3.88853      1.23133      923.501      -2828.76      -1905.26      8.45984      197.378
83      3.93595      1.23608      927.06      -2832.32      -1905.26      8.35766      197.372
84      3.98337      1.24114      930.853      -2836.11      -1905.26      8.25787      197.365
85      4.03079      1.24654      934.904      -2840.16      -1905.26      8.16042      197.358
86      4.07821      1.25225      939.189      -2844.45      -1905.26      8.06521      197.35
87      4.12563      1.25819      943.642      -2848.91      -1905.27      7.97217      197.341
88      4.17305      1.26421      948.155      -2853.43      -1905.28      7.88124      197.333
89      4.22047      1.27012      952.59      -2857.88      -1905.29      7.79233      197.324
90      4.26789      1.27572      956.792      -2862.09      -1905.3      7.7054      197.315
91      4.31532      1.28081      960.604      -2865.91      -1905.31      7.62037      197.306
92      4.36274      1.28519      963.889      -2869.21      -1905.32      7.53718      197.297
93      4.41016      1.28872      966.54      -2871.86      -1905.32      7.45579      197.287
94      4.45758      1.29132      968.487      -2873.81      -1905.33      7.37614      197.278
95      4.505      1.29293      969.695      -2875.02      -1905.33      7.29816      197.269
96      4.55242      1.29355      970.164      -2875.49      -1905.33      7.22183      197.261
97      4.59984      1.29322      969.916      -2875.24      -1905.32      7.14708      197.253
98      4.64726      1.29199      968.989      -2874.31      -1905.32      7.07387      197.245
99      4.69468      1.28991      967.432      -2872.75      -1905.32      7.00215      197.237
100      4.74211      1.28708      965.308      -2870.62      -1905.32      6.93189      197.23
101      4.78953      1.28358      962.688      -2868      -1905.31      6.86304      197.224
102      4.83695      1.27955      959.665      -2864.97      -1905.31      6.79555      197.218
103      4.88437      1.27514      956.354      -2861.65      -1905.3      6.7294      197.213
104      4.93179      1.27053      952.894      -2858.18      -1905.29      6.66454      197.209
105      4.97921      1.26593      949.451      -2854.73      -1905.28      6.60093      197.205
106      5.02663      1.26161      946.209      -2851.48      -1905.27      6.53855      197.201
107      5.07405      1.25781      943.357      -2848.62      -1905.26      6.47734      197.198
108      5.12147      1.25475      941.063      -2846.32      -1905.25      6.41728      197.196
109      5.16889      1.2526      939.451      -2844.7      -1905.25      6.35835      197.194
110      5.21632      1.25145      938.591      -2843.84      -1905.25      6.30049      197.192
111      5.26374      1.25133      938.494      -2843.74      -1905.25      6.2437      197.191
112      5.31116      1.25218      939.137      -2844.39      -1905.25      6.18793      197.19
113      5.35858      1.25397      940.477      -2845.73      -1905.25      6.13317      197.19
114      5.406      1.25664      942.478      -2847.73      -1905.25      6.07938      197.191
115      5.45342      1.26016      945.121      -2850.37      -1905.25      6.02654      197.192
116      5.50084      1.26454      948.408      -2853.66      -1905.25      5.97463      197.193
117      5.54826      1.2698      952.35      -2857.6      -1905.25      5.92362      197.195
118      5.59568      1.27592      956.939      -2862.18      -1905.24      5.8735      197.197
119      5.64311      1.28286      962.144      -2867.39      -1905.25      5.82423      197.201
120      5.69053      1.29052      967.89      -2873.14      -1905.25      5.7758      197.204
121      5.73795      1.29875      974.06      -2879.32      -1905.26      5.72819      197.208
122      5.78537      1.30734      980.502      -2885.77      -1905.27      5.68138      197.213
123      5.83279      1.31605      987.041      -2892.32      -1905.28      5.63534      197.219
124      5.88021      1.32467      993.5      -2898.79      -1905.29      5.59006      197.224
125      5.92763      1.33295      999.714      -2905.01      -1905.3      5.54552      197.231
126      5.97505      1.34072      1005.54      -2910.84      -1905.3      5.5017      197.238
127      6.02247      1.34783      1010.88      -2916.18      -1905.3      5.45858      197.245
128      6.06989      1.3542      1015.65      -2920.95      -1905.31      5.41615      197.253
129      6.11732      1.35976      1019.82      -2925.13      -1905.31      5.37438      197.261
130      6.16474      1.36451      1023.38      -2928.69      -1905.31      5.33327      197.269
131      6.21216      1.36843      1026.32      -2931.63      -1905.3      5.29279      197.278
132      6.25958      1.3715      1028.63      -2933.93      -1905.31      5.25293      197.287
133      6.307      1.37371      1030.29      -2935.59      -1905.31      5.21367      197.296
134      6.35442      1.37502      1031.27      -2936.58      -1905.31      5.17501      197.305
135      6.40184      1.3754      1031.55      -2936.86      -1905.31      5.13692      197.314
136      6.44926      1.37482      1031.11      -2936.42      -1905.31      5.09939      197.324
137      6.49668      1.37328      1029.96      -2935.27      -1905.31      5.06241      197.333
138      6.54411      1.37083      1028.12      -2933.43      -1905.31      5.02596      197.343
139      6.59153      1.36758      1025.68      -2930.98      -1905.3      4.99004      197.352
140      6.63895      1.36366      1022.74      -2928.03      -1905.29      4.95463      197.361
141      6.68637      1.35925      1019.44      -2924.72      -1905.28      4.91971      197.37
142      6.73379      1.35457      1015.93      -2921.2      -1905.27      4.88529      197.379
143      6.78121      1.3498      1012.35      -2917.62      -1905.26      4.85134      197.388
144      6.82863      1.34513      1008.85      -2914.11      -1905.26      4.81785      197.396
145      6.87605      1.3407      1005.52      -2910.78      -1905.26      4.78482      197.404
146      6.92347      1.33658      1002.44      -2907.69      -1905.26      4.75224      197.412
147      6.97089      1.33282      999.616      -2904.87      -1905.26      4.7201      197.42
148      7.01832      1.3294      997.05      -2902.31      -1905.26      4.68838      197.427
149      7.06574      1.32627      994.701      -2899.96      -1905.26      4.65708      197.434
150      7.11316      1.32335      992.51      -2897.78      -1905.27      4.62619      197.441
151      7.16058      1.32056      990.418      -2895.69      -1905.27      4.59571      197.447
152      7.208      1.31781      988.359      -2893.64      -1905.28      4.56561      197.454
153      7.25542      1.31502      986.268      -2891.55      -1905.28      4.5359      197.459
154      7.30284      1.31211      984.083      -2889.37      -1905.29      4.50657      197.465
155      7.35026      1.30899      981.741      -2887.03      -1905.29      4.47761      197.469
156      7.39768      1.30558      979.182      -2884.48      -1905.29      4.449      197.474
157      7.44511      1.3018      976.353      -2881.65      -1905.3      4.42075      197.478
158      7.49253      1.29762      973.215      -2878.52      -1905.3      4.39285      197.481
159      7.53995      1.293      969.747      -2875.05      -1905.3      4.36528      197.484
160      7.58737      1.28794      965.958      -2871.26      -1905.3      4.33805      197.486
161      7.63479      1.28253      961.898      -2867.19      -1905.3      4.31114      197.488
162      7.68221      1.27688      957.661      -2862.95      -1905.29      4.28455      197.489
163      7.72963      1.27117      953.377      -2858.66      -1905.28      4.25827      197.489
164      7.77705      1.26561      949.206      -2854.48      -1905.27      4.2323      197.489
165      7.82447      1.26042      945.317      -2850.58      -1905.26      4.20663      197.488
166      7.87189      1.25582      941.861      -2847.11      -1905.25      4.18125      197.486
167      7.91932      1.25193      938.947      -2844.2      -1905.25      4.15617      197.484
168      7.96674      1.24884      936.632      -2841.88      -1905.25      4.13136      197.481
169      8.01416      1.24657      934.928      -2840.18      -1905.25      4.10684      197.477
170      8.06158      1.24508      933.808      -2839.06      -1905.26      4.0826      197.473
171      8.109      1.24429      933.22      -2838.48      -1905.26      4.05862      197.468
172      8.15642      1.24413      933.099      -2838.36      -1905.26      4.03492      197.463
173      8.20384      1.24449      933.368      -2838.64      -1905.27      4.01147      197.457
174      8.25126      1.24526      933.948      -2839.22      -1905.27      3.98829      197.45
175      8.29868      1.24635      934.759      -2840.04      -1905.28      3.96536      197.444
176      8.34611      1.24763      935.723      -2841      -1905.28      3.94268      197.436
177      8.39353      1.24903      936.771      -2842.05      -1905.28      3.92025      197.428
178      8.44095      1.25047      937.851      -2843.14      -1905.28      3.89806      197.42
179      8.48837      1.2519      938.925      -2844.21      -1905.28      3.87612      197.411
180      8.53579      1.2533      939.972      -2845.26      -1905.28      3.85441      197.402
181      8.58321      1.25464      940.978      -2846.26      -1905.28      3.83293      197.393
182      8.63063      1.2559      941.924      -2847.21      -1905.28      3.81168      197.383
183      8.67805      1.25705      942.787      -2848.07      -1905.29      3.79066      197.373
184      8.72547      1.25804      943.528      -2848.82      -1905.29      3.76986      197.363
185      8.77289      1.25878      944.085      -2849.38      -1905.29      3.74928      197.352
186      8.82032      1.25918      944.385      -2849.68      -1905.3      3.72892      197.341
187      8.86774      1.25913      944.347      -2849.65      -1905.3      3.70877      197.331
188      8.91516      1.25853      943.9      -2849.21      -1905.31      3.68884      197.32
189      8.96258      1.25731      942.985      -2848.29      -1905.31      3.66911      197.308
190      9.01      1.25543      941.574      -2846.88      -1905.31      3.6496      197.297
191      9.05742      1.25289      939.67      -2844.98      -1905.31      3.63028      197.286
192      9.10484      1.24975      937.312      -2842.61      -1905.3      3.61117      197.275
193      9.15226      1.24609      934.564      -2839.86      -1905.3      3.59226      197.264
194      9.19968      1.24202      931.518      -2836.81      -1905.29      3.57355      197.253
195      9.24711      1.2377      928.276      -2833.56      -1905.29      3.55503      197.242
196      9.29453      1.23328      924.958      -2830.24      -1905.28      3.5367      197.232
197      9.34195      1.22893      921.694      -2826.96      -1905.27      3.51856      197.221
198      9.38937      1.22483      918.624      -2823.88      -1905.26      3.50061      197.211
199      9.43679      1.22119      915.894      -2821.14      -1905.25      3.48284      197.201
200      9.48421      1.21821      913.66      -2818.9      -1905.24      3.46526      197.191
201      9.53163      1.2161      912.076      -2817.31      -1905.23      3.44785      197.182
202      9.57905      1.21504      911.28      -2816.51      -1905.23      3.43062      197.173
203      9.62647      1.21519      911.393      -2816.61      -1905.22      3.41357      197.164
204      9.67389      1.21667      912.5      -2817.72      -1905.22      3.39669      197.155
205      9.72132      1.21952      914.642      -2819.86      -1905.22      3.37997      197.147
206      9.76874      1.22376      917.817      -2823.04      -1905.22      3.36343      197.139
207      9.81616      1.22929      921.968      -2827.19      -1905.23      3.34705      197.131
208      9.86358      1.23598      926.987      -2832.22      -1905.23      3.33083      197.123
209      9.911      1.24362      932.712      -2837.96      -1905.25      3.31477      197.116
210      9.95842      1.25192      938.939      -2844.2      -1905.26      3.29886      197.109
211      10.0058      1.26058      945.439      -2850.71      -1905.27      3.28312      197.102
212      10.0533      1.26929      951.967      -2857.26      -1905.29      3.26752      197.095
213      10.1007      1.27772      958.289      -2863.59      -1905.3      3.25207      197.089
214      10.1481      1.28559      964.193      -2869.5      -1905.31      3.23677      197.083
215      10.1955      1.29267      969.502      -2874.82      -1905.32      3.22162      197.077
216      10.2429      1.29878      974.088      -2879.41      -1905.32      3.20661      197.071
217      10.2904      1.30383      977.869      -2883.19      -1905.32      3.19174      197.065
218      10.3378      1.30775      980.816      -2886.14      -1905.32      3.17701      197.059
219      10.3852      1.31059      982.943      -2888.26      -1905.32      3.16241      197.054
220      10.4326      1.31241      984.308      -2889.62      -1905.31      3.14795      197.048
221      10.4801      1.31333      985.001      -2890.3      -1905.3      3.13362      197.043
222      10.5275      1.31351      985.134      -2890.43      -1905.29      3.11942      197.038
223      10.5749      1.31311      984.83      -2890.12      -1905.29      3.10535      197.033
224      10.6223      1.31228      984.209      -2889.49      -1905.28      3.09141      197.027
225      10.6697      1.31117      983.374      -2888.65      -1905.27      3.07759      197.023
226      10.7172      1.30987      982.399      -2887.67      -1905.27      3.0639      197.018
227      10.7646      1.30843      981.323      -2886.6      -1905.27      3.05033      197.013
228      10.812      1.30687      980.152      -2885.43      -1905.27      3.03688      197.008
229      10.8594      1.30515      978.863      -2884.14      -1905.28      3.02355      197.004
230      10.9068      1.30322      977.415      -2882.7      -1905.28      3.01034      197
231      10.9543      1.30101      975.757      -2881.04      -1905.29      2.99725      196.996
232      11.0017      1.29846      973.842      -2879.13      -1905.29      2.98427      196.992
233      11.0491      1.29551      971.636      -2876.92      -1905.29      2.97141      196.989
234      11.0965      1.29216      969.12      -2874.41      -1905.29      2.95867      196.986
235      11.1439      1.2884      966.298      -2871.58      -1905.29      2.94604      196.983
236      11.1914      1.28427      963.199      -2868.48      -1905.28      2.93353      196.981
237      11.2388      1.27983      959.869      -2865.15      -1905.28      2.92113      196.98
238      11.2862      1.27517      956.377      -2861.65      -1905.27      2.90884      196.978
239      11.3336      1.27041      952.808      -2858.08      -1905.27      2.89666      196.978
240      11.3811      1.26568      949.262      -2854.52      -1905.26      2.88459      196.978
241      11.4285      1.26113      945.848      -2851.1      -1905.25      2.87263      196.978
242      11.4759      1.25691      942.681      -2847.93      -1905.25      2.86077      196.979
243      11.5233      1.25316      939.87      -2845.11      -1905.24      2.84902      196.981
244      11.5707      1.25001      937.511      -2842.75      -1905.24      2.83738      196.983
245      11.6182      1.24758      935.684      -2840.92      -1905.23      2.82583      196.986
246      11.6656      1.24592      934.441      -2839.67      -1905.23      2.81439      196.989
247      11.713      1.24507      933.8      -2839.03      -1905.23      2.80305      196.993
248      11.7604      1.245      933.746      -2838.98      -1905.24      2.7918      196.997
249      11.8078      1.24565      934.236      -2839.48      -1905.24      2.78065      197.001
250      11.8553      1.24693      935.198      -2840.45      -1905.25      2.76959      197.006
251      11.9027      1.24873      936.548      -2841.8      -1905.25      2.75863      197.011
252      11.9501      1.25093      938.2      -2843.46      -1905.26      2.74776      197.016
253      11.9975      1.25343      940.072      -2845.34      -1905.26      2.73697      197.021
254      12.0449      1.25613      942.1      -2847.37      -1905.27      2.72627      197.027
255      12.0924      1.25898      944.235      -2849.5      -1905.27      2.71566      197.032
256      12.1398      1.26193      946.447      -2851.72      -1905.27      2.70513      197.038
257      12.1872      1.26496      948.721      -2853.99      -1905.27      2.69468      197.044
258      12.2346      1.26807      951.052      -2856.32      -1905.27      2.68432      197.05
259      12.2821      1.27125      953.441      -2858.71      -1905.27      2.67404      197.056
260      12.3295      1.27452      955.887      -2861.16      -1905.27      2.66383      197.062
261      12.3769      1.27786      958.394      -2863.66      -1905.27      2.65371      197.068
262      12.4243      1.28129      960.965      -2866.23      -1905.27      2.64366      197.074
263      12.4717      1.28481      963.608      -2868.88      -1905.27      2.6337      197.081
264      12.5192      1.28844      966.333      -2871.6      -1905.27      2.62381      197.087
265      12.5666      1.2922      969.147      -2874.41      -1905.27      2.61399      197.094
266      12.614      1.29606      972.041      -2877.31      -1905.27      2.60425      197.1
267      12.6614      1.29998      974.985      -2880.26      -1905.27      2.59459      197.107
268      12.7088      1.30389      977.919      -2883.2      -1905.28      2.585      197.114
269      12.7563      1.30767      980.754      -2886.04      -1905.29      2.57548      197.121
270      12.8037      1.31117      983.377      -2888.67      -1905.29      2.56604      197.129
271      12.8511      1.31422      985.667      -2890.97      -1905.3      2.55667      197.136
272      12.8985      1.31669      987.517      -2892.83      -1905.31      2.54738      197.144
273      12.9459      1.31847      988.851      -2894.16      -1905.31      2.53815      197.153
274      12.9934      1.31953      989.649      -2894.96      -1905.31      2.529      197.161
275      13.0408      1.31994      989.952      -2895.25      -1905.3      2.51991      197.17
276      13.0882      1.31981      989.858      -2895.15      -1905.29      2.5109      197.179
277      13.1356      1.31933      989.496      -2894.78      -1905.29      2.50195      197.188
278      13.1831      1.31865      988.987      -2894.27      -1905.28      2.49307      197.197
279      13.2305      1.31787      988.399      -2893.68      -1905.28      2.48425      197.207
280      13.2779      1.31696      987.721      -2893.01      -1905.29      2.4755      197.217
281      13.3253      1.31581      986.858      -2892.16      -1905.3      2.46682      197.227
282      13.3727      1.31422      985.664      -2890.98      -1905.31      2.4582      197.237
283      13.4202      1.31197      983.981      -2889.3      -1905.32      2.44964      197.247
284      13.4676      1.3089      981.678      -2887      -1905.33      2.44114      197.258
285      13.515      1.3049      978.673      -2884      -1905.33      2.4327      197.268
286      13.5624      1.29994      974.954      -2880.28      -1905.33      2.42433      197.278
287      13.6098      1.2941      970.574      -2875.89      -1905.32      2.416      197.289
288      13.6573      1.28754      965.651      -2870.96      -1905.31      2.40774      197.299
289      13.7047      1.28049      960.364      -2865.66      -1905.29      2.39953      197.309
290      13.7521      1.27326      954.944      -2860.22      -1905.28      2.39137      197.318
291      13.7995      1.26622      949.661      -2854.92      -1905.26      2.38327      197.328
292      13.8469      1.25974      944.803      -2850.05      -1905.24      2.37521      197.337
293      13.8944      1.25422      940.663      -2845.89      -1905.23      2.36721      197.346
294      13.9418      1.25002      937.513      -2842.73      -1905.21      2.35926      197.354
295      13.9892      1.24744      935.578      -2840.78      -1905.2      2.35136      197.362
296      14.0366      1.24668      935.01      -2840.21      -1905.2      2.3435      197.369
297      14.0841      1.24784      935.881      -2841.08      -1905.2      2.33569      197.376
298      14.1315      1.2509      938.175      -2843.38      -1905.21      2.32793      197.383
299      14.1789      1.25573      941.8      -2847.02      -1905.22      2.32021      197.388
300      14.2263      1.26214      946.602      -2851.83      -1905.23      2.31254      197.394
301      14.2737      1.26983      952.376      -2857.62      -1905.25      2.30491      197.398
302      14.3212      1.2785      958.878      -2864.14      -1905.26      2.29732      197.402
303      14.3686      1.28779      965.839      -2871.12      -1905.28      2.28978      197.405
304      14.416      1.2973      972.976      -2878.28      -1905.3      2.28227      197.408
305      14.4634      1.30668      980.01      -2885.33      -1905.32      2.27481      197.409
306      14.5108      1.31557      986.674      -2892      -1905.33      2.26739      197.411
307      14.5583      1.32365      992.736      -2898.08      -1905.34      2.26001      197.411
308      14.6057      1.33068      998.01      -2903.36      -1905.35      2.25267      197.411
309      14.6531      1.33648      1002.36      -2907.72      -1905.35      2.24537      197.41
310      14.7005      1.34097      1005.73      -2911.08      -1905.36      2.23812      197.409
311      14.7479      1.34414      1008.1      -2913.45      -1905.35      2.2309      197.407
312      14.7954      1.34607      1009.56      -2914.9      -1905.34      2.22372      197.405
313      14.8428      1.34694      1010.21      -2915.54      -1905.33      2.21659      197.402
314      14.8902      1.34696      1010.22      -2915.54      -1905.32      2.20949      197.399
315      14.9376      1.3464      1009.8      -2915.11      -1905.31      2.20244      197.396
316      14.9851      1.34554      1009.15      -2914.45      -1905.29      2.19543      197.392
317      15.0325      1.34463      1008.47      -2913.76      -1905.29      2.18847      197.388
318      15.0799      1.34389      1007.92      -2913.19      -1905.28      2.18154      197.385
319      15.1273      1.34342      1007.56      -2912.84      -1905.28      2.17467      197.381
320      15.1747      1.34323      1007.42      -2912.7      -1905.28      2.16783      197.378
321      15.2222      1.34324      1007.43      -2912.72      -1905.29      2.16104      197.374
322      15.2696      1.34328      1007.46      -2912.76      -1905.3      2.15429      197.371
323      15.317      1.34317      1007.38      -2912.69      -1905.31      2.14759      197.368
324      15.3644      1.3427      1007.03      -2912.35      -1905.32      2.14093      197.365
325      15.4118      1.34169      1006.27      -2911.59      -1905.33      2.13431      197.362
326      15.4593      1.33998      1004.98      -2910.31      -1905.33      2.12773      197.359
327      15.5067      1.33745      1003.09      -2908.42      -1905.33      2.12119      197.356
328      15.5541      1.33404      1000.53      -2905.86      -1905.33      2.11469      197.353
329      15.6015      1.32971      997.282      -2902.61      -1905.33      2.10824      197.35
330      15.6489      1.32447      993.354      -2898.68      -1905.33      2.10182      197.348
331      15.6964      1.31839      988.791      -2894.11      -1905.32      2.09544      197.345
332      15.7438      1.31158      983.682      -2889      -1905.32      2.0891      197.342
333      15.7912      1.30421      978.157      -2883.46      -1905.3      2.08279      197.339
334      15.8386      1.29651      972.379      -2877.67      -1905.29      2.07653      197.336
335      15.8861      1.28873      966.546      -2871.83      -1905.28      2.0703      197.333
336      15.9335      1.28116      960.867      -2866.13      -1905.27      2.06411      197.33
337      15.9809      1.27406      955.547      -2860.8      -1905.25      2.05795      197.327
338      16.0283      1.2677      950.776      -2856.02      -1905.25      2.05183      197.324
339      16.0757      1.26227      946.703      -2851.94      -1905.24      2.04575      197.322
340      16.1232      1.2579      943.428      -2848.66      -1905.24      2.0397      197.319
341      16.1706      1.25467      941.004      -2846.24      -1905.24      2.0337      197.316
342      16.218      1.25258      939.432      -2844.67      -1905.24      2.02772      197.314
343      16.2654      1.25157      938.674      -2843.92      -1905.24      2.02179      197.311
344      16.3128      1.25156      938.666      -2843.92      -1905.25      2.01589      197.309
345      16.3603      1.25243      939.326      -2844.58      -1905.26      2.01003      197.308
346      16.4077      1.25408      940.558      -2845.82      -1905.26      2.0042      197.306
347      16.4551      1.25635      942.263      -2847.53      -1905.27      1.99841      197.305
348      16.5025      1.25911      944.335      -2849.61      -1905.27      1.99266      197.304
349      16.5499      1.26222      946.664      -2851.95      -1905.28      1.98695      197.303
350      16.5974      1.2655      949.125      -2854.42      -1905.29      1.98127      197.303
351      16.6448      1.26878      951.584      -2856.88      -1905.3      1.97562      197.303
352      16.6922      1.27187      953.903      -2859.21      -1905.31      1.97001      197.303
353      16.7396      1.27459      955.943      -2861.26      -1905.32      1.96444      197.304
354      16.7871      1.27677      957.577      -2862.9      -1905.32      1.9589      197.305
355      16.8345      1.27828      958.709      -2864.04      -1905.33      1.9534      197.307
356      16.8819      1.27904      959.276      -2864.6      -1905.33      1.94793      197.308
357      16.9293      1.279      959.25      -2864.58      -1905.33      1.94249      197.31
358      16.9767      1.27819      958.641      -2863.97      -1905.33      1.93709      197.313
359      17.0242      1.27665      957.489      -2862.81      -1905.32      1.93172      197.316
360      17.0716      1.27448      955.857      -2861.17      -1905.32      1.92639      197.319
361      17.119      1.27177      953.826      -2859.14      -1905.31      1.92109      197.322
362      17.1664      1.26865      951.491      -2856.8      -1905.31      1.91582      197.326
363      17.2138      1.26528      948.962      -2854.26      -1905.3      1.91058      197.33
364      17.2613      1.26181      946.358      -2851.65      -1905.29      1.90537      197.335
365      17.3087      1.25841      943.807      -2849.09      -1905.28      1.9002      197.339
366      17.3561      1.25526      941.447      -2846.72      -1905.27      1.89505      197.344
367      17.4035      1.25256      939.423      -2844.69      -1905.26      1.88994      197.349
368      17.4509      1.25049      937.871      -2843.13      -1905.26      1.88485      197.355
369      17.4984      1.24922      936.913      -2842.16      -1905.25      1.87979      197.36
370      17.5458      1.24885      936.641      -2841.89      -1905.25      1.87477      197.365
371      17.5932      1.24947      937.102      -2842.35      -1905.24      1.86977      197.371
372      17.6406      1.25107      938.3      -2843.54      -1905.24      1.86479      197.377
373      17.6881      1.25359      940.191      -2845.44      -1905.25      1.85985      197.382
374      17.7355      1.25693      942.696      -2847.95      -1905.25      1.85493      197.388
375      17.7829      1.26095      945.715      -2850.97      -1905.26      1.85004      197.394
376      17.8303      1.26552      949.139      -2854.4      -1905.26      1.84517      197.4
377      17.8777      1.27048      952.861      -2858.13      -1905.27      1.84033      197.405
378      17.9252      1.27571      956.784      -2862.06      -1905.27      1.83551      197.411
379      17.9726      1.28109      960.819      -2866.09      -1905.28      1.83072      197.416
380      18.02      1.28653      964.895      -2870.17      -1905.28      1.82595      197.422
381      18.0674      1.29194      968.952      -2874.23      -1905.28      1.8212      197.427
382      18.1148      1.29726      972.942      -2878.22      -1905.28      1.81648      197.431
383      18.1623      1.30243      976.823      -2882.11      -1905.28      1.81178      197.436
384      18.2097      1.30741      980.556      -2885.84      -1905.29      1.8071      197.44
385      18.2571      1.31215      984.109      -2889.4      -1905.29      1.80244      197.444
386      18.3045      1.3166      987.448      -2892.74      -1905.29      1.7978      197.447
387      18.3519      1.32072      990.54      -2895.83      -1905.29      1.79318      197.45
388      18.3994      1.32447      993.353      -2898.65      -1905.29      1.78858      197.452
389      18.4468      1.32779      995.845      -2901.14      -1905.3      1.784      197.454
390      18.4942      1.33063      997.97      -2903.27      -1905.3      1.77944      197.456
391      18.5416      1.33288      999.659      -2904.96      -1905.31      1.7749      197.457
392      18.5891      1.33444      1000.83      -2906.14      -1905.31      1.77038      197.458
393      18.6365      1.3352      1001.4      -2906.72      -1905.32      1.76587      197.458
394      18.6839      1.33506      1001.3      -2906.62      -1905.32      1.76139      197.457
395      18.7313      1.33394      1000.45      -2905.78      -1905.33      1.75692      197.457
396      18.7787      1.33181      998.855      -2904.18      -1905.32      1.75247      197.455
397      18.8262      1.32872      996.539      -2901.86      -1905.32      1.74805      197.454
398      18.8736      1.32479      993.592      -2898.9      -1905.31      1.74364      197.452
399      18.921      1.32021      990.154      -2895.45      -1905.3      1.73925      197.45
400      18.9684      1.31521      986.409      -2891.7      -1905.29      1.73488      197.448
401      19.0158      1.31008      982.563      -2887.84      -1905.27      1.73054      197.446
402      19.0633      1.3051      978.829      -2884.09      -1905.26      1.72621      197.443
403      19.1107      1.30054      975.409      -2880.66      -1905.25      1.7219      197.441
404      19.1581      1.29663      972.474      -2877.72      -1905.24      1.71762      197.438
405      19.2055      1.29354      970.153      -2875.39      -1905.24      1.71336      197.436
406      19.2529      1.29136      968.521      -2873.76      -1905.24      1.70912      197.433
407      19.3004      1.29013      967.594      -2872.83      -1905.24      1.7049      197.431
408      19.3478      1.28976      967.322      -2872.57      -1905.25      1.7007      197.429
409      19.3952      1.29013      967.595      -2872.85      -1905.26      1.69653      197.427
410      19.4426      1.29099      968.243      -2873.51      -1905.27      1.69237      197.425
411      19.4901      1.29206      969.048      -2874.33      -1905.29      1.68824      197.423
412      19.5375      1.29302      969.767      -2875.07      -1905.3      1.68413      197.422
413      19.5849      1.29353      970.147      -2875.46      -1905.32      1.68004      197.42
414      19.6323      1.29326      969.949      -2875.28      -1905.33      1.67596      197.418
415      19.6797      1.29195      968.963      -2874.3      -1905.34      1.67191      197.417
416      19.7272      1.28938      967.035      -2872.38      -1905.34      1.66788      197.415
417      19.7746      1.28543      964.069      -2869.42      -1905.35      1.66387      197.414
418      19.822      1.28005      960.038      -2865.38      -1905.34      1.65987      197.412
419      19.8694      1.27331      954.984      -2860.32      -1905.34      1.6559      197.41
420      19.9168      1.26536      949.018      -2854.35      -1905.33      1.65194      197.408
421      19.9643      1.25642      942.314      -2847.63      -1905.31      1.648      197.406
422      20.0117      1.2468      935.101      -2840.4      -1905.3      1.64408      197.404
423      20.0591      1.23687      927.651      -2832.93      -1905.28      1.64017      197.402
424      20.1065      1.22703      920.274      -2825.53      -1905.26      1.63628      197.4
425      20.1539      1.21772      913.29      -2818.53      -1905.24      1.63242      197.398
426      20.2014      1.20936      907.023      -2812.24      -1905.22      1.62856      197.395
427      20.2488      1.20236      901.77      -2806.97      -1905.2      1.62473      197.393
428      20.2962      1.19704      897.783      -2802.97      -1905.19      1.62091      197.39
429      20.3436      1.19366      895.245      -2800.43      -1905.19      1.61711      197.388
430      20.3911      1.19235      894.259      -2799.44      -1905.19      1.61333      197.385
431      20.4385      1.19312      894.842      -2800.03      -1905.19      1.60956      197.382
432      20.4859      1.19589      896.918      -2802.12      -1905.2      1.60582      197.38
433      20.5333      1.20044      900.333      -2805.55      -1905.22      1.60209      197.377
434      20.5807      1.2065      904.873      -2810.11      -1905.23      1.59838      197.375
435      20.6282      1.21371      910.283      -2815.53      -1905.25      1.59468      197.372
436      20.6756      1.22172      916.293      -2821.56      -1905.27      1.59101      197.37
437      20.723      1.23019      922.641      -2827.92      -1905.28      1.58735      197.368
438      20.7704      1.2388      929.098      -2834.39      -1905.29      1.58372      197.367
439      20.8178      1.24731      935.482      -2840.78      -1905.3      1.5801      197.365
440      20.8653      1.25555      941.661      -2846.96      -1905.3      1.57649      197.364
441      20.9127      1.26342      947.561      -2852.86      -1905.3      1.57291      197.363
442      20.9601      1.27087      953.153      -2858.45      -1905.3      1.56935      197.362
443      21.0075      1.27792      958.442      -2863.74      -1905.3      1.5658      197.362
444      21.0549      1.2846      963.45      -2868.74      -1905.29      1.56228      197.362
445      21.1024      1.29094      968.204      -2873.49      -1905.29      1.55877      197.362
446      21.1498      1.29697      972.726      -2878.01      -1905.29      1.55528      197.363
447      21.1972      1.3027      977.028      -2882.31      -1905.29      1.5518      197.363
448      21.2446      1.30815      981.113      -2886.4      -1905.29      1.54835      197.365
449      21.2921      1.3133      984.975      -2890.26      -1905.29      1.54491      197.366
450      21.3395      1.31813      988.595      -2893.88      -1905.29      1.54149      197.367
451      21.3869      1.3226      991.948      -2897.24      -1905.29      1.53809      197.369
452      21.4343      1.32666      994.993      -2900.29      -1905.29      1.5347      197.371
453      21.4817      1.33024      997.679      -2902.98      -1905.3      1.53133      197.373
454      21.5292      1.33326      999.949      -2905.25      -1905.3      1.52797      197.376
455      21.5766      1.33566      1001.74      -2907.05      -1905.31      1.52463      197.378
456      21.624      1.33733      1003      -2908.31      -1905.31      1.52131      197.38
457      21.6714      1.33823      1003.67      -2908.98      -1905.31      1.518      197.383
458      21.7188      1.3383      1003.72      -2909.04      -1905.31      1.5147      197.386
459      21.7663      1.33752      1003.14      -2908.46      -1905.31      1.51142      197.388
460      21.8137      1.33591      1001.93      -2907.25      -1905.31      1.50816      197.391
461      21.8611      1.3335      1000.12      -2905.43      -1905.31      1.50491      197.394
462      21.9085      1.33034      997.753      -2903.06      -1905.31      1.50167      197.397
463      21.9559      1.32651      994.879      -2900.18      -1905.3      1.49845      197.4
464      22.0034      1.32209      991.564      -2896.86      -1905.3      1.49525      197.403
465      22.0508      1.31716      987.873      -2893.17      -1905.3      1.49206      197.406
466      22.0982      1.31183      983.872      -2889.16      -1905.29      1.48888      197.41
467      22.1456      1.30617      979.627      -2884.92      -1905.29      1.48572      197.413
468      22.1931      1.30026      975.198      -2880.49      -1905.29      1.48257      197.417
469      22.2405      1.29419      970.643      -2875.93      -1905.29      1.47944      197.421
470      22.2879      1.28803      966.019      -2871.3      -1905.28      1.47633      197.425
471      22.3353      1.28184      961.384      -2866.67      -1905.28      1.47323      197.43
472      22.3827      1.27574      956.802      -2862.08      -1905.28      1.47014      197.435
473      22.4302      1.26981      952.357      -2857.63      -1905.27      1.46708      197.441
474      22.4776      1.2642      948.151      -2853.42      -1905.27      1.46402      197.446
475      22.525      1.25908      944.311      -2849.57      -1905.26      1.46099      197.452
476      22.5724      1.25465      940.989      -2846.24      -1905.25      1.45796      197.459
477      22.6198      1.25115      938.359      -2843.6      -1905.24      1.45496      197.466
478      22.6673      1.2488      936.603      -2841.83      -1905.23      1.45197      197.473
479      22.7147      1.24785      935.884      -2841.11      -1905.22      1.44899      197.48
480      22.7621      1.24842      936.319      -2841.54      -1905.22      1.44603      197.488
481      22.8095      1.2506      937.951      -2843.17      -1905.22      1.44308      197.496
482      22.8569      1.25432      940.737      -2845.97      -1905.23      1.44015      197.505
483      22.9044      1.25939      944.544      -2849.79      -1905.25      1.43723      197.513
484      22.9518      1.26555      949.162      -2854.42      -1905.26      1.43432      197.522
485      22.9992      1.27245      954.34      -2859.62      -1905.28      1.43143      197.53
486      23.0466      1.27975      959.815      -2865.11      -1905.29      1.42855      197.539
487      23.0941      1.28711      965.336      -2870.64      -1905.3      1.42567      197.548
488      23.1415      1.29425      970.684      -2876      -1905.32      1.42281      197.556
489      23.1889      1.30091      975.681      -2881      -1905.32      1.41996      197.564
490      23.2363      1.30692      980.188      -2885.52      -1905.33      1.41712      197.573
491      23.2837      1.31213      984.099      -2889.43      -1905.33      1.4143      197.58
492      23.3312      1.31646      987.344      -2892.68      -1905.33      1.41147      197.588
493      23.3786      1.31984      989.884      -2895.22      -1905.33      1.40866      197.595
494      23.426      1.32227      991.704      -2897.04      -1905.33      1.40586      197.602
495      23.4734      1.32375      992.815      -2898.15      -1905.33      1.40306      197.608
496      23.5208      1.32433      993.246      -2898.57      -1905.33      1.40028      197.614
497      23.5683      1.32405      993.037      -2898.36      -1905.32      1.3975      197.62
498      23.6157      1.32298      992.238      -2897.56      -1905.32      1.39473      197.625
499      23.6631      1.3212      990.903      -2896.22      -1905.32      1.39196      197.629
500      23.7105      1.31878      989.082      -2894.4      -1905.31      1.3892      197.633
501      23.7579      1.31578      986.838      -2892.15      -1905.31      1.38645      197.636
502      23.8054      1.31232      984.238      -2889.54      -1905.3      1.38371      197.639
503      23.8528      1.30849      981.367      -2886.66      -1905.3      1.38097      197.641
504      23.9002      1.30444      978.328      -2883.62      -1905.29      1.37825      197.642
505      23.9476      1.30032      975.242      -2880.52      -1905.28      1.37552      197.643
506      23.9951      1.29632      972.241      -2877.51      -1905.27      1.37281      197.643
507      24.0425      1.29261      969.458      -2874.72      -1905.26      1.3701      197.643
508      24.0899      1.28936      967.019      -2872.27      -1905.26      1.36739      197.642
509      24.1373      1.2867      965.028      -2870.28      -1905.25      1.3647      197.641
510      24.1847      1.28473      963.545      -2868.79      -1905.25      1.36201      197.639
511      24.2322      1.28345      962.59      -2867.84      -1905.25      1.35933      197.636
512      24.2796      1.28284      962.129      -2867.39      -1905.26      1.35665      197.633
513      24.327      1.28278      962.082      -2867.35      -1905.26      1.35398      197.629
514      24.3744      1.28311      962.331      -2867.6      -1905.27      1.35131      197.625
515      24.4218      1.28363      962.726      -2868.01      -1905.28      1.34866      197.62
516      24.4693      1.28414      963.101      -2868.39      -1905.29      1.34601      197.615
517      24.5167      1.28438      963.285      -2868.59      -1905.3      1.34336      197.609
518      24.5641      1.28415      963.111      -2868.43      -1905.31      1.34073      197.602
519      24.6115      1.28325      962.435      -2867.76      -1905.32      1.3381      197.596
520      24.6589      1.28152      961.137      -2866.46      -1905.33      1.33547      197.588
521      24.7064      1.27886      959.145      -2864.47      -1905.33      1.33286      197.58
522      24.7538      1.27524      956.428      -2861.75      -1905.33      1.33025      197.572
523      24.8012      1.27068      953.01      -2858.33      -1905.32      1.32765      197.564
524      24.8486      1.26529      948.968      -2854.28      -1905.31      1.32506      197.555
525      24.8961      1.25923      944.424      -2849.73      -1905.3      1.32247      197.546
526      24.9435      1.25271      939.53      -2844.82      -1905.29      1.31989      197.536
527      24.9909      1.24595      934.459      -2839.74      -1905.28      1.31732      197.527
528      25.0383      1.23918      929.385      -2834.66      -1905.27      1.31476      197.517
529      25.0857      1.23263      924.472      -2829.74      -1905.26      1.31221      197.507
530      25.1332      1.22648      919.859      -2825.12      -1905.26      1.30967      197.497
531      25.1806      1.22087      915.652      -2820.91      -1905.25      1.30714      197.487
532      25.228      1.2159      911.928      -2817.18      -1905.25      1.30461      197.476
533      25.2754      1.21164      908.727      -2813.98      -1905.25      1.30209      197.466
534      25.3228      1.20809      906.065      -2811.32      -1905.25      1.29959      197.455
535      25.3703      1.20526      903.943      -2809.2      -1905.25      1.29709      197.445
536      25.4177      1.20314      902.356      -2807.61      -1905.25      1.2946      197.434
537      25.4651      1.20172      901.29      -2806.54      -1905.25      1.29212      197.423
538      25.5125      1.20099      900.74      -2805.99      -1905.25      1.28964      197.412
539      25.5599      1.20095      900.711      -2805.96      -1905.25      1.28718      197.401
540      25.6074      1.20162      901.216      -2806.46      -1905.25      1.28472      197.39
541      25.6548      1.20304      902.279      -2807.53      -1905.25      1.28227      197.379
542      25.7022      1.20524      903.931      -2809.17      -1905.24      1.27984      197.368
543      25.7496      1.20826      906.196      -2811.44      -1905.24      1.2774      197.356
544      25.7971      1.21212      909.089      -2814.33      -1905.24      1.27498      197.344
545      25.8445      1.21681      912.608      -2817.85      -1905.24      1.27257      197.333
546      25.8919      1.2223      916.728      -2821.97      -1905.24      1.27016      197.321
547      25.9393      1.22852      921.388      -2826.64      -1905.25      1.26776      197.309
548      25.9867      1.23532      926.491      -2831.75      -1905.26      1.26537      197.296
549      26.0342      1.24255      931.91      -2837.17      -1905.26      1.26298      197.284
550      26.0816      1.24998      937.488      -2842.76      -1905.27      1.2606      197.271
551      26.129      1.2574      943.049      -2848.33      -1905.29      1.25824      197.259
552      26.1764      1.26455      948.412      -2853.71      -1905.3      1.25587      197.246
553      26.2238      1.27121      953.406      -2858.71      -1905.3      1.25352      197.233
554      26.2713      1.27718      957.882      -2863.19      -1905.31      1.25118      197.22
555      26.3187      1.2823      961.723      -2867.04      -1905.32      1.24884      197.207
556      26.3661      1.28648      964.858      -2870.18      -1905.32      1.24651      197.194
557      26.4135      1.28969      967.266      -2872.58      -1905.32      1.2442      197.182
558      26.4609      1.29196      968.971      -2874.28      -1905.31      1.24189      197.169
559      26.5084      1.2934      970.05      -2875.35      -1905.3      1.23959      197.157
560      26.5558      1.29416      970.623      -2875.92      -1905.29      1.2373      197.145
561      26.6032      1.29444      970.832      -2876.12      -1905.28      1.23502      197.133
562      26.6506      1.29443      970.824      -2876.1      -1905.28      1.23275      197.121
563      26.6981      1.29429      970.72      -2875.99      -1905.27      1.23049      197.11
564      26.7455      1.29412      970.592      -2875.86      -1905.27      1.22824      197.099
565      26.7929      1.29392      970.443      -2875.72      -1905.28      1.226      197.089
566      26.8403      1.29362      970.214      -2875.5      -1905.28      1.22377      197.079
567      26.8877      1.29306      969.796      -2875.09      -1905.29      1.22156      197.07
568      26.9352      1.29208      969.06      -2874.36      -1905.3      1.21935      197.061
569      26.9826      1.29051      967.886      -2873.19      -1905.31      1.21716      197.053
570      27.03      1.28825      966.191      -2871.5      -1905.31      1.21498      197.045
571      27.0774      1.28526      963.945      -2869.25      -1905.31      1.21281      197.038
572      27.1248      1.28156      961.173      -2866.48      -1905.3      1.21065      197.032
573      27.1723      1.27728      957.957      -2863.25      -1905.29      1.2085      197.027
574      27.2197      1.27256      954.422      -2859.71      -1905.29      1.20637      197.022
575      27.2671      1.26763      950.72      -2856      -1905.27      1.20425      197.018
576      27.3145      1.26268      947.009      -2852.28      -1905.27      1.20213      197.014
577      27.3619      1.25791      943.431      -2848.69      -1905.26      1.20003      197.012
578      27.4094      1.25347      940.101      -2845.36      -1905.25      1.19795      197.01
579      27.4568      1.24946      937.097      -2842.35      -1905.25      1.19587      197.009
580      27.5042      1.24595      934.462      -2839.71      -1905.25      1.19381      197.008
581      27.5516      1.24294      932.206      -2837.46      -1905.25      1.19175      197.008
582      27.5991      1.24042      930.316      -2835.57      -1905.25      1.18971      197.009
583      27.6465      1.23836      928.771      -2834.03      -1905.26      1.18768      197.011
584      27.6939      1.23673      927.545      -2832.8      -1905.26      1.18566      197.013
585      27.7413      1.23549      926.615      -2831.87      -1905.26      1.18365      197.015
586      27.7887      1.23462      925.967      -2831.22      -1905.26      1.18165      197.019
587      27.8362      1.23412      925.589      -2830.85      -1905.26      1.17965      197.022
588      27.8836      1.23396      925.467      -2830.73      -1905.26      1.17767      197.026
589      27.931      1.2341      925.577      -2830.84      -1905.26      1.1757      197.031
590      27.9784      1.2345      925.879      -2831.14      -1905.26      1.17374      197.036
591      28.0258      1.23509      926.317      -2831.58      -1905.27      1.17178      197.041
592      28.0733      1.23577      926.826      -2832.1      -1905.27      1.16983      197.046
593      28.1207      1.23644      927.329      -2832.6      -1905.27      1.16789      197.051
594      28.1681      1.237      927.753      -2833.03      -1905.28      1.16595      197.056
595      28.2155      1.23738      928.032      -2833.31      -1905.28      1.16403      197.061
596      28.2629      1.23748      928.111      -2833.4      -1905.28      1.1621      197.066
597      28.3104      1.23727      927.95      -2833.24      -1905.29      1.16018      197.071
598      28.3578      1.23671      927.535      -2832.82      -1905.29      1.15827      197.076
599      28.4052      1.23583      926.873      -2832.16      -1905.28      1.15636      197.08
600      28.4526      1.23466      925.999      -2831.28      -1905.28      1.15445      197.083
601      28.5001      1.2333      924.975      -2830.25      -1905.28      1.15255      197.086
602      28.5475      1.23185      923.89      -2829.16      -1905.27      1.15065      197.089
603      28.5949      1.23048      922.863      -2828.13      -1905.26      1.14875      197.091
604      28.6423      1.22938      922.036      -2827.29      -1905.25      1.14686      197.092
605      28.6897      1.22875      921.562      -2826.81      -1905.25      1.14496      197.092
606      28.7372      1.22879      921.594      -2826.83      -1905.24      1.14307      197.092
607      28.7846      1.22968      922.262      -2827.49      -1905.23      1.14119      197.092
608      28.832      1.23155      923.662      -2828.89      -1905.23      1.1393      197.09
609      28.8794      1.23445      925.841      -2831.07      -1905.23      1.13742      197.088
610      28.9268      1.23839      928.789      -2834.02      -1905.23      1.13554      197.085
611      28.9743      1.24327      932.449      -2837.69      -1905.24      1.13366      197.081
612      29.0217      1.24897      936.726      -2841.97      -1905.25      1.13178      197.077
613      29.0691      1.25533      941.495      -2846.75      -1905.25      1.12991      197.072
614      29.1165      1.26217      946.624      -2851.89      -1905.26      1.12804      197.067
615      29.1639      1.26931      951.981      -2857.25      -1905.27      1.12617      197.061
616      29.2114      1.27658      957.432      -2862.71      -1905.28      1.1243      197.055
617      29.2588      1.2838      962.85      -2868.13      -1905.28      1.12245      197.048
618      29.3062      1.29082      968.114      -2873.4      -1905.29      1.12059      197.042
619      29.3536      1.29747      973.101      -2878.4      -1905.3      1.11874      197.035
620      29.4011      1.30359      977.695      -2883      -1905.3      1.1169      197.028
621      29.4485      1.30904      981.781      -2887.09      -1905.31      1.11506      197.021
622      29.4959      1.31367      985.254      -2890.57      -1905.31      1.11323      197.015
623      29.5433      1.31736      988.019      -2893.34      -1905.32      1.11141      197.008
624      29.5907      1.32      990      -2895.32      -1905.32      1.10959      197.001
625      29.6382      1.32153      991.145      -2896.47      -1905.32      1.10778      196.995
626      29.6856      1.32191      991.433      -2896.76      -1905.32      1.10598      196.989
627      29.733      1.32117      990.879      -2896.2      -1905.32      1.10418      196.983
628      29.7804      1.31938      989.537      -2894.86      -1905.32      1.10239      196.978
629      29.8278      1.31667      987.502      -2892.81      -1905.31      1.10061      196.973
630      29.8753      1.31321      984.908      -2890.21      -1905.3      1.09884      196.968
631      29.9227      1.30924      981.927      -2887.22      -1905.29      1.09707      196.963
632      29.9701      1.30501      978.759      -2884.04      -1905.28      1.09531      196.959
633      30.0175      1.30083      975.62      -2880.88      -1905.26      1.09355      196.955
634      30.0649      1.29697      972.727      -2877.98      -1905.25      1.09181      196.951
635      30.1124      1.29371      970.28      -2875.52      -1905.24      1.09007      196.947
636      30.1598      1.29127      968.449      -2873.68      -1905.24      1.08833      196.943
637      30.2072      1.28981      967.358      -2872.59      -1905.23      1.08661      196.94
638      30.2546      1.28943      967.072      -2872.3      -1905.23      1.08488      196.936
639      30.3021      1.29013      967.594      -2872.83      -1905.24      1.08317      196.933
640      30.3495      1.29182      968.861      -2874.1      -1905.24      1.08146      196.93
641      30.3969      1.29434      970.753      -2876.01      -1905.25      1.07975      196.926
642      30.4443      1.29747      973.103      -2878.37      -1905.27      1.07805      196.923
643      30.4917      1.30096      975.722      -2881      -1905.28      1.07636      196.92
644      30.5392      1.30456      978.422      -2883.71      -1905.29      1.07467      196.917
645      30.5866      1.30806      981.043      -2886.33      -1905.29      1.07298      196.914
646      30.634      1.31128      983.462      -2888.76      -1905.3      1.07131      196.911
647      30.6814      1.31415      985.612      -2890.91      -1905.29      1.06964      196.908
648      30.7288      1.31663      987.472      -2892.76      -1905.29      1.06797      196.906
649      30.7763      1.31875      989.066      -2894.35      -1905.29      1.06632      196.903
650      30.8237      1.32059      990.442      -2895.72      -1905.28      1.06466      196.901
651      30.8711      1.32221      991.656      -2896.94      -1905.28      1.06302      196.899
652      30.9185      1.32367      992.754      -2898.03      -1905.28      1.06138      196.898
653      30.9659      1.32502      993.763      -2899.04      -1905.28      1.05975      196.896
654      31.0134      1.32625      994.684      -2899.96      -1905.28      1.05812      196.895
655      31.0608      1.32732      995.49      -2900.77      -1905.28      1.0565      196.894
656      31.1082      1.32818      996.137      -2901.42      -1905.29      1.05488      196.893
657      31.1556      1.32877      996.574      -2901.86      -1905.29      1.05327      196.892
658      31.2031      1.32902      996.767      -2902.06      -1905.29      1.05166      196.891
659      31.2505      1.32894      996.707      -2902      -1905.29      1.05006      196.89
660      31.2979      1.32856      996.421      -2901.71      -1905.29      1.04847      196.889
661      31.3453      1.32797      995.976      -2901.25      -1905.28      1.04688      196.888
662      31.3927      1.3273      995.474      -2900.74      -1905.27      1.04529      196.887
663      31.4402      1.32672      995.039      -2900.3      -1905.26      1.04371      196.886
664      31.4876      1.32639      994.794      -2900.05      -1905.25      1.04213      196.885
665      31.535      1.32646      994.848      -2900.1      -1905.25      1.04056      196.884
666      31.5824      1.32703      995.276      -2900.52      -1905.24      1.03899      196.883
667      31.6298      1.32814      996.103      -2901.35      -1905.25      1.03743      196.882
668      31.6773      1.32974      997.307      -2902.56      -1905.25      1.03587      196.88
669      31.7247      1.33175      998.814      -2904.07      -1905.26      1.03431      196.879
670      31.7721      1.33401      1000.5      -2905.77      -1905.27      1.03276      196.878
671      31.8195      1.33629      1002.22      -2907.5      -1905.28      1.03122      196.877
672      31.8669      1.33837      1003.78      -2909.07      -1905.29      1.02968      196.876
673      31.9144      1.33996      1004.97      -2910.28      -1905.31      1.02814      196.875
674      31.9618      1.3408      1005.6      -2910.92      -1905.32      1.02662      196.875
675      32.0092      1.34061      1005.46      -2910.79      -1905.33      1.02509      196.874
676      32.0566      1.33917      1004.38      -2909.72      -1905.34      1.02357      196.874
677      32.1041      1.3363      1002.23      -2907.57      -1905.34      1.02206      196.874
678      32.1515      1.33189      998.918      -2904.27      -1905.35      1.02056      196.874
679      32.1989      1.32591      994.431      -2899.78      -1905.34      1.01905      196.875
680      32.2463      1.31842      988.814      -2894.15      -1905.34      1.01756      196.875
681      32.2937      1.30958      982.185      -2887.51      -1905.33      1.01607      196.876
682      32.3412      1.29964      974.73      -2880.05      -1905.32      1.01458      196.876
683      32.3886      1.28892      966.692      -2871.99      -1905.3      1.0131      196.877
684      32.436      1.2778      958.353      -2863.63      -1905.28      1.01162      196.878
685      32.4834      1.2667      950.022      -2855.28      -1905.26      1.01015      196.879
686      32.5308      1.256      941.999      -2847.25      -1905.25      1.00869      196.881
687      32.5783      1.24608      934.564      -2839.8      -1905.23      1.00722      196.882
688      32.6257      1.23728      927.957      -2833.18      -1905.22      1.00577      196.883
689      32.6731      1.22982      922.363      -2827.58      -1905.22      1.00431      196.884
690      32.7205      1.22388      917.907      -2823.12      -1905.21      1.00287      196.886
691      32.7679      1.21954      914.651      -2819.86      -1905.21      1.00142      196.887
692      32.8154      1.21681      912.604      -2817.82      -1905.22      0.999982      196.889
693      32.8628      1.21563      911.721      -2816.94      -1905.22      0.998547      196.89
694      32.9102      1.21588      911.91      -2817.14      -1905.23      0.997117      196.892
695      32.9576      1.21739      913.044      -2818.29      -1905.24      0.995692      196.894
696      33.0051      1.21995      914.963      -2820.22      -1905.25      0.994272      196.896
697      33.0525      1.22331      917.486      -2822.75      -1905.26      0.992856      196.898
698      33.0999      1.22723      920.423      -2825.7      -1905.27      0.991445      196.9
699      33.1473      1.23145      923.591      -2828.88      -1905.29      0.990039      196.903
700      33.1947      1.23576      926.818      -2832.11      -1905.29      0.988638      196.905
701      33.2422      1.23994      929.955      -2835.26      -1905.3      0.987241      196.908
702      33.2896      1.24383      932.874      -2838.18      -1905.31      0.98585      196.911
703      33.337      1.24729      935.469      -2840.78      -1905.31      0.984462      196.914
704      33.3844      1.2502      937.651      -2842.97      -1905.32      0.983079      196.917
705      33.4318      1.25245      939.334      -2844.66      -1905.32      0.981701      196.92
706      33.4793      1.25392      940.442      -2845.77      -1905.33      0.980327      196.924
707      33.5267      1.25454      940.908      -2846.24      -1905.33      0.978957      196.927
708      33.5741      1.25424      940.682      -2846.01      -1905.33      0.977592      196.931
709      33.6215      1.253      939.751      -2845.08      -1905.33      0.97623      196.934
710      33.6689      1.25086      938.148      -2843.47      -1905.32      0.974873      196.938
711      33.7164      1.24795      935.961      -2841.27      -1905.31      0.97352      196.941
712      33.7638      1.24444      933.333      -2838.63      -1905.3      0.97217      196.945
713      33.8112      1.24059      930.445      -2835.73      -1905.29      0.970825      196.949
714      33.8586      1.23665      927.488      -2832.77      -1905.28      0.969483      196.952
715      33.9061      1.23286      924.646      -2829.91      -1905.27      0.968145      196.956
716      33.9535      1.22943      922.074      -2827.33      -1905.26      0.966812      196.96
717      34.0009      1.22652      919.891      -2825.14      -1905.25      0.965482      196.963
718      34.0483      1.22424      918.181      -2823.43      -1905.25      0.964156      196.967
719      34.0957      1.22267      917.001      -2822.25      -1905.25      0.962834      196.971
720      34.1432      1.22185      916.387      -2821.63      -1905.25      0.961516      196.975
721      34.1906      1.22181      916.359      -2821.6      -1905.24      0.960202      196.979
722      34.238      1.22257      916.929      -2822.17      -1905.24      0.958892      196.983
723      34.2854      1.22414      918.106      -2823.35      -1905.24      0.957586      196.987
724      34.3328      1.22651      919.886      -2825.13      -1905.24      0.956283      196.992
725      34.3803      1.22967      922.255      -2827.5      -1905.24      0.954985      196.996
726      34.4277      1.23358      925.188      -2830.43      -1905.25      0.95369      197
727      34.4751      1.23819      928.639      -2833.89      -1905.25      0.952398      197.004
728      34.5225      1.24338      932.534      -2837.79      -1905.25      0.95111      197.008
729      34.5699      1.24903      936.773      -2842.03      -1905.26      0.949826      197.013
730      34.6174      1.25498      941.232      -2846.5      -1905.27      0.948544      197.017
731      34.6648      1.26102      945.762      -2851.04      -1905.28      0.947266      197.021
732      34.7122      1.26694      950.201      -2855.49      -1905.29      0.945991      197.025
733      34.7596      1.27251      954.386      -2859.68      -1905.3      0.94472      197.029
734      34.8071      1.27755      958.159      -2863.46      -1905.31      0.943451      197.032
735      34.8545      1.28184      961.381      -2866.69      -1905.31      0.942185      197.036
736      34.9019      1.28526      963.945      -2869.26      -1905.32      0.940922      197.04
737      34.9493      1.28771      965.786      -2871.1      -1905.32      0.939662      197.043
738      34.9967      1.28918      966.883      -2872.2      -1905.31      0.938404      197.047
739      35.0442      1.28968      967.262      -2872.57      -1905.31      0.93715      197.05
740      35.0916      1.28934      967.001      -2872.3      -1905.3      0.935899      197.053
741      35.139      1.28829      966.217      -2871.51      -1905.29      0.93465      197.056
742      35.1864      1.28674      965.054      -2870.33      -1905.28      0.933405      197.059
743      35.2338      1.28489      963.665      -2868.94      -1905.27      0.932162      197.062
744      35.2813      1.28293      962.199      -2867.46      -1905.26      0.930923      197.065
745      35.3287      1.28104      960.783      -2866.04      -1905.26      0.929687      197.068
746      35.3761      1.27934      959.506      -2864.76      -1905.26      0.928454      197.071
747      35.4235      1.27789      958.416      -2863.67      -1905.26      0.927224      197.073
748      35.4709      1.2767      957.521      -2862.78      -1905.26      0.925998      197.076
749      35.5184      1.27573      956.799      -2862.06      -1905.26      0.924775      197.079
750      35.5658      1.27494      956.204      -2861.47      -1905.27      0.923556      197.082
751      35.6132      1.27424      955.684      -2860.96      -1905.27      0.92234      197.085
752      35.6606      1.27359      955.19      -2860.47      -1905.28      0.921127      197.088
753      35.7081      1.27293      954.694      -2859.97      -1905.28      0.919918      197.091
754      35.7555      1.27226      954.193      -2859.47      -1905.28      0.918712      197.094
755      35.8029      1.27162      953.716      -2858.99      -1905.27      0.91751      197.097
756      35.8503      1.27109      953.316      -2858.58      -1905.27      0.91631      197.1
757      35.8977      1.27075      953.063      -2858.33      -1905.26      0.915114      197.103
758      35.9452      1.27071      953.032      -2858.29      -1905.26      0.913922      197.106
759      35.9926      1.27105      953.288      -2858.55      -1905.26      0.912732      197.11
760      36.04      1.27183      953.873      -2859.13      -1905.26      0.911546      197.113
761      36.0874      1.27306      954.792      -2860.05      -1905.26      0.910362      197.116
762      36.1348      1.27469      956.019      -2861.28      -1905.26      0.909182      197.119
763      36.1823      1.27667      957.502      -2862.77      -1905.27      0.908005      197.122
764      36.2297      1.27889      959.169      -2864.44      -1905.27      0.906831      197.125
765      36.2771      1.28126      960.944      -2866.22      -1905.27      0.90566      197.128
766      36.3245      1.28368      962.757      -2868.03      -1905.28      0.904492      197.132
767      36.3719      1.28607      964.551      -2869.83      -1905.28      0.903327      197.135
768      36.4194      1.28837      966.281      -2871.56      -1905.28      0.902166      197.138
769      36.4668      1.29055      967.913      -2873.19      -1905.28      0.901007      197.141
770      36.5142      1.29256      969.423      -2874.7      -1905.28      0.899852      197.144
771      36.5616      1.29438      970.786      -2876.07      -1905.28      0.898699      197.148
772      36.6091      1.29597      971.981      -2877.26      -1905.28      0.89755      197.151
773      36.6565      1.29731      972.985      -2878.27      -1905.29      0.896404      197.154
774      36.7039      1.29838      973.785      -2879.07      -1905.29      0.895261      197.157
775      36.7513      1.29916      974.372      -2879.66      -1905.29      0.894121      197.161
776      36.7987      1.29966      974.747      -2880.03      -1905.29      0.892985      197.164
777      36.8462      1.29989      974.917      -2880.2      -1905.28      0.89185      197.168
778      36.8936      1.29986      974.893      -2880.18      -1905.29      0.890719      197.171
779      36.941      1.29959      974.69      -2879.98      -1905.29      0.889591      197.174
780      36.9884      1.29909      974.316      -2879.6      -1905.29      0.888465      197.177
781      37.0358      1.29837      973.779      -2879.07      -1905.29      0.887341      197.181
782      37.0833      1.29745      973.087      -2878.37      -1905.29      0.88622      197.183
783      37.1307      1.29633      972.248      -2877.53      -1905.29      0.8851      197.186
784      37.1781      1.29503      971.275      -2876.56      -1905.29      0.883983      197.189
785      37.2255      1.29358      970.185      -2875.47      -1905.29      0.882868      197.191
786      37.2729      1.292      969      -2874.28      -1905.28      0.881754      197.194
787      37.3204      1.29032      967.741      -2873.02      -1905.28      0.880643      197.196
788      37.3678      1.28856      966.422      -2871.71      -1905.28      0.879534      197.197
789      37.4152      1.28674      965.055      -2870.34      -1905.28      0.878426      197.199
790      37.4626      1.28487      963.649      -2868.93      -1905.28      0.87732      197.2
791      37.5101      1.28295      962.213      -2867.5      -1905.28      0.876217      197.202
792      37.5575      1.28102      960.764      -2866.05      -1905.28      0.875116      197.203
793      37.6049      1.27912      959.339      -2864.62      -1905.28      0.874018      197.204
794      37.6523      1.27734      958.006      -2863.28      -1905.27      0.872922      197.205
795      37.6997      1.27581      956.858      -2862.12      -1905.26      0.871829      197.206
796      37.7472      1.27469      956.017      -2861.27      -1905.26      0.870738      197.207
797      37.7946      1.27417      955.624      -2860.87      -1905.25      0.869651      197.209
798      37.842      1.27443      955.821      -2861.06      -1905.24      0.868568      197.21
799      37.8894      1.27564      956.732      -2861.96      -1905.23      0.867487      197.212
800      37.9368      1.27793      958.445      -2863.68      -1905.23      0.86641      197.213
801      37.9843      1.28132      960.99      -2866.22      -1905.23      0.865337      197.215
802      38.0317      1.28578      964.332      -2869.57      -1905.24      0.864267      197.217
803      38.0791      1.29117      968.381      -2873.63      -1905.25      0.863201      197.22
804      38.1265      1.29733      972.995      -2878.25      -1905.26      0.862139      197.222
805      38.1739      1.304      977.997      -2883.27      -1905.27      0.86108      197.225
806      38.2214      1.31092      983.188      -2888.47      -1905.28      0.860025      197.228
807      38.2688      1.31782      988.362      -2893.65      -1905.29      0.858973      197.231
808      38.3162      1.32441      993.31      -2898.62      -1905.3      0.857924      197.234
809      38.3636      1.33044      997.832      -2903.15      -1905.32      0.856879      197.238
810      38.4111      1.33565      1001.74      -2907.07      -1905.33      0.855837      197.242
811      38.4585      1.33983      1004.87      -2910.21      -1905.33      0.854797      197.245
812      38.5059      1.34282      1007.11      -2912.45      -1905.34      0.85376      197.249
813      38.5533      1.34451      1008.39      -2913.73      -1905.34      0.852725      197.252
814      38.6007      1.3449      1008.67      -2914.01      -1905.34      0.851691      197.256
815      38.6482      1.344      1008      -2913.34      -1905.34      0.85066      197.259
816      38.6956      1.34188      1006.41      -2911.75      -1905.33      0.84963      197.261
817      38.743      1.33863      1003.97      -2909.3      -1905.33      0.8486      197.264
818      38.7904      1.33432      1000.74      -2906.07      -1905.33      0.847572      197.266
819      38.8378      1.32902      996.767      -2902.09      -1905.33      0.846544      197.268
820      38.8853      1.32282      992.114      -2897.44      -1905.32      0.845517      197.269
821      38.9327      1.31583      986.875      -2892.19      -1905.31      0.844491      197.27
822      38.9801      1.30826      981.197      -2886.5      -1905.3      0.843464      197.27
823      39.0275      1.3004      975.3      -2880.58      -1905.28      0.842439      197.27
824      39.0749      1.29263      969.474      -2874.73      -1905.26      0.841413      197.269
825      39.1224      1.2854      964.05      -2869.28      -1905.23      0.840387      197.268
826      39.1698      1.27915      959.362      -2864.58      -1905.21      0.839362      197.266
827      39.2172      1.27427      955.702      -2860.9      -1905.2      0.838337      197.263
828      39.2646      1.27103      953.276      -2858.47      -1905.19      0.837313      197.261
829      39.3121      1.26957      952.174      -2857.37      -1905.19      0.836288      197.257
830      39.3595      1.26982      952.364      -2857.57      -1905.2      0.835265      197.253
831      39.4069      1.27159      953.691      -2858.91      -1905.22      0.834241      197.249
832      39.4543      1.27455      955.913      -2861.15      -1905.24      0.833219      197.244
833      39.5017      1.27831      958.73      -2863.99      -1905.26      0.832197      197.239
834      39.5492      1.28242      961.817      -2867.09      -1905.28      0.831175      197.234
835      39.5966      1.28647      964.856      -2870.15      -1905.29      0.830155      197.228
836      39.644      1.29008      967.562      -2872.87      -1905.31      0.829136      197.222
837      39.6914      1.29294      969.702      -2875.02      -1905.32      0.828118      197.215
838      39.7388      1.29481      971.108      -2876.43      -1905.32      0.8271      197.208
839      39.7863      1.29557      971.678      -2877      -1905.32      0.826084      197.201
840      39.8337      1.29517      971.379      -2876.7      -1905.32      0.82507      197.193
841      39.8811      1.29366      970.244      -2875.56      -1905.31      0.824056      197.186
842      39.9285      1.29114      968.356      -2873.66      -1905.31      0.823044      197.178
843      39.9759      1.28779      965.84      -2871.14      -1905.3      0.822033      197.169
844      40.0234      1.2838      962.847      -2868.13      -1905.29      0.821023      197.161
845      40.0708      1.27939      959.542      -2864.82      -1905.27      0.820015      197.152
846      40.1182      1.27478      956.084      -2861.35      -1905.26      0.819008      197.143
847      40.1656      1.27017      952.624      -2857.88      -1905.26      0.818002      197.133
848      40.2131      1.26571      949.283      -2854.53      -1905.25      0.816997      197.124
849      40.2605      1.26154      946.153      -2851.4      -1905.25      0.815994      197.114
850      40.3079      1.25772      943.289      -2848.54      -1905.25      0.814992      197.104
851      40.3553      1.25427      940.706      -2845.95      -1905.25      0.813991      197.093
852      40.4027      1.25119      938.391      -2843.64      -1905.25      0.812992      197.083
853      40.4502      1.2484      936.301      -2841.56      -1905.26      0.811994      197.072
854      40.4976      1.24584      934.379      -2839.64      -1905.26      0.810998      197.061
855      40.545      1.24342      932.561      -2837.83      -1905.27      0.810003      197.049
856      40.5924      1.24105      930.791      -2836.06      -1905.27      0.80901      197.038
857      40.6398      1.2387      929.023      -2834.29      -1905.27      0.808018      197.026
858      40.6873      1.23631      927.232      -2832.5      -1905.27      0.807029      197.015
859      40.7347      1.23389      925.414      -2830.68      -1905.27      0.806041      197.003
860      40.7821      1.23145      923.584      -2828.85      -1905.27      0.805054      196.991
861      40.8295      1.22903      921.773      -2827.04      -1905.27      0.80407      196.979
862      40.8769      1.2267      920.027      -2825.29      -1905.26      0.803088      196.967
863      40.9244      1.22454      918.408      -2823.67      -1905.26      0.802107      196.954
864      40.9718      1.22265      916.986      -2822.24      -1905.25      0.801129      196.942
865      41.0192      1.22112      915.841      -2821.09      -1905.25      0.800154      196.93
866      41.0666      1.22006      915.046      -2820.29      -1905.25      0.79918      196.918
867      41.1141      1.21956      914.67      -2819.91      -1905.24      0.798209      196.906
868      41.1615      1.21968      914.763      -2820.01      -1905.24      0.797241      196.894
869      41.2089      1.22047      915.35      -2820.59      -1905.24      0.796275      196.882
870      41.2563      1.2219      916.429      -2821.67      -1905.24      0.795313      196.87
871      41.3037      1.22396      917.97      -2823.22      -1905.25      0.794353      196.858
872      41.3512      1.22656      919.919      -2825.17      -1905.25      0.793396      196.847
873      41.3986      1.2296      922.198      -2827.46      -1905.26      0.792442      196.836
874      41.446      1.23295      924.712      -2829.98      -1905.27      0.791491      196.825
875      41.4934      1.23648      927.359      -2832.63      -1905.27      0.790544      196.814
876      41.5408      1.24005      930.038      -2835.32      -1905.28      0.7896      196.804
877      41.5883      1.24355      932.66      -2837.94      -1905.29      0.78866      196.794
878      41.6357      1.24687      935.156      -2840.44      -1905.29      0.787723      196.784
879      41.6831      1.24998      937.484      -2842.77      -1905.29      0.78679      196.775
880      41.7305      1.25284      939.627      -2844.92      -1905.29      0.78586      196.766
881      41.7779      1.25545      941.591      -2846.88      -1905.29      0.784933      196.757
882      41.8254      1.25786      943.393      -2848.68      -1905.29      0.784011      196.749
883      41.8728      1.26007      945.056      -2850.34      -1905.28      0.783091      196.741
884      41.9202      1.26213      946.601      -2851.88      -1905.28      0.782175      196.734
885      41.9676      1.26405      948.039      -2853.32      -1905.28      0.781263      196.726
886      42.0151      1.26582      949.369      -2854.65      -1905.28      0.780353      196.719
887      42.0625      1.26744      950.576      -2855.86      -1905.28      0.779446      196.713
888      42.1099      1.26884      951.632      -2856.92      -1905.28      0.778543      196.706
889      42.1573      1.26999      952.495      -2857.78      -1905.29      0.777642      196.7
890      42.2047      1.27083      953.12      -2858.41      -1905.29      0.776744      196.694
891      42.2522      1.27129      953.466      -2858.76      -1905.29      0.775848      196.688
892      42.2996      1.27134      953.502      -2858.79      -1905.29      0.774955      196.682
893      42.347      1.27095      953.215      -2858.5      -1905.29      0.774064      196.676
894      42.3944      1.27014      952.608      -2857.9      -1905.29      0.773174      196.67
895      42.4418      1.26894      951.703      -2856.99      -1905.28      0.772287      196.664
896      42.4893      1.26738      950.539      -2855.82      -1905.28      0.771402      196.658
897      42.5367      1.26556      949.17      -2854.44      -1905.27      0.770519      196.652
898      42.5841      1.26356      947.667      -2852.94      -1905.27      0.769637      196.646
899      42.6315      1.26148      946.109      -2851.37      -1905.26      0.768757      196.64
900      42.6789      1.25944      944.582      -2849.84      -1905.26      0.767878      196.633
901      42.7264      1.25757      943.178      -2848.43      -1905.25      0.767001      196.627
902      42.7738      1.25598      941.981      -2847.23      -1905.25      0.766126      196.621
903      42.8212      1.25475      941.06      -2846.3      -1905.24      0.765253      196.614
904      42.8686      1.25396      940.472      -2845.71      -1905.24      0.764381      196.608
905      42.9161      1.25366      940.245      -2845.49      -1905.24      0.763511      196.601
906      42.9635      1.25384      940.381      -2845.62      -1905.24      0.762642      196.595
907      43.0109      1.25447      940.85      -2846.1      -1905.25      0.761776      196.588
908      43.0583      1.25547      941.603      -2846.85      -1905.25      0.760911      196.581
909      43.1057      1.25677      942.576      -2847.83      -1905.26      0.760048      196.575
910      43.1532      1.25826      943.695      -2848.96      -1905.26      0.759188      196.568
911      43.2006      1.25985      944.885      -2850.15      -1905.27      0.758329      196.562
912      43.248      1.26143      946.075      -2851.34      -1905.27      0.757472      196.555
913      43.2954      1.26293      947.198      -2852.47      -1905.27      0.756618      196.548
914      43.3428      1.26425      948.188      -2853.47      -1905.28      0.755765      196.542
915      43.3903      1.26532      948.987      -2854.27      -1905.28      0.754914      196.535
916      43.4377      1.26605      949.541      -2854.83      -1905.28      0.754065      196.529
917      43.4851      1.26641      949.81      -2855.1      -1905.29      0.753218      196.523
918      43.5325      1.26637      949.774      -2855.06      -1905.29      0.752373      196.516
919      43.5799      1.26591      949.432      -2854.72      -1905.28      0.751529      196.51
920      43.6274      1.26507      948.805      -2854.09      -1905.28      0.750688      196.503
921      43.6748      1.26392      947.936      -2853.22      -1905.28      0.749848      196.497
922      43.7222      1.26251      946.879      -2852.15      -1905.28      0.749011      196.49
923      43.7696      1.26092      945.693      -2850.96      -1905.27      0.748175      196.484
924      43.8171      1.25924      944.433      -2849.7      -1905.27      0.747341      196.478
925      43.8645      1.25752      943.142      -2848.41      -1905.27      0.746509      196.471
926      43.9119      1.2558      941.847      -2847.12      -1905.27      0.745679      196.465
927      43.9593      1.25408      940.557      -2845.83      -1905.27      0.744852      196.459
928      44.0067      1.25237      939.279      -2844.55      -1905.27      0.744027      196.453
929      44.0542      1.2507      938.022      -2843.29      -1905.27      0.743203      196.447
930      44.1016      1.24908      936.808      -2842.07      -1905.27      0.742383      196.441
931      44.149      1.24757      935.679      -2840.94      -1905.26      0.741564      196.436
932      44.1964      1.24627      934.706      -2839.96      -1905.26      0.740749      196.431
933      44.2438      1.24529      933.971      -2839.22      -1905.25      0.739935      196.425
934      44.2913      1.24476      933.573      -2838.82      -1905.24      0.739125      196.421
935      44.3387      1.24481      933.611      -2838.85      -1905.24      0.738317      196.416
936      44.3861      1.24556      934.166      -2839.4      -1905.24      0.737511      196.411
937      44.4335      1.24706      935.293      -2840.53      -1905.23      0.736709      196.407
938      44.4809      1.24934      937.005      -2842.24      -1905.24      0.735909      196.404
939      44.5284      1.25237      939.275      -2844.52      -1905.24      0.735112      196.4
940      44.5758      1.25606      942.042      -2847.29      -1905.25      0.734318      196.397
941      44.6232      1.26028      945.21      -2850.46      -1905.25      0.733527      196.394
942      44.6706      1.26489      948.668      -2853.93      -1905.26      0.732739      196.392
943      44.7181      1.26974      952.302      -2857.57      -1905.26      0.731954      196.389
944      44.7655      1.27467      956      -2861.27      -1905.27      0.731173      196.388
945      44.8129      1.27956      959.668      -2864.94      -1905.27      0.730394      196.386
946      44.8603      1.28429      963.22      -2868.5      -1905.28      0.729619      196.386
947      44.9077      1.28878      966.583      -2871.86      -1905.28      0.728847      196.385
948      44.9552      1.29292      969.686      -2874.97      -1905.29      0.728078      196.385
949      45.0026      1.29661      972.456      -2877.75      -1905.29      0.727313      196.386
950      45.05      1.29976      974.818      -2880.11      -1905.29      0.726552      196.387
951      45.0974      1.30227      976.703      -2882      -1905.3      0.725794      196.389
952      45.1448      1.30408      978.061      -2883.36      -1905.3      0.725039      196.391
953      45.1923      1.30515      978.864      -2884.16      -1905.3      0.724289      196.394
954      45.2397      1.30549      979.118      -2884.41      -1905.29      0.723543      196.397
955      45.2871      1.30515      978.866      -2884.15      -1905.29      0.7228      196.401
956      45.3345      1.30424      978.176      -2883.46      -1905.28      0.722061      196.406
957      45.3819      1.30285      977.136      -2882.41      -1905.27      0.721327      196.411
958      45.4294      1.30112      975.841      -2881.11      -1905.27      0.720596      196.417
959      45.4768      1.29917      974.379      -2879.64      -1905.26      0.71987      196.424
960      45.5242      1.2971      972.823      -2878.08      -1905.26      0.719148      196.432
961      45.5716      1.29497      971.227      -2876.49      -1905.26      0.718429      196.44
962      45.6191      1.29282      969.616      -2874.87      -1905.26      0.717715      196.449
963      45.6665      1.29066      967.992      -2873.25      -1905.26      0.717005      196.459
964      45.7139      1.28846      966.344      -2871.61      -1905.26      0.716299      196.469
965      45.7613      1.28619      964.64      -2869.91      -1905.27      0.715597      196.48
966      45.8087      1.2838      962.846      -2868.11      -1905.27      0.714899      196.492
967      45.8562      1.28124      960.933      -2866.2      -1905.27      0.714204      196.504
968      45.9036      1.27851      958.885      -2864.16      -1905.27      0.713513      196.517
969      45.951      1.2756      956.701      -2861.97      -1905.27      0.712826      196.53
970      45.9984      1.27254      954.404      -2859.67      -1905.27      0.712143      196.545
971      46.0458      1.26939      952.039      -2857.31      -1905.27      0.711462      196.559
972      46.0933      1.26623      949.67      -2854.93      -1905.26      0.710785      196.574
973      46.1407      1.26317      947.376      -2852.64      -1905.26      0.710111      196.59
974      46.1881      1.26033      945.244      -2850.5      -1905.25      0.709439      196.606
975      46.2355      1.25782      943.365      -2848.61      -1905.25      0.708771      196.622
976      46.2829      1.25577      941.827      -2847.07      -1905.24      0.708105      196.639
977      46.3304      1.25428      940.706      -2845.95      -1905.24      0.707441      196.656
978      46.3778      1.25342      940.063      -2845.3      -1905.24      0.706779      196.673
979      46.4252      1.25324      939.931      -2845.17      -1905.24      0.70612      196.691
980      46.4726      1.25376      940.317      -2845.56      -1905.24      0.705462      196.708
981      46.5201      1.25494      941.202      -2846.45      -1905.24      0.704806      196.726
982      46.5675      1.25673      942.545      -2847.79      -1905.25      0.704151      196.743
983      46.6149      1.25905      944.287      -2849.54      -1905.25      0.703497      196.761
984      46.6623      1.26182      946.364      -2851.62      -1905.25      0.702845      196.778
985      46.7097      1.26494      948.707      -2853.97      -1905.26      0.702194      196.796
986      46.7572      1.26832      951.243      -2856.5      -1905.26      0.701544      196.813
987      46.8046      1.27186      953.898      -2859.16      -1905.27      0.700894      196.83
988      46.852      1.27546      956.592      -2861.86      -1905.27      0.700245      196.847
989      46.8994      1.27899      959.239      -2864.51      -1905.27      0.699597      196.864
990      46.9468      1.28234      961.755      -2867.03      -1905.28      0.69895      196.881
991      46.9943      1.2854      964.053      -2869.34      -1905.28      0.698303      196.897
992      47.0417      1.28807      966.056      -2871.34      -1905.29      0.697656      196.914
993      47.0891      1.29027      967.701      -2872.99      -1905.29      0.69701      196.93
994      47.1365      1.29193      968.944      -2874.23      -1905.29      0.696365      196.945
995      47.1839      1.29301      969.757      -2875.05      -1905.29      0.69572      196.961
996      47.2314      1.29351      970.135      -2875.42      -1905.29      0.695076      196.976
997      47.2788      1.29345      970.089      -2875.37      -1905.29      0.694433      196.992
998      47.3262      1.29286      969.645      -2874.93      -1905.28      0.69379      197.007
999      47.3736      1.29179      968.844      -2874.12      -1905.28      0.693148      197.022
1000      47.4211      1.29032      967.743      -2873.02      -1905.27      0.692507      197.036
1000      47.4211      1.29032      967.743      -2873.02      -1905.27      0.692507      197.036
Execution time in seconds: 1.85967
