Timestep Time Temperature KineticEnergy PotentialEnergy TotalEnergy
1      0.1      2.41922      1814.41      -3715.98      -1901.56
2      0.2      2.36194      1771.45      -3673.11      -1901.66
3      0.3      2.26551      1699.13      -3600.93      -1901.8
4      0.4      2.12916      1596.87      -3498.78      -1901.91
5      0.5      1.95371      1465.28      -3367.13      -1901.84
6      0.6      1.74421      1308.16      -3209.58      -1901.42
7      0.7      1.51304      1134.78      -3035.32      -1900.54
8      0.8      1.28123      960.926      -2860.24      -1899.32
9      0.9      1.07507      806.303      -2704.51      -1898.21
10      1      0.917561      688.17      -2585.85      -1897.68
11      1.1      0.819959      614.97      -2512.82      -1897.85
12      1.2      0.779534      584.65      -2483.11      -1898.46
13      1.3      0.784046      588.034      -2487.2      -1899.16
14      1.4      0.818334      613.751      -2513.5      -1899.75
15      1.5      0.868896      651.672      -2551.83      -1900.16
16      1.6      0.925553      694.165      -2594.58      -1900.42
17      1.7      0.981247      735.935      -2636.52      -1900.58
18      1.8      1.03112      773.337      -2674.04      -1900.7
19      1.9      1.07174      803.808      -2704.59      -1900.78
20      2      1.10102      825.767      -2726.56      -1900.79
21      2.1      1.11847      838.851      -2739.57      -1900.72
22      2.2      1.12544      844.084      -2744.66      -1900.58
23      2.3      1.12476      843.57      -2743.99      -1900.43
24      2.4      1.11967      839.75      -2740.06      -1900.31
25      2.5      1.11291      834.679      -2734.92      -1900.24
26      2.6      1.10651      829.885      -2730.06      -1900.18
27      2.7      1.10238      826.786      -2726.87      -1900.09
28      2.8      1.1026      826.947      -2726.96      -1900.01
29      2.9      1.10865      831.491      -2731.52      -1900.03
30      3      1.12022      840.167      -2740.3      -1900.14
31      3.1      1.13521      851.408      -2751.66      -1900.25
32      3.2      1.15123      863.42      -2763.73      -1900.31
33      3.3      1.16673      875.049      -2775.37      -1900.32
34      3.4      1.1811      885.823      -2786.14      -1900.31
35      3.5      1.19409      895.565      -2795.88      -1900.31
36      3.6      1.20557      904.174      -2804.48      -1900.3
37      3.7      1.21565      911.736      -2812.01      -1900.27
38      3.8      1.22493      918.698      -2818.91      -1900.22
39      3.9      1.23442      925.813      -2825.97      -1900.16
40      4      1.24507      933.8      -2833.94      -1900.14
41      4.1      1.25714      942.855      -2843.04      -1900.19
42      4.2      1.26981      952.358      -2852.63      -1900.27
43      4.3      1.28139      961.039      -2861.41      -1900.37
44      4.4      1.29005      967.539      -2867.98      -1900.44
45      4.5      1.29465      970.986      -2871.44      -1900.46
46      4.6      1.29489      971.17      -2871.62      -1900.45
47      4.7      1.29114      968.357      -2868.79      -1900.43
48      4.8      1.28412      963.088      -2863.49      -1900.4
49      4.9      1.27495      956.216      -2856.55      -1900.34
50      5      1.2654      949.049      -2849.29      -1900.24
51      5.1      1.25767      943.253      -2843.4      -1900.15
52      5.2      1.25368      940.261      -2840.38      -1900.12
53      5.3      1.25414      940.606      -2840.74      -1900.14
54      5.4      1.25876      944.072      -2844.21      -1900.14
55      5.5      1.26725      950.434      -2850.55      -1900.11
56      5.6      1.27959      959.691      -2859.79      -1900.1
57      5.7      1.29542      971.563      -2871.71      -1900.15
58      5.8      1.3134      985.05      -2885.29      -1900.24
59      5.9      1.33147      998.6      -2898.92      -1900.32
60      6      1.34762      1010.71      -2911.08      -1900.37
61      6.1      1.3606      1020.45      -2920.83      -1900.38
62      6.2      1.36999      1027.49      -2927.86      -1900.37
63      6.3      1.37564      1031.73      -2932.12      -1900.39
64      6.4      1.37732      1032.99      -2933.39      -1900.4
65      6.5      1.3748      1031.1      -2931.49      -1900.39
66      6.6      1.36843      1026.32      -2926.65      -1900.33
67      6.7      1.35941      1019.56      -2919.8      -1900.24
68      6.8      1.34955      1012.16      -2912.33      -1900.17
69      6.9      1.34042      1005.32      -2905.45      -1900.13
70      7      1.33277      999.575      -2899.73      -1900.15
71      7.1      1.3264      994.798      -2894.99      -1900.19
72      7.2      1.32061      990.46      -2890.7      -1900.24
73      7.3      1.3146      985.947      -2886.23      -1900.28
74      7.4      1.30755      980.66      -2880.98      -1900.32
75      7.5      1.29879      974.095      -2874.44      -1900.35
76      7.6      1.2881      966.072      -2866.4      -1900.33
77      7.7      1.27609      957.065      -2857.32      -1900.26
78      7.8      1.2644      948.3      -2848.46      -1900.16
79      7.9      1.25501      941.26      -2841.37      -1900.11
80      8      1.24912      936.841      -2836.96      -1900.12
81      8.1      1.24673      935.046      -2835.2      -1900.15
82      8.2      1.24711      935.329      -2835.52      -1900.2
83      8.3      1.24925      936.939      -2837.18      -1900.24
84      8.4      1.25218      939.139      -2839.4      -1900.26
85      8.5      1.25519      941.395      -2841.65      -1900.26
86      8.6      1.25795      943.466      -2843.72      -1900.26
87      8.7      1.26025      945.188      -2845.46      -1900.27
88      8.8      1.26156      946.166      -2846.48      -1900.31
89      8.9      1.26099      945.741      -2846.09      -1900.35
90      9      1.25775      943.315      -2843.68      -1900.36
91      9.1      1.25167      938.754      -2839.09      -1900.33
92      9.2      1.24336      932.522      -2832.8      -1900.28
93      9.3      1.23403      925.524      -2825.73      -1900.21
94      9.4      1.22526      918.947      -2819.07      -1900.12
95      9.5      1.21892      914.187      -2814.22      -1900.03
96      9.6      1.21688      912.662      -2812.63      -1899.96
97      9.7      1.22059      915.44      -2815.38      -1899.94
98      9.8      1.23044      922.829      -2822.81      -1899.99
99      9.9      1.24551      934.133      -2834.22      -1900.09
100      10      1.26359      947.695      -2847.92      -1900.22
101      10.1      1.28177      961.331      -2861.68      -1900.35
102      10.2      1.29735      973.01      -2873.43      -1900.42
103      10.3      1.30853      981.4      -2881.84      -1900.44
104      10.4      1.3148      986.1      -2886.5      -1900.4
105      10.5      1.31674      987.558      -2887.88      -1900.32
106      10.6      1.31568      986.763      -2887.01      -1900.25
107      10.7      1.31301      984.759      -2884.97      -1900.21
108      10.8      1.30955      982.162      -2882.38      -1900.22
109      10.9      1.30532      978.991      -2879.24      -1900.25
110      11      1.29988      974.909      -2875.18      -1900.27
111      11.1      1.29282      969.612      -2869.89      -1900.28
112      11.2      1.28415      963.11      -2863.36      -1900.25
113      11.3      1.27441      955.805      -2856.02      -1900.21
114      11.4      1.26459      948.446      -2848.59      -1900.15
115      11.5      1.256      941.997      -2842.08      -1900.09
116      11.6      1.24988      937.407      -2837.45      -1900.05
117      11.7      1.24707      935.305      -2835.35      -1900.05
118      11.8      1.24768      935.761      -2835.85      -1900.09
119      11.9      1.25104      938.278      -2838.42      -1900.14
120      12      1.25612      942.093      -2842.28      -1900.19
121      12.1      1.2621      946.575      -2846.78      -1900.21
122      12.2      1.26853      951.401      -2851.61      -1900.21
123      12.3      1.2753      956.475      -2856.69      -1900.21
124      12.4      1.28238      961.787      -2862      -1900.21
125      12.5      1.28985      967.386      -2867.59      -1900.2
126      12.6      1.29779      973.342      -2873.55      -1900.2
127      12.7      1.30599      979.49      -2879.74      -1900.25
128      12.8      1.31353      985.148      -2885.47      -1900.32
129      12.9      1.31905      989.29      -2889.67      -1900.38
130      13      1.32165      991.24      -2891.61      -1900.37
131      13.1      1.32175      991.309      -2891.6      -1900.29
132      13.2      1.32066      990.496      -2890.76      -1900.26
133      13.3      1.31889      989.166      -2889.5      -1900.34
134      13.4      1.31519      986.392      -2886.83      -1900.44
135      13.5      1.30785      980.89      -2881.37      -1900.48
136      13.6      1.2963      972.225      -2872.65      -1900.43
137      13.7      1.28166      961.242      -2861.55      -1900.31
138      13.8      1.26657      949.926      -2850.07      -1900.15
139      13.9      1.25456      940.919      -2840.91      -1899.99
140      14      1.24895      936.711      -2836.61      -1899.9
141      14.1      1.25161      938.704      -2838.62      -1899.92
142      14.2      1.2623      946.726      -2846.74      -1900.01
143      14.3      1.27904      959.278      -2859.44      -1900.16
144      14.4      1.29872      974.043      -2874.37      -1900.32
145      14.5      1.31788      988.411      -2888.88      -1900.47
146      14.6      1.33346      1000.09      -2900.65      -1900.56
147      14.7      1.34358      1007.69      -2908.26      -1900.57
148      14.8      1.34805      1011.04      -2911.55      -1900.51
149      14.9      1.34825      1011.19      -2911.58      -1900.39
150      15      1.34656      1009.92      -2910.2      -1900.28
151      15.1      1.34521      1008.91      -2909.15      -1900.24
152      15.2      1.34502      1008.76      -2909.06      -1900.29
153      15.3      1.34509      1008.82      -2909.2      -1900.38
154      15.4      1.34368      1007.76      -2908.21      -1900.44
155      15.5      1.33926      1004.44      -2904.92      -1900.47
156      15.6      1.33094      998.203      -2898.67      -1900.47
157      15.7      1.31868      989.009      -2889.43      -1900.42
158      15.8      1.30345      977.588      -2877.91      -1900.32
159      15.9      1.28724      965.432      -2865.63      -1900.19
160      16      1.27259      954.44      -2854.52      -1900.08
161      16.1      1.26169      946.264      -2846.3      -1900.03
162      16.2      1.25568      941.758      -2841.8      -1900.05
163      16.3      1.25448      940.86      -2840.95      -1900.09
164      16.4      1.2572      942.9      -2843.05      -1900.15
165      16.5      1.26259      946.939      -2847.15      -1900.22
166      16.6      1.26919      951.89      -2852.18      -1900.29
167      16.7      1.27536      956.517      -2856.89      -1900.37
168      16.8      1.27946      959.597      -2860.02      -1900.42
169      16.9      1.28041      960.307      -2860.75      -1900.44
170      17      1.27801      958.506      -2858.92      -1900.41
171      17.1      1.27286      954.648      -2855.01      -1900.36
172      17.2      1.26607      949.553      -2849.86      -1900.3
173      17.3      1.259      944.25      -2844.48      -1900.23
174      17.4      1.25326      939.944      -2840.09      -1900.15
175      17.5      1.25052      937.89      -2837.97      -1900.08
176      17.6      1.25194      938.958      -2839.02      -1900.07
177      17.7      1.25762      943.215      -2843.32      -1900.11
178      17.8      1.26661      949.96      -2850.12      -1900.16
179      17.9      1.27756      958.171      -2858.38      -1900.21
180      18      1.28924      966.928      -2867.17      -1900.24
181      18.1      1.30076      975.572      -2875.83      -1900.25
182      18.2      1.31156      983.673      -2883.94      -1900.27
183      18.3      1.32121      990.908      -2891.19      -1900.28
184      18.4      1.32931      996.979      -2897.28      -1900.3
185      18.5      1.33533      1001.5      -2901.84      -1900.34
186      18.6      1.33846      1003.84      -2904.24      -1900.4
187      18.7      1.33769      1003.27      -2903.7      -1900.44
188      18.8      1.33252      999.387      -2899.8      -1900.41
189      18.9      1.32358      992.689      -2893.01      -1900.32
190      19      1.31283      984.62      -2884.82      -1900.2
191      19.1      1.30278      977.083      -2877.18      -1900.1
192      19.2      1.29562      971.715      -2871.77      -1900.05
193      19.3      1.2924      969.303      -2869.38      -1900.08
194      19.4      1.29262      969.463      -2869.64      -1900.17
195      19.5      1.29424      970.677      -2870.99      -1900.32
196      19.6      1.29435      970.761      -2871.21      -1900.45
197      19.7      1.29022      967.666      -2868.19      -1900.52
198      19.8      1.28028      960.21      -2860.73      -1900.52
199      19.9      1.26465      948.485      -2848.92      -1900.43
200      20      1.24516      933.87      -2834.15      -1900.28
201      20.1      1.225      918.751      -2818.85      -1900.1
202      20.2      1.20801      906.008      -2805.94      -1899.93
203      20.3      1.19768      898.26      -2798.09      -1899.83
204      20.4      1.19609      897.064      -2796.9      -1899.84
205      20.5      1.20323      902.422      -2802.36      -1899.94
206      20.6      1.21713      912.845      -2812.94      -1900.1
207      20.7      1.23465      925.991      -2826.23      -1900.24
208      20.8      1.25275      939.565      -2839.9      -1900.33
209      20.9      1.2694      952.053      -2852.4      -1900.34
210      21      1.28391      962.936      -2863.25      -1900.32
211      21.1      1.29648      972.36      -2872.64      -1900.29
212      21.2      1.30751      980.631      -2880.9      -1900.27
213      21.3      1.31725      987.935      -2888.19      -1900.26
214      21.4      1.3257      994.275      -2894.54      -1900.27
215      21.5      1.33257      999.424      -2899.72      -1900.3
216      21.6      1.33725      1002.93      -2903.27      -1900.34
217      21.7      1.33906      1004.29      -2904.66      -1900.37
218      21.8      1.33753      1003.14      -2903.52      -1900.38
219      21.9      1.3326      999.45      -2899.82      -1900.37
220      22      1.32463      993.469      -2893.81      -1900.34
221      22.1      1.31422      985.663      -2885.98      -1900.32
222      22.2      1.30213      976.599      -2876.89      -1900.29
223      22.3      1.28918      966.882      -2867.15      -1900.26
224      22.4      1.27624      957.179      -2857.4      -1900.22
225      22.5      1.26452      948.389      -2848.54      -1900.15
226      22.6      1.25575      941.815      -2841.87      -1900.05
227      22.7      1.25208      939.058      -2839.03      -1899.97
228      22.8      1.25509      941.32      -2841.3      -1899.98
229      22.9      1.26461      948.46      -2848.55      -1900.09
230      23      1.27841      958.81      -2859.05      -1900.24
231      23.1      1.29338      970.033      -2870.4      -1900.36
232      23.2      1.30681      980.109      -2880.55      -1900.44
233      23.3      1.31698      987.732      -2888.2      -1900.46
234      23.4      1.32306      992.297      -2892.76      -1900.46
235      23.5      1.32502      993.765      -2894.2      -1900.44
236      23.6      1.32328      992.463      -2892.86      -1900.4
237      23.7      1.3185      988.878      -2889.24      -1900.36
238      23.8      1.31145      983.584      -2883.9      -1900.32
239      23.9      1.30312      977.34      -2877.59      -1900.25
240      24      1.2949      971.177      -2871.34      -1900.17
241      24.1      1.28829      966.218      -2866.33      -1900.11
242      24.2      1.28434      963.256      -2863.36      -1900.1
243      24.3      1.28314      962.354      -2862.51      -1900.15
244      24.4      1.28366      962.747      -2862.99      -1900.24
245      24.5      1.28414      963.102      -2863.44      -1900.33
246      24.6      1.28258      961.932      -2862.34      -1900.41
247      24.7      1.27746      958.096      -2858.53      -1900.44
248      24.8      1.2683      951.225      -2851.62      -1900.4
249      24.9      1.2559      941.922      -2842.23      -1900.31
250      25      1.24206      931.543      -2831.75      -1900.21
251      25.1      1.22884      921.632      -2821.77      -1900.13
252      25.2      1.21783      913.372      -2813.47      -1900.1
253      25.3      1.20982      907.362      -2807.46      -1900.1
254      25.4      1.20502      903.768      -2803.87      -1900.1
255      25.5      1.20346      902.598      -2802.69      -1900.09
256      25.6      1.20519      903.896      -2803.97      -1900.08
257      25.7      1.21039      907.79      -2807.85      -1900.06
258      25.8      1.21919      914.39      -2814.45      -1900.06
259      25.9      1.23138      923.538      -2823.63      -1900.09
260      26      1.24605      934.534      -2834.7      -1900.17
261      26.1      1.26144      946.077      -2846.34      -1900.27
262      26.2      1.27539      956.54      -2856.89      -1900.35
263      26.3      1.286      964.497      -2864.9      -1900.4
264      26.4      1.2923      969.221      -2869.6      -1900.38
265      26.5      1.2946      970.953      -2871.26      -1900.31
266      26.6      1.29441      970.811      -2871.02      -1900.21
267      26.7      1.29354      970.155      -2870.32      -1900.17
268      26.8      1.29283      969.623      -2869.84      -1900.22
269      26.9      1.29153      968.65      -2868.95      -1900.3
270      27      1.2881      966.078      -2866.43      -1900.36
271      27.1      1.28161      961.208      -2861.54      -1900.34
272      27.2      1.27243      954.324      -2854.59      -1900.26
273      27.3      1.26197      946.476      -2846.66      -1900.18
274      27.4      1.25188      938.911      -2839.03      -1900.12
275      27.5      1.24343      932.57      -2832.67      -1900.1
276      27.6      1.23719      927.892      -2827.99      -1900.09
277      27.7      1.23328      924.963      -2825.06      -1900.09
278      27.8      1.23167      923.75      -2823.84      -1900.09
279      27.9      1.23218      924.133      -2824.25      -1900.11
280      28      1.2343      925.726      -2825.88      -1900.16
281      28.1      1.23704      927.778      -2828      -1900.22
282      28.2      1.23916      929.371      -2829.64      -1900.27
283      28.3      1.23969      929.767      -2830.06      -1900.29
284      28.4      1.23824      928.681      -2828.95      -1900.27
285      28.5      1.23526      926.442      -2826.66      -1900.22
286      28.6      1.23203      924.021      -2824.15      -1900.13
287      28.7      1.23051      922.883      -2822.92      -1900.04
288      28.8      1.23266      924.499      -2824.49      -1899.99
289      28.9      1.23953      929.65      -2829.66      -1900.01
290      29      1.25072      938.043      -2838.13      -1900.09
291      29.1      1.26478      948.583      -2848.75      -1900.17
292      29.2      1.27993      959.949      -2860.18      -1900.23
293      29.3      1.29458      970.932      -2871.21      -1900.28
294      29.4      1.30731      980.48      -2880.81      -1900.33
295      29.5      1.3169      987.674      -2888.05      -1900.37
296      29.6      1.32237      991.78      -2892.18      -1900.4
297      29.7      1.32324      992.429      -2892.82      -1900.39
298      29.8      1.3198      989.852      -2890.19      -1900.34
299      29.9      1.31335      985.011      -2885.26      -1900.25
300      30      1.30598      979.488      -2879.63      -1900.14
301      30.1      1.3001      975.073      -2875.12      -1900.05
302      30.2      1.29761      973.206      -2873.22      -1900.02
303      30.3      1.29939      974.541      -2874.58      -1900.04
304      30.4      1.30495      978.709      -2878.83      -1900.12
305      30.5      1.31257      984.425      -2884.66      -1900.23
306      30.6      1.32009      990.07      -2890.37      -1900.3
307      30.7      1.32596      994.472      -2894.78      -1900.31
308      30.8      1.32972      997.29      -2897.57      -1900.28
309      30.9      1.33176      998.818      -2899.06      -1900.24
310      31      1.33262      999.464      -2899.7      -1900.24
311      31.1      1.3325      999.378      -2899.62      -1900.24
312      31.2      1.33136      998.517      -2898.75      -1900.24
313      31.3      1.32944      997.078      -2897.27      -1900.19
314      31.4      1.32767      995.754      -2895.87      -1900.12
315      31.5      1.32733      995.497      -2895.56      -1900.07
316      31.6      1.32923      996.919      -2896.99      -1900.07
317      31.7      1.33314      999.853      -2899.98      -1900.13
318      31.8      1.33776      1003.32      -2903.55      -1900.23
319      31.9      1.34108      1005.81      -2906.16      -1900.35
320      32      1.34081      1005.6      -2906.06      -1900.45
321      32.1      1.33495      1001.22      -2901.73      -1900.51
322      32.2      1.32252      991.887      -2892.39      -1900.5
323      32.3      1.30403      978.025      -2878.43      -1900.41
324      32.4      1.28175      961.313      -2861.56      -1900.25
325      32.5      1.25916      944.373      -2844.45      -1900.08
326      32.6      1.23997      929.98      -2829.93      -1899.95
327      32.7      1.22692      920.187      -2820.1      -1899.92
328      32.8      1.22102      915.765      -2815.73      -1899.96
329      32.9      1.22158      916.186      -2816.25      -1900.06
330      33      1.22671      920.035      -2820.21      -1900.17
331      33.1      1.23415      925.616      -2825.88      -1900.26
332      33.2      1.24194      931.456      -2831.78      -1900.33
333      33.3      1.24868      936.507      -2836.87      -1900.36
334      33.4      1.25339      940.039      -2840.43      -1900.4
335      33.5      1.25526      941.443      -2841.87      -1900.43
336      33.6      1.2537      940.277      -2840.7      -1900.43
337      33.7      1.24893      936.698      -2837.05      -1900.36
338      33.8      1.24233      931.751      -2832      -1900.25
339      33.9      1.23586      926.896      -2827.08      -1900.19
340      34      1.2309      923.175      -2823.34      -1900.17
341      34.1      1.228      921.002      -2821.16      -1900.15
342      34.2      1.22752      920.638      -2820.76      -1900.12
343      34.3      1.23002      922.514      -2822.6      -1900.08
344      34.4      1.23604      927.027      -2827.11      -1900.08
345      34.5      1.24548      934.108      -2834.23      -1900.12
346      34.6      1.25732      942.994      -2843.2      -1900.2
347      34.7      1.2698      952.348      -2852.64      -1900.29
348      34.8      1.28088      960.66      -2861.03      -1900.37
349      34.9      1.2889      966.679      -2867.08      -1900.4
350      35      1.29303      969.771      -2870.16      -1900.39
351      35.1      1.2935      970.126      -2870.45      -1900.32
352      35.2      1.2915      968.627      -2868.87      -1900.24
353      35.3      1.28852      966.387      -2866.58      -1900.2
354      35.4      1.28555      964.16      -2864.36      -1900.2
355      35.5      1.28271      962.031      -2862.27      -1900.24
356      35.6      1.27949      959.617      -2859.89      -1900.28
357      35.7      1.27553      956.644      -2856.91      -1900.26
358      35.8      1.27128      953.458      -2853.66      -1900.2
359      35.9      1.26806      951.046      -2851.17      -1900.13
360      36      1.26732      950.49      -2850.58      -1900.09
361      36.1      1.26971      952.283      -2852.39      -1900.11
362      36.2      1.27483      956.123      -2856.28      -1900.15
363      36.3      1.28163      961.226      -2861.43      -1900.2
364      36.4      1.28895      966.709      -2866.95      -1900.24
365      36.5      1.29561      971.71      -2872      -1900.29
366      36.6      1.30054      975.404      -2875.74      -1900.33
367      36.7      1.3029      977.172      -2877.52      -1900.34
368      36.8      1.30248      976.862      -2877.18      -1900.32
369      36.9      1.29983      974.876      -2875.15      -1900.27
370      37      1.29591      971.93      -2872.17      -1900.24
371      37.1      1.29153      968.647      -2868.87      -1900.23
372      37.2      1.28717      965.379      -2865.6      -1900.22
373      37.3      1.28313      962.347      -2862.56      -1900.21
374      37.4      1.27976      959.822      -2860.02      -1900.2
375      37.5      1.2775      958.126      -2858.3      -1900.18
376      37.6      1.2768      957.602      -2857.75      -1900.15
377      37.7      1.27822      958.668      -2858.79      -1900.12
378      37.8      1.28242      961.815      -2861.91      -1900.09
379      37.9      1.28983      967.375      -2867.47      -1900.1
380      38      1.30019      975.14      -2875.3      -1900.16
381      38.1      1.31226      984.198      -2884.44      -1900.24
382      38.2      1.32435      993.26      -2893.57      -1900.31
383      38.3      1.33482      1001.11      -2901.48      -1900.37
384      38.4      1.34237      1006.78      -2907.2      -1900.42
385      38.5      1.34597      1009.47      -2909.93      -1900.45
386      38.6      1.34498      1008.73      -2909.19      -1900.46
387      38.7      1.33935      1004.51      -2904.96      -1900.45
388      38.8      1.32942      997.068      -2897.5      -1900.44
389      38.9      1.31576      986.818      -2887.21      -1900.39
390      39      1.29953      974.648      -2874.93      -1900.28
391      39.1      1.2831      962.324      -2862.44      -1900.12
392      39.2      1.26967      952.253      -2852.23      -1899.98
393      39.3      1.26193      946.451      -2846.39      -1899.94
394      39.4      1.26068      945.511      -2845.52      -1900.01
395      39.5      1.26449      948.368      -2848.51      -1900.14
396      39.6      1.27053      952.894      -2853.18      -1900.28
397      39.7      1.27585      956.884      -2857.25      -1900.37
398      39.8      1.27853      958.895      -2859.27      -1900.37
399      39.9      1.27819      958.645      -2858.96      -1900.31
400      40      1.27579      956.844      -2857.07      -1900.23
401      40.1      1.2728      954.597      -2854.77      -1900.17
402      40.2      1.2703      952.726      -2852.89      -1900.16
403      40.3      1.26846      951.342      -2851.54      -1900.2
404      40.4      1.26654      949.904      -2850.16      -1900.26
405      40.5      1.26349      947.617      -2847.92      -1900.3
406      40.6      1.25851      943.879      -2844.2      -1900.32
407      40.7      1.25142      938.563      -2838.86      -1900.3
408      40.8      1.24283      932.119      -2832.37      -1900.25
409      40.9      1.234      925.499      -2825.67      -1900.17
410      41      1.22663      919.971      -2820.07      -1900.1
411      41.1      1.2224      916.799      -2816.85      -1900.05
412      41.2      1.22241      916.807      -2816.86      -1900.05
413      41.3      1.22675      920.065      -2820.17      -1900.11
414      41.4      1.23448      925.859      -2826.05      -1900.19
415      41.5      1.24399      932.996      -2833.27      -1900.27
416      41.6      1.25369      940.267      -2840.59      -1900.32
417      41.7      1.26241      946.809      -2847.15      -1900.34
418      41.8      1.26963      952.223      -2852.56      -1900.34
419      41.9      1.27529      956.467      -2856.79      -1900.32
420      42      1.27956      959.67      -2859.98      -1900.31
421      42.1      1.28254      961.905      -2862.22      -1900.31
422      42.2      1.28401      963.009      -2863.34      -1900.33
423      42.3      1.28342      962.566      -2862.92      -1900.36
424      42.4      1.28025      960.189      -2860.54      -1900.35
425      42.5      1.27464      955.977      -2856.27      -1900.29
426      42.6      1.26768      950.761      -2850.95      -1900.19
427      42.7      1.26123      945.92      -2846.02      -1900.1
428      42.8      1.25711      942.83      -2842.87      -1900.04
429      42.9      1.25635      942.264      -2842.31      -1900.05
430      43      1.25875      944.065      -2844.19      -1900.12
431      43.1      1.26297      947.23      -2847.45      -1900.22
432      43.2      1.26715      950.361      -2850.65      -1900.29
433      43.3      1.26969      952.266      -2852.59      -1900.33
434      43.4      1.26982      952.362      -2852.68      -1900.32
435      43.5      1.26759      950.693      -2850.98      -1900.29
436      43.6      1.26359      947.69      -2847.95      -1900.26
437      43.7      1.25848      943.859      -2844.1      -1900.24
438      43.8      1.25275      939.559      -2839.8      -1900.24
439      43.9      1.24663      934.975      -2835.22      -1900.24
440      44      1.24044      930.328      -2830.54      -1900.21
441      44.1      1.23496      926.218      -2826.36      -1900.14
442      44.2      1.23174      923.802      -2823.85      -1900.04
443      44.3      1.23268      924.508      -2824.47      -1899.97
444      44.4      1.23922      929.412      -2829.35      -1899.94
445      44.5      1.25163      938.72      -2838.71      -1899.99
446      44.6      1.26876      951.568      -2851.66      -1900.09
447      44.7      1.28815      966.116      -2866.36      -1900.25
448      44.8      1.30653      979.896      -2880.3      -1900.4
449      44.9      1.3206      990.451      -2890.96      -1900.51
450      45      1.32809      996.07      -2896.61      -1900.54
451      45.1      1.32831      996.23      -2896.72      -1900.49
452      45.2      1.32217      991.627      -2892.01      -1900.38
453      45.3      1.31196      983.971      -2884.2      -1900.23
454      45.4      1.30061      975.461      -2875.57      -1900.11
455      45.5      1.29062      967.963      -2868.02      -1900.06
456      45.6      1.28311      962.33      -2862.41      -1900.08
457      45.7      1.27778      958.331      -2858.49      -1900.15
458      45.8      1.27352      955.143      -2855.36      -1900.22
459      45.9      1.26936      952.016      -2852.26      -1900.24
460      46      1.26503      948.77      -2848.98      -1900.21
461      46.1      1.26119      945.893      -2846.05      -1900.16
462      46.2      1.25904      944.28      -2844.38      -1900.1
463      46.3      1.2597      944.774      -2844.85      -1900.07
464      46.4      1.26363      947.719      -2847.81      -1900.09
465      46.5      1.27029      952.715      -2852.87      -1900.15
466      46.6      1.27828      958.709      -2858.94      -1900.23
467      46.7      1.28585      964.39      -2864.68      -1900.29
468      46.8      1.29163      968.721      -2869.03      -1900.31
469      46.9      1.29509      971.318      -2871.6      -1900.28
470      47      1.29654      972.405      -2872.65      -1900.25
471      47.1      1.29658      972.438      -2872.66      -1900.23
472      47.2      1.29565      971.74      -2871.96      -1900.22
473      47.3      1.29392      970.442      -2870.66      -1900.22
474      47.4      1.29154      968.659      -2868.87      -1900.21
475      47.5      1.28875      966.561      -2866.76      -1900.2
476      47.6      1.28571      964.286      -2864.49      -1900.2
477      47.7      1.28256      961.92      -2862.11      -1900.19
478      47.8      1.2796      959.704      -2859.86      -1900.16
479      47.9      1.27754      958.157      -2858.28      -1900.12
480      48      1.27709      957.814      -2857.93      -1900.11
481      48.1      1.27825      958.689      -2858.84      -1900.15
482      48.2      1.28016      960.121      -2860.33      -1900.21
483      48.3      1.28165      961.237      -2861.48      -1900.24
484      48.4      1.28187      961.405      -2861.66      -1900.25
485      48.5      1.28046      960.342      -2860.59      -1900.25
486      48.6      1.2774      958.053      -2858.29      -1900.24
487      48.7      1.27304      954.778      -2854.99      -1900.21
488      48.8      1.26794      950.952      -2851.14      -1900.19
489      48.9      1.26281      947.108      -2847.27      -1900.16
490      49      1.25831      943.729      -2843.88      -1900.15
491      49.1      1.25483      941.126      -2841.29      -1900.16
492      49.2      1.25258      939.433      -2839.6      -1900.17
493      49.3      1.25162      938.712      -2838.89      -1900.17
494      49.4      1.25197      938.976      -2839.17      -1900.2
495      49.5      1.25333      939.996      -2840.24      -1900.25
496      49.6      1.25491      941.185      -2841.48      -1900.3
497      49.7      1.25581      941.856      -2842.18      -1900.33
498      49.8      1.2556      941.699      -2842.01      -1900.31
499      49.9      1.25461      940.954      -2841.23      -1900.27
500      50      1.25355      940.159      -2840.4      -1900.25
501      50.1      1.25299      939.742      -2839.98      -1900.24
502      50.2      1.25305      939.789      -2840.05      -1900.26
503      50.3      1.25345      940.084      -2840.37      -1900.29
504      50.4      1.25375      940.312      -2840.61      -1900.3
505      50.5      1.25372      940.288      -2840.58      -1900.3
506      50.6      1.25354      940.156      -2840.41      -1900.26
507      50.7      1.25394      940.451      -2840.65      -1900.2
508      50.8      1.2559      941.923      -2842.08      -1900.16
509      50.9      1.26006      945.045      -2845.22      -1900.18
510      51      1.26602      949.514      -2849.77      -1900.25
511      51.1      1.27217      954.124      -2854.49      -1900.37
512      51.2      1.27623      957.172      -2857.64      -1900.47
513      51.3      1.27628      957.212      -2857.72      -1900.5
514      51.4      1.27172      953.791      -2854.24      -1900.44
515      51.5      1.26374      947.807      -2848.12      -1900.31
516      51.6      1.25497      941.225      -2841.39      -1900.16
517      51.7      1.24829      936.22      -2836.29      -1900.07
518      51.8      1.24571      934.281      -2834.32      -1900.04
519      51.9      1.24789      935.92      -2835.97      -1900.05
520      52      1.25458      940.934      -2841.01      -1900.07
521      52.1      1.26496      948.723      -2848.84      -1900.11
522      52.2      1.27795      958.463      -2858.63      -1900.16
523      52.3      1.29225      969.189      -2869.41      -1900.22
524      52.4      1.30656      979.92      -2880.19      -1900.27
525      52.5      1.31974      989.804      -2890.11      -1900.3
526      52.6      1.33094      998.205      -2898.54      -1900.33
527      52.7      1.33956      1004.67      -2905.02      -1900.35
528      52.8      1.34537      1009.03      -2909.36      -1900.33
529      52.9      1.349      1011.75      -2911.99      -1900.25
530      53      1.35204      1014.03      -2914.19      -1900.16
531      53.1      1.35601      1017.01      -2917.17      -1900.16
532      53.2      1.3607      1020.52      -2920.79      -1900.26
533      53.3      1.3642      1023.15      -2923.51      -1900.37
534      53.4      1.36442      1023.32      -2923.73      -1900.41
535      53.5      1.36028      1020.21      -2920.61      -1900.4
536      53.6      1.35177      1013.83      -2914.19      -1900.36
537      53.7      1.33969      1004.77      -2905.08      -1900.3
538      53.8      1.32534      994.003      -2894.24      -1900.23
539      53.9      1.31029      982.715      -2882.88      -1900.16
540      54      1.29607      972.051      -2872.17      -1900.12
541      54.1      1.28371      962.781      -2862.89      -1900.11
542      54.2      1.27341      955.058      -2855.21      -1900.15
543      54.3      1.26459      948.444      -2848.65      -1900.21
544      54.4      1.25627      942.206      -2842.46      -1900.26
545      54.5      1.2477      935.778      -2836.05      -1900.27
546      54.6      1.23878      929.088      -2829.33      -1900.24
547      54.7      1.23016      922.62      -2822.8      -1900.18
548      54.8      1.22295      917.21      -2817.34      -1900.13
549      54.9      1.21827      913.699      -2813.79      -1900.09
550      55      1.2168      912.6      -2812.7      -1900.1
551      55.1      1.21852      913.889      -2814.02      -1900.13
552      55.2      1.2227      917.028      -2817.22      -1900.19
553      55.3      1.22814      921.107      -2821.37      -1900.26
554      55.4      1.23345      925.086      -2825.4      -1900.32
555      55.5      1.23747      928.101      -2828.45      -1900.34
556      55.6      1.23968      929.758      -2830.08      -1900.32
557      55.7      1.2405      930.378      -2830.63      -1900.25
558      55.8      1.24126      930.946      -2831.1      -1900.16
559      55.9      1.24355      932.661      -2832.76      -1900.1
560      56      1.24841      936.31      -2836.4      -1900.09
561      56.1      1.25577      941.824      -2841.98      -1900.16
562      56.2      1.26433      948.244      -2848.5      -1900.26
563      56.3      1.27207      954.053      -2854.41      -1900.36
564      56.4      1.27697      957.726      -2858.15      -1900.43
565      56.5      1.2777      958.277      -2858.71      -1900.44
566      56.6      1.27413      955.595      -2855.98      -1900.39
567      56.7      1.26733      950.498      -2850.79      -1900.29
568      56.8      1.25945      944.586      -2844.75      -1900.16
569      56.9      1.25318      939.885      -2839.92      -1900.04
570      57      1.25092      938.192      -2838.18      -1899.99
571      57.1      1.25364      940.232      -2840.27      -1900.04
572      57.2      1.26043      945.325      -2845.46      -1900.13
573      57.3      1.2694      952.049      -2852.26      -1900.21
574      57.4      1.27891      959.186      -2859.42      -1900.23
575      57.5      1.28821      966.154      -2866.38      -1900.22
576      57.6      1.29707      972.799      -2873.02      -1900.22
577      57.7      1.30531      978.985      -2879.22      -1900.23
578      57.8      1.31249      984.365      -2884.63      -1900.26
579      57.9      1.31798      988.482      -2888.76      -1900.28
580      58      1.32138      991.036      -2891.31      -1900.28
581      58.1      1.32276      992.068      -2892.32      -1900.26
582      58.2      1.32251      991.883      -2892.12      -1900.24
583      58.3      1.32096      990.721      -2890.98      -1900.26
584      58.4      1.31782      988.365      -2888.68      -1900.32
585      58.5      1.31212      984.088      -2884.47      -1900.39
586      58.6      1.30288      977.157      -2877.56      -1900.4
587      58.7      1.29009      967.565      -2867.9      -1900.34
588      58.8      1.27525      956.441      -2856.65      -1900.21
589      58.9      1.26106      945.796      -2845.88      -1900.08
590      59      1.25026      937.695      -2837.71      -1900.01
591      59.1      1.24448      933.36      -2833.38      -1900.02
592      59.2      1.24384      932.883      -2832.95      -1900.06
593      59.3      1.24755      935.662      -2835.76      -1900.1
594      59.4      1.25463      940.976      -2841.11      -1900.13
595      59.5      1.26425      948.187      -2848.35      -1900.16
596      59.6      1.27544      956.579      -2856.79      -1900.21
597      59.7      1.28697      965.229      -2865.49      -1900.26
598      59.8      1.29746      973.096      -2873.41      -1900.32
599      59.9      1.30562      979.215      -2879.57      -1900.36
600      60      1.31043      982.825      -2883.21      -1900.39
601      60.1      1.31121      983.404      -2883.81      -1900.41
602      60.2      1.3076      980.699      -2881.11      -1900.41
603      60.3      1.29978      974.837      -2875.21      -1900.38
604      60.4      1.28862      966.463      -2866.77      -1900.31
605      60.5      1.27575      956.815      -2857.03      -1900.22
606      60.6      1.26337      947.529      -2847.65      -1900.12
607      60.7      1.25356      940.167      -2840.24      -1900.07
608      60.8      1.24755      935.66      -2835.74      -1900.08
609      60.9      1.24539      934.041      -2834.17      -1900.13
610      61      1.24621      934.655      -2834.84      -1900.19
611      61.1      1.24888      936.663      -2836.88      -1900.22
612      61.2      1.25264      939.479      -2839.7      -1900.22
613      61.3      1.25719      942.894      -2843.09      -1900.2
614      61.4      1.26255      946.911      -2847.1      -1900.19
615      61.5      1.26862      951.468      -2851.66      -1900.19
616      61.6      1.27509      956.318      -2856.52      -1900.21
617      61.7      1.28152      961.143      -2861.35      -1900.21
618      61.8      1.28766      965.748      -2865.95      -1900.2
619      61.9      1.29357      970.174      -2870.35      -1900.18
620      62      1.29945      974.59      -2874.76      -1900.17
621      62.1      1.30539      979.041      -2879.23      -1900.19
622      62.2      1.31106      983.293      -2883.52      -1900.22
623      62.3      1.31588      986.91      -2887.17      -1900.26
624      62.4      1.3193      989.478      -2889.75      -1900.27
625      62.5      1.32109      990.815      -2891.09      -1900.27
626      62.6      1.32135      991.009      -2891.27      -1900.26
627      62.7      1.32044      990.329      -2890.58      -1900.25
628      62.8      1.31877      989.076      -2889.33      -1900.25
629      62.9      1.3166      987.451      -2887.71      -1900.26
630      63      1.31397      985.478      -2885.76      -1900.28
631      63.1      1.31064      982.977      -2883.28      -1900.3
632      63.2      1.30632      979.739      -2880.05      -1900.31
633      63.3      1.30111      975.831      -2876.11      -1900.28
634      63.4      1.29564      971.73      -2871.96      -1900.23
635      63.5      1.29083      968.125      -2868.32      -1900.19
636      63.6      1.28741      965.555      -2865.73      -1900.17
637      63.7      1.28565      964.241      -2864.41      -1900.17
638      63.8      1.28551      964.134      -2864.31      -1900.18
639      63.9      1.28664      964.978      -2865.17      -1900.19
640      64      1.2884      966.301      -2866.53      -1900.23
641      64.1      1.28988      967.411      -2867.69      -1900.28
642      64.2      1.29002      967.517      -2867.84      -1900.32
643      64.3      1.28787      965.9      -2866.26      -1900.36
644      64.4      1.2828      962.101      -2862.47      -1900.37
645      64.5      1.2747      956.027      -2856.39      -1900.36
646      64.6      1.26397      947.976      -2848.31      -1900.34
647      64.7      1.25149      938.62      -2838.91      -1900.29
648      64.8      1.2386      928.95      -2829.18      -1900.23
649      64.9      1.22693      920.195      -2820.36      -1900.17
650      65      1.21826      913.695      -2813.79      -1900.1
651      65.1      1.21427      910.703      -2810.75      -1900.05
652      65.2      1.21599      911.991      -2812.05      -1900.06
653      65.3      1.22302      917.265      -2817.43      -1900.16
654      65.4      1.23326      924.943      -2825.25      -1900.3
655      65.5      1.24376      932.819      -2833.23      -1900.41
656      65.6      1.25222      939.165      -2839.59      -1900.43
657      65.7      1.25791      943.435      -2843.81      -1900.38
658      65.8      1.2616      946.197      -2846.49      -1900.29
659      65.9      1.26477      948.575      -2848.79      -1900.21
660      66      1.26889      951.667      -2851.83      -1900.16
661      66.1      1.27492      956.189      -2856.34      -1900.15
662      66.2      1.28308      962.31      -2862.49      -1900.18
663      66.3      1.29273      969.548      -2869.79      -1900.24
664      66.4      1.30245      976.834      -2877.16      -1900.33
665      66.5      1.31054      982.904      -2883.29      -1900.38
666      66.6      1.31577      986.83      -2887.22      -1900.39
667      66.7      1.31773      988.295      -2888.67      -1900.37
668      66.8      1.31657      987.427      -2887.78      -1900.35
669      66.9      1.31257      984.428      -2884.78      -1900.35
670      67      1.30584      979.377      -2879.72      -1900.35
671      67.1      1.29649      972.365      -2872.69      -1900.33
672      67.2      1.28502      963.763      -2864.04      -1900.28
673      67.3      1.27249      954.364      -2854.57      -1900.21
674      67.4      1.26041      945.311      -2845.43      -1900.12
675      67.5      1.25052      937.892      -2837.94      -1900.04
676      67.6      1.24448      933.358      -2833.34      -1899.98
677      67.7      1.24359      932.692      -2832.64      -1899.95
678      67.8      1.24845      936.337      -2836.31      -1899.97
679      67.9      1.25863      943.971      -2844.01      -1900.04
680      68      1.27266      954.498      -2854.65      -1900.15
681      68.1      1.28844      966.333      -2866.58      -1900.25
682      68.2      1.30381      977.854      -2878.18      -1900.33
683      68.3      1.31705      987.786      -2888.16      -1900.37
684      68.4      1.32716      995.371      -2895.75      -1900.38
685      68.5      1.3338      1000.35      -2900.72      -1900.37
686      68.6      1.3371      1002.82      -2903.17      -1900.34
687      68.7      1.3374      1003.05      -2903.37      -1900.32
688      68.8      1.33508      1001.31      -2901.61      -1900.3
689      68.9      1.33046      997.847      -2898.14      -1900.29
690      69      1.3239      992.924      -2893.2      -1900.27
691      69.1      1.31584      986.878      -2887.13      -1900.25
692      69.2      1.30685      980.136      -2880.36      -1900.23
693      69.3      1.29762      973.214      -2873.41      -1900.2
694      69.4      1.28891      966.684      -2866.86      -1900.17
695      69.5      1.28146      961.095      -2861.25      -1900.15
696      69.6      1.27588      956.907      -2857.04      -1900.14
697      69.7      1.27261      954.458      -2854.59      -1900.13
698      69.8      1.27189      953.921      -2854.05      -1900.13
699      69.9      1.2736      955.199      -2855.35      -1900.15
700      70      1.27718      957.882      -2858.07      -1900.19
701      70.1      1.28184      961.384      -2861.6      -1900.22
702      70.2      1.28694      965.208      -2865.43      -1900.22
703      70.3      1.29216      969.122      -2869.34      -1900.21
704      70.4      1.29752      973.138      -2873.34      -1900.2
705      70.5      1.30308      977.308      -2877.51      -1900.21
706      70.6      1.30867      981.503      -2881.73      -1900.23
707      70.7      1.31385      985.386      -2885.64      -1900.26
708      70.8      1.31813      988.598      -2888.86      -1900.27
709      70.9      1.32132      990.989      -2891.25      -1900.26
710      71      1.32345      992.59      -2892.85      -1900.26
711      71.1      1.32438      993.282      -2893.58      -1900.3
712      71.2      1.3234      992.553      -2892.91      -1900.35
713      71.3      1.31949      989.616      -2890.02      -1900.41
714      71.4      1.31169      983.769      -2884.2      -1900.43
715      71.5      1.29966      974.747      -2875.15      -1900.4
716      71.6      1.28406      963.048      -2863.36      -1900.32
717      71.7      1.26671      950.035      -2850.23      -1900.19
718      71.8      1.2501      937.575      -2837.66      -1900.08
719      71.9      1.23641      927.308      -2827.34      -1900.03
720      72      1.22668      920.006      -2820.05      -1900.05
721      72.1      1.22061      915.456      -2815.56      -1900.11
722      72.2      1.21707      912.802      -2812.97      -1900.17
723      72.3      1.21478      911.081      -2811.29      -1900.21
724      72.4      1.21284      909.634      -2809.85      -1900.22
725      72.5      1.21101      908.255      -2808.46      -1900.2
726      72.6      1.20947      907.101      -2807.28      -1900.18
727      72.7      1.20862      906.463      -2806.63      -1900.16
728      72.8      1.20875      906.565      -2806.72      -1900.16
729      72.9      1.20997      907.479      -2807.63      -1900.16
730      73      1.21229      909.216      -2809.36      -1900.15
731      73.1      1.21585      911.887      -2812.01      -1900.13
732      73.2      1.22108      915.808      -2815.9      -1900.09
733      73.3      1.22864      921.477      -2821.54      -1900.06
734      73.4      1.23908      929.312      -2829.38      -1900.06
735      73.5      1.25226      939.191      -2839.31      -1900.12
736      73.6      1.2669      950.176      -2850.41      -1900.23
737      73.7      1.28093      960.697      -2861.04      -1900.34
738      73.8      1.29216      969.122      -2869.54      -1900.42
739      73.9      1.29916      974.369      -2874.8      -1900.43
740      74      1.30169      976.271      -2876.65      -1900.38
741      74.1      1.30069      975.517      -2875.82      -1900.31
742      74.2      1.29767      973.251      -2873.49      -1900.23
743      74.3      1.29415      970.61      -2870.8      -1900.19
744      74.4      1.29123      968.424      -2868.6      -1900.17
745      74.5      1.28946      967.097      -2867.28      -1900.18
746      74.6      1.28882      966.617      -2866.82      -1900.2
747      74.7      1.28901      966.757      -2866.98      -1900.22
748      74.8      1.28978      967.336      -2867.55      -1900.22
749      74.9      1.29118      968.383      -2868.58      -1900.2
750      75      1.29348      970.109      -2870.28      -1900.17
751      75.1      1.2969      972.676      -2872.86      -1900.18
752      75.2      1.30113      975.848      -2876.08      -1900.23
753      75.3      1.30516      978.868      -2879.16      -1900.29
754      75.4      1.30771      980.78      -2881.11      -1900.33
755      75.5      1.30789      980.92      -2881.26      -1900.34
756      75.6      1.30556      979.168      -2879.49      -1900.32
757      75.7      1.30127      975.953      -2876.22      -1900.27
758      75.8      1.29628      972.208      -2872.4      -1900.19
759      75.9      1.29234      969.257      -2869.36      -1900.1
760      76      1.29123      968.423      -2868.48      -1900.06
761      76.1      1.29382      970.366      -2870.46      -1900.09
762      76.2      1.29951      974.632      -2874.82      -1900.19
763      76.3      1.30642      979.812      -2880.11      -1900.3
764      76.4      1.31229      984.216      -2884.6      -1900.38
765      76.5      1.31543      986.574      -2886.98      -1900.41
766      76.6      1.31524      986.43      -2886.8      -1900.37
767      76.7      1.31224      984.183      -2884.49      -1900.31
768      76.8      1.30767      980.75      -2881      -1900.24
769      76.9      1.30267      977.004      -2877.22      -1900.21
770      77      1.29786      973.398      -2873.61      -1900.21
771      77.1      1.29334      970.006      -2870.23      -1900.22
772      77.2      1.28902      966.768      -2866.99      -1900.22
773      77.3      1.2849      963.679      -2863.9      -1900.22
774      77.4      1.28106      960.798      -2861.02      -1900.22
775      77.5      1.27755      958.161      -2858.38      -1900.22
776      77.6      1.27435      955.765      -2855.99      -1900.22
777      77.7      1.27146      953.595      -2853.82      -1900.23
778      77.8      1.26876      951.571      -2851.81      -1900.24
779      77.9      1.26605      949.538      -2849.79      -1900.25
780      78      1.26318      947.384      -2847.63      -1900.25
781      78.1      1.26012      945.093      -2845.34      -1900.25
782      78.2      1.25679      942.592      -2842.86      -1900.27
783      78.3      1.25274      939.552      -2839.86      -1900.31
784      78.4      1.24734      935.504      -2835.82      -1900.32
785      78.5      1.24041      930.311      -2830.6      -1900.29
786      78.6      1.23262      924.465      -2824.69      -1900.22
787      78.7      1.2251      918.824      -2819      -1900.18
788      78.8      1.21877      914.076      -2814.25      -1900.17
789      78.9      1.214      910.502      -2810.68      -1900.18
790      79      1.21083      908.124      -2808.3      -1900.18
791      79.1      1.20931      906.983      -2807.16      -1900.17
792      79.2      1.20964      907.227      -2807.4      -1900.17
793      79.3      1.21196      908.97      -2809.15      -1900.18
794      79.4      1.21608      912.06      -2812.28      -1900.22
795      79.5      1.22136      916.02      -2816.29      -1900.27
796      79.6      1.22697      920.229      -2820.53      -1900.3
797      79.7      1.23233      924.248      -2824.55      -1900.3
798      79.8      1.23751      928.131      -2828.4      -1900.27
799      79.9      1.24336      932.521      -2832.72      -1900.2
800      80      1.25134      938.506      -2838.62      -1900.12
801      80.1      1.26293      947.195      -2847.28      -1900.08
802      80.2      1.27874      959.056      -2859.17      -1900.12
803      80.3      1.29802      973.517      -2873.72      -1900.2
804      80.4      1.31903      989.27      -2889.55      -1900.28
805      80.5      1.34      1005      -2905.32      -1900.32
806      80.6      1.35972      1019.79      -2920.14      -1900.35
807      80.7      1.37712      1032.84      -2933.25      -1900.4
808      80.8      1.39082      1043.11      -2943.6      -1900.49
809      80.9      1.39906      1049.3      -2949.85      -1900.56
810      81      1.40046      1050.35      -2950.91      -1900.57
811      81.1      1.39483      1046.12      -2946.62      -1900.5
812      81.2      1.38344      1037.58      -2937.96      -1900.38
813      81.3      1.36852      1026.39      -2926.66      -1900.27
814      81.4      1.35232      1014.24      -2914.43      -1900.2
815      81.5      1.33647      1002.35      -2902.5      -1900.15
816      81.6      1.32204      991.532      -2891.64      -1900.11
817      81.7      1.30983      982.373      -2882.46      -1900.08
818      81.8      1.30029      975.218      -2875.31      -1900.09
819      81.9      1.29331      969.98      -2870.1      -1900.12
820      82      1.28823      966.171      -2866.34      -1900.17
821      82.1      1.28417      963.129      -2863.34      -1900.21
822      82.2      1.28044      960.329      -2860.56      -1900.23
823      82.3      1.27681      957.608      -2857.83      -1900.22
824      82.4      1.27359      955.191      -2855.39      -1900.2
825      82.5      1.2712      953.401      -2853.61      -1900.21
826      82.6      1.26965      952.238      -2852.48      -1900.24
827      82.7      1.26841      951.305      -2851.59      -1900.28
828      82.8      1.26694      950.203      -2850.49      -1900.28
829      82.9      1.26529      948.968      -2849.22      -1900.26
830      83      1.26393      947.95      -2848.2      -1900.25
831      83.1      1.26299      947.242      -2847.53      -1900.28
832      83.2      1.26184      946.381      -2846.71      -1900.33
833      83.3      1.25966      944.743      -2845.09      -1900.35
834      83.4      1.25614      942.109      -2842.43      -1900.32
835      83.5      1.25179      938.844      -2839.12      -1900.27
836      83.6      1.2476      935.699      -2835.92      -1900.22
837      83.7      1.24468      933.509      -2833.68      -1900.17
838      83.8      1.24388      932.913      -2833.07      -1900.16
839      83.9      1.24554      934.157      -2834.33      -1900.18
840      84      1.24936      937.02      -2837.24      -1900.22
841      84.1      1.25462      940.961      -2841.22      -1900.26
842      84.2      1.26054      945.402      -2845.68      -1900.28
843      84.3      1.26655      949.916      -2850.21      -1900.29
844      84.4      1.27223      954.174      -2854.48      -1900.31
845      84.5      1.277      957.75      -2858.09      -1900.34
846      84.6      1.28015      960.11      -2860.48      -1900.37
847      84.7      1.28112      960.842      -2861.22      -1900.38
848      84.8      1.27992      959.942      -2860.29      -1900.35
849      84.9      1.27723      957.924      -2858.22      -1900.3
850      85      1.2742      955.653      -2855.89      -1900.24
851      85.1      1.27202      954.014      -2854.22      -1900.21
852      85.2      1.27136      953.52      -2853.74      -1900.22
853      85.3      1.27213      954.095      -2854.35      -1900.26
854      85.4      1.27363      955.224      -2855.51      -1900.29
855      85.5      1.27521      956.406      -2856.69      -1900.29
856      85.6      1.27668      957.507      -2857.76      -1900.26
857      85.7      1.27834      958.754      -2858.97      -1900.22
858      85.8      1.28066      960.496      -2860.69      -1900.19
859      85.9      1.28394      962.952      -2863.14      -1900.18
860      86      1.28815      966.115      -2866.3      -1900.19
861      86.1      1.29309      969.815      -2870.01      -1900.2
862      86.2      1.29844      973.833      -2874.04      -1900.2
863      86.3      1.30394      977.955      -2878.18      -1900.22
864      86.4      1.30915      981.865      -2882.12      -1900.26
865      86.5      1.31338      985.037      -2885.34      -1900.3
866      86.6      1.31568      986.759      -2887.12      -1900.36
867      86.7      1.31509      986.32      -2886.71      -1900.39
868      86.8      1.31104      983.281      -2883.68      -1900.4
869      86.9      1.30365      977.74      -2878.1      -1900.36
870      87      1.29395      970.463      -2870.75      -1900.28
871      87.1      1.28359      962.69      -2862.91      -1900.22
872      87.2      1.27416      955.619      -2855.81      -1900.19
873      87.3      1.26648      949.862      -2850.08      -1900.22
874      87.4      1.26032      945.241      -2845.53      -1900.29
875      87.5      1.25478      941.083      -2841.42      -1900.34
876      87.6      1.24927      936.95      -2837.28      -1900.33
877      87.7      1.24436      933.268      -2833.51      -1900.25
878      87.8      1.24175      931.309      -2831.45      -1900.15
879      87.9      1.24322      932.412      -2832.52      -1900.11
880      88      1.24936      937.017      -2837.17      -1900.15
881      88.1      1.2592      944.397      -2844.62      -1900.22
882      88.2      1.27107      953.303      -2853.57      -1900.26
883      88.3      1.2836      962.699      -2862.98      -1900.28
884      88.4      1.29593      971.945      -2872.23      -1900.29
885      88.5      1.30747      980.6      -2880.9      -1900.3
886      88.6      1.31762      988.215      -2888.54      -1900.32
887      88.7      1.32568      994.257      -2894.61      -1900.35
888      88.8      1.33087      998.152      -2898.53      -1900.38
889      88.9      1.33258      999.437      -2899.83      -1900.4
890      89      1.33056      997.922      -2898.31      -1900.39
891      89.1      1.3251      993.828      -2894.18      -1900.35
892      89.2      1.31713      987.849      -2888.14      -1900.29
893      89.3      1.30805      981.037      -2881.26      -1900.22
894      89.4      1.29933      974.498      -2874.67      -1900.17
895      89.5      1.29209      969.07      -2869.22      -1900.15
896      89.6      1.28691      965.184      -2865.33      -1900.15
897      89.7      1.28394      962.953      -2863.11      -1900.16
898      89.8      1.28316      962.367      -2862.53      -1900.16
899      89.9      1.28452      963.39      -2863.56      -1900.17
900      90      1.28779      965.84      -2866.04      -1900.2
901      90.1      1.29233      969.249      -2869.49      -1900.24
902      90.2      1.29728      972.96      -2873.25      -1900.29
903      90.3      1.30168      976.263      -2876.6      -1900.34
904      90.4      1.3045      978.373      -2878.77      -1900.4
905      90.5      1.30465      978.49      -2878.92      -1900.43
906      90.6      1.30153      976.148      -2876.57      -1900.43
907      90.7      1.29529      971.467      -2871.86      -1900.39
908      90.8      1.28671      965.032      -2865.38      -1900.35
909      90.9      1.27685      957.641      -2857.94      -1900.3
910      91      1.26702      950.265      -2850.49      -1900.22
911      91.1      1.25883      944.121      -2844.25      -1900.13
912      91.2      1.25401      940.508      -2840.57      -1900.06
913      91.3      1.25377      940.33      -2840.38      -1900.05
914      91.4      1.25819      943.639      -2843.73      -1900.1
915      91.5      1.26619      949.642      -2849.81      -1900.17
916      91.6      1.27614      957.104      -2857.34      -1900.23
917      91.7      1.28637      964.779      -2865.06      -1900.28
918      91.8      1.29548      971.607      -2871.93      -1900.32
919      91.9      1.30227      976.701      -2877.07      -1900.37
920      92      1.30572      979.288      -2879.69      -1900.41
921      92.1      1.30501      978.754      -2879.18      -1900.43
922      92.2      1.29975      974.809      -2875.23      -1900.42
923      92.3      1.29024      967.683      -2868.06      -1900.37
924      92.4      1.27762      958.216      -2858.52      -1900.3
925      92.5      1.26353      947.647      -2847.88      -1900.23
926      92.6      1.24954      937.153      -2837.35      -1900.2
927      92.7      1.23667      927.506      -2827.69      -1900.19
928      92.8      1.22551      919.13      -2819.31      -1900.18
929      92.9      1.21653      912.395      -2812.55      -1900.16
930      93      1.21037      907.778      -2807.9      -1900.13
931      93.1      1.20773      905.799      -2805.9      -1900.1
932      93.2      1.20918      906.887      -2806.97      -1900.08
933      93.3      1.21498      911.232      -2811.33      -1900.1
934      93.4      1.22476      918.572      -2818.72      -1900.14
935      93.5      1.23746      928.096      -2828.31      -1900.22
936      93.6      1.25154      938.654      -2838.94      -1900.29
937      93.7      1.26553      949.151      -2849.48      -1900.33
938      93.8      1.27849      958.871      -2859.21      -1900.34
939      93.9      1.29012      967.593      -2867.91      -1900.32
940      94      1.30061      975.457      -2875.75      -1900.3
941      94.1      1.31017      982.63      -2882.93      -1900.3
942      94.2      1.31858      988.934      -2889.27      -1900.33
943      94.3      1.32495      993.711      -2894.09      -1900.38
944      94.4      1.32814      996.103      -2896.52      -1900.41
945      94.5      1.32733      995.5      -2895.91      -1900.41
946      94.6      1.32238      991.787      -2892.17      -1900.38
947      94.7      1.3137      985.276      -2885.62      -1900.34
948      94.8      1.30204      976.532      -2876.82      -1900.29
949      94.9      1.28838      966.282      -2866.52      -1900.24
950      95      1.27384      955.383      -2855.56      -1900.18
951      95.1      1.2597      944.774      -2844.9      -1900.12
952      95.2      1.24717      935.381      -2835.46      -1900.08
953      95.3      1.2373      927.973      -2828.03      -1900.06
954      95.4      1.23076      923.071      -2823.12      -1900.05
955      95.5      1.22801      921.005      -2821.05      -1900.04
956      95.6      1.2294      922.049      -2822.09      -1900.04
957      95.7      1.23501      926.259      -2826.35      -1900.09
958      95.8      1.24385      932.891      -2833.1      -1900.21
959      95.9      1.25352      940.142      -2840.49      -1900.35
960      96      1.26134      946.006      -2846.42      -1900.41
961      96.1      1.26598      949.488      -2849.86      -1900.37
962      96.2      1.26793      950.95      -2851.23      -1900.28
963      96.3      1.2687      951.526      -2851.73      -1900.21
964      96.4      1.26973      952.299      -2852.47      -1900.17
965      96.5      1.27182      953.868      -2854.03      -1900.16
966      96.6      1.27533      956.501      -2856.65      -1900.15
967      96.7      1.28046      960.343      -2860.49      -1900.15
968      96.8      1.2871      965.322      -2865.5      -1900.18
969      96.9      1.29466      970.996      -2871.22      -1900.23
970      97      1.30223      976.67      -2876.94      -1900.27
971      97.1      1.309      981.753      -2882.04      -1900.29
972      97.2      1.31463      985.971      -2886.25      -1900.28
973      97.3      1.31915      989.362      -2889.62      -1900.26
974      97.4      1.32289      992.168      -2892.41      -1900.25
975      97.5      1.32612      994.588      -2894.84      -1900.25
976      97.6      1.32863      996.474      -2896.77      -1900.29
977      97.7      1.32963      997.22      -2897.57      -1900.35
978      97.8      1.32796      995.974      -2896.38      -1900.4
979      97.9      1.32261      991.96      -2892.4      -1900.44
980      98      1.31296      984.717      -2885.17      -1900.45
981      98.1      1.29894      974.205      -2874.64      -1900.43
982      98.2      1.28113      960.846      -2861.24      -1900.39
983      98.3      1.26065      945.49      -2845.82      -1900.33
984      98.4      1.23931      929.486      -2829.7      -1900.22
985      98.5      1.21968      914.759      -2814.84      -1900.08
986      98.6      1.20469      903.515      -2803.48      -1899.97
987      98.7      1.19672      897.54      -2797.47      -1899.93
988      98.8      1.19667      897.504      -2797.48      -1899.98
989      98.9      1.20364      902.732      -2802.81      -1900.08
990      99      1.21548      911.613      -2811.81      -1900.19
991      99.1      1.22977      922.327      -2822.6      -1900.27
992      99.2      1.24455      933.41      -2833.73      -1900.32
993      99.3      1.25853      943.898      -2844.23      -1900.34
994      99.4      1.27098      953.231      -2853.57      -1900.34
995      99.5      1.28159      961.192      -2861.51      -1900.32
996      99.6      1.29056      967.922      -2868.2      -1900.28
997      99.7      1.29844      973.831      -2874.07      -1900.24
998      99.8      1.30579      979.344      -2879.57      -1900.22
999      99.9      1.31291      984.681      -2884.91      -1900.22
1000      100      1.31967      989.751      -2890      -1900.25
1000      100      1.31967      989.751      -2890      -1900.25
Execution time: 1.84146
