Timestep Time Temperature KineticEnergy PotentialEnergy TotalEnergy DiffusionConstant MeanSquareDisplacement
1      0.056      2.43283      1824.62      -3730.19      -1905.57      586.724      197.139
2      0.112      2.42101      1815.75      -3725.75      -1910      293.374      197.148
3      0.168      2.39732      1797.99      -3712.44      -1914.45      195.591      197.156
4      0.224      2.36162      1771.22      -3690.17      -1918.95      146.7      197.165
5      0.28      2.31376      1735.32      -3658.83      -1923.5      117.365      197.174
6      0.336      2.25356      1690.17      -3618.28      -1928.12      97.8092      197.183
7      0.392      2.18088      1635.66      -3568.42      -1932.76      83.8405      197.193
8      0.448      2.09574      1571.8      -3509.18      -1937.38      73.364      197.202
9      0.504      1.99844      1498.83      -3440.67      -1941.84      65.2156      197.212
10      0.56      1.88977      1417.33      -3363.28      -1945.95      58.6969      197.222
11      0.616      1.77114      1328.35      -3277.82      -1949.46      53.3634      197.231
12      0.672      1.64479      1233.59      -3185.65      -1952.05      48.9188      197.241
13      0.728      1.5139      1135.43      -3088.8      -1953.38      45.1579      197.25
14      0.784      1.3825      1036.87      -2990      -1953.12      41.9342      197.258
15      0.84      1.25523      941.422      -2892.52      -1951.09      39.1402      197.267
16      0.896      1.13692      852.689      -2799.96      -1947.28      36.6954      197.275
17      0.952      1.03196      773.973      -2715.86      -1941.88      34.5382      197.282
18      1.008      0.943767      707.826      -2643.16      -1935.33      32.6205      197.289
19      1.064      0.874341      655.756      -2583.93      -1928.17      30.9046      197.295
20      1.12      0.824188      618.141      -2539.1      -1920.96      29.3602      197.301
21      1.176      0.792447      594.335      -2508.53      -1914.19      27.9628      197.306
22      1.232      0.777228      582.921      -2491.13      -1908.21      26.6924      197.31
23      1.288      0.776023      582.017      -2485.24      -1903.22      25.5324      197.314
24      1.344      0.786093      589.57      -2488.83      -1899.26      24.469      197.318
25      1.4      0.804756      603.567      -2499.87      -1896.3      23.4906      197.321
26      1.456      0.829579      622.184      -2516.41      -1894.22      22.5875      197.324
27      1.512      0.858457      643.843      -2536.75      -1892.91      21.7512      197.327
28      1.568      0.889641      667.231      -2559.44      -1892.21      20.9746      197.329
29      1.624      0.92171      691.282      -2583.31      -1892.02      20.2515      197.331
30      1.68      0.953524      715.143      -2607.38      -1892.24      19.5766      197.332
31      1.736      0.984165      738.124      -2630.9      -1892.77      18.9453      197.334
32      1.792      1.01287      759.653      -2653.23      -1893.58      18.3533      197.335
33      1.848      1.03901      779.261      -2673.87      -1894.61      17.7973      197.336
34      1.904      1.06209      796.565      -2692.38      -1895.81      17.2739      197.337
35      1.96      1.0817      811.274      -2708.42      -1897.15      16.7805      197.338
36      2.016      1.09761      823.206      -2721.76      -1898.56      16.3144      197.339
37      2.072      1.10975      832.313      -2732.28      -1899.97      15.8735      197.34
38      2.128      1.11825      838.686      -2740.01      -1901.32      15.4559      197.341
39      2.184      1.1234      842.553      -2745.09      -1902.54      15.0597      197.342
40      2.24      1.12568      844.261      -2747.83      -1903.57      14.6833      197.343
41      2.296      1.12564      844.23      -2748.61      -1904.38      14.3253      197.345
42      2.352      1.12387      842.904      -2747.87      -1904.97      13.9843      197.346
43      2.408      1.12094      840.703      -2746.06      -1905.35      13.6592      197.348
44      2.464      1.11733      837.997      -2743.56      -1905.56      13.3489      197.35
45      2.52      1.11344      835.083      -2740.71      -1905.62      13.0524      197.353
46      2.576      1.1096      832.202      -2737.77      -1905.57      12.7689      197.356
47      2.632      1.10612      829.591      -2734.99      -1905.4      12.4974      197.359
48      2.688      1.10333      827.494      -2732.59      -1905.1      12.2372      197.362
49      2.744      1.10159      826.191      -2730.85      -1904.66      11.9877      197.365
50      2.8      1.1013      825.974      -2730.06      -1904.08      11.7482      197.369
51      2.856      1.10278      827.083      -2730.47      -1903.39      11.518      197.373
52      2.912      1.10619      829.64      -2732.3      -1902.66      11.2967      197.377
53      2.968      1.11147      833.6      -2735.58      -1901.98      11.0838      197.38
54      3.024      1.11833      838.748      -2740.16      -1901.42      10.8788      197.384
55      3.08      1.12635      844.765      -2745.79      -1901.03      10.6811      197.388
56      3.136      1.13507      851.303      -2752.11      -1900.81      10.4906      197.391
57      3.192      1.14407      858.053      -2758.8      -1900.74      10.3067      197.394
58      3.248      1.15305      864.785      -2765.56      -1900.78      10.1292      197.397
59      3.304      1.16181      871.356      -2772.23      -1900.88      9.95759      197.399
60      3.36      1.17025      877.685      -2778.7      -1901.01      9.79172      197.401
61      3.416      1.1783      883.728      -2784.89      -1901.16      9.63126      197.402
62      3.472      1.18595      889.46      -2790.79      -1901.33      9.47594      197.403
63      3.528      1.19314      894.852      -2796.36      -1901.5      9.32552      197.403
64      3.584      1.19985      899.886      -2801.57      -1901.69      9.17975      197.401
65      3.64      1.20607      904.553      -2806.42      -1901.87      9.03843      197.399
66      3.696      1.21184      908.881      -2810.92      -1902.04      8.90134      197.396
67      3.752      1.21725      912.935      -2815.1      -1902.17      8.76831      197.392
68      3.808      1.22243      916.824      -2819.06      -1902.23      8.63914      197.387
69      3.864      1.22758      920.686      -2822.92      -1902.23      8.51367      197.381
70      3.92      1.23289      924.671      -2826.82      -1902.15      8.39175      197.374
71      3.976      1.23855      928.913      -2830.93      -1902.01      8.27323      197.366
72      4.032      1.24467      933.502      -2835.33      -1901.83      8.15796      197.357
73      4.088      1.25126      938.445      -2840.1      -1901.66      8.04583      197.348
74      4.144      1.25823      943.67      -2845.2      -1901.53      7.9367      197.338
75      4.2      1.26535      949.013      -2850.51      -1901.5      7.83047      197.328
76      4.256      1.27234      954.253      -2855.83      -1901.58      7.72702      197.317
77      4.312      1.27884      959.13      -2860.92      -1901.79      7.62625      197.306
78      4.368      1.28452      963.39      -2865.51      -1902.12      7.52806      197.295
79      4.424      1.2891      966.828      -2869.38      -1902.55      7.43236      197.285
80      4.48      1.29241      969.304      -2872.35      -1903.04      7.33906      197.274
81      4.536      1.29433      970.75      -2874.31      -1903.56      7.24808      197.264
82      4.592      1.29489      971.165      -2875.23      -1904.07      7.15933      197.254
83      4.648      1.29412      970.592      -2875.14      -1904.55      7.07274      197.245
84      4.704      1.29213      969.101      -2874.1      -1904.99      6.98823      197.236
85      4.76      1.28904      966.78      -2872.17      -1905.39      6.90574      197.228
86      4.816      1.285      963.75      -2869.48      -1905.73      6.8252      197.221
87      4.872      1.2802      960.15      -2866.13      -1905.98      6.74653      197.215
88      4.928      1.2749      956.178      -2862.32      -1906.14      6.66968      197.209
89      4.984      1.26943      952.07      -2858.24      -1906.17      6.59458      197.204
90      5.04      1.26416      948.117      -2854.16      -1906.05      6.52117      197.2
91      5.096      1.25951      944.632      -2850.4      -1905.77      6.4494      197.197
92      5.152      1.25587      941.899      -2847.26      -1905.36      6.37922      197.194
93      5.208      1.25351      940.131      -2844.99      -1904.86      6.31056      197.192
94      5.264      1.25256      939.423      -2843.74      -1904.32      6.24339      197.191
95      5.32      1.25303      939.77      -2843.57      -1903.8      6.17765      197.19
96      5.376      1.25481      941.11      -2844.43      -1903.32      6.1133      197.19
97      5.432      1.25783      943.376      -2846.24      -1902.86      6.05029      197.191
98      5.488      1.26205      946.535      -2848.96      -1902.42      5.9886      197.193
99      5.544      1.26746      950.593      -2852.57      -1901.98      5.92817      197.195
100      5.6      1.27409      955.565      -2857.09      -1901.53      5.86898      197.198
101      5.656      1.2819      961.424      -2862.52      -1901.1      5.81098      197.202
102      5.712      1.29078      968.082      -2868.81      -1900.73      5.75415      197.206
103      5.768      1.30047      975.355      -2875.81      -1900.45      5.69844      197.212
104      5.824      1.31067      983.001      -2883.31      -1900.3      5.64382      197.218
105      5.88      1.32096      990.72      -2891.03      -1900.31      5.59027      197.225
106      5.936      1.33097      998.226      -2898.68      -1900.46      5.53774      197.232
107      5.992      1.34036      1005.27      -2905.99      -1900.72      5.48622      197.24
108      6.048      1.34886      1011.64      -2912.72      -1901.08      5.43566      197.249
109      6.104      1.35632      1017.24      -2918.72      -1901.48      5.38605      197.259
110      6.16      1.36266      1022      -2923.9      -1901.91      5.33735      197.269
111      6.216      1.36786      1025.89      -2928.23      -1902.34      5.28954      197.279
112      6.272      1.37189      1028.92      -2931.7      -1902.78      5.2426      197.289
113      6.328      1.37473      1031.05      -2934.28      -1903.23      5.19649      197.3
114      6.384      1.37633      1032.25      -2935.95      -1903.7      5.15119      197.311
115      6.44      1.37662      1032.46      -2936.66      -1904.2      5.10668      197.322
116      6.496      1.37557      1031.68      -2936.38      -1904.7      5.06294      197.333
117      6.552      1.3732      1029.9      -2935.09      -1905.19      5.01995      197.344
118      6.608      1.36964      1027.23      -2932.85      -1905.62      4.97769      197.355
119      6.664      1.3651      1023.82      -2929.78      -1905.96      4.93613      197.366
120      6.72      1.35987      1019.9      -2926.09      -1906.19      4.89525      197.377
121      6.776      1.35429      1015.71      -2922      -1906.29      4.85505      197.387
122      6.832      1.34867      1011.51      -2917.77      -1906.27      4.8155      197.397
123      6.888      1.34331      1007.48      -2913.64      -1906.15      4.77658      197.407
124      6.944      1.33836      1003.77      -2909.75      -1905.98      4.73828      197.416
125      7      1.33391      1000.43      -2906.23      -1905.79      4.70059      197.425
126      7.056      1.32993      997.448      -2903.07      -1905.62      4.66348      197.433
127      7.112      1.32633      994.75      -2900.24      -1905.49      4.62695      197.441
128      7.168      1.32299      992.242      -2897.64      -1905.4      4.59098      197.449
129      7.224      1.31976      989.816      -2895.19      -1905.37      4.55555      197.456
130      7.28      1.31649      987.366      -2892.76      -1905.4      4.52066      197.462
131      7.336      1.31305      984.791      -2890.26      -1905.47      4.48629      197.468
132      7.392      1.30931      981.986      -2887.58      -1905.59      4.45242      197.474
133      7.448      1.30514      978.853      -2884.62      -1905.77      4.41905      197.478
134      7.504      1.30042      975.313      -2881.29      -1905.97      4.38615      197.482
135      7.56      1.29509      971.315      -2877.52      -1906.2      4.35373      197.485
136      7.616      1.28915      966.862      -2873.28      -1906.42      4.32177      197.488
137      7.672      1.28271      962.03      -2868.62      -1906.59      4.29026      197.489
138      7.728      1.27597      956.981      -2863.65      -1906.67      4.25918      197.49
139      7.784      1.26927      951.95      -2858.58      -1906.63      4.22853      197.489
140      7.84      1.26295      947.211      -2853.65      -1906.44      4.19829      197.488
141      7.896      1.25737      943.031      -2849.16      -1906.13      4.16847      197.485
142      7.952      1.25281      939.604      -2845.34      -1905.74      4.13904      197.482
143      8.008      1.24936      937.022      -2842.33      -1905.31      4.11001      197.478
144      8.064      1.24705      935.287      -2840.18      -1904.89      4.08137      197.473
145      8.12      1.24579      934.339      -2838.84      -1904.51      4.0531      197.467
146      8.176      1.24543      934.074      -2838.25      -1904.18      4.02521      197.461
147      8.232      1.24583      934.37      -2838.28      -1903.91      3.99768      197.453
148      8.288      1.24679      935.095      -2838.81      -1903.72      3.97051      197.445
149      8.344      1.24816      936.118      -2839.71      -1903.59      3.94368      197.437
150      8.4      1.24975      937.312      -2840.83      -1903.52      3.91721      197.427
151      8.456      1.25144      938.577      -2842.08      -1903.5      3.89107      197.417
152      8.512      1.25312      939.84      -2843.35      -1903.51      3.86527      197.407
153      8.568      1.25476      941.068      -2844.6      -1903.54      3.83979      197.396
154      8.624      1.25631      942.235      -2845.81      -1903.57      3.81464      197.385
155      8.68      1.25775      943.312      -2846.94      -1903.63      3.7898      197.373
156      8.736      1.25901      944.256      -2847.96      -1903.7      3.76527      197.361
157      8.792      1.25997      944.977      -2848.81      -1903.83      3.74105      197.348
158      8.848      1.26048      945.361      -2849.38      -1904.02      3.71713      197.335
159      8.904      1.26037      945.274      -2849.54      -1904.27      3.69351      197.322
160      8.96      1.25947      944.599      -2849.17      -1904.57      3.67018      197.309
161      9.016      1.25767      943.249      -2848.17      -1904.92      3.64714      197.296
162      9.072      1.25494      941.203      -2846.47      -1905.27      3.62439      197.283
163      9.128      1.25134      938.502      -2844.09      -1905.58      3.60191      197.27
164      9.184      1.247      935.251      -2841.09      -1905.84      3.57972      197.257
165      9.24      1.24213      931.595      -2837.62      -1906.02      3.55779      197.244
166      9.296      1.23694      927.709      -2833.82      -1906.11      3.53613      197.231
167      9.352      1.23173      923.796      -2829.9      -1906.1      3.51474      197.219
168      9.408      1.22678      920.081      -2826.05      -1905.97      3.49361      197.207
169      9.464      1.2224      916.802      -2822.52      -1905.72      3.47273      197.196
170      9.52      1.21895      914.216      -2819.56      -1905.34      3.45211      197.184
171      9.576      1.21676      912.573      -2817.41      -1904.84      3.43173      197.173
172      9.632      1.21613      912.096      -2816.33      -1904.23      3.4116      197.163
173      9.688      1.21728      912.961      -2816.5      -1903.54      3.3917      197.153
174      9.744      1.22035      915.264      -2818.08      -1902.82      3.37204      197.143
175      9.8      1.22535      919.016      -2821.11      -1902.1      3.35261      197.134
176      9.856      1.23216      924.122      -2825.56      -1901.44      3.33341      197.125
177      9.912      1.24052      930.387      -2831.28      -1900.89      3.31443      197.116
178      9.968      1.25003      937.521      -2838.02      -1900.5      3.29567      197.108
179      10.024      1.26021      945.156      -2845.45      -1900.3      3.27713      197.1
180      10.08      1.27053      952.894      -2853.19      -1900.3      3.2588      197.092
181      10.136      1.28046      960.346      -2860.84      -1900.49      3.24067      197.084
182      10.192      1.28955      967.165      -2868.01      -1900.85      3.22274      197.077
183      10.248      1.29744      973.079      -2874.41      -1901.33      3.20502      197.07
184      10.304      1.30388      977.911      -2879.81      -1901.89      3.18749      197.064
185      10.36      1.30877      981.58      -2884.06      -1902.48      3.17016      197.057
186      10.416      1.31213      984.1      -2887.16      -1903.06      3.15301      197.05
187      10.472      1.31408      985.559      -2889.13      -1903.57      3.13605      197.044
188      10.528      1.31482      986.117      -2890.12      -1904      3.11927      197.038
189      10.584      1.31462      985.966      -2890.3      -1904.34      3.10267      197.032
190      10.64      1.31375      985.311      -2889.88      -1904.56      3.08624      197.026
191      10.696      1.31245      984.334      -2889.04      -1904.71      3.06999      197.02
192      10.752      1.31088      983.161      -2887.95      -1904.79      3.05392      197.014
193      10.808      1.30914      981.855      -2886.71      -1904.86      3.03801      197.009
194      10.864      1.30722      980.412      -2885.34      -1904.93      3.02227      197.004
195      10.92      1.30504      978.777      -2883.81      -1905.03      3.0067      196.999
196      10.976      1.30249      976.87      -2882.04      -1905.17      2.99129      196.994
197      11.032      1.29948      974.612      -2879.97      -1905.36      2.97604      196.99
198      11.088      1.29593      971.945      -2877.51      -1905.57      2.96095      196.986
199      11.144      1.29179      968.845      -2874.63      -1905.78      2.94603      196.983
200      11.2      1.28711      965.333      -2871.31      -1905.98      2.93126      196.981
201      11.256      1.28196      961.471      -2867.62      -1906.14      2.91666      196.979
202      11.312      1.27648      957.362      -2863.61      -1906.25      2.9022      196.978
203      11.368      1.27085      953.141      -2859.43      -1906.29      2.8879      196.978
204      11.424      1.2653      948.974      -2855.21      -1906.24      2.87375      196.978
205      11.48      1.26006      945.048      -2851.14      -1906.1      2.85975      196.98
206      11.536      1.25539      941.545      -2847.4      -1905.86      2.8459      196.982
207      11.592      1.25152      938.637      -2844.18      -1905.54      2.83219      196.985
208      11.648      1.24861      936.458      -2841.62      -1905.16      2.81862      196.988
209      11.704      1.2468      935.1      -2839.84      -1904.74      2.8052      196.992
210      11.76      1.24611      934.581      -2838.91      -1904.32      2.7919      196.997
211      11.816      1.24648      934.862      -2838.79      -1903.93      2.77875      197.002
212      11.872      1.24779      935.845      -2839.44      -1903.6      2.76572      197.008
213      11.928      1.24986      937.396      -2840.72      -1903.33      2.75282      197.014
214      11.984      1.25249      939.37      -2842.5      -1903.13      2.74004      197.02
215      12.04      1.25552      941.637      -2844.64      -1903      2.72739      197.026
216      12.096      1.25879      944.095      -2847.01      -1902.91      2.71485      197.033
217      12.152      1.26223      946.675      -2849.53      -1902.86      2.70243      197.04
218      12.208      1.26579      949.345      -2852.16      -1902.82      2.69013      197.047
219      12.264      1.26946      952.097      -2854.87      -1902.77      2.67794      197.054
220      12.32      1.27324      954.926      -2857.66      -1902.74      2.66587      197.061
221      12.376      1.27712      957.837      -2860.53      -1902.7      2.6539      197.068
222      12.432      1.28111      960.832      -2863.48      -1902.65      2.64204      197.075
223      12.488      1.28523      963.919      -2866.53      -1902.61      2.6303      197.083
224      12.544      1.28949      967.119      -2869.67      -1902.55      2.61865      197.09
225      12.6      1.29392      970.44      -2872.93      -1902.49      2.60712      197.098
226      12.656      1.2985      973.873      -2876.31      -1902.44      2.59569      197.106
227      12.712      1.30314      977.356      -2879.78      -1902.43      2.58436      197.115
228      12.768      1.3077      980.773      -2883.25      -1902.48      2.57314      197.123
229      12.824      1.31193      983.949      -2886.57      -1902.62      2.56202      197.132
230      12.88      1.31558      986.686      -2889.55      -1902.86      2.551      197.141
231      12.936      1.3184      988.802      -2891.99      -1903.19      2.54008      197.151
232      12.992      1.32024      990.182      -2893.75      -1903.57      2.52926      197.161
233      13.048      1.3211      990.825      -2894.75      -1903.93      2.51854      197.171
234      13.104      1.32113      990.848      -2895.06      -1904.21      2.50791      197.182
235      13.16      1.32061      990.457      -2894.85      -1904.39      2.49738      197.193
236      13.216      1.31981      989.857      -2894.33      -1904.47      2.48694      197.204
237      13.272      1.31888      989.161      -2893.67      -1904.51      2.47659      197.216
238      13.328      1.31775      988.314      -2892.92      -1904.6      2.46633      197.228
239      13.384      1.31615      987.115      -2891.92      -1904.81      2.45616      197.24
240      13.44      1.31373      985.301      -2890.45      -1905.15      2.44608      197.252
241      13.496      1.31018      982.638      -2888.23      -1905.59      2.43608      197.264
242      13.552      1.30532      978.992      -2885.08      -1906.09      2.42616      197.276
243      13.608      1.29913      974.35      -2880.93      -1906.58      2.41633      197.288
244      13.664      1.29178      968.838      -2875.82      -1906.99      2.40657      197.3
245      13.72      1.2836      962.697      -2869.96      -1907.26      2.39689      197.312
246      13.776      1.27505      956.284      -2863.63      -1907.34      2.38728      197.323
247      13.832      1.26671      950.036      -2857.24      -1907.2      2.37775      197.334
248      13.888      1.25924      944.431      -2851.24      -1906.81      2.36828      197.344
249      13.944      1.25326      939.948      -2846.14      -1906.19      2.35889      197.354
250      14      1.24935      937.011      -2842.38      -1905.37      2.34957      197.364
251      14.056      1.2479      935.927      -2840.34      -1904.41      2.34031      197.372
252      14.112      1.24913      936.847      -2840.25      -1903.4      2.33111      197.38
253      14.168      1.253      939.752      -2842.17      -1902.42      2.32198      197.387
254      14.224      1.2593      944.476      -2846.01      -1901.54      2.31291      197.393
255      14.28      1.26765      950.741      -2851.55      -1900.81      2.3039      197.399
256      14.336      1.27757      958.175      -2858.45      -1900.28      2.29496      197.403
257      14.392      1.28846      966.347      -2866.31      -1899.97      2.28607      197.406
258      14.448      1.29972      974.791      -2874.68      -1899.89      2.27723      197.409
259      14.504      1.31073      983.045      -2883.09      -1900.04      2.26846      197.41
260      14.56      1.32091      990.682      -2891.08      -1900.4      2.25974      197.411
261      14.616      1.32979      997.345      -2898.27      -1900.93      2.25108      197.411
262      14.672      1.33703      1002.77      -2904.34      -1901.57      2.24248      197.41
263      14.728      1.34244      1006.83      -2909.09      -1902.26      2.23393      197.408
264      14.784      1.346      1009.5      -2912.44      -1902.94      2.22544      197.405
265      14.84      1.34788      1010.91      -2914.46      -1903.55      2.217      197.402
266      14.896      1.34837      1011.28      -2915.32      -1904.04      2.20863      197.398
267      14.952      1.34789      1010.92      -2915.28      -1904.36      2.20031      197.394
268      15.008      1.34688      1010.16      -2914.67      -1904.51      2.19205      197.39
269      15.064      1.3458      1009.35      -2913.85      -1904.5      2.18386      197.386
270      15.12      1.34497      1008.73      -2913.11      -1904.38      2.17572      197.382
271      15.176      1.34456      1008.42      -2912.64      -1904.23      2.16765      197.377
272      15.232      1.3445      1008.38      -2912.48      -1904.1      2.15963      197.373
273      15.288      1.34459      1008.44      -2912.52      -1904.07      2.15168      197.369
274      15.344      1.34451      1008.38      -2912.55      -1904.17      2.14379      197.366
275      15.4      1.34393      1007.94      -2912.34      -1904.39      2.13595      197.362
276      15.456      1.34253      1006.9      -2911.62      -1904.72      2.12818      197.359
277      15.512      1.3401      1005.07      -2910.21      -1905.14      2.12046      197.355
278      15.568      1.33647      1002.35      -2907.95      -1905.6      2.1128      197.352
279      15.624      1.33156      998.666      -2904.75      -1906.08      2.10519      197.349
280      15.68      1.32537      994.029      -2900.59      -1906.56      2.09764      197.346
281      15.736      1.31802      988.514      -2895.5      -1906.98      2.09014      197.342
282      15.792      1.3097      982.276      -2889.6      -1907.32      2.08269      197.339
283      15.848      1.30074      975.552      -2883.08      -1907.53      2.07529      197.335
284      15.904      1.29153      968.646      -2876.23      -1907.58      2.06795      197.332
285      15.96      1.28253      961.899      -2869.36      -1907.46      2.06066      197.328
286      16.016      1.2742      955.653      -2862.82      -1907.17      2.05342      197.325
287      16.072      1.26695      950.216      -2856.94      -1906.73      2.04623      197.322
288      16.128      1.26108      945.813      -2852      -1906.19      2.03909      197.318
289      16.184      1.25677      942.575      -2848.17      -1905.59      2.032      197.315
290      16.24      1.25404      940.533      -2845.53      -1904.99      2.02496      197.312
291      16.296      1.25285      939.635      -2844.07      -1904.43      2.01798      197.31
292      16.352      1.25303      939.775      -2843.7      -1903.93      2.01105      197.308
293      16.408      1.25441      940.81      -2844.31      -1903.5      2.00416      197.306
294      16.464      1.25677      942.581      -2845.73      -1903.15      1.99733      197.304
295      16.52      1.25989      944.92      -2847.81      -1902.89      1.99055      197.303
296      16.576      1.26353      947.647      -2850.37      -1902.72      1.98382      197.303
297      16.632      1.26741      950.559      -2853.22      -1902.66      1.97714      197.303
298      16.688      1.27125      953.439      -2856.14      -1902.7      1.97051      197.303
299      16.744      1.27474      956.052      -2858.92      -1902.87      1.96393      197.304
300      16.8      1.27757      958.177      -2861.31      -1903.14      1.95739      197.305
301      16.856      1.27951      959.632      -2863.12      -1903.49      1.95091      197.307
302      16.912      1.28041      960.305      -2864.2      -1903.89      1.94447      197.31
303      16.968      1.2802      960.149      -2864.45      -1904.31      1.93808      197.312
304      17.024      1.27892      959.192      -2863.89      -1904.7      1.93174      197.316
305      17.08      1.27668      957.512      -2862.56      -1905.05      1.92545      197.32
306      17.136      1.27364      955.232      -2860.56      -1905.33      1.91919      197.324
307      17.192      1.27      952.501      -2858.03      -1905.53      1.91299      197.329
308      17.248      1.26599      949.496      -2855.14      -1905.64      1.90683      197.334
309      17.304      1.26189      946.415      -2852.07      -1905.65      1.90071      197.339
310      17.36      1.25796      943.469      -2849.03      -1905.56      1.89463      197.345
311      17.416      1.25452      940.894      -2846.24      -1905.34      1.8886      197.351
312      17.472      1.2519      938.924      -2843.94      -1905.01      1.8826      197.357
313      17.528      1.25036      937.768      -2842.35      -1904.58      1.87665      197.364
314      17.584      1.2501      937.576      -2841.67      -1904.09      1.87074      197.37
315      17.64      1.25123      938.419      -2841.99      -1903.57      1.86486      197.377
316      17.696      1.2537      940.276      -2843.36      -1903.08      1.85902      197.384
317      17.752      1.25739      943.044      -2845.69      -1902.65      1.85322      197.391
318      17.808      1.26208      946.559      -2848.86      -1902.3      1.84746      197.397
319      17.864      1.26753      950.645      -2852.68      -1902.04      1.84173      197.404
320      17.92      1.2735      955.124      -2856.99      -1901.87      1.83604      197.411
321      17.976      1.27979      959.84      -2861.61      -1901.77      1.83038      197.417
322      18.032      1.28621      964.657      -2866.39      -1901.74      1.82475      197.423
323      18.088      1.29262      969.467      -2871.22      -1901.76      1.81915      197.429
324      18.144      1.29892      974.189      -2876      -1901.81      1.81359      197.434
325      18.2      1.30501      978.755      -2880.66      -1901.9      1.80805      197.439
326      18.256      1.3108      983.099      -2885.12      -1902.02      1.80255      197.444
327      18.312      1.31623      987.173      -2889.34      -1902.17      1.79707      197.448
328      18.368      1.32122      990.916      -2893.26      -1902.34      1.79162      197.451
329      18.424      1.32571      994.279      -2896.82      -1902.54      1.7862      197.454
330      18.48      1.3296      997.199      -2899.97      -1902.77      1.78081      197.456
331      18.536      1.33279      999.592      -2902.64      -1903.04      1.77544      197.457
332      18.592      1.33513      1001.34      -2904.72      -1903.38      1.7701      197.458
333      18.648      1.33642      1002.32      -2906.1      -1903.79      1.76478      197.458
334      18.704      1.3365      1002.38      -2906.63      -1904.26      1.75949      197.457
335      18.76      1.33522      1001.42      -2906.19      -1904.77      1.75423      197.456
336      18.816      1.33254      999.402      -2904.7      -1905.29      1.74899      197.454
337      18.872      1.32854      996.403      -2902.17      -1905.77      1.74379      197.452
338      18.928      1.32346      992.594      -2898.74      -1906.14      1.73861      197.45
339      18.984      1.31766      988.244      -2894.62      -1906.37      1.73345      197.447
340      19.04      1.31158      983.687      -2890.12      -1906.43      1.72833      197.444
341      19.096      1.3057      979.277      -2885.59      -1906.31      1.72324      197.441
342      19.152      1.30045      975.339      -2881.38      -1906.04      1.71817      197.439
343      19.208      1.29619      972.145      -2877.78      -1905.64      1.71314      197.436
344      19.264      1.29316      969.869      -2875.03      -1905.16      1.70813      197.433
345      19.32      1.29144      968.58      -2873.25      -1904.67      1.70316      197.43
346      19.376      1.29096      968.221      -2872.44      -1904.22      1.69822      197.428
347      19.432      1.29148      968.613      -2872.48      -1903.87      1.6933      197.426
348      19.488      1.29262      969.466      -2873.15      -1903.68      1.68842      197.424
349      19.544      1.29387      970.401      -2874.09      -1903.69      1.68357      197.422
350      19.6      1.29468      971.008      -2874.92      -1903.91      1.67874      197.42
351      19.656      1.29451      970.88      -2875.21      -1904.33      1.67394      197.418
352      19.712      1.29289      969.665      -2874.57      -1904.91      1.66917      197.416
353      19.768      1.28949      967.114      -2872.72      -1905.6      1.66443      197.414
354      19.824      1.28412      963.091      -2869.44      -1906.35      1.65971      197.412
355      19.88      1.2768      957.602      -2864.67      -1907.07      1.65501      197.41
356      19.936      1.26771      950.783      -2858.49      -1907.71      1.65035      197.408
357      19.992      1.2572      942.899      -2851.1      -1908.2      1.6457      197.405
358      20.048      1.24576      934.321      -2842.81      -1908.49      1.64109      197.403
359      20.104      1.23401      925.508      -2834.06      -1908.55      1.63649      197.4
360      20.16      1.22264      916.98      -2825.32      -1908.34      1.63192      197.398
361      20.216      1.21236      909.27      -2817.13      -1907.86      1.62738      197.395
362      20.272      1.20385      902.887      -2810.02      -1907.14      1.62286      197.392
363      20.328      1.19768      898.256      -2804.47      -1906.21      1.61836      197.389
364      20.384      1.19424      895.676      -2800.83      -1905.16      1.61389      197.385
365      20.44      1.19371      895.283      -2799.34      -1904.06      1.60945      197.382
366      20.496      1.19606      897.046      -2800.04      -1902.99      1.60502      197.379
367      20.552      1.20102      900.761      -2802.81      -1902.05      1.60063      197.376
368      20.608      1.20812      906.091      -2807.38      -1901.29      1.59625      197.374
369      20.664      1.21682      912.619      -2813.36      -1900.74      1.59191      197.371
370      20.72      1.22653      919.898      -2820.32      -1900.42      1.58759      197.369
371      20.776      1.23668      927.507      -2827.81      -1900.31      1.58329      197.367
372      20.832      1.24681      935.105      -2835.46      -1900.35      1.57902      197.365
373      20.888      1.25659      942.442      -2842.95      -1900.51      1.57478      197.364
374      20.944      1.26584      949.383      -2850.11      -1900.73      1.57056      197.363
375      21      1.27451      955.884      -2856.84      -1900.95      1.56637      197.362
376      21.056      1.28261      961.96      -2863.12      -1901.16      1.5622      197.362
377      21.112      1.29021      967.658      -2869.01      -1901.35      1.55806      197.362
378      21.168      1.29736      973.017      -2874.54      -1901.52      1.55394      197.363
379      21.224      1.30409      978.069      -2879.75      -1901.68      1.54985      197.364
380      21.28      1.31043      982.819      -2884.65      -1901.83      1.54578      197.366
381      21.336      1.31634      987.256      -2889.25      -1901.99      1.54174      197.368
382      21.392      1.3218      991.35      -2893.52      -1902.17      1.53772      197.37
383      21.448      1.32674      995.052      -2897.43      -1902.38      1.53373      197.372
384      21.504      1.33104      998.283      -2900.9      -1902.62      1.52975      197.375
385      21.56      1.3346      1000.95      -2903.87      -1902.91      1.5258      197.377
386      21.616      1.33727      1002.96      -2906.21      -1903.26      1.52187      197.38
387      21.672      1.33894      1004.2      -2907.85      -1903.65      1.51796      197.383
388      21.728      1.33949      1004.62      -2908.69      -1904.07      1.51407      197.386
389      21.784      1.33889      1004.16      -2908.67      -1904.5      1.5102      197.389
390      21.84      1.33711      1002.83      -2907.77      -1904.94      1.50635      197.393
391      21.896      1.33422      1000.67      -2906.01      -1905.35      1.50253      197.396
392      21.952      1.33031      997.733      -2903.45      -1905.72      1.49872      197.4
393      22.008      1.3255      994.128      -2900.17      -1906.04      1.49494      197.403
394      22.064      1.31994      989.954      -2896.26      -1906.31      1.49117      197.407
395      22.12      1.31376      985.319      -2891.84      -1906.52      1.48743      197.411
396      22.176      1.30711      980.332      -2887.01      -1906.68      1.4837      197.416
397      22.232      1.30012      975.092      -2881.88      -1906.79      1.48      197.42
398      22.288      1.29293      969.695      -2876.55      -1906.85      1.47632      197.426
399      22.344      1.28564      964.233      -2871.1      -1906.87      1.47266      197.431
400      22.4      1.27841      958.808      -2865.64      -1906.83      1.46903      197.437
401      22.456      1.27139      953.544      -2860.27      -1906.73      1.46541      197.444
402      22.512      1.26481      948.605      -2855.14      -1906.54      1.46182      197.451
403      22.568      1.25894      944.207      -2850.44      -1906.23      1.45825      197.458
404      22.624      1.25414      940.607      -2846.4      -1905.79      1.4547      197.466
405      22.68      1.2508      938.103      -2843.31      -1905.21      1.45117      197.475
406      22.736      1.24931      936.98      -2841.46      -1904.48      1.44766      197.484
407      22.792      1.24994      937.457      -2841.12      -1903.66      1.44417      197.494
408      22.848      1.25281      939.606      -2842.43      -1902.83      1.4407      197.503
409      22.904      1.25777      943.331      -2845.39      -1902.06      1.43725      197.513
410      22.96      1.26448      948.363      -2849.81      -1901.45      1.43382      197.523
411      23.016      1.27242      954.314      -2855.36      -1901.05      1.43041      197.534
412      23.072      1.281      960.749      -2861.61      -1900.86      1.42701      197.544
413      23.128      1.28967      967.252      -2868.13      -1900.88      1.42363      197.554
414      23.184      1.29795      973.466      -2874.53      -1901.06      1.42026      197.564
415      23.24      1.30549      979.117      -2880.49      -1901.38      1.41691      197.574
416      23.296      1.312      983.999      -2885.78      -1901.79      1.41357      197.583
417      23.352      1.3173      987.974      -2890.23      -1902.25      1.41024      197.592
418      23.408      1.3213      990.972      -2893.72      -1902.75      1.40693      197.6
419      23.464      1.32395      992.966      -2896.22      -1903.25      1.40362      197.607
420      23.52      1.32531      993.982      -2897.72      -1903.74      1.40033      197.614
421      23.576      1.32544      994.076      -2898.27      -1904.19      1.39705      197.621
422      23.632      1.32443      993.323      -2897.93      -1904.61      1.39378      197.626
423      23.688      1.32241      991.81      -2896.79      -1904.98      1.39051      197.631
424      23.744      1.3195      989.624      -2894.93      -1905.3      1.38726      197.635
425      23.8      1.31582      986.864      -2892.44      -1905.58      1.38402      197.638
426      23.856      1.31153      983.647      -2889.44      -1905.79      1.38079      197.641
427      23.912      1.30683      980.124      -2886.05      -1905.92      1.37757      197.642
428      23.968      1.30198      976.485      -2882.44      -1905.96      1.37435      197.643
429      24.024      1.29726      972.942      -2878.82      -1905.88      1.37115      197.643
430      24.08      1.29295      969.715      -2875.41      -1905.7      1.36796      197.642
431      24.136      1.28934      967.007      -2872.43      -1905.42      1.36477      197.641
432      24.192      1.28662      964.966      -2870.04      -1905.07      1.3616      197.638
433      24.248      1.28487      963.656      -2868.36      -1904.71      1.35843      197.635
434      24.304      1.28407      963.05      -2867.42      -1904.37      1.35527      197.631
435      24.36      1.28403      963.022      -2867.12      -1904.1      1.35212      197.626
436      24.416      1.2845      963.377      -2867.31      -1903.94      1.34898      197.62
437      24.472      1.28515      963.862      -2867.77      -1903.91      1.34585      197.614
438      24.528      1.28559      964.196      -2868.21      -1904.02      1.34273      197.607
439      24.584      1.28547      964.1      -2868.36      -1904.26      1.33962      197.599
440      24.64      1.28444      963.327      -2867.96      -1904.63      1.33652      197.591
441      24.696      1.28224      961.681      -2866.77      -1905.09      1.33343      197.582
442      24.752      1.27873      959.047      -2864.64      -1905.59      1.33034      197.572
443      24.808      1.27387      955.405      -2861.49      -1906.09      1.32727      197.562
444      24.864      1.26779      950.84      -2857.37      -1906.53      1.32421      197.551
445      24.92      1.26071      945.53      -2852.41      -1906.88      1.32116      197.541
446      24.976      1.25296      939.723      -2846.82      -1907.09      1.31813      197.529
447      25.032      1.24494      933.705      -2840.87      -1907.16      1.3151      197.518
448      25.088      1.23702      927.762      -2834.85      -1907.09      1.31209      197.506
449      25.144      1.22954      922.151      -2829.05      -1906.9      1.30909      197.494
450      25.2      1.22276      917.067      -2823.68      -1906.61      1.3061      197.482
451      25.256      1.21687      912.65      -2818.91      -1906.26      1.30312      197.47
452      25.312      1.21196      908.967      -2814.86      -1905.89      1.30016      197.457
453      25.368      1.20805      906.039      -2811.55      -1905.51      1.2972      197.445
454      25.424      1.20515      903.865      -2809      -1905.14      1.29426      197.432
455      25.48      1.20324      902.429      -2807.2      -1904.77      1.29134      197.419
456      25.536      1.20228      901.712      -2806.12      -1904.41      1.28842      197.406
457      25.592      1.20229      901.721      -2805.77      -1904.05      1.28552      197.393
458      25.648      1.20331      902.479      -2806.15      -1903.67      1.28262      197.38
459      25.704      1.20537      904.028      -2807.3      -1903.27      1.27974      197.367
460      25.76      1.20855      906.413      -2809.27      -1902.85      1.27687      197.353
461      25.816      1.21289      909.664      -2812.09      -1902.42      1.27401      197.339
462      25.872      1.21839      913.789      -2815.78      -1901.99      1.27116      197.325
463      25.928      1.22499      918.743      -2820.33      -1901.59      1.26833      197.311
464      25.984      1.23256      924.421      -2825.67      -1901.24      1.2655      197.297
465      26.04      1.24086      930.646      -2831.65      -1901      1.26268      197.282
466      26.096      1.24958      937.185      -2838.06      -1900.88      1.25988      197.267
467      26.152      1.25834      943.756      -2844.66      -1900.9      1.25709      197.252
468      26.208      1.26675      950.061      -2851.13      -1901.07      1.2543      197.237
469      26.264      1.27443      955.82      -2857.2      -1901.38      1.25153      197.222
470      26.32      1.28107      960.799      -2862.6      -1901.8      1.24877      197.206
471      26.376      1.28645      964.835      -2867.12      -1902.28      1.24603      197.191
472      26.432      1.29048      967.857      -2870.65      -1902.8      1.24329      197.176
473      26.488      1.29319      969.889      -2873.17      -1903.28      1.24057      197.162
474      26.544      1.29474      971.055      -2874.75      -1903.69      1.23786      197.147
475      26.6      1.29541      971.56      -2875.55      -1903.99      1.23517      197.133
476      26.656      1.29553      971.644      -2875.82      -1904.17      1.23249      197.119
477      26.712      1.29539      971.539      -2875.78      -1904.24      1.22982      197.106
478      26.768      1.2952      971.397      -2875.64      -1904.25      1.22717      197.094
479      26.824      1.29499      971.24      -2875.5      -1904.26      1.22454      197.082
480      26.88      1.29462      970.965      -2875.3      -1904.34      1.22192      197.071
481      26.936      1.29384      970.376      -2874.89      -1904.52      1.21931      197.06
482      26.992      1.29234      969.259      -2874.06      -1904.8      1.21672      197.051
483      27.048      1.28992      967.439      -2872.61      -1905.17      1.21415      197.042
484      27.104      1.28646      964.841      -2870.4      -1905.56      1.21159      197.034
485      27.16      1.282      961.499      -2867.42      -1905.92      1.20905      197.027
486      27.216      1.27674      957.554      -2863.75      -1906.2      1.20653      197.022
487      27.272      1.27097      953.23      -2859.59      -1906.36      1.20402      197.017
488      27.328      1.26505      948.787      -2855.17      -1906.38      1.20153      197.013
489      27.384      1.2593      944.472      -2850.76      -1906.29      1.19906      197.01
490      27.44      1.25398      940.487      -2846.59      -1906.11      1.1966      197.008
491      27.496      1.24928      936.964      -2842.83      -1905.86      1.19416      197.008
492      27.552      1.24529      933.969      -2839.56      -1905.59      1.19173      197.008
493      27.608      1.242      931.503      -2836.83      -1905.33      1.18932      197.009
494      27.664      1.23938      929.539      -2834.62      -1905.08      1.18693      197.011
495      27.72      1.23738      928.039      -2832.9      -1904.86      1.18455      197.014
496      27.776      1.23596      926.968      -2831.62      -1904.65      1.18218      197.017
497      27.832      1.23507      926.303      -2830.75      -1904.45      1.17983      197.022
498      27.888      1.2347      926.026      -2830.29      -1904.26      1.17749      197.026
499      27.944      1.2348      926.103      -2830.2      -1904.09      1.17516      197.032
500      28      1.2353      926.478      -2830.43      -1903.95      1.17284      197.037
501      28.056      1.23608      927.056      -2830.92      -1903.87      1.17054      197.043
502      28.112      1.23696      927.723      -2831.56      -1903.84      1.16824      197.05
503      28.168      1.2378      928.348      -2832.23      -1903.88      1.16596      197.056
504      28.224      1.23842      928.812      -2832.79      -1903.97      1.16368      197.062
505      28.28      1.23867      929.006      -2833.13      -1904.12      1.16141      197.067
506      28.336      1.23848      928.862      -2833.16      -1904.3      1.15914      197.073
507      28.392      1.23779      928.344      -2832.83      -1904.48      1.15688      197.078
508      28.448      1.23663      927.472      -2832.12      -1904.65      1.15463      197.082
509      28.504      1.23509      926.32      -2831.1      -1904.78      1.15238      197.085
510      28.56      1.23335      925.012      -2829.84      -1904.83      1.15014      197.088
511      28.616      1.23164      923.726      -2828.52      -1904.79      1.1479      197.09
512      28.672      1.23026      922.698      -2827.33      -1904.63      1.14566      197.091
513      28.728      1.22958      922.185      -2826.52      -1904.34      1.14343      197.091
514      28.784      1.22992      922.439      -2826.36      -1903.92      1.1412      197.09
515      28.84      1.23154      923.658      -2827.08      -1903.42      1.13897      197.088
516      28.896      1.23462      925.964      -2828.83      -1902.86      1.13675      197.085
517      28.952      1.23916      929.369      -2831.69      -1902.32      1.13453      197.081
518      29.008      1.24504      933.778      -2835.61      -1901.83      1.13231      197.076
519      29.064      1.25204      939.028      -2840.47      -1901.44      1.1301      197.07
520      29.12      1.25987      944.904      -2846.06      -1901.15      1.12789      197.064
521      29.176      1.26825      951.185      -2852.17      -1900.98      1.12568      197.057
522      29.232      1.27686      957.648      -2858.57      -1900.92      1.12348      197.05
523      29.288      1.28544      964.083      -2865.05      -1900.97      1.12129      197.042
524      29.344      1.29372      970.29      -2871.4      -1901.11      1.1191      197.034
525      29.4      1.30142      976.067      -2877.42      -1901.35      1.11693      197.026
526      29.456      1.3083      981.225      -2882.91      -1901.69      1.11476      197.018
527      29.512      1.31411      985.583      -2887.7      -1902.11      1.1126      197.01
528      29.568      1.31865      988.985      -2891.6      -1902.61      1.11044      197.002
529      29.624      1.32173      991.298      -2894.47      -1903.17      1.1083      196.994
530      29.68      1.32325      992.441      -2896.2      -1903.76      1.10617      196.987
531      29.736      1.32319      992.39      -2896.74      -1904.35      1.10405      196.98
532      29.792      1.3216      991.199      -2896.11      -1904.91      1.10194      196.974
533      29.848      1.31866      988.991      -2894.39      -1905.39      1.09984      196.968
534      29.904      1.31464      985.978      -2891.74      -1905.76      1.09775      196.962
535      29.96      1.30991      982.433      -2888.42      -1905.99      1.09567      196.957
536      30.016      1.30492      978.692      -2884.73      -1906.04      1.0936      196.952
537      30.072      1.30015      975.115      -2881.02      -1905.91      1.09153      196.948
538      30.128      1.29606      972.046      -2877.66      -1905.61      1.08948      196.943
539      30.184      1.29304      969.782      -2874.95      -1905.17      1.08744      196.939
540      30.24      1.29139      968.541      -2873.18      -1904.64      1.0854      196.935
541      30.296      1.29123      968.424      -2872.49      -1904.07      1.08337      196.931
542      30.352      1.29255      969.415      -2872.94      -1903.52      1.08135      196.927
543      30.408      1.29516      971.373      -2874.44      -1903.07      1.07934      196.923
544      30.464      1.29874      974.054      -2876.79      -1902.74      1.07733      196.919
545      30.52      1.30286      977.149      -2879.72      -1902.57      1.07533      196.915
546      30.576      1.30713      980.346      -2882.91      -1902.56      1.07334      196.912
547      30.632      1.31118      983.386      -2886.06      -1902.67      1.07136      196.908
548      30.688      1.31479      986.091      -2888.95      -1902.86      1.06939      196.905
549      30.744      1.31785      988.387      -2891.46      -1903.07      1.06743      196.902
550      30.8      1.32039      990.289      -2893.55      -1903.26      1.06547      196.9
551      30.856      1.3225      991.872      -2895.29      -1903.41      1.06353      196.897
552      30.912      1.32431      993.232      -2896.75      -1903.52      1.06159      196.895
553      30.968      1.32592      994.439      -2898.03      -1903.59      1.05966      196.894
554      31.024      1.32737      995.527      -2899.17      -1903.65      1.05774      196.892
555      31.08      1.32863      996.474      -2900.2      -1903.72      1.05583      196.891
556      31.136      1.32961      997.209      -2901.05      -1903.84      1.05392      196.89
557      31.192      1.3302      997.652      -2901.64      -1903.99      1.05203      196.889
558      31.248      1.33034      997.756      -2901.92      -1904.17      1.05013      196.888
559      31.304      1.33003      997.523      -2901.85      -1904.33      1.04825      196.887
560      31.36      1.32937      997.031      -2901.48      -1904.44      1.04637      196.886
561      31.416      1.32858      996.431      -2900.91      -1904.48      1.0445      196.885
562      31.472      1.3279      995.922      -2900.33      -1904.41      1.04264      196.883
563      31.528      1.32761      995.706      -2899.95      -1904.24      1.04078      196.882
564      31.584      1.32793      995.949      -2899.95      -1904      1.03893      196.881
565      31.64      1.32899      996.741      -2900.46      -1903.72      1.03708      196.88
566      31.696      1.33076      998.071      -2901.53      -1903.46      1.03524      196.878
567      31.752      1.33312      999.842      -2903.1      -1903.26      1.03341      196.877
568      31.808      1.33581      1001.86      -2905.03      -1903.17      1.03158      196.876
569      31.864      1.33847      1003.86      -2907.07      -1903.21      1.02976      196.875
570      31.92      1.34069      1005.52      -2908.94      -1903.42      1.02795      196.874
571      31.976      1.34203      1006.52      -2910.31      -1903.79      1.02615      196.873
572      32.032      1.34202      1006.52      -2910.85      -1904.33      1.02435      196.873
573      32.088      1.3403      1005.22      -2910.23      -1905.01      1.02256      196.872
574      32.144      1.33655      1002.42      -2908.2      -1905.78      1.02078      196.872
575      32.2      1.33063      997.976      -2904.58      -1906.6      1.01901      196.873
576      32.256      1.32255      991.913      -2899.31      -1907.4      1.01724      196.873
577      32.312      1.31249      984.366      -2892.48      -1908.11      1.01549      196.874
578      32.368      1.30082      975.612      -2884.28      -1908.67      1.01373      196.875
579      32.424      1.28806      966.046      -2875.06      -1909.01      1.01199      196.876
580      32.48      1.27485      956.141      -2865.26      -1909.12      1.01025      196.878
581      32.536      1.26187      946.405      -2855.37      -1908.96      1.00852      196.879
582      32.592      1.24977      937.327      -2845.9      -1908.57      1.00679      196.881
583      32.648      1.23911      929.329      -2837.31      -1907.98      1.00507      196.882
584      32.704      1.23031      922.735      -2829.97      -1907.24      1.00336      196.884
585      32.76      1.22367      917.75      -2824.16      -1906.41      1.00166      196.885
586      32.816      1.21928      914.461      -2820.02      -1905.56      0.999955      196.887
587      32.872      1.21712      912.842      -2817.57      -1904.73      0.998262      196.889
588      32.928      1.21703      912.773      -2816.74      -1903.97      0.996575      196.891
589      32.984      1.21874      914.054      -2817.38      -1903.32      0.994895      196.894
590      33.04      1.2219      916.422      -2819.24      -1902.82      0.993221      196.896
591      33.096      1.2261      919.574      -2822.04      -1902.46      0.991554      196.899
592      33.152      1.23093      923.199      -2825.47      -1902.27      0.989894      196.902
593      33.208      1.23601      927.004      -2829.22      -1902.21      0.988241      196.905
594      33.264      1.24098      930.734      -2833.02      -1902.28      0.986594      196.908
595      33.32      1.24557      934.176      -2836.63      -1902.45      0.984954      196.912
596      33.376      1.24955      937.16      -2839.86      -1902.7      0.98332      196.916
597      33.432      1.25272      939.541      -2842.56      -1903.02      0.981692      196.92
598      33.488      1.25491      941.185      -2844.59      -1903.41      0.980071      196.924
599      33.544      1.25596      941.972      -2845.82      -1903.85      0.978455      196.928
600      33.6      1.25575      941.809      -2846.14      -1904.33      0.976845      196.932
601      33.656      1.25422      940.662      -2845.49      -1904.82      0.975241      196.936
602      33.712      1.25145      938.589      -2843.86      -1905.27      0.973642      196.941
603      33.768      1.24768      935.763      -2841.38      -1905.62      0.972049      196.945
604      33.824      1.24327      932.449      -2838.28      -1905.83      0.970462      196.949
605      33.88      1.23862      928.962      -2834.84      -1905.87      0.96888      196.954
606      33.936      1.23415      925.609      -2831.38      -1905.77      0.967303      196.958
607      33.992      1.23019      922.645      -2828.19      -1905.55      0.965732      196.963
608      34.048      1.227      920.248      -2825.5      -1905.25      0.964166      196.968
609      34.104      1.22472      918.54      -2823.43      -1904.89      0.962606      196.972
610      34.16      1.22346      917.592      -2822.1      -1904.51      0.961051      196.977
611      34.216      1.22326      917.445      -2821.55      -1904.1      0.959502      196.982
612      34.272      1.22417      918.126      -2821.81      -1903.69      0.957959      196.987
613      34.328      1.2262      919.652      -2822.92      -1903.27      0.95642      196.992
614      34.384      1.22936      922.018      -2824.87      -1902.85      0.954887      196.997
615      34.44      1.2336      925.2      -2827.65      -1902.45      0.953359      197.002
616      34.496      1.23885      929.137      -2831.22      -1902.09      0.951836      197.007
617      34.552      1.24496      933.717      -2835.5      -1901.79      0.950317      197.012
618      34.608      1.2517      938.774      -2840.35      -1901.57      0.948804      197.017
619      34.664      1.25879      944.09      -2845.57      -1901.48      0.947294      197.022
620      34.72      1.26588      949.408      -2850.92      -1901.51      0.945789      197.027
621      34.776      1.27261      954.46      -2856.14      -1901.68      0.944289      197.031
622      34.832      1.27864      958.981      -2860.96      -1901.98      0.942792      197.036
623      34.888      1.28365      962.737      -2865.13      -1902.39      0.941299      197.04
624      34.944      1.28741      965.56      -2868.44      -1902.88      0.939811      197.044
625      35      1.28981      967.36      -2870.75      -1903.39      0.938326      197.048
626      35.056      1.29085      968.134      -2872.04      -1903.9      0.936846      197.052
627      35.112      1.29064      967.983      -2872.33      -1904.35      0.935369      197.056
628      35.168      1.28944      967.084      -2871.78      -1904.7      0.933897      197.06
629      35.224      1.28756      965.672      -2870.59      -1904.92      0.932428      197.063
630      35.28      1.28533      964      -2869.02      -1905.02      0.930965      197.067
631      35.336      1.28307      962.301      -2867.31      -1905.01      0.929505      197.07
632      35.392      1.281      960.752      -2865.67      -1904.91      0.92805      197.073
633      35.448      1.27926      959.449      -2864.23      -1904.78      0.9266      197.077
634      35.504      1.27788      958.407      -2863.06      -1904.65      0.925154      197.08
635      35.56      1.27678      957.582      -2862.13      -1904.55      0.923714      197.084
636      35.616      1.27585      956.887      -2861.38      -1904.49      0.922277      197.087
637      35.672      1.27498      956.235      -2860.71      -1904.47      0.920846      197.09
638      35.728      1.27408      955.562      -2860.05      -1904.49      0.919419      197.094
639      35.784      1.27315      954.863      -2859.36      -1904.49      0.917996      197.098
640      35.84      1.27226      954.191      -2858.66      -1904.47      0.916579      197.101
641      35.896      1.27154      953.653      -2858.04      -1904.39      0.915166      197.105
642      35.952      1.27117      953.381      -2857.62      -1904.24      0.913757      197.108
643      36.008      1.27133      953.499      -2857.53      -1904.03      0.912352      197.112
644      36.064      1.27213      954.098      -2857.88      -1903.78      0.910952      197.116
645      36.12      1.27359      955.193      -2858.73      -1903.54      0.909557      197.119
646      36.176      1.27564      956.728      -2860.05      -1903.33      0.908165      197.123
647      36.232      1.27815      958.612      -2861.78      -1903.17      0.906778      197.126
648      36.288      1.28095      960.711      -2863.79      -1903.08      0.905395      197.13
649      36.344      1.28387      962.903      -2865.95      -1903.05      0.904016      197.133
650      36.4      1.28678      965.088      -2868.16      -1903.07      0.902642      197.137
651      36.456      1.28958      967.187      -2870.31      -1903.12      0.901272      197.141
652      36.512      1.29219      969.146      -2872.35      -1903.2      0.899906      197.144
653      36.568      1.29456      970.921      -2874.22      -1903.3      0.898544      197.148
654      36.624      1.29663      972.471      -2875.89      -1903.42      0.897187      197.152
655      36.68      1.29833      973.751      -2877.31      -1903.56      0.895835      197.155
656      36.736      1.29964      974.732      -2878.44      -1903.71      0.894486      197.159
657      36.792      1.30053      975.398      -2879.27      -1903.87      0.893142      197.163
658      36.848      1.301      975.753      -2879.77      -1904.02      0.891802      197.167
659      36.904      1.30109      975.816      -2879.98      -1904.16      0.890466      197.171
660      36.96      1.30082      975.616      -2879.9      -1904.29      0.889134      197.174
661      37.016      1.30022      975.168      -2879.58      -1904.41      0.887805      197.178
662      37.072      1.29932      974.491      -2879.01      -1904.52      0.886479      197.181
663      37.128      1.29813      973.595      -2878.22      -1904.62      0.885157      197.185
664      37.184      1.29666      972.492      -2877.21      -1904.72      0.883837      197.188
665      37.24      1.29494      971.202      -2876.01      -1904.81      0.88252      197.19
666      37.296      1.29301      969.759      -2874.64      -1904.88      0.881206      197.193
667      37.352      1.29094      968.202      -2873.13      -1904.93      0.879895      197.195
668      37.408      1.28875      966.561      -2871.53      -1904.97      0.878587      197.197
669      37.464      1.28649      964.864      -2869.86      -1904.99      0.877281      197.199
670      37.52      1.28418      963.135      -2868.14      -1905      0.875979      197.2
671      37.576      1.28187      961.403      -2866.4      -1905      0.87468      197.202
672      37.632      1.27964      959.729      -2864.69      -1904.96      0.873385      197.203
673      37.688      1.27763      958.221      -2863.08      -1904.86      0.872094      197.205
674      37.744      1.27605      957.039      -2861.71      -1904.67      0.870806      197.206
675      37.8      1.27519      956.395      -2860.77      -1904.37      0.869523      197.208
676      37.856      1.27535      956.515      -2860.48      -1903.96      0.868245      197.21
677      37.912      1.27681      957.61      -2861.06      -1903.45      0.866972      197.212
678      37.968      1.27976      959.823      -2862.71      -1902.88      0.865703      197.214
679      38.024      1.28425      963.187      -2865.5      -1902.31      0.864439      197.217
680      38.08      1.29015      967.616      -2869.42      -1901.8      0.863181      197.22
681      38.136      1.29722      972.919      -2874.31      -1901.39      0.861928      197.223
682      38.192      1.30509      978.819      -2879.95      -1901.13      0.860679      197.226
683      38.248      1.31332      984.993      -2886.03      -1901.04      0.859436      197.23
684      38.304      1.32148      991.11      -2892.22      -1901.11      0.858197      197.234
685      38.36      1.32912      996.838      -2898.19      -1901.35      0.856963      197.239
686      38.416      1.33581      1001.86      -2903.6      -1901.74      0.855732      197.243
687      38.472      1.34117      1005.88      -2908.15      -1902.27      0.854506      197.247
688      38.528      1.34493      1008.69      -2911.59      -1902.9      0.853283      197.252
689      38.584      1.34689      1010.17      -2913.75      -1903.58      0.852062      197.256
690      38.64      1.34701      1010.26      -2914.53      -1904.27      0.850844      197.26
691      38.696      1.34537      1009.03      -2913.95      -1904.92      0.849627      197.263
692      38.752      1.34208      1006.56      -2912.08      -1905.52      0.848412      197.266
693      38.808      1.33727      1002.95      -2909.03      -1906.08      0.847198      197.268
694      38.864      1.33105      998.291      -2904.88      -1906.59      0.845985      197.27
695      38.92      1.32356      992.672      -2899.72      -1907.05      0.844773      197.271
696      38.976      1.315      986.25      -2893.67      -1907.43      0.843561      197.272
697      39.032      1.30573      979.296      -2886.94      -1907.65      0.842349      197.271
698      39.088      1.2963      972.225      -2879.87      -1907.65      0.841138      197.27
699      39.144      1.28742      965.565      -2872.94      -1907.37      0.839927      197.269
700      39.2      1.27984      959.878      -2866.7      -1906.82      0.838716      197.266
701      39.256      1.27421      955.654      -2861.69      -1906.04      0.837506      197.263
702      39.312      1.27095      953.21      -2858.34      -1905.13      0.836296      197.259
703      39.368      1.27018      952.632      -2856.83      -1904.2      0.835087      197.254
704      39.424      1.27168      953.759      -2857.14      -1903.38      0.833879      197.249
705      39.48      1.27498      956.231      -2859      -1902.77      0.832671      197.243
706      39.536      1.27941      959.559      -2861.97      -1902.41      0.831465      197.237
707      39.592      1.28427      963.203      -2865.52      -1902.32      0.83026      197.23
708      39.648      1.28886      966.644      -2869.13      -1902.49      0.829056      197.222
709      39.704      1.29259      969.446      -2872.3      -1902.86      0.827854      197.215
710      39.76      1.29505      971.288      -2874.66      -1903.37      0.826653      197.206
711      39.816      1.29598      971.982      -2875.95      -1903.97      0.825454      197.198
712      39.872      1.2953      971.476      -2876.05      -1904.57      0.824256      197.188
713      39.928      1.29312      969.843      -2874.96      -1905.12      0.823061      197.179
714      39.984      1.28967      967.251      -2872.83      -1905.58      0.821867      197.169
715      40.04      1.28525      963.936      -2869.84      -1905.91      0.820675      197.159
716      40.096      1.28022      960.163      -2866.27      -1906.1      0.819484      197.148
717      40.152      1.27494      956.206      -2862.37      -1906.16      0.818296      197.137
718      40.208      1.26973      952.301      -2858.41      -1906.11      0.817109      197.126
719      40.264      1.26484      948.631      -2854.6      -1905.97      0.815924      197.114
720      40.32      1.26042      945.314      -2851.1      -1905.79      0.814741      197.102
721      40.376      1.25652      942.387      -2847.98      -1905.59      0.81356      197.09
722      40.432      1.2531      939.823      -2845.23      -1905.41      0.812381      197.077
723      40.488      1.25006      937.543      -2842.82      -1905.28      0.811204      197.064
724      40.544      1.24725      935.437      -2840.64      -1905.21      0.810029      197.051
725      40.6      1.24453      933.394      -2838.58      -1905.19      0.808856      197.037
726      40.656      1.24176      931.324      -2836.53      -1905.21      0.807685      197.023
727      40.712      1.2389      929.172      -2834.42      -1905.25      0.806517      197.009
728      40.768      1.23591      926.934      -2832.22      -1905.29      0.805351      196.995
729      40.824      1.23285      924.638      -2829.95      -1905.31      0.804188      196.981
730      40.88      1.2298      922.353      -2827.65      -1905.29      0.803027      196.966
731      40.936      1.22691      920.179      -2825.4      -1905.22      0.801869      196.952
732      40.992      1.22432      918.24      -2823.33      -1905.09      0.800714      196.937
733      41.048      1.22224      916.679      -2821.56      -1904.88      0.799563      196.923
734      41.104      1.22085      915.637      -2820.24      -1904.6      0.798415      196.908
735      41.16      1.22031      915.23      -2819.5      -1904.27      0.79727      196.894
736      41.216      1.22072      915.536      -2819.44      -1903.9      0.796129      196.88
737      41.272      1.22211      916.58      -2820.11      -1903.53      0.794992      196.865
738      41.328      1.22443      918.321      -2821.51      -1903.19      0.793859      196.852
739      41.384      1.22756      920.672      -2823.57      -1902.9      0.792731      196.838
740      41.44      1.23133      923.496      -2826.18      -1902.68      0.791607      196.825
741      41.496      1.2355      926.624      -2829.17      -1902.55      0.790487      196.812
742      41.552      1.23984      929.883      -2832.39      -1902.5      0.789373      196.8
743      41.608      1.24415      933.112      -2835.65      -1902.54      0.788263      196.788
744      41.664      1.24825      936.186      -2838.81      -1902.63      0.787159      196.777
745      41.72      1.25204      939.029      -2841.78      -1902.75      0.786059      196.766
746      41.776      1.25549      941.617      -2844.5      -1902.88      0.784965      196.756
747      41.832      1.25862      943.963      -2846.96      -1903      0.783875      196.746
748      41.888      1.26146      946.098      -2849.2      -1903.1      0.78279      196.737
749      41.944      1.26407      948.051      -2851.24      -1903.19      0.781711      196.728
750      42      1.26645      949.836      -2853.11      -1903.28      0.780635      196.72
751      42.056      1.26859      951.445      -2854.82      -1903.37      0.779564      196.712
752      42.112      1.27046      952.844      -2856.33      -1903.49      0.778498      196.705
753      42.168      1.27196      953.972      -2857.61      -1903.63      0.777435      196.697
754      42.224      1.27301      954.754      -2858.57      -1903.82      0.776376      196.69
755      42.28      1.2735      955.122      -2859.16      -1904.04      0.77532      196.683
756      42.336      1.27337      955.024      -2859.3      -1904.28      0.774267      196.676
757      42.392      1.27259      954.445      -2858.96      -1904.52      0.773218      196.669
758      42.448      1.27121      953.406      -2858.15      -1904.75      0.772171      196.663
759      42.504      1.26928      951.961      -2856.9      -1904.94      0.771126      196.656
760      42.56      1.26694      950.202      -2855.29      -1905.09      0.770085      196.649
761      42.616      1.26433      948.249      -2853.42      -1905.17      0.769045      196.642
762      42.672      1.26165      946.241      -2851.42      -1905.18      0.768007      196.634
763      42.728      1.25911      944.334      -2849.45      -1905.11      0.766972      196.627
764      42.784      1.25692      942.69      -2847.65      -1904.96      0.765939      196.62
765      42.84      1.25525      941.439      -2846.19      -1904.75      0.764909      196.612
766      42.896      1.25425      940.689      -2845.18      -1904.49      0.76388      196.604
767      42.952      1.254      940.499      -2844.71      -1904.21      0.762854      196.597
768      43.008      1.25449      940.868      -2844.8      -1903.93      0.761831      196.589
769      43.064      1.25564      941.731      -2845.43      -1903.69      0.76081      196.581
770      43.12      1.25731      942.986      -2846.5      -1903.51      0.759792      196.573
771      43.176      1.25934      944.502      -2847.9      -1903.4      0.758776      196.565
772      43.232      1.26151      946.134      -2849.49      -1903.36      0.757763      196.558
773      43.288      1.26367      947.75      -2851.13      -1903.38      0.756753      196.55
774      43.344      1.26563      949.223      -2852.69      -1903.47      0.755745      196.542
775      43.4      1.26725      950.434      -2854.05      -1903.61      0.75474      196.534
776      43.456      1.26838      951.287      -2855.09      -1903.8      0.753738      196.527
777      43.512      1.26895      951.712      -2855.74      -1904.02      0.752739      196.519
778      43.568      1.26889      951.667      -2855.93      -1904.26      0.751742      196.511
779      43.624      1.26822      951.166      -2855.65      -1904.48      0.750747      196.504
780      43.68      1.26701      950.255      -2854.93      -1904.68      0.749756      196.496
781      43.736      1.26535      949.013      -2853.84      -1904.83      0.748766      196.488
782      43.792      1.26339      947.539      -2852.47      -1904.93      0.74778      196.481
783      43.848      1.26123      945.924      -2850.92      -1904.99      0.746797      196.473
784      43.904      1.25898      944.235      -2849.26      -1905.02      0.745816      196.466
785      43.96      1.25668      942.508      -2847.54      -1905.04      0.744839      196.459
786      44.016      1.25435      940.76      -2845.8      -1905.04      0.743865      196.452
787      44.072      1.25201      939.008      -2844.04      -1905.04      0.742894      196.445
788      44.128      1.24973      937.299      -2842.3      -1905.01      0.741926      196.438
789      44.184      1.24764      935.726      -2840.65      -1904.92      0.740962      196.432
790      44.24      1.2459      934.427      -2839.19      -1904.76      0.740002      196.426
791      44.296      1.24477      933.577      -2838.1      -1904.52      0.739045      196.421
792      44.352      1.24448      933.358      -2837.54      -1904.18      0.738093      196.415
793      44.408      1.24523      933.926      -2837.7      -1903.77      0.737144      196.41
794      44.464      1.24717      935.379      -2838.7      -1903.32      0.736199      196.406
795      44.52      1.25031      937.731      -2840.61      -1902.88      0.735258      196.402
796      44.576      1.25454      940.908      -2843.39      -1902.48      0.734321      196.399
797      44.632      1.25969      944.766      -2846.93      -1902.16      0.733389      196.396
798      44.688      1.26548      949.113      -2851.06      -1901.94      0.73246      196.393
799      44.744      1.27166      953.742      -2855.57      -1901.83      0.731536      196.391
800      44.8      1.27793      958.449      -2860.27      -1901.82      0.730617      196.39
801      44.856      1.28409      963.064      -2864.95      -1901.89      0.729702      196.389
802      44.912      1.28991      967.432      -2869.46      -1902.03      0.728791      196.389
803      44.968      1.29522      971.416      -2873.66      -1902.24      0.727886      196.389
804      45.024      1.29985      974.886      -2877.4      -1902.52      0.726985      196.391
805      45.08      1.30361      977.706      -2880.56      -1902.86      0.726089      196.393
806      45.136      1.30635      979.762      -2883.02      -1903.26      0.725199      196.395
807      45.192      1.30798      980.983      -2884.66      -1903.68      0.724314      196.399
808      45.248      1.30847      981.351      -2885.46      -1904.11      0.723434      196.404
809      45.304      1.3079      980.927      -2885.42      -1904.49      0.722559      196.409
810      45.36      1.30644      979.832      -2884.65      -1904.82      0.72169      196.415
811      45.416      1.3043      978.227      -2883.28      -1905.05      0.720827      196.423
812      45.472      1.30172      976.29      -2881.49      -1905.2      0.71997      196.431
813      45.528      1.2989      974.174      -2879.44      -1905.27      0.719118      196.44
814      45.584      1.29599      971.994      -2877.29      -1905.29      0.718272      196.45
815      45.64      1.29309      969.816      -2875.1      -1905.28      0.717431      196.461
816      45.696      1.2902      967.654      -2872.93      -1905.28      0.716596      196.473
817      45.752      1.28731      965.481      -2870.76      -1905.28      0.715767      196.487
818      45.808      1.28432      963.243      -2868.56      -1905.32      0.714943      196.501
819      45.864      1.28118      960.883      -2866.27      -1905.38      0.714125      196.516
820      45.92      1.27782      958.366      -2863.83      -1905.46      0.713311      196.532
821      45.976      1.27425      955.688      -2861.22      -1905.53      0.712503      196.548
822      46.032      1.27051      952.885      -2858.47      -1905.59      0.711699      196.566
823      46.088      1.26672      950.04      -2855.63      -1905.59      0.7109      196.584
824      46.144      1.26303      947.269      -2852.8      -1905.53      0.710105      196.603
825      46.2      1.25962      944.716      -2850.12      -1905.41      0.709314      196.622
826      46.256      1.2567      942.528      -2847.73      -1905.2      0.708527      196.642
827      46.312      1.25447      940.854      -2845.78      -1904.92      0.707744      196.662
828      46.368      1.25309      939.817      -2844.41      -1904.59      0.706963      196.683
829      46.424      1.25267      939.502      -2843.72      -1904.22      0.706185      196.704
830      46.48      1.25325      939.939      -2843.79      -1903.85      0.70541      196.725
831      46.536      1.2548      941.101      -2844.59      -1903.49      0.704637      196.746
832      46.592      1.25722      942.914      -2846.09      -1903.18      0.703866      196.767
833      46.648      1.26036      945.267      -2848.19      -1902.92      0.703097      196.788
834      46.704      1.26405      948.04      -2850.77      -1902.73      0.70233      196.81
835      46.76      1.26815      951.112      -2853.71      -1902.6      0.701563      196.831
836      46.816      1.27248      954.358      -2856.88      -1902.53      0.700798      196.851
837      46.872      1.27688      957.658      -2860.18      -1902.52      0.700034      196.872
838      46.928      1.28117      960.878      -2863.46      -1902.58      0.69927      196.892
839      46.984      1.28518      963.882      -2866.59      -1902.71      0.698507      196.912
840      47.04      1.28872      966.539      -2869.44      -1902.9      0.697745      196.932
841      47.096      1.29164      968.731      -2871.88      -1903.15      0.696984      196.951
842      47.152      1.29382      970.366      -2873.8      -1903.44      0.696224      196.97
843      47.208      1.29519      971.394      -2875.14      -1903.75      0.695464      196.989
844      47.264      1.29573      971.795      -2875.86      -1904.06      0.694705      197.007
845      47.32      1.29545      971.588      -2875.95      -1904.36      0.693947      197.025
846      47.376      1.29442      970.816      -2875.46      -1904.64      0.69319      197.043
847      47.432      1.29274      969.552      -2874.43      -1904.88      0.692434      197.061
848      47.488      1.29054      967.904      -2872.96      -1905.05      0.691679      197.079
849      47.544      1.28802      966.012      -2871.17      -1905.16      0.690926      197.096
850      47.6      1.28539      964.044      -2869.22      -1905.17      0.690173      197.114
851      47.656      1.28291      962.185      -2867.28      -1905.09      0.689423      197.131
852      47.712      1.28083      960.625      -2865.55      -1904.92      0.688673      197.148
853      47.768      1.27937      959.526      -2864.2      -1904.67      0.687925      197.165
854      47.824      1.27869      959.019      -2863.38      -1904.36      0.687179      197.182
855      47.88      1.27892      959.191      -2863.21      -1904.02      0.686434      197.199
856      47.936      1.28009      960.069      -2863.73      -1903.67      0.685691      197.216
857      47.992      1.28217      961.631      -2864.96      -1903.33      0.684949      197.232
858      48.048      1.28507      963.801      -2866.84      -1903.04      0.684209      197.249
859      48.104      1.28859      966.443      -2869.27      -1902.83      0.68347      197.266
860      48.16      1.29249      969.364      -2872.08      -1902.71      0.682734      197.283
861      48.216      1.29644      972.329      -2875.05      -1902.72      0.681998      197.299
862      48.272      1.30012      975.087      -2877.95      -1902.86      0.681264      197.316
863      48.328      1.3032      977.399      -2880.51      -1903.11      0.680531      197.332
864      48.384      1.30544      979.082      -2882.52      -1903.44      0.679798      197.348
865      48.44      1.30672      980.04      -2883.85      -1903.81      0.679067      197.364
866      48.496      1.30703      980.271      -2884.44      -1904.17      0.678335      197.379
867      48.552      1.30647      979.849      -2884.34      -1904.49      0.677604      197.394
868      48.608      1.30518      978.888      -2883.63      -1904.74      0.676873      197.409
869      48.664      1.30334      977.504      -2882.44      -1904.94      0.676141      197.422
870      48.72      1.30104      975.779      -2880.88      -1905.1      0.675408      197.435
871      48.776      1.29832      973.743      -2879      -1905.26      0.674675      197.448
872      48.832      1.29516      971.372      -2876.8      -1905.43      0.673942      197.46
873      48.888      1.29146      968.593      -2874.23      -1905.64      0.673208      197.471
874      48.944      1.28708      965.308      -2871.21      -1905.9      0.672473      197.481
875      49      1.28191      961.434      -2867.64      -1906.2      0.671737      197.491
876      49.056      1.27587      956.902      -2863.43      -1906.53      0.671001      197.5
877      49.112      1.26893      951.695      -2858.55      -1906.86      0.670264      197.508
878      49.168      1.26115      945.862      -2853.02      -1907.16      0.669526      197.516
879      49.224      1.2527      939.527      -2846.91      -1907.38      0.668788      197.523
880      49.28      1.24387      932.9      -2840.38      -1907.48      0.66805      197.529
881      49.336      1.23504      926.279      -2833.71      -1907.43      0.667311      197.535
882      49.392      1.22674      920.054      -2827.22      -1907.17      0.666572      197.54
883      49.448      1.21958      914.685      -2821.36      -1906.67      0.665833      197.545
884      49.504      1.21422      910.662      -2816.6      -1905.94      0.665093      197.549
885      49.56      1.21125      908.437      -2813.42      -1904.98      0.664354      197.552
886      49.616      1.21108      908.311      -2812.22      -1903.91      0.663615      197.555
887      49.672      1.21381      910.359      -2813.19      -1902.83      0.662876      197.558
888      49.728      1.21918      914.382      -2816.26      -1901.88      0.662138      197.561
889      49.784      1.2266      919.949      -2821.12      -1901.17      0.6614      197.563
890      49.84      1.23532      926.492      -2827.26      -1900.76      0.660663      197.565
891      49.896      1.24455      933.416      -2834.07      -1900.65      0.659927      197.566
892      49.952      1.25358      940.184      -2840.98      -1900.79      0.659192      197.568
893      50.008      1.26184      946.381      -2847.51      -1901.12      0.658457      197.569
894      50.064      1.26898      951.737      -2853.31      -1901.58      0.657724      197.57
895      50.12      1.27484      956.129      -2858.2      -1902.07      0.656992      197.571
896      50.176      1.27943      959.571      -2862.11      -1902.54      0.656261      197.571
897      50.232      1.28291      962.183      -2865.12      -1902.94      0.655531      197.572
898      50.288      1.28556      964.172      -2867.4      -1903.23      0.654803      197.572
899      50.344      1.28771      965.779      -2869.17      -1903.39      0.654076      197.573
900      50.4      1.28965      967.237      -2870.68      -1903.44      0.65335      197.573
901      50.456      1.29162      968.715      -2872.13      -1903.42      0.652626      197.573
902      50.512      1.29372      970.293      -2873.66      -1903.37      0.651903      197.574
903      50.568      1.29595      971.962      -2875.29      -1903.33      0.651182      197.574
904      50.624      1.29819      973.639      -2876.98      -1903.34      0.650463      197.574
905      50.68      1.30027      975.203      -2878.62      -1903.41      0.649746      197.575
906      50.736      1.30203      976.521      -2880.07      -1903.55      0.64903      197.575
907      50.792      1.30329      977.468      -2881.22      -1903.75      0.648317      197.576
908      50.848      1.30393      977.95      -2881.95      -1904      0.647606      197.577
909      50.904      1.30387      977.901      -2882.17      -1904.27      0.646896      197.578
910      50.96      1.30304      977.28      -2881.84      -1904.56      0.646189      197.579
911      51.016      1.30142      976.067      -2880.93      -1904.86      0.645484      197.58
912      51.072      1.29899      974.242      -2879.41      -1905.17      0.644782      197.582
913      51.128      1.29571      971.784      -2877.28      -1905.49      0.644081      197.583
914      51.184      1.29154      968.655      -2874.49      -1905.83      0.643383      197.585
915      51.24      1.28642      964.818      -2871      -1906.19      0.642686      197.587
916      51.296      1.28033      960.244      -2866.8      -1906.55      0.641991      197.59
917      51.352      1.27325      954.937      -2861.85      -1906.91      0.641298      197.592
918      51.408      1.26529      948.964      -2856.19      -1907.23      0.640606      197.594
919      51.464      1.25662      942.463      -2849.93      -1907.47      0.639916      197.596
920      51.52      1.24753      935.645      -2843.24      -1907.59      0.639226      197.597
921      51.576      1.2384      928.798      -2836.36      -1907.56      0.638537      197.599
922      51.632      1.22968      922.261      -2829.62      -1907.36      0.637848      197.6
923      51.688      1.22187      916.406      -2823.38      -1906.97      0.63716      197.601
924      51.744      1.21546      911.594      -2818      -1906.41      0.636472      197.602
925      51.8      1.21085      908.141      -2813.83      -1905.69      0.635783      197.601
926      51.856      1.20837      906.275      -2811.15      -1904.87      0.635095      197.601
927      51.912      1.20814      906.108      -2810.12      -1904.02      0.634407      197.6
928      51.968      1.21019      907.639      -2810.81      -1903.17      0.633718      197.598
929      52.024      1.21435      910.762      -2813.16      -1902.4      0.633029      197.596
930      52.08      1.22037      915.278      -2817.01      -1901.73      0.632341      197.594
931      52.136      1.2279      920.925      -2822.12      -1901.2      0.631652      197.591
932      52.192      1.23652      927.388      -2828.22      -1900.83      0.630964      197.588
933      52.248      1.24576      934.319      -2834.96      -1900.65      0.630277      197.584
934      52.304      1.25513      941.349      -2841.99      -1900.64      0.629591      197.581
935      52.36      1.26416      948.119      -2848.94      -1900.82      0.628906      197.577
936      52.416      1.27241      954.309      -2855.45      -1901.15      0.628223      197.574
937      52.472      1.27956      959.668      -2861.26      -1901.59      0.627541      197.57
938      52.528      1.28539      964.042      -2866.14      -1902.1      0.626862      197.567
939      52.584      1.28982      967.368      -2869.99      -1902.62      0.626184      197.564
940      52.64      1.29292      969.688      -2872.81      -1903.12      0.625509      197.561
941      52.696      1.29484      971.127      -2874.67      -1903.54      0.624837      197.559
942      52.752      1.29582      971.868      -2875.73      -1903.86      0.624168      197.557
943      52.808      1.29617      972.125      -2876.2      -1904.08      0.623501      197.555
944      52.864      1.29617      972.131      -2876.3      -1904.17      0.622838      197.554
945      52.92      1.29616      972.121      -2876.27      -1904.15      0.622177      197.554
946      52.976      1.29642      972.313      -2876.34      -1904.02      0.62152      197.554
947      53.032      1.29719      972.891      -2876.7      -1903.81      0.620865      197.554
948      53.088      1.29869      974.015      -2877.53      -1903.52      0.620214      197.556
949      53.144      1.30106      975.797      -2878.97      -1903.18      0.619565      197.557
950      53.2      1.30442      978.314      -2881.12      -1902.8      0.61892      197.559
951      53.256      1.30877      981.58      -2884.01      -1902.43      0.618277      197.562
952      53.312      1.31407      985.549      -2887.64      -1902.09      0.617636      197.564
953      53.368      1.32012      990.089      -2891.92      -1901.83      0.616997      197.568
954      53.424      1.32664      994.978      -2896.67      -1901.69      0.616361      197.571
955      53.48      1.33322      999.917      -2901.63      -1901.71      0.615726      197.574
956      53.536      1.3394      1004.55      -2906.46      -1901.91      0.615093      197.578
957      53.592      1.3447      1008.53      -2910.81      -1902.28      0.61446      197.581
958      53.648      1.34869      1011.52      -2914.33      -1902.81      0.613829      197.584
959      53.704      1.35105      1013.29      -2916.74      -1903.45      0.613198      197.587
960      53.76      1.35161      1013.71      -2917.85      -1904.14      0.612568      197.59
961      53.816      1.35032      1012.74      -2917.57      -1904.83      0.611937      197.592
962      53.872      1.3473      1010.48      -2915.94      -1905.47      0.611307      197.594
963      53.928      1.34272      1007.04      -2913.08      -1906.03      0.610677      197.596
964      53.984      1.33683      1002.62      -2909.13      -1906.5      0.610046      197.597
965      54.04      1.32989      997.416      -2904.29      -1906.87      0.609416      197.597
966      54.096      1.32216      991.624      -2898.76      -1907.13      0.608785      197.597
967      54.152      1.31396      985.472      -2892.76      -1907.28      0.608154      197.597
968      54.208      1.30559      979.193      -2886.51      -1907.32      0.607523      197.596
969      54.264      1.29735      973.013      -2880.25      -1907.24      0.606892      197.594
970      54.32      1.28949      967.116      -2874.19      -1907.08      0.606261      197.592
971      54.376      1.28216      961.62      -2868.48      -1906.86      0.60563      197.59
972      54.432      1.2754      956.549      -2863.2      -1906.65      0.604999      197.588
973      54.488      1.26913      951.848      -2858.32      -1906.47      0.604368      197.585
974      54.544      1.26322      947.411      -2853.76      -1906.35      0.603737      197.581
975      54.6      1.25752      943.136      -2849.41      -1906.27      0.603107      197.578
976      54.656      1.25195      938.962      -2845.18      -1906.22      0.602476      197.574
977      54.712      1.24653      934.9      -2841.05      -1906.15      0.601845      197.569
978      54.768      1.2414      931.051      -2837.08      -1906.02      0.601214      197.564
979      54.824      1.23682      927.611      -2833.4      -1905.79      0.600583      197.558
980      54.88      1.23312      924.843      -2830.26      -1905.41      0.599951      197.552
981      54.936      1.23073      923.048      -2827.94      -1904.89      0.599318      197.545
982      54.992      1.23003      922.52      -2826.74      -1904.22      0.598684      197.537
983      55.048      1.23131      923.484      -2826.93      -1903.45      0.59805      197.529
984      55.104      1.23474      926.057      -2828.7      -1902.64      0.597414      197.519
985      55.16      1.24026      930.196      -2832.07      -1901.87      0.596777      197.509
986      55.216      1.24762      935.712      -2836.92      -1901.21      0.596139      197.498
987      55.272      1.25638      942.282      -2843.01      -1900.73      0.5955      197.487
988      55.328      1.266      949.503      -2849.96      -1900.46      0.59486      197.474
989      55.384      1.27591      956.929      -2857.34      -1900.41      0.594218      197.461
990      55.44      1.2855      964.124      -2864.71      -1900.58      0.593577      197.447
991      55.496      1.29427      970.703      -2871.64      -1900.94      0.592935      197.433
992      55.552      1.30182      976.366      -2877.8      -1901.43      0.592293      197.418
993      55.608      1.30791      980.935      -2882.93      -1902      0.591652      197.403
994      55.664      1.31249      984.365      -2886.94      -1902.57      0.591011      197.388
995      55.72      1.31563      986.722      -2889.82      -1903.1      0.59037      197.373
996      55.776      1.31752      988.139      -2891.7      -1903.56      0.589731      197.357
997      55.832      1.31835      988.765      -2892.7      -1903.94      0.589093      197.342
998      55.888      1.31831      988.73      -2892.99      -1904.26      0.588457      197.326
999      55.944      1.31751      988.13      -2892.66      -1904.53      0.587822      197.311
1000      56      1.31605      987.037      -2891.81      -1904.77      0.587188      197.295
1000      56      1.31605      987.037      -2891.81      -1904.77      0.587188      197.295
Execution time in seconds: 1.83119
