Timestep Time Temperature KineticEnergy PotentialEnergy TotalEnergy DiffusionConstant MeanSquareDisplacement
1      0.0526      2.49067      50436      -100605      -50169      6249.94      1972.48
2      0.1052      2.47428      50104.1      -100273      -50169.3      3124.99      1972.49
3      0.1578      2.44678      49547.3      -99717.2      -50169.9      2083.34      1972.51
4      0.2104      2.40796      48761.2      -98931.7      -50170.5      1562.52      1972.52
5      0.263      2.35755      47740.4      -97911.7      -50171.3      1250.02      1972.54
6      0.3156      2.2953      46479.8      -96651.9      -50172.1      1041.69      1972.55
7      0.3682      2.221      44975.2      -95148      -50172.8      892.886      1972.56
8      0.4208      2.13463      43226.2      -93399.3      -50173.1      781.281      1972.58
9      0.4734      2.03648      41238.7      -91411.5      -50172.8      694.477      1972.59
10      0.526      1.92735      39028.8      -89200.5      -50171.7      625.035      1972.61
11      0.5786      1.80875      36627.3      -86796.6      -50169.3      568.218      1972.62
12      0.6312      1.68309      34082.5      -84248.2      -50165.7      520.87      1972.64
13      0.6838      1.55365      31461.4      -81622.3      -50161      480.807      1972.66
14      0.7364      1.42453      28846.7      -79002.2      -50155.5      446.467      1972.67
15      0.789      1.30025      26330.1      -76480.1      -50150      416.706      1972.69
16      0.8416      1.18531      24002.5      -74147.6      -50145.1      390.665      1972.7
17      0.8942      1.08365      21943.9      -72085.3      -50141.4      367.687      1972.72
18      0.9468      0.998257      20214.7      -70353.9      -50139.2      347.263      1972.73
19      0.9994      0.930909      18850.9      -68989.5      -50138.5      328.989      1972.75
20      1.052      0.882118      17862.9      -68002.3      -50139.4      312.541      1972.76
21      1.1046      0.851248      17237.8      -67379.1      -50141.3      297.661      1972.78
22      1.1572      0.836737      16943.9      -67088      -50144      284.133      1972.79
23      1.2098      0.836381      16936.7      -67083.9      -50147.2      271.781      1972.8
24      1.2624      0.847613      17164.2      -67314.5      -50150.4      260.459      1972.82
25      1.315      0.867751      17572      -67725.4      -50153.4      250.042      1972.83
26      1.3676      0.8942      18107.5      -68263.7      -50156.2      240.427      1972.85
27      1.4202      0.924592      18723      -68881.5      -50158.5      231.524      1972.86
28      1.4728      0.956869      19376.6      -69537      -50160.4      223.256      1972.87
29      1.5254      0.989319      20033.7      -70195.6      -50161.9      215.559      1972.88
30      1.578      1.02057      20666.6      -70829.5      -50162.9      208.375      1972.9
31      1.6306      1.04959      21254.3      -71417.9      -50163.6      201.655      1972.91
32      1.6832      1.07563      21781.6      -71945.6      -50164      195.354      1972.92
33      1.7358      1.09822      22239      -72403.1      -50164.1      189.436      1972.93
34      1.7884      1.11712      22621.7      -72785.7      -50164      183.865      1972.95
35      1.841      1.13229      22929      -73092.7      -50163.7      178.613      1972.96
36      1.8936      1.14387      23163.5      -73326.7      -50163.3      173.652      1972.97
37      1.9462      1.15213      23330.6      -73493.3      -50162.7      168.96      1972.98
38      1.9988      1.15742      23437.8      -73599.9      -50162.1      164.515      1972.99
39      2.0514      1.16017      23493.5      -73655      -50161.5      160.297      1973
40      2.104      1.16083      23506.8      -73667.7      -50161      156.291      1973.01
41      2.1566      1.15982      23486.4      -73646.9      -50160.5      152.479      1973.02
42      2.2092      1.15758      23440.9      -73600.9      -50160      148.85      1973.03
43      2.2618      1.15446      23377.8      -73537.4      -50159.6      145.389      1973.04
44      2.3144      1.15081      23304      -73463.2      -50159.3      142.085      1973.05
45      2.367      1.14695      23225.8      -73384.7      -50158.9      138.928      1973.06
46      2.4196      1.14315      23148.8      -73307.4      -50158.6      135.909      1973.07
47      2.4722      1.13968      23078.5      -73236.8      -50158.3      133.018      1973.08
48      2.5248      1.13678      23019.7      -73177.8      -50158.1      130.247      1973.09
49      2.5774      1.13468      22977.2      -73135      -50157.8      127.59      1973.1
50      2.63      1.13357      22954.8      -73112.5      -50157.7      125.038      1973.1
51      2.6826      1.13362      22955.7      -73113.3      -50157.5      122.587      1973.11
52      2.7352      1.1349      22981.8      -73139.3      -50157.5      120.23      1973.12
53      2.7878      1.13746      23033.6      -73191.1      -50157.5      117.962      1973.13
54      2.8404      1.14125      23110.2      -73267.9      -50157.7      115.778      1973.14
55      2.893      1.14617      23209.9      -73367.7      -50157.8      113.674      1973.15
56      2.9456      1.15208      23329.5      -73487.5      -50158      111.644      1973.15
57      2.9982      1.15881      23465.9      -73624.1      -50158.2      109.686      1973.16
58      3.0508      1.1662      23615.5      -73773.9      -50158.4      107.795      1973.17
59      3.1034      1.17406      23774.8      -73933.3      -50158.5      105.969      1973.18
60      3.156      1.18225      23940.5      -74099.2      -50158.7      104.203      1973.19
61      3.2086      1.1906      24109.6      -74268.4      -50158.8      102.495      1973.2
62      3.2612      1.19899      24279.5      -74438.4      -50158.9      100.842      1973.2
63      3.3138      1.20729      24447.6      -74606.6      -50159      99.2422      1973.21
64      3.3664      1.21541      24612.1      -74771.1      -50159      97.6919      1973.22
65      3.419      1.22326      24770.9      -74930      -50159.1      96.1894      1973.23
66      3.4716      1.23076      24922.9      -75082      -50159.1      94.7324      1973.24
67      3.5242      1.23787      25066.9      -75226      -50159.1      93.3189      1973.25
68      3.5768      1.24456      25202.3      -75361.4      -50159.1      91.947      1973.26
69      3.6294      1.2508      25328.7      -75487.7      -50159.1      90.6149      1973.27
70      3.682      1.25659      25446      -75605      -50159      89.3208      1973.28
71      3.7346      1.26194      25554.3      -75713.3      -50159      88.0632      1973.28
72      3.7872      1.26685      25653.7      -75812.6      -50159      86.8405      1973.29
73      3.8398      1.27133      25744.4      -75903.3      -50158.9      85.6514      1973.3
74      3.8924      1.27538      25826.4      -75985.3      -50158.9      84.4944      1973.32
75      3.945      1.27901      25899.9      -76058.8      -50158.9      83.3682      1973.33
76      3.9976      1.28221      25964.8      -76123.7      -50158.9      82.2717      1973.34
77      4.0502      1.285      26021.3      -76180.2      -50158.9      81.2037      1973.35
78      4.1028      1.28738      26069.4      -76228.2      -50158.9      80.1631      1973.36
79      4.1554      1.28935      26109.4      -76268.2      -50158.9      79.1488      1973.37
80      4.208      1.29095      26141.8      -76300.6      -50158.8      78.1599      1973.38
81      4.2606      1.29222      26167.5      -76326.2      -50158.7      77.1954      1973.39
82      4.3132      1.29321      26187.6      -76346.2      -50158.7      76.2545      1973.41
83      4.3658      1.294      26203.5      -76362      -50158.6      75.3362      1973.42
84      4.4184      1.29466      26216.8      -76375.3      -50158.5      74.4398      1973.43
85      4.471      1.29526      26229.1      -76387.5      -50158.4      73.5645      1973.44
86      4.5236      1.2959      26241.9      -76400.2      -50158.3      72.7096      1973.45
87      4.5762      1.2966      26256.2      -76414.5      -50158.3      71.8743      1973.47
88      4.6288      1.29742      26272.8      -76431.1      -50158.3      71.058      1973.48
89      4.6814      1.29836      26291.7      -76450.1      -50158.3      70.26      1973.49
90      4.734      1.2994      26312.9      -76471.3      -50158.4      69.4798      1973.5
91      4.7866      1.30053      26335.7      -76494.1      -50158.4      68.7167      1973.52
92      4.8392      1.3017      26359.4      -76517.9      -50158.5      67.9703      1973.53
93      4.8918      1.30288      26383.2      -76541.8      -50158.6      67.2398      1973.54
94      4.9444      1.30403      26406.6      -76565.2      -50158.6      66.525      1973.56
95      4.997      1.30514      26429.1      -76587.7      -50158.6      65.8251      1973.57
96      5.0496      1.30619      26450.3      -76609      -50158.6      65.1399      1973.58
97      5.1022      1.30717      26470.1      -76628.8      -50158.6      64.4688      1973.6
98      5.1548      1.30807      26488.5      -76647.1      -50158.6      63.8114      1973.61
99      5.2074      1.3089      26505.3      -76663.9      -50158.6      63.1673      1973.62
100      5.26      1.30966      26520.7      -76679.3      -50158.6      62.536      1973.64
101      5.3126      1.31036      26534.9      -76693.5      -50158.6      61.9173      1973.65
102      5.3652      1.31101      26548      -76706.6      -50158.6      61.3107      1973.66
103      5.4178      1.31163      26560.6      -76719.2      -50158.6      60.7158      1973.68
104      5.4704      1.31224      26572.9      -76731.4      -50158.6      60.1324      1973.69
105      5.523      1.31284      26585      -76743.6      -50158.6      59.5601      1973.7
106      5.5756      1.31344      26597.1      -76755.7      -50158.6      58.9987      1973.72
107      5.6282      1.31403      26609      -76767.6      -50158.6      58.4477      1973.73
108      5.6808      1.31459      26620.5      -76779.1      -50158.6      57.9069      1973.74
109      5.7334      1.31515      26631.7      -76790.3      -50158.6      57.376      1973.76
110      5.786      1.31569      26642.8      -76801.3      -50158.5      56.8548      1973.77
111      5.8386      1.31626      26654.3      -76812.8      -50158.5      56.3429      1973.78
112      5.8912      1.31688      26666.8      -76825.2      -50158.4      55.8402      1973.79
113      5.9438      1.31757      26680.9      -76839.3      -50158.4      55.3464      1973.81
114      5.9964      1.31838      26697.1      -76855.5      -50158.4      54.8612      1973.82
115      6.049      1.3193      26715.8      -76874.1      -50158.4      54.3845      1973.83
116      6.1016      1.32034      26736.8      -76895.2      -50158.4      53.916      1973.84
117      6.1542      1.32147      26759.8      -76918.2      -50158.4      53.4554      1973.85
118      6.2068      1.32267      26784      -76942.5      -50158.5      53.0027      1973.86
119      6.2594      1.32387      26808.4      -76967      -50158.6      52.5576      1973.87
120      6.312      1.32502      26831.7      -76990.4      -50158.7      52.1199      1973.88
121      6.3646      1.32605      26852.4      -77011.2      -50158.8      51.6894      1973.89
122      6.4172      1.32687      26869.2      -77028.1      -50158.9      51.2659      1973.9
123      6.4698      1.32744      26880.6      -77039.5      -50159      50.8494      1973.91
124      6.5224      1.32767      26885.3      -77044.4      -50159      50.4395      1973.92
125      6.575      1.32754      26882.7      -77041.8      -50159.1      50.0362      1973.93
126      6.6276      1.32702      26872.2      -77031.3      -50159.1      49.6393      1973.94
127      6.6802      1.32612      26853.9      -77013      -50159.1      49.2487      1973.95
128      6.7328      1.32486      26828.4      -76987.4      -50159      48.8641      1973.95
129      6.7854      1.3233      26796.9      -76955.8      -50158.9      48.4855      1973.96
130      6.838      1.32151      26760.6      -76919.4      -50158.8      48.1127      1973.97
131      6.8906      1.31957      26721.4      -76880.1      -50158.7      47.7456      1973.98
132      6.9432      1.31758      26681.1      -76839.7      -50158.6      47.3841      1973.98
133      6.9958      1.31564      26641.8      -76800.3      -50158.5      47.028      1973.99
134      7.0484      1.31384      26605.3      -76763.7      -50158.4      46.6772      1974
135      7.101      1.31228      26573.6      -76732      -50158.3      46.3316      1974.01
136      7.1536      1.31103      26548.4      -76706.6      -50158.3      45.9911      1974.01
137      7.2062      1.31016      26530.7      -76689      -50158.2      45.6556      1974.02
138      7.2588      1.30971      26521.6      -76679.8      -50158.2      45.3249      1974.03
139      7.3114      1.30969      26521.2      -76679.4      -50158.2      44.999      1974.03
140      7.364      1.3101      26529.4      -76687.7      -50158.3      44.6777      1974.04
141      7.4166      1.3109      26545.6      -76704      -50158.4      44.361      1974.05
142      7.4692      1.31203      26568.6      -76727.1      -50158.5      44.0487      1974.05
143      7.5218      1.31342      26596.7      -76755.3      -50158.6      43.7408      1974.06
144      7.5744      1.31495      26627.8      -76786.6      -50158.7      43.4372      1974.07
145      7.627      1.31653      26659.8      -76818.7      -50158.9      43.1378      1974.07
146      7.6796      1.31804      26690.3      -76849.3      -50159      42.8425      1974.08
147      7.7322      1.31937      26717.3      -76876.4      -50159.1      42.5511      1974.08
148      7.7848      1.32046      26739.4      -76898.5      -50159.1      42.2637      1974.09
149      7.8374      1.32126      26755.6      -76914.7      -50159.1      41.9802      1974.09
150      7.89      1.32177      26765.9      -76925      -50159.1      41.7004      1974.1
