Timestep Time Temperature KineticEnergy PotentialEnergy TotalEnergy DiffusionConstant MeanSquareDisplacement
1      0.045      2.42901      1821.76      -3727.33      -1905.57      730.14      197.138
2      0.09      2.41755      1813.16      -3718.73      -1905.57      365.082      197.144
3      0.135      2.39841      1798.81      -3704.39      -1905.58      243.396      197.151
4      0.18      2.37153      1778.65      -3684.24      -1905.59      182.554      197.158
5      0.225      2.33681      1752.61      -3658.21      -1905.6      146.048      197.165
6      0.27      2.29418      1720.63      -3626.25      -1905.61      121.711      197.172
7      0.315      2.24354      1682.65      -3588.28      -1905.62      104.328      197.18
8      0.36      2.18483      1638.62      -3544.26      -1905.64      91.2904      197.187
9      0.405      2.11807      1588.55      -3494.2      -1905.64      81.1502      197.195
10      0.45      2.04339      1532.54      -3438.19      -1905.64      73.0381      197.203
11      0.495      1.9611      1470.82      -3376.46      -1905.63      66.4008      197.211
12      0.54      1.87172      1403.79      -3309.4      -1905.61      60.8698      197.218
13      0.585      1.77611      1332.08      -3237.65      -1905.57      56.1897      197.226
14      0.63      1.67544      1256.58      -3162.08      -1905.5      52.1782      197.234
15      0.675      1.57128      1178.46      -3083.89      -1905.42      48.7015      197.241
16      0.72      1.46559      1099.19      -3004.52      -1905.33      45.6593      197.248
17      0.765      1.36061      1020.45      -2925.67      -1905.22      42.9751      197.255
18      0.81      1.2588      944.098      -2849.2      -1905.1      40.589      197.262
19      0.855      1.16265      871.991      -2776.99      -1905      38.454      197.269
20      0.9      1.0745      805.875      -2710.78      -1904.91      36.5324      197.275
21      0.945      0.996297      747.223      -2652.06      -1904.84      34.7938      197.281
22      0.99      0.929487      697.116      -2601.92      -1904.8      33.2132      197.287
23      1.035      0.874901      656.175      -2560.97      -1904.79      31.77      197.292
24      1.08      0.832741      624.556      -2529.37      -1904.81      30.447      197.297
25      1.125      0.802642      601.981      -2506.83      -1904.85      29.2298      197.301
26      1.17      0.783773      587.83      -2492.74      -1904.91      28.1061      197.305
27      1.215      0.774974      581.23      -2486.2      -1904.97      27.0657      197.309
28      1.26      0.774892      581.169      -2486.2      -1905.03      26.0995      197.312
29      1.305      0.782105      586.579      -2491.67      -1905.1      25.1999      197.316
30      1.35      0.795212      596.409      -2501.56      -1905.15      24.3603      197.318
31      1.395      0.812906      609.68      -2514.88      -1905.2      23.5748      197.321
32      1.44      0.834006      625.504      -2530.75      -1905.25      22.8384      197.323
33      1.485      0.857476      643.107      -2548.39      -1905.28      22.1465      197.325
34      1.53      0.882425      661.819      -2567.13      -1905.31      21.4954      197.327
35      1.575      0.908102      681.077      -2586.41      -1905.33      20.8814      197.329
36      1.62      0.933876      700.407      -2605.76      -1905.35      20.3015      197.331
37      1.665      0.959219      719.414      -2624.78      -1905.37      19.753      197.332
38      1.71      0.983683      737.762      -2643.15      -1905.38      19.2333      197.333
39      1.755      1.00688      755.161      -2660.56      -1905.4      18.7402      197.334
40      1.8      1.02848      771.364      -2676.77      -1905.41      18.2718      197.335
41      1.845      1.04821      786.16      -2691.57      -1905.41      17.8262      197.336
42      1.89      1.06583      799.376      -2704.8      -1905.42      17.4019      197.337
43      1.935      1.08117      810.88      -2716.3      -1905.42      16.9972      197.338
44      1.98      1.09412      820.589      -2726.01      -1905.42      16.611      197.338
45      2.025      1.10463      828.473      -2733.89      -1905.42      16.2419      197.339
46      2.07      1.11275      834.561      -2739.98      -1905.42      15.8889      197.34
47      2.115      1.11859      838.942      -2744.35      -1905.41      15.5509      197.341
48      2.16      1.12234      841.757      -2747.15      -1905.39      15.227      197.342
49      2.205      1.12426      843.194      -2748.57      -1905.38      14.9163      197.342
50      2.25      1.12463      843.469      -2748.83      -1905.37      14.618      197.344
51      2.295      1.12375      842.812      -2748.16      -1905.35      14.3315      197.345
52      2.34      1.12193      841.449      -2746.79      -1905.34      14.056      197.346
53      2.385      1.11945      839.59      -2744.92      -1905.33      13.7909      197.347
54      2.43      1.11656      837.419      -2742.74      -1905.32      13.5356      197.349
55      2.475      1.11345      835.091      -2740.41      -1905.32      13.2896      197.351
56      2.52      1.11032      832.736      -2738.05      -1905.31      13.0524      197.353
57      2.565      1.1073      830.478      -2735.78      -1905.3      12.8236      197.355
58      2.61      1.10459      828.439      -2733.74      -1905.3      12.6026      197.357
59      2.655      1.10234      826.752      -2732.04      -1905.29      12.3892      197.36
60      2.7      1.10075      825.562      -2730.84      -1905.28      12.1829      197.363
61      2.745      1.10003      825.019      -2730.29      -1905.27      11.9833      197.365
62      2.79      1.10035      825.262      -2730.53      -1905.27      11.7902      197.368
63      2.835      1.10186      826.396      -2731.66      -1905.27      11.6032      197.371
64      2.88      1.10462      828.465      -2733.73      -1905.27      11.4221      197.374
65      2.925      1.10859      831.444      -2736.72      -1905.27      11.2466      197.377
66      2.97      1.11365      835.237      -2740.52      -1905.28      11.0763      197.38
67      3.015      1.11959      839.695      -2744.99      -1905.29      10.9112      197.383
68      3.06      1.12619      844.642      -2749.95      -1905.31      10.7509      197.386
69      3.105      1.1332      849.9      -2755.21      -1905.31      10.5952      197.389
70      3.15      1.14041      855.308      -2760.63      -1905.32      10.444      197.392
71      3.195      1.14766      860.742      -2766.07      -1905.33      10.297      197.394
72      3.24      1.15481      866.109      -2771.44      -1905.33      10.1541      197.397
73      3.285      1.1618      871.353      -2776.68      -1905.33      10.0151      197.398
74      3.33      1.16858      876.435      -2781.76      -1905.33      9.87989      197.4
75      3.375      1.17511      881.334      -2786.66      -1905.33      9.74822      197.401
76      3.42      1.18138      886.035      -2791.36      -1905.33      9.61999      197.402
77      3.465      1.18737      890.524      -2795.85      -1905.33      9.49508      197.403
78      3.51      1.19305      894.789      -2800.12      -1905.33      9.37334      197.403
79      3.555      1.19843      898.82      -2804.15      -1905.33      9.25466      197.402
80      3.6      1.20348      902.613      -2807.94      -1905.33      9.13892      197.401
81      3.645      1.20824      906.182      -2811.51      -1905.33      9.02601      197.399
82      3.69      1.21274      909.553      -2814.88      -1905.32      8.91583      197.396
83      3.735      1.21703      912.771      -2818.09      -1905.32      8.80827      197.393
84      3.78      1.2212      915.898      -2821.21      -1905.32      8.70325      197.39
85      3.825      1.22534      919.006      -2824.32      -1905.31      8.60066      197.385
86      3.87      1.22956      922.173      -2827.48      -1905.3      8.50044      197.38
87      3.915      1.23396      925.472      -2830.77      -1905.3      8.40249      197.375
88      3.96      1.23862      928.962      -2834.26      -1905.3      8.30675      197.368
89      4.005      1.24357      932.678      -2837.98      -1905.3      8.21314      197.362
90      4.05      1.24883      936.622      -2841.92      -1905.3      8.12158      197.354
91      4.095      1.25434      940.758      -2846.06      -1905.31      8.03203      197.347
92      4.14      1.26002      945.016      -2850.33      -1905.31      7.9444      197.339
93      4.185      1.26572      949.292      -2854.61      -1905.32      7.85865      197.331
94      4.23      1.27129      953.464      -2858.8      -1905.33      7.77471      197.322
95      4.275      1.27653      957.397      -2862.74      -1905.34      7.69254      197.314
96      4.32      1.28128      960.961      -2866.31      -1905.35      7.61207      197.305
97      4.365      1.28538      964.038      -2869.39      -1905.35      7.53326      197.296
98      4.41      1.28872      966.541      -2871.9      -1905.36      7.45606      197.287
99      4.455      1.29121      968.409      -2873.77      -1905.36      7.38043      197.279
100      4.5      1.29282      969.613      -2874.97      -1905.36      7.30631      197.27
101      4.545      1.29353      970.15      -2875.51      -1905.36      7.23367      197.262
102      4.59      1.29338      970.037      -2875.4      -1905.36      7.16246      197.254
103      4.635      1.2924      969.304      -2874.66      -1905.36      7.09265      197.247
104      4.68      1.29066      967.991      -2873.35      -1905.36      7.0242      197.24
105      4.725      1.2882      966.149      -2871.5      -1905.35      6.95707      197.233
106      4.77      1.28511      963.836      -2869.19      -1905.35      6.89122      197.227
107      4.815      1.2815      961.122      -2866.47      -1905.35      6.82662      197.221
108      4.86      1.27746      958.098      -2863.44      -1905.34      6.76323      197.216
109      4.905      1.27316      954.873      -2860.21      -1905.34      6.70103      197.211
110      4.95      1.26877      951.575      -2856.9      -1905.33      6.63997      197.207
111      4.995      1.26447      948.356      -2853.68      -1905.32      6.58003      197.203
112      5.04      1.2605      945.374      -2850.68      -1905.31      6.52117      197.2
113      5.085      1.25705      942.788      -2848.09      -1905.3      6.46338      197.198
114      5.13      1.25431      940.734      -2846.03      -1905.3      6.40661      197.195
115      5.175      1.25241      939.31      -2844.6      -1905.29      6.35084      197.194
116      5.22      1.25142      938.567      -2843.86      -1905.29      6.29604      197.192
117      5.265      1.25135      938.512      -2843.81      -1905.29      6.2422      197.191
118      5.31      1.25216      939.122      -2844.42      -1905.3      6.18928      197.191
119      5.355      1.25381      940.36      -2845.66      -1905.3      6.13727      197.19
120      5.4      1.25626      942.195      -2847.49      -1905.3      6.08613      197.191
121      5.445      1.25948      944.608      -2849.9      -1905.3      6.03586      197.191
122      5.49      1.26347      947.601      -2852.89      -1905.29      5.98642      197.193
123      5.535      1.26824      951.182      -2856.47      -1905.29      5.9378      197.194
124      5.58      1.2738      955.349      -2860.64      -1905.29      5.88998      197.197
125      5.625      1.28011      960.084      -2865.37      -1905.29      5.84294      197.199
126      5.67      1.28712      965.337      -2870.63      -1905.29      5.79667      197.203
127      5.715      1.2947      971.022      -2876.32      -1905.3      5.75113      197.206
128      5.76      1.3027      977.023      -2882.33      -1905.31      5.70633      197.211
129      5.805      1.31093      983.2      -2888.51      -1905.32      5.66223      197.215
130      5.85      1.3192      989.396      -2894.72      -1905.32      5.61882      197.221
131      5.895      1.32729      995.465      -2900.8      -1905.33      5.57609      197.226
132      5.94      1.33503      1001.27      -2906.61      -1905.34      5.53403      197.233
133      5.985      1.34227      1006.7      -2912.04      -1905.34      5.4926      197.239
134      6.03      1.3489      1011.67      -2917.01      -1905.34      5.4518      197.246
135      6.075      1.35484      1016.13      -2921.47      -1905.34      5.41162      197.254
136      6.12      1.36006      1020.05      -2925.39      -1905.34      5.37204      197.261
137      6.165      1.36454      1023.41      -2928.75      -1905.34      5.33304      197.269
138      6.21      1.36828      1026.21      -2931.55      -1905.34      5.29462      197.277
139      6.255      1.37126      1028.44      -2933.78      -1905.34      5.25675      197.286
140      6.3      1.37346      1030.09      -2935.44      -1905.34      5.21943      197.295
141      6.345      1.37486      1031.14      -2936.49      -1905.35      5.18264      197.303
142      6.39      1.37541      1031.56      -2936.91      -1905.35      5.14638      197.312
143      6.435      1.37511      1031.33      -2936.68      -1905.35      5.11062      197.321
144      6.48      1.37395      1030.46      -2935.81      -1905.35      5.07536      197.33
145      6.525      1.37195      1028.96      -2934.3      -1905.34      5.04058      197.339
146      6.57      1.36917      1026.88      -2932.22      -1905.34      5.00628      197.348
147      6.615      1.36574      1024.3      -2929.64      -1905.33      4.97245      197.356
148      6.66      1.36178      1021.34      -2926.66      -1905.33      4.93907      197.365
149      6.705      1.35747      1018.1      -2923.42      -1905.32      4.90613      197.374
150      6.75      1.35297      1014.73      -2920.04      -1905.31      4.87363      197.382
151      6.795      1.34846      1011.34      -2916.65      -1905.3      4.84155      197.39
152      6.84      1.34407      1008.06      -2913.35      -1905.3      4.80989      197.398
153      6.885      1.33992      1004.94      -2910.24      -1905.3      4.77864      197.406
154      6.93      1.33607      1002.05      -2907.35      -1905.3      4.74779      197.413
155      6.975      1.33254      999.403      -2904.7      -1905.3      4.71734      197.42
156      7.02      1.32931      996.98      -2902.28      -1905.3      4.68726      197.427
157      7.065      1.32633      994.751      -2900.05      -1905.3      4.65757      197.434
158      7.11      1.32355      992.666      -2897.97      -1905.31      4.62824      197.441
159      7.155      1.3209      990.673      -2895.98      -1905.31      4.59927      197.447
160      7.2      1.31829      988.718      -2894.03      -1905.31      4.57066      197.453
161      7.245      1.31566      986.744      -2892.06      -1905.32      4.5424      197.458
162      7.29      1.31293      984.697      -2890.02      -1905.32      4.51448      197.463
163      7.335      1.31003      982.526      -2887.85      -1905.33      4.48689      197.468
164      7.38      1.3069      980.177      -2885.51      -1905.33      4.45963      197.472
165      7.425      1.30347      977.601      -2882.93      -1905.33      4.43269      197.476
166      7.47      1.29968      974.761      -2880.1      -1905.34      4.40606      197.48
167      7.515      1.29551      971.63      -2876.97      -1905.34      4.37974      197.483
168      7.56      1.29093      968.201      -2873.54      -1905.34      4.35373      197.485
169      7.605      1.286      964.497      -2869.83      -1905.33      4.32801      197.487
170      7.65      1.28077      960.575      -2865.91      -1905.33      4.30258      197.488
171      7.695      1.27537      956.527      -2861.85      -1905.32      4.27743      197.489
172      7.74      1.26996      952.474      -2857.79      -1905.31      4.25257      197.489
173      7.785      1.26474      948.554      -2853.86      -1905.3      4.22798      197.489
174      7.83      1.25988      944.911      -2850.21      -1905.3      4.20366      197.488
175      7.875      1.25556      941.672      -2846.96      -1905.29      4.1796      197.486
176      7.92      1.2519      938.925      -2844.21      -1905.29      4.15581      197.484
177      7.965      1.24896      936.72      -2842.01      -1905.29      4.13227      197.481
178      8.01      1.24675      935.064      -2840.36      -1905.29      4.10898      197.478
179      8.055      1.24525      933.939      -2839.23      -1905.29      4.08594      197.474
180      8.1      1.2444      933.301      -2838.6      -1905.3      4.06315      197.469
181      8.145      1.24413      933.095      -2838.4      -1905.3      4.0406      197.464
182      8.19      1.24435      933.259      -2838.57      -1905.31      4.01829      197.459
183      8.235      1.24497      933.724      -2839.03      -1905.31      3.99621      197.453
184      8.28      1.2459      934.422      -2839.74      -1905.31      3.97436      197.446
185      8.325      1.24705      935.284      -2840.6      -1905.32      3.95274      197.44
186      8.37      1.24833      936.249      -2841.57      -1905.32      3.93135      197.432
187      8.415      1.24969      937.265      -2842.59      -1905.32      3.91017      197.425
188      8.46      1.25105      938.291      -2843.61      -1905.32      3.88922      197.417
189      8.505      1.2524      939.302      -2844.62      -1905.32      3.86848      197.408
190      8.55      1.25371      940.284      -2845.61      -1905.32      3.84795      197.4
191      8.595      1.25497      941.226      -2846.55      -1905.32      3.82762      197.391
192      8.64      1.25615      942.109      -2847.43      -1905.32      3.80751      197.381
193      8.685      1.25722      942.913      -2848.24      -1905.32      3.7876      197.372
194      8.73      1.25813      943.599      -2848.93      -1905.33      3.76789      197.362
195      8.775      1.25882      944.115      -2849.44      -1905.33      3.74837      197.352
196      8.82      1.25919      944.395      -2849.73      -1905.33      3.72906      197.342
197      8.865      1.25916      944.373      -2849.71      -1905.34      3.70993      197.331
198      8.91      1.25865      943.985      -2849.33      -1905.34      3.691      197.321
199      8.955      1.25757      943.18      -2848.52      -1905.34      3.67225      197.31
200      9      1.25591      941.93      -2847.27      -1905.34      3.6537      197.3
201      9.045      1.25364      940.233      -2845.57      -1905.34      3.63532      197.289
202      9.09      1.25082      938.115      -2843.45      -1905.34      3.61713      197.278
203      9.135      1.2475      935.625      -2840.96      -1905.33      3.59912      197.268
204      9.18      1.24378      932.833      -2838.16      -1905.33      3.58129      197.258
205      9.225      1.23977      929.826      -2835.15      -1905.32      3.56364      197.247
206      9.27      1.2356      926.698      -2832.01      -1905.31      3.54615      197.237
207      9.315      1.23141      923.555      -2828.86      -1905.31      3.52884      197.227
208      9.36      1.22735      920.513      -2825.81      -1905.3      3.5117      197.217
209      9.405      1.22359      917.695      -2822.99      -1905.29      3.49473      197.208
210      9.45      1.22031      915.229      -2820.51      -1905.28      3.47793      197.198
211      9.495      1.21767      913.249      -2818.53      -1905.28      3.46128      197.189
212      9.54      1.21584      911.883      -2817.15      -1905.27      3.4448      197.18
213      9.585      1.215      911.248      -2816.51      -1905.26      3.42847      197.172
214      9.63      1.21526      911.442      -2816.7      -1905.26      3.41231      197.163
215      9.675      1.21671      912.535      -2817.79      -1905.26      3.3963      197.155
216      9.72      1.21942      914.562      -2819.82      -1905.26      3.38044      197.147
217      9.765      1.22336      917.519      -2822.78      -1905.26      3.36473      197.139
218      9.81      1.22848      921.362      -2826.63      -1905.27      3.34917      197.132
219      9.855      1.23467      926.002      -2831.28      -1905.27      3.33375      197.125
220      9.9      1.24175      931.309      -2836.59      -1905.28      3.31848      197.118
221      9.945      1.24949      937.115      -2842.41      -1905.3      3.30335      197.111
222      9.99      1.25764      943.227      -2848.54      -1905.31      3.28836      197.104
223      10.035      1.26592      949.439      -2854.76      -1905.32      3.27351      197.098
224      10.08      1.27406      955.546      -2860.88      -1905.33      3.25879      197.092
225      10.125      1.28181      961.357      -2866.7      -1905.34      3.24421      197.086
226      10.17      1.28894      966.706      -2872.05      -1905.35      3.22976      197.08
227      10.215      1.29528      971.46      -2876.81      -1905.35      3.21544      197.074
228      10.26      1.3007      975.528      -2880.88      -1905.36      3.20124      197.069
229      10.305      1.30514      978.856      -2884.21      -1905.36      3.18718      197.063
230      10.35      1.30858      981.431      -2886.78      -1905.35      3.17323      197.058
231      10.395      1.31104      983.279      -2888.63      -1905.35      3.15941      197.053
232      10.44      1.3126      984.454      -2889.8      -1905.34      3.14571      197.047
233      10.485      1.31338      985.038      -2890.37      -1905.34      3.13213      197.042
234      10.53      1.3135      985.128      -2890.46      -1905.33      3.11867      197.037
235      10.575      1.31311      984.831      -2890.15      -1905.32      3.10532      197.033
236      10.62      1.31233      984.249      -2889.57      -1905.32      3.09209      197.028
237      10.665      1.31129      983.47      -2888.78      -1905.31      3.07896      197.023
238      10.71      1.31008      982.56      -2887.87      -1905.31      3.06596      197.018
239      10.755      1.30874      981.555      -2886.87      -1905.31      3.05306      197.014
240      10.8      1.30729      980.467      -2885.78      -1905.31      3.04027      197.009
241      10.845      1.30571      979.28      -2884.59      -1905.31      3.02759      197.005
242      10.89      1.30395      977.962      -2883.28      -1905.32      3.01501      197.001
243      10.935      1.30196      976.471      -2881.79      -1905.32      3.00255      196.997
244      10.98      1.29969      974.766      -2880.09      -1905.32      2.99019      196.994
245      11.025      1.29708      972.809      -2878.14      -1905.33      2.97793      196.99
246      11.07      1.29411      970.58      -2875.91      -1905.33      2.96578      196.987
247      11.115      1.29076      968.071      -2873.4      -1905.33      2.95374      196.985
248      11.16      1.28706      965.295      -2870.62      -1905.33      2.94179      196.982
249      11.205      1.28304      962.281      -2867.6      -1905.32      2.92995      196.981
250      11.25      1.27877      959.074      -2864.39      -1905.32      2.91821      196.979
251      11.295      1.27432      955.737      -2861.05      -1905.31      2.90657      196.978
252      11.34      1.26979      952.346      -2857.65      -1905.31      2.89503      196.978
253      11.385      1.26532      948.987      -2854.29      -1905.3      2.88359      196.978
254      11.43      1.26101      945.756      -2851.05      -1905.3      2.87224      196.978
255      11.475      1.257      942.75      -2848.04      -1905.29      2.86099      196.979
256      11.52      1.25342      940.063      -2845.35      -1905.28      2.84984      196.981
257      11.565      1.25037      937.777      -2843.06      -1905.28      2.83878      196.983
258      11.61      1.24795      935.962      -2841.24      -1905.28      2.82781      196.985
259      11.655      1.24622      934.668      -2839.94      -1905.28      2.81693      196.988
260      11.7      1.24522      933.916      -2839.19      -1905.28      2.80615      196.992
261      11.745      1.24493      933.699      -2838.98      -1905.28      2.79545      196.995
262      11.79      1.24532      933.989      -2839.27      -1905.28      2.78484      196.999
263      11.835      1.24631      934.731      -2840.02      -1905.29      2.77431      197.004
264      11.88      1.24781      935.856      -2841.15      -1905.29      2.76386      197.008
265      11.925      1.24972      937.291      -2842.59      -1905.3      2.7535      197.013
266      11.97      1.25195      938.962      -2844.26      -1905.3      2.74322      197.018
267      12.015      1.25441      940.805      -2846.11      -1905.3      2.73302      197.023
268      12.06      1.25703      942.77      -2848.08      -1905.31      2.72289      197.029
269      12.105      1.25976      944.821      -2850.13      -1905.31      2.71285      197.034
270      12.15      1.26258      946.937      -2852.24      -1905.31      2.70287      197.039
271      12.195      1.26547      949.106      -2854.41      -1905.31      2.69298      197.045
272      12.24      1.26844      951.327      -2856.63      -1905.31      2.68315      197.051
273      12.285      1.27147      953.599      -2858.91      -1905.31      2.6734      197.056
274      12.33      1.27456      955.924      -2861.23      -1905.31      2.66372      197.062
275      12.375      1.27773      958.301      -2863.61      -1905.31      2.65411      197.068
276      12.42      1.28098      960.736      -2866.04      -1905.31      2.64458      197.074
277      12.465      1.28431      963.234      -2868.54      -1905.31      2.63511      197.08
278      12.51      1.28774      965.804      -2871.11      -1905.31      2.62571      197.086
279      12.555      1.29127      968.453      -2873.76      -1905.31      2.61638      197.092
280      12.6      1.2949      971.177      -2876.48      -1905.31      2.60712      197.098
281      12.645      1.29861      973.959      -2879.27      -1905.31      2.59793      197.105
282      12.69      1.30234      976.756      -2882.07      -1905.31      2.5888      197.111
283      12.735      1.306      979.499      -2884.82      -1905.32      2.57974      197.118
284      12.78      1.30946      982.098      -2887.42      -1905.33      2.57075      197.125
285      12.825      1.3126      984.453      -2889.79      -1905.33      2.56182      197.132
286      12.87      1.31528      986.463      -2891.8      -1905.34      2.55296      197.14
287      12.915      1.31739      988.044      -2893.39      -1905.34      2.54416      197.147
288      12.96      1.31886      989.149      -2894.49      -1905.34      2.53543      197.155
289      13.005      1.3197      989.774      -2895.12      -1905.34      2.52676      197.163
290      13.05      1.31996      989.971      -2895.31      -1905.34      2.51816      197.172
291      13.095      1.31977      989.83      -2895.16      -1905.33      2.50961      197.18
292      13.14      1.31929      989.464      -2894.79      -1905.32      2.50113      197.189
293      13.185      1.31863      988.972      -2894.29      -1905.32      2.4927      197.198
294      13.23      1.31788      988.413      -2893.73      -1905.32      2.48434      197.207
295      13.275      1.31703      987.774      -2893.1      -1905.33      2.47604      197.216
296      13.32      1.31597      986.976      -2892.31      -1905.34      2.46779      197.226
297      13.365      1.31453      985.898      -2891.24      -1905.34      2.4596      197.235
298      13.41      1.31254      984.404      -2889.76      -1905.35      2.45147      197.245
299      13.455      1.30983      982.373      -2887.73      -1905.36      2.44339      197.255
300      13.5      1.3063      979.725      -2885.09      -1905.36      2.43537      197.265
301      13.545      1.30191      976.432      -2881.79      -1905.36      2.4274      197.275
302      13.59      1.29669      972.518      -2877.87      -1905.36      2.41948      197.284
303      13.635      1.29075      968.063      -2873.41      -1905.35      2.41161      197.294
304      13.68      1.28426      963.197      -2868.54      -1905.34      2.40379      197.303
305      13.725      1.27746      958.096      -2863.42      -1905.33      2.39603      197.313
306      13.77      1.27063      952.975      -2858.29      -1905.31      2.38831      197.322
307      13.815      1.2641      948.072      -2853.37      -1905.3      2.38063      197.331
308      13.86      1.25818      943.636      -2848.92      -1905.28      2.37301      197.339
309      13.905      1.25322      939.915      -2845.18      -1905.27      2.36542      197.347
310      13.95      1.24951      937.134      -2842.39      -1905.26      2.35789      197.355
311      13.995      1.2473      935.475      -2840.72      -1905.25      2.3504      197.363
312      14.04      1.24675      935.059      -2840.31      -1905.25      2.34295      197.37
313      14.085      1.24792      935.94      -2841.19      -1905.25      2.33554      197.376
314      14.13      1.2508      938.102      -2843.36      -1905.25      2.32817      197.382
315      14.175      1.25529      941.467      -2846.73      -1905.26      2.32084      197.388
316      14.22      1.26121      945.905      -2851.18      -1905.27      2.31356      197.393
317      14.265      1.26833      951.247      -2856.53      -1905.29      2.30631      197.397
318      14.31      1.27638      957.288      -2862.59      -1905.3      2.2991      197.401
319      14.355      1.28507      963.803      -2869.12      -1905.32      2.29193      197.404
320      14.4      1.29407      970.552      -2875.88      -1905.33      2.2848      197.407
321      14.445      1.30306      977.292      -2882.64      -1905.34      2.27771      197.409
322      14.49      1.31172      983.79      -2889.15      -1905.36      2.27065      197.41
323      14.535      1.31978      989.836      -2895.2      -1905.37      2.26363      197.411
324      14.58      1.327      995.248      -2900.62      -1905.38      2.25664      197.411
325      14.625      1.33319      999.889      -2905.27      -1905.38      2.24969      197.411
326      14.67      1.33822      1003.67      -2909.05      -1905.38      2.24278      197.41
327      14.715      1.34207      1006.55      -2911.93      -1905.38      2.23591      197.408
328      14.76      1.34474      1008.55      -2913.93      -1905.38      2.22907      197.406
329      14.805      1.34633      1009.75      -2915.12      -1905.37      2.22227      197.404
330      14.85      1.347      1010.25      -2915.61      -1905.36      2.2155      197.401
331      14.895      1.34693      1010.2      -2915.55      -1905.35      2.20878      197.398
332      14.94      1.34636      1009.77      -2915.11      -1905.34      2.20209      197.395
333      14.985      1.34554      1009.15      -2914.48      -1905.33      2.19544      197.392
334      15.03      1.34467      1008.51      -2913.83      -1905.32      2.18883      197.389
335      15.075      1.34395      1007.96      -2913.28      -1905.32      2.18226      197.385
336      15.12      1.34346      1007.6      -2912.91      -1905.32      2.17572      197.382
337      15.165      1.34324      1007.43      -2912.75      -1905.32      2.16923      197.378
338      15.21      1.34322      1007.41      -2912.74      -1905.32      2.16278      197.375
339      15.255      1.34328      1007.46      -2912.79      -1905.33      2.15636      197.372
340      15.3      1.34325      1007.44      -2912.78      -1905.34      2.14998      197.369
341      15.345      1.34296      1007.22      -2912.57      -1905.35      2.14365      197.366
342      15.39      1.34225      1006.69      -2912.04      -1905.35      2.13735      197.363
343      15.435      1.34097      1005.73      -2911.08      -1905.36      2.13109      197.36
344      15.48      1.33901      1004.25      -2909.61      -1905.36      2.12486      197.357
345      15.525      1.33628      1002.21      -2907.57      -1905.36      2.11868      197.355
346      15.57      1.33273      999.547      -2904.91      -1905.36      2.11252      197.352
347      15.615      1.32835      996.265      -2901.62      -1905.36      2.10641      197.349
348      15.66      1.32317      992.377      -2897.73      -1905.36      2.10033      197.347
349      15.705      1.31724      987.932      -2893.28      -1905.35      2.09428      197.344
350      15.75      1.31068      983.012      -2888.36      -1905.34      2.08827      197.341
351      15.795      1.30365      977.734      -2883.07      -1905.33      2.08229      197.339
352      15.84      1.29632      972.24      -2877.56      -1905.32      2.07635      197.336
353      15.885      1.28893      966.701      -2872.01      -1905.31      2.07044      197.333
354      15.93      1.28173      961.295      -2866.6      -1905.3      2.06456      197.33
355      15.975      1.27493      956.199      -2861.49      -1905.29      2.05871      197.328
356      16.02      1.26877      951.577      -2856.86      -1905.28      2.0529      197.325
357      16.065      1.26342      947.563      -2852.84      -1905.28      2.04712      197.322
358      16.11      1.259      944.253      -2849.53      -1905.27      2.04138      197.319
359      16.155      1.2556      941.702      -2846.98      -1905.27      2.03566      197.317
360      16.2      1.25323      939.922      -2845.2      -1905.28      2.02999      197.315
361      16.245      1.25186      938.895      -2844.17      -1905.28      2.02434      197.312
362      16.29      1.25143      938.571      -2843.85      -1905.28      2.01873      197.31
363      16.335      1.25185      938.886      -2844.17      -1905.29      2.01315      197.308
364      16.38      1.25302      939.764      -2845.06      -1905.29      2.0076      197.307
365      16.425      1.25483      941.122      -2846.42      -1905.3      2.00208      197.305
366      16.47      1.25716      942.871      -2848.17      -1905.3      1.9966      197.304
367      16.515      1.2599      944.922      -2850.23      -1905.31      1.99115      197.304
368      16.56      1.2629      947.176      -2852.49      -1905.32      1.98574      197.303
369      16.605      1.26603      949.525      -2854.85      -1905.32      1.98035      197.303
370      16.65      1.26914      951.853      -2857.18      -1905.33      1.975      197.303
371      16.695      1.27206      954.041      -2859.38      -1905.34      1.96968      197.303
372      16.74      1.27463      955.971      -2861.32      -1905.34      1.9644      197.304
373      16.785      1.27671      957.535      -2862.88      -1905.35      1.95914      197.305
374      16.83      1.2782      958.651      -2864      -1905.35      1.95391      197.306
375      16.875      1.27901      959.261      -2864.62      -1905.35      1.94872      197.308
376      16.92      1.27912      959.338      -2864.69      -1905.35      1.94356      197.31
377      16.965      1.27851      958.886      -2864.24      -1905.35      1.93842      197.312
378      17.01      1.27725      957.934      -2863.28      -1905.35      1.93332      197.315
379      17.055      1.27537      956.53      -2861.88      -1905.35      1.92825      197.318
380      17.1      1.27298      954.737      -2860.08      -1905.34      1.92321      197.321
381      17.145      1.27018      952.636      -2857.97      -1905.34      1.91819      197.324
382      17.19      1.26708      950.312      -2855.64      -1905.33      1.91321      197.328
383      17.235      1.26382      947.865      -2853.19      -1905.33      1.90825      197.332
384      17.28      1.26053      945.4      -2850.72      -1905.32      1.90332      197.336
385      17.325      1.25737      943.029      -2848.34      -1905.31      1.89842      197.341
386      17.37      1.2545      940.873      -2846.17      -1905.3      1.89355      197.346
387      17.415      1.25207      939.055      -2844.35      -1905.29      1.8887      197.35
388      17.46      1.25025      937.69      -2842.98      -1905.29      1.88388      197.355
389      17.505      1.24917      936.878      -2842.16      -1905.28      1.87909      197.361
390      17.55      1.24892      936.691      -2841.97      -1905.28      1.87432      197.366
391      17.595      1.24955      937.166      -2842.44      -1905.28      1.86958      197.371
392      17.64      1.25107      938.302      -2843.58      -1905.28      1.86486      197.376
393      17.685      1.25342      940.064      -2845.35      -1905.28      1.86016      197.382
394      17.73      1.25651      942.386      -2847.67      -1905.29      1.85549      197.387
395      17.775      1.26024      945.181      -2850.47      -1905.29      1.85085      197.393
396      17.82      1.26447      948.356      -2853.65      -1905.3      1.84622      197.398
397      17.865      1.2691      951.821      -2857.12      -1905.3      1.84162      197.404
398      17.91      1.27399      955.491      -2860.8      -1905.31      1.83705      197.409
399      17.955      1.27905      959.287      -2864.6      -1905.31      1.83249      197.414
400      18      1.28419      963.142      -2868.45      -1905.31      1.82795      197.419
401      18.045      1.28934      967.002      -2872.32      -1905.31      1.82344      197.424
402      18.09      1.29443      970.821      -2876.14      -1905.32      1.81895      197.429
403      18.135      1.29942      974.562      -2879.88      -1905.32      1.81447      197.433
404      18.18      1.30425      978.19      -2883.51      -1905.32      1.81002      197.437
405      18.225      1.3089      981.674      -2886.99      -1905.32      1.80559      197.441
406      18.27      1.31332      984.988      -2890.31      -1905.32      1.80117      197.444
407      18.315      1.31747      988.101      -2893.42      -1905.32      1.79677      197.447
408      18.36      1.32132      990.987      -2896.31      -1905.32      1.79239      197.45
409      18.405      1.32482      993.616      -2898.94      -1905.33      1.78803      197.452
410      18.45      1.32794      995.954      -2901.28      -1905.33      1.78369      197.454
411      18.495      1.33061      997.959      -2903.29      -1905.33      1.77936      197.456
412      18.54      1.33276      999.572      -2904.91      -1905.34      1.77505      197.457
413      18.585      1.3343      1000.72      -2906.07      -1905.34      1.77076      197.457
414      18.63      1.33512      1001.34      -2906.69      -1905.35      1.76648      197.458
415      18.675      1.33515      1001.36      -2906.71      -1905.35      1.76222      197.457
416      18.72      1.33429      1000.72      -2906.08      -1905.36      1.75798      197.457
417      18.765      1.33254      999.403      -2904.76      -1905.35      1.75376      197.456
418      18.81      1.3299      997.423      -2902.77      -1905.35      1.74955      197.454
419      18.855      1.32645      994.84      -2900.19      -1905.35      1.74536      197.453
420      18.9      1.32234      991.758      -2897.1      -1905.34      1.74119      197.451
421      18.945      1.31776      988.321      -2893.65      -1905.33      1.73704      197.449
422      18.99      1.31293      984.696      -2890.01      -1905.32      1.7329      197.447
423      19.035      1.30809      981.067      -2886.37      -1905.3      1.72878      197.444
424      19.08      1.30348      977.612      -2882.91      -1905.29      1.72469      197.442
425      19.125      1.29933      974.497      -2879.78      -1905.29      1.72061      197.44
426      19.17      1.29581      971.858      -2877.14      -1905.28      1.71655      197.437
427      19.215      1.29306      969.792      -2875.07      -1905.28      1.71251      197.435
428      19.26      1.29114      968.353      -2873.63      -1905.28      1.70849      197.433
429      19.305      1.29006      967.545      -2872.83      -1905.28      1.70449      197.431
430      19.35      1.28976      967.322      -2872.61      -1905.29      1.70051      197.429
431      19.395      1.29011      967.585      -2872.88      -1905.3      1.69654      197.427
432      19.44      1.29092      968.188      -2873.49      -1905.31      1.6926      197.425
433      19.485      1.29193      968.947      -2874.27      -1905.32      1.68868      197.423
434      19.53      1.29287      969.654      -2874.99      -1905.33      1.68477      197.422
435      19.575      1.29346      970.094      -2875.44      -1905.35      1.68089      197.42
436      19.62      1.29341      970.059      -2875.42      -1905.36      1.67702      197.419
437      19.665      1.29248      969.362      -2874.73      -1905.37      1.67317      197.417
438      19.71      1.29048      967.857      -2873.23      -1905.37      1.66934      197.416
439      19.755      1.28726      965.444      -2870.82      -1905.38      1.66552      197.414
440      19.8      1.28277      962.074      -2867.45      -1905.38      1.66172      197.413
441      19.845      1.27701      957.757      -2863.13      -1905.37      1.65794      197.411
442      19.89      1.27008      952.56      -2857.93      -1905.37      1.65418      197.409
443      19.935      1.26214      946.601      -2851.96      -1905.36      1.65043      197.408
444      19.98      1.2534      940.049      -2845.39      -1905.34      1.64669      197.406
445      20.025      1.24415      933.112      -2838.44      -1905.33      1.64298      197.404
446      20.07      1.23471      926.035      -2831.35      -1905.31      1.63928      197.402
447      20.115      1.22545      919.085      -2824.38      -1905.29      1.63559      197.399
448      20.16      1.21672      912.539      -2817.81      -1905.28      1.63192      197.397
449      20.205      1.20889      906.671      -2811.93      -1905.26      1.62827      197.395
450      20.25      1.20231      901.733      -2806.98      -1905.25      1.62463      197.393
451      20.295      1.19725      897.937      -2803.17      -1905.24      1.62101      197.39
452      20.34      1.19392      895.442      -2800.67      -1905.23      1.6174      197.388
453      20.385      1.19245      894.339      -2799.57      -1905.23      1.61381      197.385
454      20.43      1.19287      894.651      -2799.89      -1905.24      1.61024      197.383
455      20.475      1.1951      896.327      -2801.57      -1905.24      1.60668      197.38
456      20.52      1.199      899.249      -2804.5      -1905.26      1.60313      197.378
457      20.565      1.20433      903.244      -2808.51      -1905.27      1.59961      197.376
458      20.61      1.2108      908.102      -2813.39      -1905.28      1.5961      197.373
459      20.655      1.21813      913.596      -2818.89      -1905.3      1.5926      197.371
460      20.7      1.226      919.496      -2824.81      -1905.31      1.58912      197.369
461      20.745      1.23412      925.593      -2830.91      -1905.32      1.58566      197.368
462      20.79      1.24228      931.707      -2837.04      -1905.33      1.58222      197.366
463      20.835      1.25027      937.7      -2843.03      -1905.33      1.57879      197.365
464      20.88      1.25797      943.48      -2848.82      -1905.34      1.57538      197.364
465      20.925      1.26533      948.997      -2854.33      -1905.34      1.57198      197.363
466      20.97      1.27231      954.235      -2859.57      -1905.33      1.56861      197.362
467      21.015      1.27894      959.204      -2864.54      -1905.33      1.56525      197.362
468      21.06      1.28523      963.925      -2869.25      -1905.33      1.5619      197.362
469      21.105      1.29123      968.419      -2873.75      -1905.33      1.55857      197.362
470      21.15      1.29694      972.706      -2878.03      -1905.33      1.55526      197.363
471      21.195      1.30239      976.795      -2882.12      -1905.32      1.55196      197.363
472      21.24      1.30759      980.689      -2886.01      -1905.32      1.54868      197.364
473      21.285      1.31251      984.383      -2889.71      -1905.32      1.54542      197.366
474      21.33      1.31715      987.863      -2893.19      -1905.32      1.54217      197.367
475      21.375      1.32148      991.108      -2896.43      -1905.33      1.53894      197.369
476      21.42      1.32545      994.085      -2899.41      -1905.33      1.53572      197.371
477      21.465      1.32901      996.755      -2902.09      -1905.33      1.53251      197.373
478      21.51      1.33209      999.069      -2904.4      -1905.33      1.52932      197.375
479      21.555      1.33463      1000.98      -2906.31      -1905.34      1.52615      197.377
480      21.6      1.33656      1002.42      -2907.76      -1905.34      1.52299      197.379
481      21.645      1.33782      1003.36      -2908.71      -1905.34      1.51984      197.381
482      21.69      1.33835      1003.76      -2909.11      -1905.35      1.5167      197.384
483      21.735      1.33813      1003.6      -2908.94      -1905.35      1.51358      197.386
484      21.78      1.33714      1002.86      -2908.2      -1905.35      1.51048      197.389
485      21.825      1.33541      1001.56      -2906.9      -1905.34      1.50738      197.392
486      21.87      1.33297      999.727      -2905.07      -1905.34      1.5043      197.394
487      21.915      1.32987      997.399      -2902.74      -1905.34      1.50123      197.397
488      21.96      1.32617      994.626      -2899.96      -1905.34      1.49818      197.4
489      22.005      1.32195      991.459      -2896.79      -1905.33      1.49514      197.403
490      22.05      1.31728      987.956      -2893.29      -1905.33      1.49211      197.406
491      22.095      1.31223      984.174      -2889.5      -1905.33      1.48909      197.409
492      22.14      1.30689      980.168      -2885.49      -1905.33      1.48609      197.413
493      22.185      1.30132      975.991      -2881.32      -1905.32      1.48311      197.416
494      22.23      1.29559      971.693      -2877.01      -1905.32      1.48013      197.42
495      22.275      1.28976      967.32      -2872.64      -1905.32      1.47717      197.424
496      22.32      1.2839      962.921      -2868.24      -1905.32      1.47423      197.428
497      22.365      1.27807      958.551      -2863.87      -1905.32      1.47129      197.433
498      22.41      1.27236      954.272      -2859.59      -1905.31      1.46838      197.438
499      22.455      1.26689      950.164      -2855.47      -1905.31      1.46547      197.443
500      22.5      1.26177      946.326      -2851.63      -1905.3      1.46258      197.449
501      22.545      1.25717      942.878      -2848.17      -1905.3      1.45971      197.455
502      22.59      1.25328      939.958      -2845.24      -1905.29      1.45685      197.461
503      22.635      1.25029      937.72      -2843      -1905.28      1.454      197.468
504      22.68      1.24842      936.315      -2841.58      -1905.27      1.45117      197.475
505      22.725      1.24784      935.877      -2841.14      -1905.26      1.44834      197.482
506      22.77      1.24866      936.493      -2841.76      -1905.26      1.44554      197.489
507      22.815      1.25092      938.186      -2843.45      -1905.27      1.44274      197.497
508      22.86      1.25455      940.912      -2846.19      -1905.27      1.43996      197.505
509      22.905      1.2594      944.547      -2849.83      -1905.29      1.43719      197.513
510      22.95      1.26522      948.915      -2854.22      -1905.3      1.43443      197.521
511      22.995      1.27173      953.799      -2859.11      -1905.31      1.43168      197.529
512      23.04      1.27863      958.972      -2864.3      -1905.33      1.42894      197.537
513      23.085      1.28563      964.221      -2869.56      -1905.34      1.42622      197.546
514      23.13      1.29247      969.35      -2874.7      -1905.35      1.4235      197.554
515      23.175      1.29894      974.202      -2879.56      -1905.36      1.4208      197.562
516      23.22      1.30486      978.646      -2884.01      -1905.36      1.4181      197.569
517      23.265      1.31011      982.584      -2887.95      -1905.37      1.41541      197.577
518      23.31      1.31459      985.944      -2891.31      -1905.37      1.41273      197.584
519      23.355      1.31824      988.683      -2894.05      -1905.37      1.41006      197.591
520      23.4      1.32104      990.778      -2896.15      -1905.37      1.40739      197.598
521      23.445      1.32297      992.228      -2897.59      -1905.37      1.40474      197.604
522      23.49      1.32406      993.047      -2898.41      -1905.36      1.40209      197.61
523      23.535      1.32435      993.265      -2898.63      -1905.36      1.39944      197.616
524      23.58      1.32389      992.92      -2898.28      -1905.36      1.39681      197.621
525      23.625      1.32274      992.055      -2897.41      -1905.36      1.39418      197.625
526      23.67      1.32095      990.714      -2896.07      -1905.35      1.39156      197.629
527      23.715      1.31859      988.945      -2894.29      -1905.35      1.38894      197.633
528      23.76      1.31573      986.797      -2892.14      -1905.35      1.38633      197.636
529      23.805      1.31244      984.331      -2889.67      -1905.34      1.38373      197.638
530      23.85      1.30882      981.619      -2886.95      -1905.33      1.38113      197.64
531      23.895      1.30499      978.746      -2884.07      -1905.33      1.37854      197.642
532      23.94      1.30109      975.816      -2881.14      -1905.32      1.37596      197.643
533      23.985      1.29725      972.941      -2878.25      -1905.31      1.37338      197.643
534      24.03      1.29365      970.236      -2875.54      -1905.31      1.37081      197.643
535      24.075      1.29041      967.811      -2873.11      -1905.3      1.36824      197.642
536      24.12      1.28768      965.76      -2871.05      -1905.29      1.36568      197.641
537      24.165      1.28554      964.152      -2869.44      -1905.29      1.36313      197.64
538      24.21      1.28402      963.017      -2868.31      -1905.29      1.36058      197.637
539      24.255      1.28313      962.347      -2867.64      -1905.29      1.35803      197.635
540      24.3      1.28279      962.093      -2867.39      -1905.3      1.3555      197.631
541      24.345      1.2829      962.172      -2867.48      -1905.31      1.35297      197.628
542      24.39      1.28329      962.471      -2867.78      -1905.31      1.35044      197.623
543      24.435      1.28381      962.857      -2868.18      -1905.32      1.34792      197.619
544      24.48      1.28425      963.184      -2868.52      -1905.33      1.34541      197.613
545      24.525      1.28441      963.306      -2868.65      -1905.34      1.3429      197.608
546      24.57      1.28411      963.085      -2868.43      -1905.35      1.3404      197.602
547      24.615      1.2832      962.398      -2867.75      -1905.36      1.3379      197.595
548      24.66      1.28153      961.147      -2866.51      -1905.36      1.33542      197.588
549      24.705      1.27903      959.27      -2864.63      -1905.36      1.33293      197.581
550      24.75      1.27565      956.74      -2862.1      -1905.36      1.33046      197.573
551      24.795      1.27143      953.575      -2858.93      -1905.36      1.32799      197.565
552      24.84      1.26645      949.835      -2855.19      -1905.35      1.32553      197.557
553      24.885      1.26082      945.618      -2850.96      -1905.34      1.32307      197.548
554      24.93      1.25473      941.05      -2846.38      -1905.33      1.32063      197.539
555      24.975      1.24837      936.275      -2841.6      -1905.32      1.31819      197.53
556      25.02      1.24192      931.442      -2836.76      -1905.31      1.31575      197.521
557      25.065      1.2356      926.698      -2832      -1905.31      1.31333      197.512
558      25.11      1.22956      922.17      -2827.47      -1905.3      1.31091      197.502
559      25.155      1.22395      917.963      -2823.26      -1905.29      1.3085      197.492
560      25.2      1.21888      914.156      -2819.45      -1905.29      1.3061      197.483
561      25.245      1.2144      910.803      -2816.09      -1905.29      1.30371      197.473
562      25.29      1.21057      907.928      -2813.22      -1905.29      1.30132      197.463
563      25.335      1.20739      905.54      -2810.83      -1905.29      1.29895      197.453
564      25.38      1.20485      903.636      -2808.93      -1905.29      1.29658      197.443
565      25.425      1.20295      902.211      -2807.5      -1905.29      1.29421      197.432
566      25.47      1.20167      901.254      -2806.54      -1905.29      1.29186      197.422
567      25.515      1.20101      900.76      -2806.05      -1905.29      1.28952      197.412
568      25.56      1.20098      900.734      -2806.02      -1905.29      1.28718      197.401
569      25.605      1.20158      901.188      -2806.47      -1905.29      1.28485      197.391
570      25.65      1.20286      902.143      -2807.43      -1905.28      1.28252      197.38
571      25.695      1.20483      903.624      -2808.91      -1905.28      1.28021      197.37
572      25.74      1.20754      905.653      -2810.93      -1905.28      1.2779      197.359
573      25.785      1.21099      908.246      -2813.53      -1905.28      1.2756      197.348
574      25.83      1.21521      911.406      -2816.69      -1905.28      1.2733      197.337
575      25.875      1.22016      915.117      -2820.4      -1905.28      1.27102      197.325
576      25.92      1.22579      919.339      -2824.62      -1905.28      1.26874      197.314
577      25.965      1.232      924.003      -2829.29      -1905.29      1.26646      197.302
578      26.01      1.23868      929.01      -2834.31      -1905.3      1.2642      197.29
579      26.055      1.24565      934.237      -2839.54      -1905.31      1.26194      197.279
580      26.1      1.25272      939.543      -2844.86      -1905.31      1.25968      197.267
581      26.145      1.2597      944.775      -2850.1      -1905.32      1.25744      197.255
582      26.19      1.26637      949.778      -2855.11      -1905.33      1.2552      197.242
583      26.235      1.27255      954.411      -2859.75      -1905.34      1.25297      197.23
584      26.28      1.27807      958.552      -2863.9      -1905.34      1.25075      197.218
585      26.325      1.28281      962.108      -2867.46      -1905.35      1.24853      197.206
586      26.37      1.2867      965.024      -2870.37      -1905.35      1.24633      197.194
587      26.415      1.28971      967.284      -2872.63      -1905.35      1.24413      197.182
588      26.46      1.29188      968.911      -2874.25      -1905.34      1.24194      197.17
589      26.505      1.2933      969.972      -2875.31      -1905.34      1.23975      197.158
590      26.55      1.29409      970.565      -2875.89      -1905.33      1.23758      197.146
591      26.595      1.29442      970.812      -2876.13      -1905.32      1.23541      197.135
592      26.64      1.29445      970.838      -2876.15      -1905.31      1.23326      197.124
593      26.685      1.29434      970.756      -2876.06      -1905.31      1.23111      197.113
594      26.73      1.29419      970.639      -2875.95      -1905.31      1.22897      197.103
595      26.775      1.29402      970.512      -2875.82      -1905.31      1.22685      197.093
596      26.82      1.29379      970.341      -2875.66      -1905.31      1.22473      197.083
597      26.865      1.2934      970.048      -2875.37      -1905.32      1.22262      197.074
598      26.91      1.2927      969.528      -2874.86      -1905.33      1.22052      197.066
599      26.955      1.29156      968.669      -2874.01      -1905.34      1.21844      197.058
600      27      1.28984      967.381      -2872.72      -1905.34      1.21636      197.05
601      27.045      1.28748      965.609      -2870.95      -1905.34      1.21429      197.043
602      27.09      1.28445      963.339      -2868.68      -1905.34      1.21224      197.037
603      27.135      1.28081      960.608      -2865.94      -1905.33      1.21019      197.031
604      27.18      1.27666      957.494      -2862.82      -1905.33      1.20816      197.026
605      27.225      1.27215      954.11      -2859.43      -1905.32      1.20613      197.022
606      27.27      1.26745      950.589      -2855.9      -1905.31      1.20412      197.018
607      27.315      1.26275      947.064      -2852.36      -1905.3      1.20211      197.015
608      27.36      1.25821      943.658      -2848.95      -1905.29      1.20012      197.012
609      27.405      1.25396      940.47      -2845.76      -1905.29      1.19814      197.01
610      27.45      1.25009      937.57      -2842.86      -1905.29      1.19617      197.009
611      27.495      1.24667      935      -2840.29      -1905.29      1.19421      197.008
612      27.54      1.2437      932.772      -2838.06      -1905.29      1.19226      197.008
613      27.585      1.24117      930.879      -2836.17      -1905.29      1.19031      197.009
614      27.63      1.23907      929.303      -2834.59      -1905.29      1.18838      197.01
615      27.675      1.23737      928.024      -2833.32      -1905.29      1.18646      197.012
616      27.72      1.23603      927.02      -2832.31      -1905.29      1.18455      197.014
617      27.765      1.23504      926.277      -2831.57      -1905.29      1.18265      197.017
618      27.81      1.23438      925.783      -2831.07      -1905.29      1.18075      197.02
619      27.855      1.23404      925.529      -2830.82      -1905.29      1.17887      197.024
620      27.9      1.234      925.498      -2830.79      -1905.29      1.17699      197.028
621      27.945      1.23422      925.667      -2830.96      -1905.29      1.17512      197.033
622      27.99      1.23466      925.998      -2831.29      -1905.3      1.17326      197.037
623      28.035      1.23525      926.437      -2831.74      -1905.3      1.1714      197.042
624      28.08      1.2359      926.928      -2832.23      -1905.3      1.16956      197.047
625      28.125      1.23654      927.405      -2832.71      -1905.31      1.16772      197.052
626      28.17      1.23707      927.806      -2833.12      -1905.31      1.16588      197.057
627      28.215      1.23743      928.073      -2833.39      -1905.31      1.16405      197.062
628      28.26      1.23755      928.16      -2833.48      -1905.32      1.16222      197.067
629      28.305      1.23738      928.034      -2833.35      -1905.32      1.1604      197.071
630      28.35      1.2369      927.678      -2833      -1905.32      1.15858      197.075
631      28.395      1.23613      927.095      -2832.41      -1905.32      1.15677      197.079
632      28.44      1.23508      926.311      -2831.63      -1905.32      1.15496      197.083
633      28.485      1.23383      925.373      -2830.68      -1905.31      1.15316      197.086
634      28.53      1.23247      924.35      -2829.66      -1905.31      1.15135      197.088
635      28.575      1.23111      923.334      -2828.63      -1905.3      1.14955      197.09
636      28.62      1.22992      922.44      -2827.73      -1905.29      1.14775      197.092
637      28.665      1.22906      921.795      -2827.08      -1905.28      1.14595      197.093
638      28.71      1.22871      921.533      -2826.81      -1905.28      1.14416      197.093
639      28.755      1.22904      921.779      -2827.05      -1905.27      1.14237      197.093
640      28.8      1.23018      922.634      -2827.9      -1905.26      1.14058      197.092
641      28.845      1.23222      924.167      -2829.43      -1905.26      1.13879      197.09
642      28.89      1.23521      926.405      -2831.67      -1905.26      1.137      197.088
643      28.935      1.23911      929.33      -2834.6      -1905.27      1.13522      197.085
644      28.98      1.24385      932.886      -2838.16      -1905.27      1.13343      197.081
645      29.025      1.24931      936.984      -2842.26      -1905.28      1.13165      197.077
646      29.07      1.25536      941.521      -2846.81      -1905.29      1.12987      197.073
647      29.115      1.26184      946.381      -2851.67      -1905.29      1.1281      197.068
648      29.16      1.2686      951.45      -2856.75      -1905.3      1.12633      197.062
649      29.205      1.27549      956.616      -2861.92      -1905.3      1.12456      197.056
650      29.25      1.28236      961.768      -2867.08      -1905.31      1.12279      197.05
651      29.295      1.28907      966.802      -2872.12      -1905.32      1.12103      197.044
652      29.34      1.29549      971.616      -2876.94      -1905.32      1.11928      197.037
653      29.385      1.30148      976.107      -2881.43      -1905.33      1.11753      197.031
654      29.43      1.3069      980.177      -2885.51      -1905.33      1.11578      197.024
655      29.475      1.31165      983.735      -2889.07      -1905.34      1.11404      197.018
656      29.52      1.31559      986.695      -2892.03      -1905.34      1.11231      197.012
657      29.565      1.31864      988.983      -2894.33      -1905.34      1.11058      197.005
658      29.61      1.32072      990.542      -2895.89      -1905.35      1.10886      196.999
659      29.655      1.32179      991.339      -2896.69      -1905.35      1.10714      196.993
660      29.7      1.32182      991.367      -2896.71      -1905.35      1.10543      196.988
661      29.745      1.32086      990.647      -2895.99      -1905.34      1.10373      196.983
662      29.79      1.31898      989.234      -2894.57      -1905.34      1.10203      196.977
663      29.835      1.31629      987.215      -2892.55      -1905.33      1.10034      196.973
664      29.88      1.31295      984.712      -2890.04      -1905.32      1.09866      196.968
665      29.925      1.30916      981.873      -2887.19      -1905.31      1.09698      196.964
666      29.97      1.30516      978.87      -2884.17      -1905.3      1.09531      196.96
667      30.015      1.30118      975.888      -2881.18      -1905.29      1.09365      196.956
668      30.06      1.29748      973.112      -2878.39      -1905.28      1.09199      196.952
669      30.105      1.29429      970.716      -2875.99      -1905.27      1.09034      196.948
670      30.15      1.2918      968.848      -2874.11      -1905.27      1.08869      196.945
671      30.195      1.29017      967.624      -2872.89      -1905.26      1.08705      196.941
672      30.24      1.28948      967.113      -2872.37      -1905.26      1.08542      196.938
673      30.285      1.28978      967.332      -2872.6      -1905.26      1.08379      196.935
674      30.33      1.291      968.249      -2873.52      -1905.27      1.08216      196.932
675      30.375      1.29304      969.778      -2875.06      -1905.28      1.08054      196.928
676      30.42      1.29573      971.795      -2877.08      -1905.29      1.07892      196.925
677      30.465      1.29886      974.143      -2879.44      -1905.3      1.07731      196.922
678      30.51      1.30221      976.659      -2881.97      -1905.31      1.07571      196.919
679      30.555      1.30559      979.191      -2884.51      -1905.31      1.07411      196.916
680      30.6      1.30882      981.611      -2886.93      -1905.32      1.07251      196.913
681      30.645      1.31177      983.829      -2889.15      -1905.32      1.07092      196.911
682      30.69      1.3144      985.797      -2891.12      -1905.32      1.06934      196.908
683      30.735      1.31668      987.508      -2892.83      -1905.32      1.06776      196.906
684      30.78      1.31865      988.985      -2894.3      -1905.31      1.06619      196.904
685      30.825      1.32036      990.272      -2895.58      -1905.31      1.06462      196.902
686      30.87      1.32189      991.418      -2896.73      -1905.31      1.06306      196.9
687      30.915      1.32328      992.462      -2897.77      -1905.31      1.0615      196.898
688      30.96      1.32457      993.431      -2898.74      -1905.31      1.05995      196.897
689      31.005      1.32577      994.327      -2899.63      -1905.31      1.05841      196.896
690      31.05      1.32684      995.13      -2900.44      -1905.31      1.05687      196.894
691      31.095      1.32774      995.804      -2901.12      -1905.31      1.05533      196.893
692      31.14      1.32841      996.306      -2901.62      -1905.32      1.0538      196.892
693      31.185      1.3288      996.6      -2901.92      -1905.32      1.05228      196.892
694      31.23      1.32889      996.668      -2901.99      -1905.32      1.05076      196.891
695      31.275      1.32869      996.52      -2901.83      -1905.31      1.04924      196.89
696      31.32      1.32826      996.194      -2901.5      -1905.31      1.04773      196.889
697      31.365      1.32769      995.764      -2901.07      -1905.3      1.04622      196.888
698      31.41      1.3271      995.328      -2900.62      -1905.3      1.04472      196.887
699      31.455      1.32665      994.99      -2900.28      -1905.29      1.04322      196.886
700      31.5      1.32647      994.855      -2900.14      -1905.28      1.04172      196.885
701      31.545      1.32668      995.008      -2900.29      -1905.28      1.04023      196.884
702      31.59      1.32734      995.504      -2900.78      -1905.28      1.03874      196.883
703      31.635      1.32848      996.358      -2901.63      -1905.28      1.03726      196.882
704      31.68      1.33006      997.543      -2902.82      -1905.28      1.03578      196.881
705      31.725      1.33199      998.995      -2904.28      -1905.29      1.0343      196.88
706      31.77      1.33415      1000.61      -2905.91      -1905.3      1.03283      196.879
707      31.815      1.33634      1002.25      -2907.56      -1905.31      1.03137      196.878
708      31.86      1.33836      1003.77      -2909.09      -1905.32      1.02991      196.877
709      31.905      1.33998      1004.98      -2910.31      -1905.33      1.02845      196.876
710      31.95      1.34097      1005.73      -2911.07      -1905.34      1.027      196.876
711      31.995      1.34109      1005.82      -2911.17      -1905.35      1.02555      196.875
712      32.04      1.34015      1005.11      -2910.47      -1905.36      1.02411      196.875
713      32.085      1.33796      1003.47      -2908.84      -1905.37      1.02267      196.875
714      32.13      1.33442      1000.82      -2906.19      -1905.37      1.02124      196.875
715      32.175      1.32946      997.097      -2902.47      -1905.37      1.01981      196.875
716      32.22      1.32311      992.329      -2897.7      -1905.37      1.01839      196.875
717      32.265      1.31544      986.581      -2891.94      -1905.36      1.01697      196.876
718      32.31      1.30663      979.976      -2885.32      -1905.35      1.01556      196.876
719      32.355      1.29692      972.691      -2878.03      -1905.34      1.01415      196.877
720      32.4      1.2866      964.947      -2870.27      -1905.32      1.01275      196.878
721      32.445      1.27599      956.991      -2862.3      -1905.31      1.01135      196.879
722      32.49      1.26545      949.087      -2854.38      -1905.29      1.00995      196.88
723      32.535      1.25532      941.491      -2846.77      -1905.28      1.00856      196.881
724      32.58      1.24592      934.44      -2839.71      -1905.27      1.00717      196.882
725      32.625      1.23752      928.138      -2833.39      -1905.26      1.00579      196.884
726      32.67      1.23032      922.742      -2827.99      -1905.25      1.00441      196.885
727      32.715      1.22448      918.363      -2823.61      -1905.25      1.00304      196.886
728      32.76      1.22008      915.063      -2820.31      -1905.25      1.00167      196.887
729      32.805      1.21714      912.857      -2818.11      -1905.25      1.0003      196.889
730      32.85      1.21562      911.717      -2816.97      -1905.25      0.998936      196.89
731      32.895      1.21543      911.576      -2816.84      -1905.26      0.997578      196.892
732      32.94      1.21645      912.335      -2817.6      -1905.27      0.996224      196.894
733      32.985      1.21849      913.867      -2819.15      -1905.28      0.994874      196.896
734      33.03      1.22137      916.024      -2821.31      -1905.29      0.993529      196.898
735      33.075      1.22486      918.645      -2823.94      -1905.3      0.992188      196.9
736      33.12      1.22876      921.568      -2826.88      -1905.31      0.990851      196.902
737      33.165      1.23285      924.639      -2829.96      -1905.32      0.989519      196.904
738      33.21      1.23696      927.717      -2833.04      -1905.32      0.98819      196.907
739      33.255      1.24091      930.68      -2836.01      -1905.33      0.986866      196.909
740      33.3      1.24456      933.422      -2838.76      -1905.34      0.985546      196.912
741      33.345      1.24781      935.854      -2841.19      -1905.34      0.984231      196.915
742      33.39      1.25053      937.901      -2843.25      -1905.34      0.982919      196.918
743      33.435      1.25265      939.489      -2844.84      -1905.35      0.981611      196.921
744      33.48      1.25407      940.553      -2845.9      -1905.35      0.980307      196.924
745      33.525      1.25471      941.033      -2846.39      -1905.35      0.979007      196.927
746      33.57      1.25452      940.888      -2846.24      -1905.36      0.977711      196.931
747      33.615      1.25347      940.102      -2845.46      -1905.35      0.976419      196.934
748      33.66      1.25159      938.695      -2844.04      -1905.35      0.97513      196.937
749      33.705      1.24898      936.734      -2842.08      -1905.34      0.973845      196.941
750      33.75      1.24578      934.332      -2839.67      -1905.33      0.972563      196.944
751      33.795      1.24218      931.637      -2836.96      -1905.32      0.971285      196.947
752      33.84      1.23842      928.812      -2834.12      -1905.31      0.970011      196.951
753      33.885      1.23469      926.019      -2831.32      -1905.3      0.96874      196.954
754      33.93      1.23121      923.405      -2828.7      -1905.29      0.967472      196.958
755      33.975      1.22812      921.089      -2826.38      -1905.29      0.966208      196.962
756      34.02      1.22555      919.161      -2824.45      -1905.29      0.964948      196.965
757      34.065      1.22358      917.683      -2822.97      -1905.28      0.963691      196.969
758      34.11      1.22226      916.698      -2821.98      -1905.28      0.962438      196.973
759      34.155      1.22164      916.233      -2821.51      -1905.28      0.961188      196.976
760      34.2      1.22174      916.304      -2821.58      -1905.28      0.959942      196.98
761      34.245      1.22256      916.922      -2822.2      -1905.28      0.9587      196.984
762      34.29      1.22412      918.091      -2823.37      -1905.28      0.957461      196.988
763      34.335      1.22641      919.809      -2825.09      -1905.28      0.956225      196.992
764      34.38      1.22942      922.061      -2827.34      -1905.28      0.954993      196.996
765      34.425      1.2331      924.828      -2830.11      -1905.28      0.953764      197
766      34.47      1.23742      928.068      -2833.35      -1905.28      0.952538      197.004
767      34.515      1.2423      931.721      -2837.01      -1905.29      0.951315      197.008
768      34.56      1.24761      935.704      -2841      -1905.29      0.950096      197.012
769      34.605      1.25322      939.912      -2845.21      -1905.3      0.94888      197.016
770      34.65      1.25896      944.223      -2849.53      -1905.31      0.947666      197.02
771      34.695      1.26467      948.499      -2853.82      -1905.32      0.946455      197.024
772      34.74      1.27013      952.599      -2857.92      -1905.32      0.945247      197.027
773      34.785      1.27518      956.387      -2861.72      -1905.33      0.944042      197.031
774      34.83      1.27964      959.733      -2865.07      -1905.34      0.94284      197.035
775      34.875      1.28337      962.53      -2867.87      -1905.34      0.94164      197.038
776      34.92      1.28627      964.702      -2870.05      -1905.34      0.940443      197.042
777      34.965      1.28828      966.207      -2871.55      -1905.34      0.939248      197.045
778      35.01      1.28939      967.042      -2872.38      -1905.34      0.938056      197.048
779      35.055      1.28966      967.244      -2872.58      -1905.34      0.936866      197.051
780      35.1      1.28918      966.888      -2872.22      -1905.33      0.935679      197.054
781      35.145      1.2881      966.079      -2871.4      -1905.32      0.934495      197.057
782      35.19      1.28659      964.94      -2870.25      -1905.31      0.933314      197.06
783      35.235      1.28481      963.606      -2868.91      -1905.31      0.932135      197.063
784      35.28      1.28294      962.203      -2867.5      -1905.3      0.930959      197.065
785      35.325      1.28112      960.839      -2866.13      -1905.29      0.929786      197.068
786      35.37      1.27946      959.593      -2864.88      -1905.29      0.928616      197.071
787      35.415      1.27801      958.51      -2863.8      -1905.29      0.927449      197.074
788      35.46      1.2768      957.603      -2862.9      -1905.29      0.926284      197.076
789      35.505      1.27581      956.859      -2862.16      -1905.3      0.925123      197.079
790      35.55      1.27499      956.244      -2861.54      -1905.3      0.923965      197.082
791      35.595      1.27429      955.714      -2861.02      -1905.3      0.92281      197.085
792      35.64      1.27364      955.227      -2860.54      -1905.31      0.921658      197.087
793      35.685      1.273      954.75      -2860.06      -1905.31      0.920509      197.09
794      35.73      1.27236      954.269      -2859.58      -1905.31      0.919363      197.093
795      35.775      1.27173      953.797      -2859.1      -1905.31      0.91822      197.096
796      35.82      1.27115      953.365      -2858.67      -1905.3      0.91708      197.099
797      35.865      1.2707      953.028      -2858.33      -1905.3      0.915944      197.102
798      35.91      1.27046      952.846      -2858.14      -1905.3      0.91481      197.105
799      35.955      1.27051      952.882      -2858.18      -1905.29      0.913678      197.108
800      36      1.27092      953.189      -2858.48      -1905.29      0.91255      197.111
801      36.045      1.27173      953.798      -2859.09      -1905.29      0.911425      197.114
802      36.09      1.27295      954.71      -2860      -1905.29      0.910302      197.117
803      36.135      1.27453      955.9      -2861.2      -1905.3      0.909182      197.12
804      36.18      1.27643      957.323      -2862.62      -1905.3      0.908065      197.123
805      36.225      1.27856      958.919      -2864.22      -1905.3      0.906951      197.126
806      36.27      1.28083      960.619      -2865.93      -1905.31      0.90584      197.129
807      36.315      1.28315      962.364      -2867.67      -1905.31      0.904731      197.132
808      36.36      1.28547      964.101      -2869.41      -1905.31      0.903625      197.135
809      36.405      1.28772      965.788      -2871.1      -1905.31      0.902522      197.138
810      36.45      1.28986      967.393      -2872.71      -1905.31      0.901421      197.141
811      36.495      1.29186      968.892      -2874.21      -1905.31      0.900324      197.144
812      36.54      1.29368      970.262      -2875.58      -1905.32      0.899229      197.147
813      36.585      1.29531      971.483      -2876.8      -1905.32      0.898137      197.15
814      36.63      1.29671      972.534      -2877.85      -1905.32      0.897048      197.153
815      36.675      1.29787      973.401      -2878.72      -1905.32      0.895962      197.156
816      36.72      1.29876      974.073      -2879.39      -1905.32      0.894878      197.16
817      36.765      1.2994      974.546      -2879.86      -1905.32      0.893797      197.163
818      36.81      1.29977      974.825      -2880.14      -1905.32      0.892719      197.166
819      36.855      1.29989      974.918      -2880.24      -1905.32      0.891644      197.169
820      36.9      1.29979      974.839      -2880.16      -1905.32      0.89057      197.172
821      36.945      1.29947      974.6      -2879.92      -1905.32      0.8895      197.175
822      36.99      1.29895      974.212      -2879.53      -1905.32      0.888431      197.178
823      37.035      1.29824      973.683      -2879      -1905.32      0.887365      197.181
824      37.08      1.29736      973.02      -2878.34      -1905.32      0.886301      197.184
825      37.125      1.29631      972.23      -2877.55      -1905.32      0.885238      197.187
826      37.17      1.2951      971.323      -2876.64      -1905.32      0.884178      197.189
827      37.215      1.29375      970.313      -2875.63      -1905.32      0.883119      197.192
828      37.26      1.29229      969.218      -2874.54      -1905.32      0.882062      197.194
829      37.305      1.29074      968.054      -2873.37      -1905.32      0.881007      197.196
830      37.35      1.28911      966.836      -2872.15      -1905.32      0.879953      197.198
831      37.395      1.28743      965.574      -2870.89      -1905.32      0.878902      197.199
832      37.44      1.2857      964.274      -2869.59      -1905.32      0.877852      197.201
833      37.485      1.28392      962.941      -2868.26      -1905.32      0.876804      197.202
834      37.53      1.28211      961.583      -2866.9      -1905.32      0.875757      197.203
835      37.575      1.2803      960.223      -2865.54      -1905.31      0.874714      197.204
836      37.62      1.27853      958.899      -2864.21      -1905.31      0.873672      197.205
837      37.665      1.2769      957.673      -2862.98      -1905.31      0.872633      197.206
838      37.71      1.27551      956.636      -2861.93      -1905.3      0.871596      197.207
839      37.755      1.27452      955.894      -2861.18      -1905.29      0.870562      197.208
840      37.8      1.27409      955.57      -2860.85      -1905.28      0.869531      197.21
841      37.845      1.27438      955.785      -2861.06      -1905.28      0.868503      197.211
842      37.89      1.27553      956.648      -2861.92      -1905.27      0.867478      197.212
843      37.935      1.27764      958.232      -2863.5      -1905.27      0.866455      197.214
844      37.98      1.28076      960.568      -2865.84      -1905.27      0.865437      197.216
845      38.025      1.28485      963.635      -2868.91      -1905.27      0.864421      197.218
846      38.07      1.28981      967.361      -2872.64      -1905.28      0.863409      197.22
847      38.115      1.29551      971.635      -2876.93      -1905.29      0.8624      197.222
848      38.16      1.30175      976.313      -2881.61      -1905.3      0.861394      197.225
849      38.205      1.3083      981.226      -2886.54      -1905.31      0.860392      197.228
850      38.25      1.31493      986.201      -2891.52      -1905.32      0.859392      197.231
851      38.295      1.32141      991.055      -2896.39      -1905.33      0.858396      197.234
852      38.34      1.32748      995.611      -2900.95      -1905.34      0.857403      197.237
853      38.385      1.33293      999.697      -2905.05      -1905.35      0.856412      197.24
854      38.43      1.33755      1003.16      -2908.52      -1905.36      0.855424      197.244
855      38.475      1.34117      1005.88      -2911.24      -1905.37      0.854438      197.247
856      38.52      1.34367      1007.75      -2913.12      -1905.37      0.853455      197.25
857      38.565      1.34498      1008.74      -2914.11      -1905.37      0.852473      197.254
858      38.61      1.3451      1008.83      -2914.2      -1905.37      0.851493      197.257
859      38.655      1.34406      1008.05      -2913.41      -1905.37      0.850514      197.26
860      38.7      1.34192      1006.44      -2911.81      -1905.36      0.849536      197.262
861      38.745      1.33876      1004.07      -2909.43      -1905.36      0.84856      197.265
862      38.79      1.33464      1000.98      -2906.34      -1905.36      0.847584      197.267
863      38.835      1.32962      997.216      -2902.57      -1905.36      0.846608      197.268
864      38.88      1.32378      992.836      -2898.19      -1905.35      0.845634      197.269
865      38.925      1.31722      987.915      -2893.26      -1905.35      0.844659      197.27
866      38.97      1.3101      982.572      -2887.91      -1905.34      0.843685      197.271
867      39.015      1.30265      976.984      -2882.31      -1905.32      0.842712      197.27
868      39.06      1.29518      971.387      -2876.69      -1905.3      0.841738      197.27
869      39.105      1.28808      966.058      -2871.34      -1905.28      0.840765      197.269
870      39.15      1.28172      961.287      -2866.55      -1905.27      0.839792      197.267
871      39.195      1.27646      957.347      -2862.6      -1905.25      0.838819      197.265
872      39.24      1.2726      954.45      -2859.69      -1905.24      0.837846      197.263
873      39.285      1.2703      952.724      -2857.96      -1905.24      0.836874      197.26
874      39.33      1.2696      952.2      -2857.44      -1905.24      0.835902      197.256
875      39.375      1.27041      952.806      -2858.06      -1905.25      0.834931      197.252
876      39.42      1.2725      954.379      -2859.65      -1905.27      0.83396      197.248
877      39.465      1.27559      956.69      -2861.97      -1905.28      0.832989      197.244
878      39.51      1.2793      959.472      -2864.77      -1905.3      0.83202      197.239
879      39.555      1.28326      962.444      -2867.76      -1905.32      0.831051      197.233
880      39.6      1.28711      965.336      -2870.67      -1905.33      0.830082      197.228
881      39.645      1.29054      967.905      -2873.25      -1905.34      0.829115      197.222
882      39.69      1.29327      969.954      -2875.31      -1905.35      0.828149      197.215
883      39.735      1.29512      971.34      -2876.7      -1905.36      0.827183      197.209
884      39.78      1.29596      971.971      -2877.33      -1905.36      0.826219      197.202
885      39.825      1.29575      971.816      -2877.17      -1905.36      0.825256      197.195
886      39.87      1.29452      970.893      -2876.25      -1905.35      0.824294      197.188
887      39.915      1.29236      969.267      -2874.61      -1905.35      0.823333      197.18
888      39.96      1.28938      967.037      -2872.37      -1905.34      0.822373      197.172
889      40.005      1.28577      964.325      -2869.65      -1905.33      0.821414      197.164
890      40.05      1.28169      961.269      -2866.59      -1905.32      0.820457      197.156
891      40.095      1.27735      958.011      -2863.32      -1905.31      0.8195      197.147
892      40.14      1.27291      954.684      -2859.99      -1905.3      0.818545      197.138
893      40.185      1.26854      951.404      -2856.7      -1905.3      0.817591      197.129
894      40.23      1.26435      948.266      -2853.56      -1905.29      0.816638      197.12
895      40.275      1.26045      945.337      -2850.63      -1905.29      0.815686      197.111
896      40.32      1.25688      942.656      -2847.95      -1905.29      0.814736      197.101
897      40.365      1.25364      940.231      -2845.52      -1905.29      0.813786      197.091
898      40.41      1.25073      938.045      -2843.34      -1905.3      0.812838      197.081
899      40.455      1.24808      936.061      -2841.36      -1905.3      0.811891      197.07
900      40.5      1.24564      934.229      -2839.53      -1905.3      0.810946      197.06
901      40.545      1.24333      932.497      -2837.8      -1905.31      0.810002      197.049
902      40.59      1.24109      930.815      -2836.12      -1905.31      0.80906      197.038
903      40.635      1.23886      929.144      -2834.46      -1905.31      0.808118      197.027
904      40.68      1.23661      927.46      -2832.77      -1905.31      0.807179      197.016
905      40.725      1.23434      925.757      -2831.07      -1905.31      0.806241      197.005
906      40.77      1.23206      924.043      -2829.35      -1905.31      0.805305      196.994
907      40.815      1.22978      922.337      -2827.65      -1905.31      0.80437      196.982
908      40.86      1.22757      920.675      -2825.98      -1905.31      0.803437      196.971
909      40.905      1.22547      919.103      -2824.41      -1905.3      0.802507      196.959
910      40.95      1.22357      917.676      -2822.98      -1905.3      0.801578      196.948
911      40.995      1.22195      916.459      -2821.75      -1905.3      0.800651      196.936
912      41.04      1.22069      915.516      -2820.81      -1905.29      0.799726      196.924
913      41.085      1.21988      914.91      -2820.2      -1905.29      0.798803      196.913
914      41.13      1.21959      914.691      -2819.98      -1905.29      0.797883      196.902
915      41.175      1.21986      914.895      -2820.18      -1905.29      0.796965      196.89
916      41.22      1.22072      915.54      -2820.83      -1905.29      0.79605      196.879
917      41.265      1.22216      916.619      -2821.91      -1905.29      0.795137      196.868
918      41.31      1.22414      918.106      -2823.4      -1905.29      0.794226      196.857
919      41.355      1.2266      919.953      -2825.25      -1905.3      0.793319      196.846
920      41.4      1.22946      922.095      -2827.4      -1905.3      0.792414      196.836
921      41.445      1.2326      924.453      -2829.76      -1905.31      0.791512      196.825
922      41.49      1.23592      926.941      -2832.25      -1905.31      0.790613      196.815
923      41.535      1.2393      929.473      -2834.79      -1905.32      0.789718      196.806
924      41.58      1.24263      931.972      -2837.3      -1905.32      0.788825      196.796
925      41.625      1.24583      934.376      -2839.7      -1905.33      0.787935      196.787
926      41.67      1.24886      936.643      -2841.97      -1905.33      0.787049      196.778
927      41.715      1.25167      938.749      -2844.08      -1905.33      0.786166      196.769
928      41.76      1.25426      940.692      -2846.02      -1905.33      0.785285      196.761
929      41.805      1.25664      942.484      -2847.81      -1905.33      0.784409      196.753
930      41.85      1.25885      944.139      -2849.46      -1905.32      0.783535      196.746
931      41.895      1.2609      945.676      -2851      -1905.32      0.782664      196.738
932      41.94      1.26281      947.108      -2852.43      -1905.32      0.781796      196.731
933      41.985      1.26459      948.441      -2853.76      -1905.32      0.780931      196.724
934      42.03      1.26623      949.669      -2854.99      -1905.32      0.780069      196.718
935      42.075      1.2677      950.778      -2856.1      -1905.32      0.779209      196.711
936      42.12      1.26899      951.739      -2857.06      -1905.32      0.778353      196.705
937      42.165      1.27002      952.519      -2857.84      -1905.32      0.777498      196.699
938      42.21      1.27077      953.08      -2858.41      -1905.33      0.776646      196.693
939      42.255      1.27119      953.39      -2858.72      -1905.33      0.775796      196.688
940      42.3      1.27123      953.423      -2858.75      -1905.33      0.774948      196.682
941      42.345      1.27089      953.168      -2858.49      -1905.33      0.774103      196.676
942      42.39      1.27017      952.629      -2857.95      -1905.32      0.773259      196.671
943      42.435      1.26909      951.819      -2857.14      -1905.32      0.772417      196.665
944      42.48      1.26769      950.77      -2856.09      -1905.32      0.771576      196.659
945      42.525      1.26603      949.526      -2854.84      -1905.31      0.770737      196.654
946      42.57      1.26419      948.142      -2853.45      -1905.31      0.7699      196.648
947      42.615      1.26225      946.686      -2851.99      -1905.3      0.769064      196.642
948      42.66      1.2603      945.227      -2850.53      -1905.3      0.76823      196.636
949      42.705      1.25846      943.843      -2849.14      -1905.29      0.767397      196.63
950      42.75      1.25681      942.609      -2847.9      -1905.29      0.766566      196.624
951      42.795      1.25546      941.594      -2846.88      -1905.29      0.765736      196.618
952      42.84      1.25447      940.85      -2846.13      -1905.28      0.764907      196.612
953      42.885      1.25389      940.418      -2845.7      -1905.28      0.76408      196.606
954      42.93      1.25375      940.314      -2845.6      -1905.28      0.763255      196.599
955      42.975      1.25404      940.527      -2845.81      -1905.28      0.762431      196.593
956      43.02      1.2547      941.028      -2846.31      -1905.29      0.761609      196.587
957      43.065      1.25569      941.77      -2847.06      -1905.29      0.760789      196.58
958      43.11      1.25693      942.695      -2847.99      -1905.29      0.759971      196.574
959      43.155      1.25832      943.742      -2849.04      -1905.3      0.759154      196.568
960      43.2      1.25979      944.846      -2850.15      -1905.3      0.758339      196.561
961      43.245      1.26127      945.949      -2851.25      -1905.31      0.757526      196.555
962      43.29      1.26266      946.995      -2852.3      -1905.31      0.756714      196.549
963      43.335      1.26391      947.931      -2853.24      -1905.31      0.755904      196.543
964      43.38      1.26494      948.705      -2854.02      -1905.32      0.755097      196.537
965      43.425      1.2657      949.273      -2854.59      -1905.32      0.75429      196.53
966      43.47      1.26613      949.599      -2854.92      -1905.32      0.753486      196.524
967      43.515      1.26621      949.658      -2854.98      -1905.32      0.752683      196.518
968      43.56      1.26592      949.444      -2854.76      -1905.32      0.751882      196.512
969      43.605      1.26529      948.967      -2854.29      -1905.32      0.751082      196.506
970      43.65      1.26434      948.255      -2853.57      -1905.32      0.750285      196.5
971      43.695      1.26313      947.348      -2852.66      -1905.31      0.749489      196.493
972      43.74      1.26173      946.295      -2851.61      -1905.31      0.748694      196.487
973      43.785      1.2602      945.146      -2850.46      -1905.31      0.747902      196.481
974      43.83      1.25859      943.946      -2849.25      -1905.31      0.747111      196.475
975      43.875      1.25697      942.725      -2848.03      -1905.31      0.746322      196.469
976      43.92      1.25534      941.503      -2846.81      -1905.31      0.745535      196.463
977      43.965      1.25372      940.286      -2845.59      -1905.31      0.744749      196.457
978      44.01      1.25211      939.081      -2844.39      -1905.31      0.743966      196.452
979      44.055      1.25053      937.894      -2843.2      -1905.31      0.743185      196.446
980      44.1      1.24899      936.744      -2842.05      -1905.31      0.742406      196.441
981      44.145      1.24756      935.67      -2840.97      -1905.3      0.741629      196.435
982      44.19      1.2463      934.727      -2840.02      -1905.3      0.740855      196.43
983      44.235      1.24532      933.987      -2839.28      -1905.29      0.740083      196.425
984      44.28      1.24471      933.533      -2838.82      -1905.29      0.739313      196.421
985      44.325      1.2446      933.449      -2838.73      -1905.28      0.738545      196.416
986      44.37      1.24508      933.81      -2839.09      -1905.28      0.73778      196.412
987      44.415      1.24623      934.67      -2839.95      -1905.28      0.737018      196.408
988      44.46      1.24807      936.054      -2841.33      -1905.28      0.736258      196.404
989      44.505      1.25061      937.955      -2843.23      -1905.28      0.7355      196.401
990      44.55      1.25378      940.332      -2845.62      -1905.28      0.734745      196.397
991      44.595      1.25749      943.118      -2848.41      -1905.29      0.733993      196.395
992      44.64      1.26163      946.224      -2851.52      -1905.3      0.733244      196.392
993      44.685      1.26607      949.555      -2854.86      -1905.3      0.732497      196.39
994      44.73      1.27068      953.013      -2858.32      -1905.31      0.731753      196.388
995      44.775      1.27535      956.511      -2861.82      -1905.31      0.731012      196.386
996      44.82      1.27996      959.967      -2865.28      -1905.31      0.730273      196.385
997      44.865      1.28442      963.313      -2868.63      -1905.32      0.729538      196.384
998      44.91      1.28865      966.487      -2871.81      -1905.32      0.728806      196.384
999      44.955      1.29257      969.429      -2874.75      -1905.32      0.728076      196.384
1000      45      1.2961      972.079      -2877.41      -1905.33      0.72735      196.385
1000      45      1.2961      972.079      -2877.41      -1905.33      0.72735      196.385
Execution time in seconds: 2.12882
