Timestep Time Temperature KineticEnergy PotentialEnergy TotalEnergy DiffusionConstant MeanSquareDisplacement
1      0.0001      2.43283      1824.62      -3730.19      -1905.57      328553      197.132
2      0.0002      2.43283      1824.62      -3730.19      -1905.57      164276      197.132
3      0.0003      2.43283      1824.62      -3730.19      -1905.57      109518      197.132
4      0.0004      2.43283      1824.62      -3730.19      -1905.57      82138.2      197.132
5      0.0005      2.43283      1824.62      -3730.19      -1905.57      65710.6      197.132
6      0.0006      2.43283      1824.62      -3730.19      -1905.57      54758.8      197.132
7      0.0007      2.43283      1824.62      -3730.19      -1905.57      46936.1      197.132
8      0.0008      2.43283      1824.62      -3730.19      -1905.57      41069.1      197.132
9      0.0009      2.43283      1824.62      -3730.19      -1905.57      36505.9      197.132
10      0.001      2.43283      1824.62      -3730.19      -1905.57      32855.3      197.132
11      0.0011      2.43283      1824.62      -3730.19      -1905.57      29868.5      197.132
12      0.0012      2.43283      1824.62      -3730.19      -1905.57      27379.4      197.132
13      0.0013      2.43283      1824.62      -3730.19      -1905.57      25273.3      197.132
14      0.0014      2.43283      1824.62      -3730.19      -1905.57      23468.1      197.132
15      0.0015      2.43283      1824.62      -3730.19      -1905.57      21903.5      197.132
16      0.0016      2.43283      1824.62      -3730.19      -1905.57      20534.6      197.132
17      0.0017      2.43282      1824.62      -3730.19      -1905.57      19326.7      197.132
18      0.0018      2.43282      1824.62      -3730.19      -1905.57      18253      197.132
19      0.0019      2.43282      1824.62      -3730.19      -1905.57      17292.3      197.132
20      0.002      2.43282      1824.62      -3730.19      -1905.57      16427.7      197.132
21      0.0021      2.43282      1824.62      -3730.19      -1905.57      15645.4      197.132
22      0.0022      2.43282      1824.62      -3730.18      -1905.57      14934.2      197.132
23      0.0023      2.43282      1824.61      -3730.18      -1905.57      14284.9      197.132
24      0.0024      2.43282      1824.61      -3730.18      -1905.57      13689.7      197.132
25      0.0025      2.43282      1824.61      -3730.18      -1905.57      13142.1      197.132
26      0.0026      2.43282      1824.61      -3730.18      -1905.57      12636.7      197.132
27      0.0027      2.43282      1824.61      -3730.18      -1905.57      12168.6      197.132
28      0.0028      2.43282      1824.61      -3730.18      -1905.57      11734      197.132
29      0.0029      2.43281      1824.61      -3730.18      -1905.57      11329.4      197.132
30      0.003      2.43281      1824.61      -3730.18      -1905.57      10951.8      197.132
31      0.0031      2.43281      1824.61      -3730.18      -1905.57      10598.5      197.132
32      0.0032      2.43281      1824.61      -3730.18      -1905.57      10267.3      197.132
33      0.0033      2.43281      1824.61      -3730.18      -1905.57      9956.17      197.132
34      0.0034      2.43281      1824.61      -3730.18      -1905.57      9663.34      197.132
35      0.0035      2.43281      1824.61      -3730.17      -1905.57      9387.24      197.132
36      0.0036      2.43281      1824.6      -3730.17      -1905.57      9126.49      197.132
37      0.0037      2.4328      1824.6      -3730.17      -1905.57      8879.83      197.132
38      0.0038      2.4328      1824.6      -3730.17      -1905.57      8646.15      197.132
39      0.0039      2.4328      1824.6      -3730.17      -1905.57      8424.45      197.132
40      0.004      2.4328      1824.6      -3730.17      -1905.57      8213.84      197.132
41      0.0041      2.4328      1824.6      -3730.17      -1905.57      8013.5      197.132
42      0.0042      2.4328      1824.6      -3730.17      -1905.57      7822.71      197.132
43      0.0043      2.43279      1824.6      -3730.17      -1905.57      7640.78      197.132
44      0.0044      2.43279      1824.6      -3730.16      -1905.57      7467.13      197.132
45      0.0045      2.43279      1824.59      -3730.16      -1905.57      7301.19      197.132
46      0.0046      2.43279      1824.59      -3730.16      -1905.57      7142.47      197.132
47      0.0047      2.43279      1824.59      -3730.16      -1905.57      6990.51      197.132
48      0.0048      2.43279      1824.59      -3730.16      -1905.57      6844.87      197.132
49      0.0049      2.43278      1824.59      -3730.16      -1905.57      6705.18      197.132
50      0.005      2.43278      1824.59      -3730.16      -1905.57      6571.08      197.132
51      0.0051      2.43278      1824.59      -3730.15      -1905.57      6442.23      197.132
52      0.0052      2.43278      1824.58      -3730.15      -1905.57      6318.34      197.132
53      0.0053      2.43278      1824.58      -3730.15      -1905.57      6199.13      197.132
54      0.0054      2.43277      1824.58      -3730.15      -1905.57      6084.33      197.132
55      0.0055      2.43277      1824.58      -3730.15      -1905.57      5973.71      197.132
56      0.0056      2.43277      1824.58      -3730.15      -1905.57      5867.04      197.132
57      0.0057      2.43277      1824.58      -3730.15      -1905.57      5764.11      197.132
58      0.0058      2.43277      1824.57      -3730.14      -1905.57      5664.73      197.132
59      0.0059      2.43276      1824.57      -3730.14      -1905.57      5568.71      197.132
60      0.006      2.43276      1824.57      -3730.14      -1905.57      5475.9      197.132
61      0.0061      2.43276      1824.57      -3730.14      -1905.57      5386.13      197.132
62      0.0062      2.43276      1824.57      -3730.14      -1905.57      5299.26      197.132
63      0.0063      2.43276      1824.57      -3730.14      -1905.57      5215.15      197.133
64      0.0064      2.43275      1824.56      -3730.13      -1905.57      5133.66      197.133
65      0.0065      2.43275      1824.56      -3730.13      -1905.57      5054.68      197.133
66      0.0066      2.43275      1824.56      -3730.13      -1905.57      4978.09      197.133
67      0.0067      2.43275      1824.56      -3730.13      -1905.57      4903.79      197.133
68      0.0068      2.43274      1824.56      -3730.13      -1905.57      4831.68      197.133
69      0.0069      2.43274      1824.56      -3730.12      -1905.57      4761.66      197.133
70      0.007      2.43274      1824.55      -3730.12      -1905.57      4693.63      197.133
71      0.0071      2.43273      1824.55      -3730.12      -1905.57      4627.53      197.133
72      0.0072      2.43273      1824.55      -3730.12      -1905.57      4563.26      197.133
73      0.0073      2.43273      1824.55      -3730.12      -1905.57      4500.75      197.133
74      0.0074      2.43273      1824.54      -3730.11      -1905.57      4439.92      197.133
75      0.0075      2.43272      1824.54      -3730.11      -1905.57      4380.73      197.133
76      0.0076      2.43272      1824.54      -3730.11      -1905.57      4323.09      197.133
77      0.0077      2.43272      1824.54      -3730.11      -1905.57      4266.94      197.133
78      0.0078      2.43272      1824.54      -3730.11      -1905.57      4212.24      197.133
79      0.0079      2.43271      1824.53      -3730.1      -1905.57      4158.92      197.133
80      0.008      2.43271      1824.53      -3730.1      -1905.57      4106.93      197.133
81      0.0081      2.43271      1824.53      -3730.1      -1905.57      4056.23      197.133
82      0.0082      2.4327      1824.53      -3730.1      -1905.57      4006.76      197.133
83      0.0083      2.4327      1824.52      -3730.09      -1905.57      3958.49      197.133
84      0.0084      2.4327      1824.52      -3730.09      -1905.57      3911.36      197.133
85      0.0085      2.43269      1824.52      -3730.09      -1905.57      3865.35      197.133
86      0.0086      2.43269      1824.52      -3730.09      -1905.57      3820.4      197.133
87      0.0087      2.43269      1824.52      -3730.08      -1905.57      3776.49      197.133
88      0.0088      2.43268      1824.51      -3730.08      -1905.57      3733.58      197.133
89      0.0089      2.43268      1824.51      -3730.08      -1905.57      3691.63      197.133
90      0.009      2.43268      1824.51      -3730.08      -1905.57      3650.61      197.133
91      0.0091      2.43267      1824.51      -3730.07      -1905.57      3610.49      197.133
92      0.0092      2.43267      1824.5      -3730.07      -1905.57      3571.25      197.133
93      0.0093      2.43267      1824.5      -3730.07      -1905.57      3532.85      197.133
94      0.0094      2.43266      1824.5      -3730.07      -1905.57      3495.26      197.133
95      0.0095      2.43266      1824.49      -3730.06      -1905.57      3458.47      197.133
96      0.0096      2.43266      1824.49      -3730.06      -1905.57      3422.45      197.133
97      0.0097      2.43265      1824.49      -3730.06      -1905.57      3387.16      197.133
98      0.0098      2.43265      1824.49      -3730.06      -1905.57      3352.6      197.133
99      0.0099      2.43265      1824.48      -3730.05      -1905.57      3318.74      197.133
100      0.01      2.43264      1824.48      -3730.05      -1905.57      3285.55      197.133
101      0.0101      2.43264      1824.48      -3730.05      -1905.57      3253.02      197.133
102      0.0102      2.43263      1824.48      -3730.04      -1905.57      3221.13      197.133
103      0.0103      2.43263      1824.47      -3730.04      -1905.57      3189.86      197.133
104      0.0104      2.43263      1824.47      -3730.04      -1905.57      3159.18      197.133
105      0.0105      2.43262      1824.47      -3730.04      -1905.57      3129.1      197.133
106      0.0106      2.43262      1824.46      -3730.03      -1905.57      3099.58      197.133
107      0.0107      2.43261      1824.46      -3730.03      -1905.57      3070.61      197.133
108      0.0108      2.43261      1824.46      -3730.03      -1905.57      3042.18      197.133
109      0.0109      2.43261      1824.45      -3730.02      -1905.57      3014.27      197.133
110      0.011      2.4326      1824.45      -3730.02      -1905.57      2986.87      197.133
111      0.0111      2.4326      1824.45      -3730.02      -1905.57      2959.96      197.133
112      0.0112      2.43259      1824.44      -3730.01      -1905.57      2933.53      197.133
113      0.0113      2.43259      1824.44      -3730.01      -1905.57      2907.57      197.133
114      0.0114      2.43258      1824.44      -3730.01      -1905.57      2882.06      197.133
115      0.0115      2.43258      1824.44      -3730      -1905.57      2857      197.133
116      0.0116      2.43258      1824.43      -3730      -1905.57      2832.37      197.133
117      0.0117      2.43257      1824.43      -3730      -1905.57      2808.17      197.133
118      0.0118      2.43257      1824.43      -3729.99      -1905.57      2784.37      197.133
119      0.0119      2.43256      1824.42      -3729.99      -1905.57      2760.97      197.133
120      0.012      2.43256      1824.42      -3729.99      -1905.57      2737.96      197.133
121      0.0121      2.43255      1824.42      -3729.98      -1905.57      2715.33      197.133
122      0.0122      2.43255      1824.41      -3729.98      -1905.57      2693.08      197.133
123      0.0123      2.43254      1824.41      -3729.98      -1905.57      2671.18      197.133
124      0.0124      2.43254      1824.4      -3729.97      -1905.57      2649.64      197.133
125      0.0125      2.43254      1824.4      -3729.97      -1905.57      2628.44      197.133
126      0.0126      2.43253      1824.4      -3729.97      -1905.57      2607.58      197.133
127      0.0127      2.43253      1824.39      -3729.96      -1905.57      2587.05      197.133
128      0.0128      2.43252      1824.39      -3729.96      -1905.57      2566.84      197.133
129      0.0129      2.43252      1824.39      -3729.96      -1905.57      2546.94      197.133
130      0.013      2.43251      1824.38      -3729.95      -1905.57      2527.35      197.133
131      0.0131      2.43251      1824.38      -3729.95      -1905.57      2508.06      197.133
132      0.0132      2.4325      1824.38      -3729.95      -1905.57      2489.06      197.133
133      0.0133      2.4325      1824.37      -3729.94      -1905.57      2470.34      197.133
134      0.0134      2.43249      1824.37      -3729.94      -1905.57      2451.91      197.133
135      0.0135      2.43249      1824.36      -3729.93      -1905.57      2433.75      197.133
136      0.0136      2.43248      1824.36      -3729.93      -1905.57      2415.85      197.133
137      0.0137      2.43248      1824.36      -3729.93      -1905.57      2398.22      197.134
138      0.0138      2.43247      1824.35      -3729.92      -1905.57      2380.84      197.134
139      0.0139      2.43247      1824.35      -3729.92      -1905.57      2363.71      197.134
140      0.014      2.43246      1824.35      -3729.91      -1905.57      2346.83      197.134
141      0.0141      2.43246      1824.34      -3729.91      -1905.57      2330.18      197.134
142      0.0142      2.43245      1824.34      -3729.91      -1905.57      2313.77      197.134
143      0.0143      2.43244      1824.33      -3729.9      -1905.57      2297.59      197.134
144      0.0144      2.43244      1824.33      -3729.9      -1905.57      2281.64      197.134
145      0.0145      2.43243      1824.33      -3729.89      -1905.57      2265.9      197.134
146      0.0146      2.43243      1824.32      -3729.89      -1905.57      2250.38      197.134
147      0.0147      2.43242      1824.32      -3729.89      -1905.57      2235.08      197.134
148      0.0148      2.43242      1824.31      -3729.88      -1905.57      2219.97      197.134
149      0.0149      2.43241      1824.31      -3729.88      -1905.57      2205.07      197.134
150      0.015      2.43241      1824.3      -3729.87      -1905.57      2190.37      197.134
151      0.0151      2.4324      1824.3      -3729.87      -1905.57      2175.87      197.134
152      0.0152      2.43239      1824.3      -3729.86      -1905.57      2161.55      197.134
153      0.0153      2.43239      1824.29      -3729.86      -1905.57      2147.43      197.134
154      0.0154      2.43238      1824.29      -3729.86      -1905.57      2133.48      197.134
155      0.0155      2.43238      1824.28      -3729.85      -1905.57      2119.72      197.134
156      0.0156      2.43237      1824.28      -3729.85      -1905.57      2106.13      197.134
157      0.0157      2.43237      1824.27      -3729.84      -1905.57      2092.72      197.134
158      0.0158      2.43236      1824.27      -3729.84      -1905.57      2079.47      197.134
159      0.0159      2.43235      1824.26      -3729.83      -1905.57      2066.39      197.134
160      0.016      2.43235      1824.26      -3729.83      -1905.57      2053.48      197.134
161      0.0161      2.43234      1824.26      -3729.82      -1905.57      2040.72      197.134
162      0.0162      2.43234      1824.25      -3729.82      -1905.57      2028.13      197.134
163      0.0163      2.43233      1824.25      -3729.82      -1905.57      2015.68      197.134
164      0.0164      2.43232      1824.24      -3729.81      -1905.57      2003.39      197.134
165      0.0165      2.43232      1824.24      -3729.81      -1905.57      1991.25      197.134
166      0.0166      2.43231      1824.23      -3729.8      -1905.57      1979.26      197.134
167      0.0167      2.4323      1824.23      -3729.8      -1905.57      1967.4      197.134
168      0.0168      2.4323      1824.22      -3729.79      -1905.57      1955.69      197.134
169      0.0169      2.43229      1824.22      -3729.79      -1905.57      1944.12      197.134
170      0.017      2.43228      1824.21      -3729.78      -1905.57      1932.69      197.134
171      0.0171      2.43228      1824.21      -3729.78      -1905.57      1921.38      197.134
172      0.0172      2.43227      1824.2      -3729.77      -1905.57      1910.21      197.134
173      0.0173      2.43227      1824.2      -3729.77      -1905.57      1899.17      197.134
174      0.0174      2.43226      1824.19      -3729.76      -1905.57      1888.26      197.134
175      0.0175      2.43225      1824.19      -3729.76      -1905.57      1877.47      197.134
176      0.0176      2.43225      1824.18      -3729.75      -1905.57      1866.8      197.134
177      0.0177      2.43224      1824.18      -3729.75      -1905.57      1856.25      197.134
178      0.0178      2.43223      1824.17      -3729.74      -1905.57      1845.82      197.134
179      0.0179      2.43223      1824.17      -3729.74      -1905.57      1835.51      197.134
180      0.018      2.43222      1824.16      -3729.73      -1905.57      1825.32      197.134
181      0.0181      2.43221      1824.16      -3729.73      -1905.57      1815.23      197.134
182      0.0182      2.43221      1824.15      -3729.72      -1905.57      1805.26      197.134
183      0.0183      2.4322      1824.15      -3729.72      -1905.57      1795.39      197.134
184      0.0184      2.43219      1824.14      -3729.71      -1905.57      1785.64      197.134
185      0.0185      2.43218      1824.14      -3729.71      -1905.57      1775.98      197.134
186      0.0186      2.43218      1824.13      -3729.7      -1905.57      1766.44      197.134
187      0.0187      2.43217      1824.13      -3729.7      -1905.57      1756.99      197.134
188      0.0188      2.43216      1824.12      -3729.69      -1905.57      1747.64      197.134
189      0.0189      2.43216      1824.12      -3729.69      -1905.57      1738.4      197.134
190      0.019      2.43215      1824.11      -3729.68      -1905.57      1729.25      197.134
191      0.0191      2.43214      1824.11      -3729.68      -1905.57      1720.19      197.134
192      0.0192      2.43213      1824.1      -3729.67      -1905.57      1711.23      197.134
193      0.0193      2.43213      1824.1      -3729.66      -1905.57      1702.37      197.134
194      0.0194      2.43212      1824.09      -3729.66      -1905.57      1693.59      197.134
195      0.0195      2.43211      1824.08      -3729.65      -1905.57      1684.91      197.134
196      0.0196      2.43211      1824.08      -3729.65      -1905.57      1676.31      197.134
197      0.0197      2.4321      1824.07      -3729.64      -1905.57      1667.8      197.134
198      0.0198      2.43209      1824.07      -3729.64      -1905.57      1659.38      197.134
199      0.0199      2.43208      1824.06      -3729.63      -1905.57      1651.04      197.134
200      0.02      2.43208      1824.06      -3729.63      -1905.57      1642.79      197.134
201      0.0201      2.43207      1824.05      -3729.62      -1905.57      1634.61      197.134
202      0.0202      2.43206      1824.05      -3729.61      -1905.57      1626.52      197.134
203      0.0203      2.43205      1824.04      -3729.61      -1905.57      1618.51      197.134
204      0.0204      2.43205      1824.03      -3729.6      -1905.57      1610.58      197.134
205      0.0205      2.43204      1824.03      -3729.6      -1905.57      1602.72      197.134
206      0.0206      2.43203      1824.02      -3729.59      -1905.57      1594.94      197.134
207      0.0207      2.43202      1824.02      -3729.59      -1905.57      1587.23      197.134
208      0.0208      2.43201      1824.01      -3729.58      -1905.57      1579.6      197.134
209      0.0209      2.43201      1824      -3729.57      -1905.57      1572.05      197.135
210      0.021      2.432      1824      -3729.57      -1905.57      1564.56      197.135
211      0.0211      2.43199      1823.99      -3729.56      -1905.57      1557.14      197.135
212      0.0212      2.43198      1823.99      -3729.56      -1905.57      1549.8      197.135
213      0.0213      2.43197      1823.98      -3729.55      -1905.57      1542.52      197.135
214      0.0214      2.43197      1823.97      -3729.54      -1905.57      1535.32      197.135
215      0.0215      2.43196      1823.97      -3729.54      -1905.57      1528.18      197.135
216      0.0216      2.43195      1823.96      -3729.53      -1905.57      1521.1      197.135
217      0.0217      2.43194      1823.96      -3729.53      -1905.57      1514.09      197.135
218      0.0218      2.43193      1823.95      -3729.52      -1905.57      1507.15      197.135
219      0.0219      2.43193      1823.94      -3729.51      -1905.57      1500.26      197.135
220      0.022      2.43192      1823.94      -3729.51      -1905.57      1493.44      197.135
221      0.0221      2.43191      1823.93      -3729.5      -1905.57      1486.69      197.135
222      0.0222      2.4319      1823.93      -3729.49      -1905.57      1479.99      197.135
223      0.0223      2.43189      1823.92      -3729.49      -1905.57      1473.35      197.135
224      0.0224      2.43188      1823.91      -3729.48      -1905.57      1466.78      197.135
225      0.0225      2.43188      1823.91      -3729.48      -1905.57      1460.26      197.135
226      0.0226      2.43187      1823.9      -3729.47      -1905.57      1453.8      197.135
227      0.0227      2.43186      1823.89      -3729.46      -1905.57      1447.39      197.135
228      0.0228      2.43185      1823.89      -3729.46      -1905.57      1441.04      197.135
229      0.0229      2.43184      1823.88      -3729.45      -1905.57      1434.75      197.135
230      0.023      2.43183      1823.87      -3729.44      -1905.57      1428.51      197.135
231      0.0231      2.43182      1823.87      -3729.44      -1905.57      1422.33      197.135
232      0.0232      2.43182      1823.86      -3729.43      -1905.57      1416.2      197.135
233      0.0233      2.43181      1823.85      -3729.42      -1905.57      1410.12      197.135
234      0.0234      2.4318      1823.85      -3729.42      -1905.57      1404.09      197.135
235      0.0235      2.43179      1823.84      -3729.41      -1905.57      1398.12      197.135
236      0.0236      2.43178      1823.83      -3729.4      -1905.57      1392.2      197.135
237      0.0237      2.43177      1823.83      -3729.4      -1905.57      1386.32      197.135
238      0.0238      2.43176      1823.82      -3729.39      -1905.57      1380.5      197.135
239      0.0239      2.43175      1823.81      -3729.38      -1905.57      1374.72      197.135
240      0.024      2.43174      1823.81      -3729.38      -1905.57      1368.99      197.135
241      0.0241      2.43173      1823.8      -3729.37      -1905.57      1363.31      197.135
242      0.0242      2.43173      1823.79      -3729.36      -1905.57      1357.68      197.135
243      0.0243      2.43172      1823.79      -3729.36      -1905.57      1352.09      197.135
244      0.0244      2.43171      1823.78      -3729.35      -1905.57      1346.55      197.135
245      0.0245      2.4317      1823.77      -3729.34      -1905.57      1341.05      197.135
246      0.0246      2.43169      1823.77      -3729.34      -1905.57      1335.6      197.135
247      0.0247      2.43168      1823.76      -3729.33      -1905.57      1330.2      197.135
248      0.0248      2.43167      1823.75      -3729.32      -1905.57      1324.83      197.135
249      0.0249      2.43166      1823.75      -3729.31      -1905.57      1319.51      197.135
250      0.025      2.43165      1823.74      -3729.31      -1905.57      1314.23      197.135
251      0.0251      2.43164      1823.73      -3729.3      -1905.57      1309      197.135
252      0.0252      2.43163      1823.72      -3729.29      -1905.57      1303.8      197.135
253      0.0253      2.43162      1823.72      -3729.29      -1905.57      1298.65      197.135
254      0.0254      2.43161      1823.71      -3729.28      -1905.57      1293.54      197.135
255      0.0255      2.4316      1823.7      -3729.27      -1905.57      1288.46      197.135
256      0.0256      2.43159      1823.7      -3729.27      -1905.57      1283.43      197.135
257      0.0257      2.43158      1823.69      -3729.26      -1905.57      1278.44      197.135
258      0.0258      2.43158      1823.68      -3729.25      -1905.57      1273.48      197.135
259      0.0259      2.43157      1823.67      -3729.24      -1905.57      1268.57      197.135
260      0.026      2.43156      1823.67      -3729.24      -1905.57      1263.69      197.135
261      0.0261      2.43155      1823.66      -3729.23      -1905.57      1258.85      197.135
262      0.0262      2.43154      1823.65      -3729.22      -1905.57      1254.04      197.135
263      0.0263      2.43153      1823.64      -3729.21      -1905.57      1249.27      197.135
264      0.0264      2.43152      1823.64      -3729.21      -1905.57      1244.54      197.135
265      0.0265      2.43151      1823.63      -3729.2      -1905.57      1239.84      197.135
266      0.0266      2.4315      1823.62      -3729.19      -1905.57      1235.18      197.135
267      0.0267      2.43149      1823.61      -3729.18      -1905.57      1230.56      197.135
268      0.0268      2.43148      1823.61      -3729.18      -1905.57      1225.97      197.135
269      0.0269      2.43147      1823.6      -3729.17      -1905.57      1221.41      197.135
270      0.027      2.43146      1823.59      -3729.16      -1905.57      1216.88      197.135
271      0.0271      2.43145      1823.58      -3729.15      -1905.57      1212.39      197.135
272      0.0272      2.43144      1823.58      -3729.15      -1905.57      1207.94      197.135
273      0.0273      2.43143      1823.57      -3729.14      -1905.57      1203.51      197.135
274      0.0274      2.43141      1823.56      -3729.13      -1905.57      1199.12      197.135
275      0.0275      2.4314      1823.55      -3729.12      -1905.57      1194.76      197.135
276      0.0276      2.43139      1823.55      -3729.11      -1905.57      1190.43      197.135
277      0.0277      2.43138      1823.54      -3729.11      -1905.57      1186.13      197.135
278      0.0278      2.43137      1823.53      -3729.1      -1905.57      1181.87      197.135
279      0.0279      2.43136      1823.52      -3729.09      -1905.57      1177.63      197.135
280      0.028      2.43135      1823.51      -3729.08      -1905.57      1173.43      197.135
281      0.0281      2.43134      1823.51      -3729.08      -1905.57      1169.25      197.135
282      0.0282      2.43133      1823.5      -3729.07      -1905.57      1165.1      197.136
283      0.0283      2.43132      1823.49      -3729.06      -1905.57      1160.99      197.136
284      0.0284      2.43131      1823.48      -3729.05      -1905.57      1156.9      197.136
285      0.0285      2.4313      1823.47      -3729.04      -1905.57      1152.84      197.136
286      0.0286      2.43129      1823.47      -3729.04      -1905.57      1148.81      197.136
287      0.0287      2.43128      1823.46      -3729.03      -1905.57      1144.81      197.136
288      0.0288      2.43127      1823.45      -3729.02      -1905.57      1140.83      197.136
289      0.0289      2.43126      1823.44      -3729.01      -1905.57      1136.88      197.136
290      0.029      2.43124      1823.43      -3729      -1905.57      1132.96      197.136
291      0.0291      2.43123      1823.43      -3728.99      -1905.57      1129.07      197.136
292      0.0292      2.43122      1823.42      -3728.99      -1905.57      1125.2      197.136
293      0.0293      2.43121      1823.41      -3728.98      -1905.57      1121.36      197.136
294      0.0294      2.4312      1823.4      -3728.97      -1905.57      1117.55      197.136
295      0.0295      2.43119      1823.39      -3728.96      -1905.57      1113.76      197.136
296      0.0296      2.43118      1823.38      -3728.95      -1905.57      1110      197.136
297      0.0297      2.43117      1823.38      -3728.94      -1905.57      1106.26      197.136
298      0.0298      2.43116      1823.37      -3728.94      -1905.57      1102.55      197.136
299      0.0299      2.43114      1823.36      -3728.93      -1905.57      1098.86      197.136
300      0.03      2.43113      1823.35      -3728.92      -1905.57      1095.2      197.136
301      0.0301      2.43112      1823.34      -3728.91      -1905.57      1091.56      197.136
302      0.0302      2.43111      1823.33      -3728.9      -1905.57      1087.95      197.136
303      0.0303      2.4311      1823.32      -3728.89      -1905.57      1084.36      197.136
304      0.0304      2.43109      1823.32      -3728.89      -1905.57      1080.79      197.136
305      0.0305      2.43108      1823.31      -3728.88      -1905.57      1077.24      197.136
306      0.0306      2.43106      1823.3      -3728.87      -1905.57      1073.72      197.136
307      0.0307      2.43105      1823.29      -3728.86      -1905.57      1070.23      197.136
308      0.0308      2.43104      1823.28      -3728.85      -1905.57      1066.75      197.136
309      0.0309      2.43103      1823.27      -3728.84      -1905.57      1063.3      197.136
310      0.031      2.43102      1823.26      -3728.83      -1905.57      1059.87      197.136
311      0.0311      2.43101      1823.26      -3728.82      -1905.57      1056.46      197.136
312      0.0312      2.431      1823.25      -3728.82      -1905.57      1053.08      197.136
313      0.0313      2.43098      1823.24      -3728.81      -1905.57      1049.71      197.136
314      0.0314      2.43097      1823.23      -3728.8      -1905.57      1046.37      197.136
315      0.0315      2.43096      1823.22      -3728.79      -1905.57      1043.05      197.136
316      0.0316      2.43095      1823.21      -3728.78      -1905.57      1039.75      197.136
317      0.0317      2.43094      1823.2      -3728.77      -1905.57      1036.47      197.136
318      0.0318      2.43092      1823.19      -3728.76      -1905.57      1033.21      197.136
319      0.0319      2.43091      1823.18      -3728.75      -1905.57      1029.97      197.136
320      0.032      2.4309      1823.17      -3728.74      -1905.57      1026.75      197.136
321      0.0321      2.43089      1823.17      -3728.73      -1905.57      1023.55      197.136
322      0.0322      2.43088      1823.16      -3728.73      -1905.57      1020.37      197.136
323      0.0323      2.43086      1823.15      -3728.72      -1905.57      1017.21      197.136
324      0.0324      2.43085      1823.14      -3728.71      -1905.57      1014.07      197.136
325      0.0325      2.43084      1823.13      -3728.7      -1905.57      1010.95      197.136
326      0.0326      2.43083      1823.12      -3728.69      -1905.57      1007.85      197.136
327      0.0327      2.43081      1823.11      -3728.68      -1905.57      1004.77      197.136
328      0.0328      2.4308      1823.1      -3728.67      -1905.57      1001.71      197.136
329      0.0329      2.43079      1823.09      -3728.66      -1905.57      998.663      197.136
330      0.033      2.43078      1823.08      -3728.65      -1905.57      995.637      197.136
331      0.0331      2.43076      1823.07      -3728.64      -1905.57      992.629      197.136
332      0.0332      2.43075      1823.06      -3728.63      -1905.57      989.64      197.136
333      0.0333      2.43074      1823.05      -3728.62      -1905.57      986.668      197.136
334      0.0334      2.43073      1823.05      -3728.61      -1905.57      983.714      197.136
335      0.0335      2.43071      1823.04      -3728.61      -1905.57      980.777      197.136
336      0.0336      2.4307      1823.03      -3728.6      -1905.57      977.858      197.136
337      0.0337      2.43069      1823.02      -3728.59      -1905.57      974.957      197.136
338      0.0338      2.43068      1823.01      -3728.58      -1905.57      972.072      197.136
339      0.0339      2.43066      1823      -3728.57      -1905.57      969.205      197.136
340      0.034      2.43065      1822.99      -3728.56      -1905.57      966.354      197.136
341      0.0341      2.43064      1822.98      -3728.55      -1905.57      963.521      197.136
342      0.0342      2.43063      1822.97      -3728.54      -1905.57      960.703      197.136
343      0.0343      2.43061      1822.96      -3728.53      -1905.57      957.903      197.136
344      0.0344      2.4306      1822.95      -3728.52      -1905.57      955.118      197.136
345      0.0345      2.43059      1822.94      -3728.51      -1905.57      952.35      197.136
346      0.0346      2.43057      1822.93      -3728.5      -1905.57      949.597      197.136
347      0.0347      2.43056      1822.92      -3728.49      -1905.57      946.861      197.136
348      0.0348      2.43055      1822.91      -3728.48      -1905.57      944.14      197.136
349      0.0349      2.43053      1822.9      -3728.47      -1905.57      941.435      197.136
350      0.035      2.43052      1822.89      -3728.46      -1905.57      938.745      197.136
351      0.0351      2.43051      1822.88      -3728.45      -1905.57      936.071      197.136
352      0.0352      2.43049      1822.87      -3728.44      -1905.57      933.411      197.136
353      0.0353      2.43048      1822.86      -3728.43      -1905.57      930.767      197.136
354      0.0354      2.43047      1822.85      -3728.42      -1905.57      928.138      197.137
355      0.0355      2.43045      1822.84      -3728.41      -1905.57      925.524      197.137
356      0.0356      2.43044      1822.83      -3728.4      -1905.57      922.924      197.137
357      0.0357      2.43043      1822.82      -3728.39      -1905.57      920.339      197.137
358      0.0358      2.43041      1822.81      -3728.38      -1905.57      917.768      197.137
359      0.0359      2.4304      1822.8      -3728.37      -1905.57      915.212      197.137
360      0.036      2.43039      1822.79      -3728.36      -1905.57      912.669      197.137
361      0.0361      2.43037      1822.78      -3728.35      -1905.57      910.141      197.137
362      0.0362      2.43036      1822.77      -3728.34      -1905.57      907.627      197.137
363      0.0363      2.43035      1822.76      -3728.33      -1905.57      905.127      197.137
364      0.0364      2.43033      1822.75      -3728.32      -1905.57      902.64      197.137
365      0.0365      2.43032      1822.74      -3728.31      -1905.57      900.167      197.137
366      0.0366      2.43031      1822.73      -3728.3      -1905.57      897.708      197.137
367      0.0367      2.43029      1822.72      -3728.29      -1905.57      895.262      197.137
368      0.0368      2.43028      1822.71      -3728.28      -1905.57      892.829      197.137
369      0.0369      2.43026      1822.7      -3728.27      -1905.57      890.41      197.137
370      0.037      2.43025      1822.69      -3728.26      -1905.57      888.003      197.137
371      0.0371      2.43024      1822.68      -3728.25      -1905.57      885.61      197.137
372      0.0372      2.43022      1822.67      -3728.24      -1905.57      883.229      197.137
373      0.0373      2.43021      1822.66      -3728.22      -1905.57      880.861      197.137
374      0.0374      2.43019      1822.65      -3728.21      -1905.57      878.506      197.137
375      0.0375      2.43018      1822.63      -3728.2      -1905.57      876.164      197.137
376      0.0376      2.43017      1822.62      -3728.19      -1905.57      873.833      197.137
377      0.0377      2.43015      1822.61      -3728.18      -1905.57      871.516      197.137
378      0.0378      2.43014      1822.6      -3728.17      -1905.57      869.21      197.137
379      0.0379      2.43012      1822.59      -3728.16      -1905.57      866.917      197.137
380      0.038      2.43011      1822.58      -3728.15      -1905.57      864.635      197.137
381      0.0381      2.43009      1822.57      -3728.14      -1905.57      862.366      197.137
382      0.0382      2.43008      1822.56      -3728.13      -1905.57      860.109      197.137
383      0.0383      2.43007      1822.55      -3728.12      -1905.57      857.863      197.137
384      0.0384      2.43005      1822.54      -3728.11      -1905.57      855.629      197.137
385      0.0385      2.43004      1822.53      -3728.1      -1905.57      853.407      197.137
386      0.0386      2.43002      1822.52      -3728.09      -1905.57      851.196      197.137
387      0.0387      2.43001      1822.51      -3728.07      -1905.57      848.996      197.137
388      0.0388      2.42999      1822.49      -3728.06      -1905.57      846.808      197.137
389      0.0389      2.42998      1822.48      -3728.05      -1905.57      844.632      197.137
390      0.039      2.42996      1822.47      -3728.04      -1905.57      842.466      197.137
391      0.0391      2.42995      1822.46      -3728.03      -1905.57      840.311      197.137
392      0.0392      2.42993      1822.45      -3728.02      -1905.57      838.168      197.137
393      0.0393      2.42992      1822.44      -3728.01      -1905.57      836.035      197.137
394      0.0394      2.4299      1822.43      -3728      -1905.57      833.913      197.137
395      0.0395      2.42989      1822.42      -3727.99      -1905.57      831.802      197.137
396      0.0396      2.42987      1822.41      -3727.97      -1905.57      829.702      197.137
397      0.0397      2.42986      1822.39      -3727.96      -1905.57      827.612      197.137
398      0.0398      2.42984      1822.38      -3727.95      -1905.57      825.532      197.137
399      0.0399      2.42983      1822.37      -3727.94      -1905.57      823.463      197.137
400      0.04      2.42981      1822.36      -3727.93      -1905.57      821.405      197.137
401      0.0401      2.4298      1822.35      -3727.92      -1905.57      819.356      197.137
402      0.0402      2.42978      1822.34      -3727.91      -1905.57      817.318      197.137
403      0.0403      2.42977      1822.33      -3727.9      -1905.57      815.29      197.137
404      0.0404      2.42975      1822.32      -3727.88      -1905.57      813.272      197.137
405      0.0405      2.42974      1822.3      -3727.87      -1905.57      811.264      197.137
406      0.0406      2.42972      1822.29      -3727.86      -1905.57      809.266      197.137
407      0.0407      2.42971      1822.28      -3727.85      -1905.57      807.278      197.137
408      0.0408      2.42969      1822.27      -3727.84      -1905.57      805.299      197.137
409      0.0409      2.42968      1822.26      -3727.83      -1905.57      803.33      197.137
410      0.041      2.42966      1822.25      -3727.82      -1905.57      801.371      197.137
411      0.0411      2.42965      1822.23      -3727.8      -1905.57      799.421      197.137
412      0.0412      2.42963      1822.22      -3727.79      -1905.57      797.481      197.137
413      0.0413      2.42962      1822.21      -3727.78      -1905.57      795.55      197.137
414      0.0414      2.4296      1822.2      -3727.77      -1905.57      793.629      197.137
415      0.0415      2.42958      1822.19      -3727.76      -1905.57      791.716      197.137
416      0.0416      2.42957      1822.18      -3727.75      -1905.57      789.813      197.137
417      0.0417      2.42955      1822.16      -3727.73      -1905.57      787.919      197.137
418      0.0418      2.42954      1822.15      -3727.72      -1905.57      786.034      197.137
419      0.0419      2.42952      1822.14      -3727.71      -1905.57      784.158      197.137
420      0.042      2.42951      1822.13      -3727.7      -1905.57      782.291      197.137
421      0.0421      2.42949      1822.12      -3727.69      -1905.57      780.433      197.137
422      0.0422      2.42947      1822.11      -3727.67      -1905.57      778.584      197.137
423      0.0423      2.42946      1822.09      -3727.66      -1905.57      776.743      197.137
424      0.0424      2.42944      1822.08      -3727.65      -1905.57      774.912      197.137
425      0.0425      2.42943      1822.07      -3727.64      -1905.57      773.088      197.138
426      0.0426      2.42941      1822.06      -3727.63      -1905.57      771.274      197.138
427      0.0427      2.42939      1822.05      -3727.61      -1905.57      769.467      197.138
428      0.0428      2.42938      1822.03      -3727.6      -1905.57      767.67      197.138
429      0.0429      2.42936      1822.02      -3727.59      -1905.57      765.88      197.138
430      0.043      2.42935      1822.01      -3727.58      -1905.57      764.099      197.138
431      0.0431      2.42933      1822      -3727.57      -1905.57      762.326      197.138
432      0.0432      2.42931      1821.98      -3727.55      -1905.57      760.562      197.138
433      0.0433      2.4293      1821.97      -3727.54      -1905.57      758.805      197.138
434      0.0434      2.42928      1821.96      -3727.53      -1905.57      757.057      197.138
435      0.0435      2.42926      1821.95      -3727.52      -1905.57      755.317      197.138
436      0.0436      2.42925      1821.94      -3727.5      -1905.57      753.584      197.138
437      0.0437      2.42923      1821.92      -3727.49      -1905.57      751.86      197.138
438      0.0438      2.42921      1821.91      -3727.48      -1905.57      750.143      197.138
439      0.0439      2.4292      1821.9      -3727.47      -1905.57      748.435      197.138
440      0.044      2.42918      1821.89      -3727.46      -1905.57      746.734      197.138
441      0.0441      2.42916      1821.87      -3727.44      -1905.57      745.041      197.138
442      0.0442      2.42915      1821.86      -3727.43      -1905.57      743.355      197.138
443      0.0443      2.42913      1821.85      -3727.42      -1905.57      741.677      197.138
444      0.0444      2.42911      1821.84      -3727.41      -1905.57      740.007      197.138
445      0.0445      2.4291      1821.82      -3727.39      -1905.57      738.344      197.138
446      0.0446      2.42908      1821.81      -3727.38      -1905.57      736.688      197.138
447      0.0447      2.42906      1821.8      -3727.37      -1905.57      735.04      197.138
448      0.0448      2.42905      1821.79      -3727.35      -1905.57      733.4      197.138
449      0.0449      2.42903      1821.77      -3727.34      -1905.57      731.766      197.138
450      0.045      2.42901      1821.76      -3727.33      -1905.57      730.14      197.138
451      0.0451      2.429      1821.75      -3727.32      -1905.57      728.521      197.138
452      0.0452      2.42898      1821.73      -3727.3      -1905.57      726.91      197.138
453      0.0453      2.42896      1821.72      -3727.29      -1905.57      725.305      197.138
454      0.0454      2.42895      1821.71      -3727.28      -1905.57      723.707      197.138
455      0.0455      2.42893      1821.7      -3727.27      -1905.57      722.117      197.138
456      0.0456      2.42891      1821.68      -3727.25      -1905.57      720.533      197.138
457      0.0457      2.42889      1821.67      -3727.24      -1905.57      718.957      197.138
458      0.0458      2.42888      1821.66      -3727.23      -1905.57      717.387      197.138
459      0.0459      2.42886      1821.64      -3727.21      -1905.57      715.824      197.138
460      0.046      2.42884      1821.63      -3727.2      -1905.57      714.268      197.138
461      0.0461      2.42882      1821.62      -3727.19      -1905.57      712.719      197.138
462      0.0462      2.42881      1821.61      -3727.17      -1905.57      711.176      197.138
463      0.0463      2.42879      1821.59      -3727.16      -1905.57      709.64      197.138
464      0.0464      2.42877      1821.58      -3727.15      -1905.57      708.111      197.138
465      0.0465      2.42876      1821.57      -3727.14      -1905.57      706.588      197.138
466      0.0466      2.42874      1821.55      -3727.12      -1905.57      705.072      197.138
467      0.0467      2.42872      1821.54      -3727.11      -1905.57      703.562      197.138
468      0.0468      2.4287      1821.53      -3727.1      -1905.57      702.059      197.138
469      0.0469      2.42868      1821.51      -3727.08      -1905.57      700.562      197.138
470      0.047      2.42867      1821.5      -3727.07      -1905.57      699.071      197.138
471      0.0471      2.42865      1821.49      -3727.06      -1905.57      697.587      197.138
472      0.0472      2.42863      1821.47      -3727.04      -1905.57      696.109      197.138
473      0.0473      2.42861      1821.46      -3727.03      -1905.57      694.638      197.138
474      0.0474      2.4286      1821.45      -3727.02      -1905.57      693.172      197.138
475      0.0475      2.42858      1821.43      -3727      -1905.57      691.713      197.138
476      0.0476      2.42856      1821.42      -3726.99      -1905.57      690.26      197.138
477      0.0477      2.42854      1821.41      -3726.98      -1905.57      688.813      197.138
478      0.0478      2.42852      1821.39      -3726.96      -1905.57      687.372      197.138
479      0.0479      2.42851      1821.38      -3726.95      -1905.57      685.937      197.138
480      0.048      2.42849      1821.37      -3726.94      -1905.57      684.508      197.138
481      0.0481      2.42847      1821.35      -3726.92      -1905.57      683.085      197.138
482      0.0482      2.42845      1821.34      -3726.91      -1905.57      681.668      197.138
483      0.0483      2.42843      1821.33      -3726.89      -1905.57      680.256      197.138
484      0.0484      2.42842      1821.31      -3726.88      -1905.57      678.851      197.138
485      0.0485      2.4284      1821.3      -3726.87      -1905.57      677.451      197.138
486      0.0486      2.42838      1821.28      -3726.85      -1905.57      676.057      197.138
487      0.0487      2.42836      1821.27      -3726.84      -1905.57      674.669      197.138
488      0.0488      2.42834      1821.26      -3726.83      -1905.57      673.287      197.138
489      0.0489      2.42832      1821.24      -3726.81      -1905.57      671.91      197.138
490      0.049      2.42831      1821.23      -3726.8      -1905.57      670.539      197.138
491      0.0491      2.42829      1821.22      -3726.78      -1905.57      669.173      197.138
492      0.0492      2.42827      1821.2      -3726.77      -1905.57      667.813      197.138
493      0.0493      2.42825      1821.19      -3726.76      -1905.57      666.459      197.138
494      0.0494      2.42823      1821.17      -3726.74      -1905.57      665.11      197.138
495      0.0495      2.42821      1821.16      -3726.73      -1905.57      663.766      197.138
496      0.0496      2.42819      1821.15      -3726.71      -1905.57      662.428      197.139
497      0.0497      2.42818      1821.13      -3726.7      -1905.57      661.095      197.139
498      0.0498      2.42816      1821.12      -3726.69      -1905.57      659.768      197.139
499      0.0499      2.42814      1821.1      -3726.67      -1905.57      658.445      197.139
500      0.05      2.42812      1821.09      -3726.66      -1905.57      657.129      197.139
501      0.0501      2.4281      1821.07      -3726.64      -1905.57      655.817      197.139
502      0.0502      2.42808      1821.06      -3726.63      -1905.57      654.511      197.139
503      0.0503      2.42806      1821.05      -3726.62      -1905.57      653.209      197.139
504      0.0504      2.42804      1821.03      -3726.6      -1905.57      651.913      197.139
505      0.0505      2.42802      1821.02      -3726.59      -1905.57      650.623      197.139
506      0.0506      2.42801      1821      -3726.57      -1905.57      649.337      197.139
507      0.0507      2.42799      1820.99      -3726.56      -1905.57      648.056      197.139
508      0.0508      2.42797      1820.98      -3726.54      -1905.57      646.78      197.139
509      0.0509      2.42795      1820.96      -3726.53      -1905.57      645.51      197.139
510      0.051      2.42793      1820.95      -3726.52      -1905.57      644.244      197.139
511      0.0511      2.42791      1820.93      -3726.5      -1905.57      642.983      197.139
512      0.0512      2.42789      1820.92      -3726.49      -1905.57      641.728      197.139
513      0.0513      2.42787      1820.9      -3726.47      -1905.57      640.477      197.139
514      0.0514      2.42785      1820.89      -3726.46      -1905.57      639.231      197.139
515      0.0515      2.42783      1820.87      -3726.44      -1905.57      637.99      197.139
516      0.0516      2.42781      1820.86      -3726.43      -1905.57      636.753      197.139
517      0.0517      2.42779      1820.84      -3726.41      -1905.57      635.522      197.139
518      0.0518      2.42777      1820.83      -3726.4      -1905.57      634.295      197.139
519      0.0519      2.42775      1820.82      -3726.38      -1905.57      633.073      197.139
520      0.052      2.42773      1820.8      -3726.37      -1905.57      631.855      197.139
521      0.0521      2.42771      1820.79      -3726.36      -1905.57      630.643      197.139
522      0.0522      2.4277      1820.77      -3726.34      -1905.57      629.434      197.139
523      0.0523      2.42768      1820.76      -3726.33      -1905.57      628.231      197.139
524      0.0524      2.42766      1820.74      -3726.31      -1905.57      627.032      197.139
525      0.0525      2.42764      1820.73      -3726.3      -1905.57      625.838      197.139
526      0.0526      2.42762      1820.71      -3726.28      -1905.57      624.648      197.139
527      0.0527      2.4276      1820.7      -3726.27      -1905.57      623.463      197.139
528      0.0528      2.42758      1820.68      -3726.25      -1905.57      622.282      197.139
529      0.0529      2.42756      1820.67      -3726.24      -1905.57      621.106      197.139
530      0.053      2.42754      1820.65      -3726.22      -1905.57      619.934      197.139
531      0.0531      2.42752      1820.64      -3726.21      -1905.57      618.766      197.139
532      0.0532      2.4275      1820.62      -3726.19      -1905.57      617.603      197.139
533      0.0533      2.42748      1820.61      -3726.18      -1905.57      616.445      197.139
534      0.0534      2.42746      1820.59      -3726.16      -1905.57      615.29      197.139
535      0.0535      2.42744      1820.58      -3726.15      -1905.57      614.14      197.139
536      0.0536      2.42742      1820.56      -3726.13      -1905.57      612.995      197.139
537      0.0537      2.4274      1820.55      -3726.12      -1905.57      611.853      197.139
538      0.0538      2.42738      1820.53      -3726.1      -1905.57      610.716      197.139
539      0.0539      2.42736      1820.52      -3726.09      -1905.57      609.583      197.139
540      0.054      2.42733      1820.5      -3726.07      -1905.57      608.454      197.139
541      0.0541      2.42731      1820.49      -3726.06      -1905.57      607.329      197.139
542      0.0542      2.42729      1820.47      -3726.04      -1905.57      606.209      197.139
543      0.0543      2.42727      1820.46      -3726.02      -1905.57      605.093      197.139
544      0.0544      2.42725      1820.44      -3726.01      -1905.57      603.98      197.139
545      0.0545      2.42723      1820.42      -3725.99      -1905.57      602.872      197.139
546      0.0546      2.42721      1820.41      -3725.98      -1905.57      601.768      197.139
547      0.0547      2.42719      1820.39      -3725.96      -1905.57      600.668      197.139
548      0.0548      2.42717      1820.38      -3725.95      -1905.57      599.572      197.139
549      0.0549      2.42715      1820.36      -3725.93      -1905.57      598.48      197.139
550      0.055      2.42713      1820.35      -3725.92      -1905.57      597.392      197.139
551      0.0551      2.42711      1820.33      -3725.9      -1905.57      596.308      197.139
552      0.0552      2.42709      1820.32      -3725.89      -1905.57      595.227      197.139
553      0.0553      2.42707      1820.3      -3725.87      -1905.57      594.151      197.139
554      0.0554      2.42705      1820.28      -3725.85      -1905.57      593.079      197.139
555      0.0555      2.42703      1820.27      -3725.84      -1905.57      592.01      197.139
556      0.0556      2.427      1820.25      -3725.82      -1905.57      590.945      197.139
557      0.0557      2.42698      1820.24      -3725.81      -1905.57      589.884      197.139
558      0.0558      2.42696      1820.22      -3725.79      -1905.57      588.827      197.139
559      0.0559      2.42694      1820.21      -3725.78      -1905.57      587.774      197.139
560      0.056      2.42692      1820.19      -3725.76      -1905.57      586.724      197.139
561      0.0561      2.4269      1820.17      -3725.74      -1905.57      585.679      197.139
562      0.0562      2.42688      1820.16      -3725.73      -1905.57      584.637      197.139
563      0.0563      2.42686      1820.14      -3725.71      -1905.57      583.598      197.139
564      0.0564      2.42684      1820.13      -3725.7      -1905.57      582.563      197.139
565      0.0565      2.42681      1820.11      -3725.68      -1905.57      581.532      197.139
566      0.0566      2.42679      1820.09      -3725.66      -1905.57      580.505      197.139
567      0.0567      2.42677      1820.08      -3725.65      -1905.57      579.481      197.14
568      0.0568      2.42675      1820.06      -3725.63      -1905.57      578.461      197.14
569      0.0569      2.42673      1820.05      -3725.62      -1905.57      577.444      197.14
570      0.057      2.42671      1820.03      -3725.6      -1905.57      576.431      197.14
571      0.0571      2.42669      1820.01      -3725.58      -1905.57      575.422      197.14
572      0.0572      2.42666      1820      -3725.57      -1905.57      574.416      197.14
573      0.0573      2.42664      1819.98      -3725.55      -1905.57      573.414      197.14
574      0.0574      2.42662      1819.97      -3725.54      -1905.57      572.415      197.14
575      0.0575      2.4266      1819.95      -3725.52      -1905.57      571.419      197.14
576      0.0576      2.42658      1819.93      -3725.5      -1905.57      570.427      197.14
577      0.0577      2.42656      1819.92      -3725.49      -1905.57      569.439      197.14
578      0.0578      2.42653      1819.9      -3725.47      -1905.57      568.453      197.14
579      0.0579      2.42651      1819.88      -3725.45      -1905.57      567.472      197.14
580      0.058      2.42649      1819.87      -3725.44      -1905.57      566.493      197.14
581      0.0581      2.42647      1819.85      -3725.42      -1905.57      565.518      197.14
582      0.0582      2.42645      1819.84      -3725.4      -1905.57      564.547      197.14
583      0.0583      2.42643      1819.82      -3725.39      -1905.57      563.578      197.14
584      0.0584      2.4264      1819.8      -3725.37      -1905.57      562.613      197.14
585      0.0585      2.42638      1819.79      -3725.35      -1905.57      561.652      197.14
586      0.0586      2.42636      1819.77      -3725.34      -1905.57      560.693      197.14
587      0.0587      2.42634      1819.75      -3725.32      -1905.57      559.738      197.14
588      0.0588      2.42631      1819.74      -3725.31      -1905.57      558.786      197.14
589      0.0589      2.42629      1819.72      -3725.29      -1905.57      557.838      197.14
590      0.059      2.42627      1819.7      -3725.27      -1905.57      556.892      197.14
591      0.0591      2.42625      1819.69      -3725.26      -1905.57      555.95      197.14
592      0.0592      2.42623      1819.67      -3725.24      -1905.57      555.011      197.14
593      0.0593      2.4262      1819.65      -3725.22      -1905.57      554.075      197.14
594      0.0594      2.42618      1819.64      -3725.21      -1905.57      553.142      197.14
595      0.0595      2.42616      1819.62      -3725.19      -1905.57      552.213      197.14
596      0.0596      2.42614      1819.6      -3725.17      -1905.57      551.286      197.14
597      0.0597      2.42611      1819.59      -3725.15      -1905.57      550.363      197.14
598      0.0598      2.42609      1819.57      -3725.14      -1905.57      549.442      197.14
599      0.0599      2.42607      1819.55      -3725.12      -1905.57      548.525      197.14
600      0.06      2.42605      1819.53      -3725.1      -1905.57      547.611      197.14
601      0.0601      2.42602      1819.52      -3725.09      -1905.57      546.7      197.14
602      0.0602      2.426      1819.5      -3725.07      -1905.57      545.792      197.14
603      0.0603      2.42598      1819.48      -3725.05      -1905.57      544.887      197.14
604      0.0604      2.42596      1819.47      -3725.04      -1905.57      543.985      197.14
605      0.0605      2.42593      1819.45      -3725.02      -1905.57      543.086      197.14
606      0.0606      2.42591      1819.43      -3725      -1905.57      542.189      197.14
607      0.0607      2.42589      1819.42      -3724.98      -1905.57      541.296      197.14
608      0.0608      2.42586      1819.4      -3724.97      -1905.57      540.406      197.14
609      0.0609      2.42584      1819.38      -3724.95      -1905.57      539.519      197.14
610      0.061      2.42582      1819.36      -3724.93      -1905.57      538.634      197.14
611      0.0611      2.4258      1819.35      -3724.92      -1905.57      537.753      197.14
612      0.0612      2.42577      1819.33      -3724.9      -1905.57      536.874      197.14
613      0.0613      2.42575      1819.31      -3724.88      -1905.57      535.998      197.14
614      0.0614      2.42573      1819.29      -3724.86      -1905.57      535.125      197.14
615      0.0615      2.4257      1819.28      -3724.85      -1905.57      534.255      197.14
616      0.0616      2.42568      1819.26      -3724.83      -1905.57      533.388      197.14
617      0.0617      2.42566      1819.24      -3724.81      -1905.57      532.524      197.14
618      0.0618      2.42563      1819.22      -3724.79      -1905.57      531.662      197.14
619      0.0619      2.42561      1819.21      -3724.78      -1905.57      530.803      197.14
620      0.062      2.42559      1819.19      -3724.76      -1905.57      529.947      197.14
621      0.0621      2.42556      1819.17      -3724.74      -1905.57      529.094      197.14
622      0.0622      2.42554      1819.15      -3724.72      -1905.57      528.243      197.14
623      0.0623      2.42552      1819.14      -3724.71      -1905.57      527.395      197.14
624      0.0624      2.42549      1819.12      -3724.69      -1905.57      526.55      197.14
625      0.0625      2.42547      1819.1      -3724.67      -1905.57      525.708      197.14
626      0.0626      2.42545      1819.08      -3724.65      -1905.57      524.868      197.14
627      0.0627      2.42542      1819.07      -3724.64      -1905.57      524.031      197.14
628      0.0628      2.4254      1819.05      -3724.62      -1905.57      523.196      197.14
629      0.0629      2.42537      1819.03      -3724.6      -1905.57      522.365      197.14
630      0.063      2.42535      1819.01      -3724.58      -1905.57      521.535      197.14
631      0.0631      2.42533      1819      -3724.56      -1905.57      520.709      197.14
632      0.0632      2.4253      1818.98      -3724.55      -1905.57      519.885      197.14
633      0.0633      2.42528      1818.96      -3724.53      -1905.57      519.064      197.14
634      0.0634      2.42526      1818.94      -3724.51      -1905.57      518.245      197.14
635      0.0635      2.42523      1818.92      -3724.49      -1905.57      517.429      197.14
636      0.0636      2.42521      1818.91      -3724.47      -1905.57      516.616      197.14
637      0.0637      2.42518      1818.89      -3724.46      -1905.57      515.805      197.141
638      0.0638      2.42516      1818.87      -3724.44      -1905.57      514.996      197.141
639      0.0639      2.42514      1818.85      -3724.42      -1905.57      514.19      197.141
640      0.064      2.42511      1818.83      -3724.4      -1905.57      513.387      197.141
641      0.0641      2.42509      1818.82      -3724.38      -1905.57      512.586      197.141
642      0.0642      2.42506      1818.8      -3724.37      -1905.57      511.788      197.141
643      0.0643      2.42504      1818.78      -3724.35      -1905.57      510.992      197.141
644      0.0644      2.42501      1818.76      -3724.33      -1905.57      510.198      197.141
645      0.0645      2.42499      1818.74      -3724.31      -1905.57      509.407      197.141
646      0.0646      2.42497      1818.72      -3724.29      -1905.57      508.619      197.141
647      0.0647      2.42494      1818.71      -3724.28      -1905.57      507.833      197.141
648      0.0648      2.42492      1818.69      -3724.26      -1905.57      507.049      197.141
649      0.0649      2.42489      1818.67      -3724.24      -1905.57      506.268      197.141
650      0.065      2.42487      1818.65      -3724.22      -1905.57      505.489      197.141
651      0.0651      2.42484      1818.63      -3724.2      -1905.57      504.713      197.141
652      0.0652      2.42482      1818.61      -3724.18      -1905.57      503.938      197.141
653      0.0653      2.42479      1818.6      -3724.17      -1905.57      503.167      197.141
654      0.0654      2.42477      1818.58      -3724.15      -1905.57      502.397      197.141
655      0.0655      2.42475      1818.56      -3724.13      -1905.57      501.63      197.141
656      0.0656      2.42472      1818.54      -3724.11      -1905.57      500.866      197.141
657      0.0657      2.4247      1818.52      -3724.09      -1905.57      500.103      197.141
658      0.0658      2.42467      1818.5      -3724.07      -1905.57      499.343      197.141
659      0.0659      2.42465      1818.48      -3724.05      -1905.57      498.586      197.141
660      0.066      2.42462      1818.47      -3724.04      -1905.57      497.83      197.141
661      0.0661      2.4246      1818.45      -3724.02      -1905.57      497.077      197.141
662      0.0662      2.42457      1818.43      -3724      -1905.57      496.326      197.141
663      0.0663      2.42455      1818.41      -3723.98      -1905.57      495.578      197.141
664      0.0664      2.42452      1818.39      -3723.96      -1905.57      494.832      197.141
665      0.0665      2.4245      1818.37      -3723.94      -1905.57      494.088      197.141
666      0.0666      2.42447      1818.35      -3723.92      -1905.57      493.346      197.141
667      0.0667      2.42445      1818.33      -3723.9      -1905.57      492.606      197.141
668      0.0668      2.42442      1818.32      -3723.89      -1905.57      491.869      197.141
669      0.0669      2.4244      1818.3      -3723.87      -1905.57      491.133      197.141
670      0.067      2.42437      1818.28      -3723.85      -1905.57      490.4      197.141
671      0.0671      2.42435      1818.26      -3723.83      -1905.57      489.67      197.141
672      0.0672      2.42432      1818.24      -3723.81      -1905.57      488.941      197.141
673      0.0673      2.4243      1818.22      -3723.79      -1905.57      488.215      197.141
674      0.0674      2.42427      1818.2      -3723.77      -1905.57      487.49      197.141
675      0.0675      2.42424      1818.18      -3723.75      -1905.57      486.768      197.141
676      0.0676      2.42422      1818.16      -3723.73      -1905.57      486.048      197.141
677      0.0677      2.42419      1818.15      -3723.71      -1905.57      485.33      197.141
678      0.0678      2.42417      1818.13      -3723.7      -1905.57      484.614      197.141
679      0.0679      2.42414      1818.11      -3723.68      -1905.57      483.901      197.141
680      0.068      2.42412      1818.09      -3723.66      -1905.57      483.189      197.141
681      0.0681      2.42409      1818.07      -3723.64      -1905.57      482.48      197.141
682      0.0682      2.42407      1818.05      -3723.62      -1905.57      481.772      197.141
683      0.0683      2.42404      1818.03      -3723.6      -1905.57      481.067      197.141
684      0.0684      2.42401      1818.01      -3723.58      -1905.57      480.364      197.141
685      0.0685      2.42399      1817.99      -3723.56      -1905.57      479.662      197.141
686      0.0686      2.42396      1817.97      -3723.54      -1905.57      478.963      197.141
687      0.0687      2.42394      1817.95      -3723.52      -1905.57      478.266      197.141
688      0.0688      2.42391      1817.93      -3723.5      -1905.57      477.571      197.141
689      0.0689      2.42388      1817.91      -3723.48      -1905.57      476.878      197.141
690      0.069      2.42386      1817.89      -3723.46      -1905.57      476.187      197.141
691      0.0691      2.42383      1817.87      -3723.44      -1905.57      475.498      197.141
692      0.0692      2.42381      1817.85      -3723.42      -1905.57      474.81      197.141
693      0.0693      2.42378      1817.84      -3723.4      -1905.57      474.125      197.141
694      0.0694      2.42375      1817.82      -3723.38      -1905.57      473.442      197.141
695      0.0695      2.42373      1817.8      -3723.37      -1905.57      472.761      197.141
696      0.0696      2.4237      1817.78      -3723.35      -1905.57      472.082      197.141
697      0.0697      2.42368      1817.76      -3723.33      -1905.57      471.405      197.141
698      0.0698      2.42365      1817.74      -3723.31      -1905.57      470.729      197.141
699      0.0699      2.42362      1817.72      -3723.29      -1905.57      470.056      197.141
700      0.07      2.4236      1817.7      -3723.27      -1905.57      469.384      197.141
701      0.0701      2.42357      1817.68      -3723.25      -1905.57      468.715      197.141
702      0.0702      2.42354      1817.66      -3723.23      -1905.57      468.047      197.141
703      0.0703      2.42352      1817.64      -3723.21      -1905.57      467.381      197.141
704      0.0704      2.42349      1817.62      -3723.19      -1905.57      466.718      197.141
705      0.0705      2.42346      1817.6      -3723.17      -1905.57      466.056      197.141
706      0.0706      2.42344      1817.58      -3723.15      -1905.57      465.395      197.142
707      0.0707      2.42341      1817.56      -3723.13      -1905.57      464.737      197.142
708      0.0708      2.42338      1817.54      -3723.11      -1905.57      464.081      197.142
709      0.0709      2.42336      1817.52      -3723.09      -1905.57      463.426      197.142
710      0.071      2.42333      1817.5      -3723.07      -1905.57      462.774      197.142
711      0.0711      2.4233      1817.48      -3723.05      -1905.57      462.123      197.142
712      0.0712      2.42328      1817.46      -3723.03      -1905.57      461.474      197.142
713      0.0713      2.42325      1817.44      -3723.01      -1905.57      460.827      197.142
714      0.0714      2.42322      1817.42      -3722.99      -1905.57      460.181      197.142
715      0.0715      2.4232      1817.4      -3722.97      -1905.57      459.538      197.142
716      0.0716      2.42317      1817.38      -3722.95      -1905.57      458.896      197.142
717      0.0717      2.42314      1817.36      -3722.93      -1905.57      458.256      197.142
718      0.0718      2.42312      1817.34      -3722.91      -1905.57      457.618      197.142
719      0.0719      2.42309      1817.32      -3722.89      -1905.57      456.981      197.142
720      0.072      2.42306      1817.3      -3722.87      -1905.57      456.347      197.142
721      0.0721      2.42303      1817.28      -3722.84      -1905.57      455.714      197.142
722      0.0722      2.42301      1817.26      -3722.82      -1905.57      455.082      197.142
723      0.0723      2.42298      1817.23      -3722.8      -1905.57      454.453      197.142
724      0.0724      2.42295      1817.21      -3722.78      -1905.57      453.825      197.142
725      0.0725      2.42293      1817.19      -3722.76      -1905.57      453.199      197.142
726      0.0726      2.4229      1817.17      -3722.74      -1905.57      452.575      197.142
727      0.0727      2.42287      1817.15      -3722.72      -1905.57      451.953      197.142
728      0.0728      2.42284      1817.13      -3722.7      -1905.57      451.332      197.142
729      0.0729      2.42282      1817.11      -3722.68      -1905.57      450.713      197.142
730      0.073      2.42279      1817.09      -3722.66      -1905.57      450.096      197.142
731      0.0731      2.42276      1817.07      -3722.64      -1905.57      449.48      197.142
732      0.0732      2.42273      1817.05      -3722.62      -1905.57      448.866      197.142
733      0.0733      2.42271      1817.03      -3722.6      -1905.57      448.254      197.142
734      0.0734      2.42268      1817.01      -3722.58      -1905.57      447.643      197.142
735      0.0735      2.42265      1816.99      -3722.56      -1905.57      447.034      197.142
736      0.0736      2.42262      1816.97      -3722.54      -1905.57      446.426      197.142
737      0.0737      2.42259      1816.95      -3722.52      -1905.57      445.821      197.142
738      0.0738      2.42257      1816.93      -3722.49      -1905.57      445.217      197.142
739      0.0739      2.42254      1816.9      -3722.47      -1905.57      444.614      197.142
740      0.074      2.42251      1816.88      -3722.45      -1905.57      444.013      197.142
741      0.0741      2.42248      1816.86      -3722.43      -1905.57      443.414      197.142
742      0.0742      2.42246      1816.84      -3722.41      -1905.57      442.817      197.142
743      0.0743      2.42243      1816.82      -3722.39      -1905.57      442.221      197.142
744      0.0744      2.4224      1816.8      -3722.37      -1905.57      441.626      197.142
745      0.0745      2.42237      1816.78      -3722.35      -1905.57      441.034      197.142
746      0.0746      2.42234      1816.76      -3722.33      -1905.57      440.443      197.142
747      0.0747      2.42231      1816.74      -3722.31      -1905.57      439.853      197.142
748      0.0748      2.42229      1816.72      -3722.28      -1905.57      439.265      197.142
749      0.0749      2.42226      1816.69      -3722.26      -1905.57      438.679      197.142
750      0.075      2.42223      1816.67      -3722.24      -1905.57      438.094      197.142
751      0.0751      2.4222      1816.65      -3722.22      -1905.57      437.51      197.142
752      0.0752      2.42217      1816.63      -3722.2      -1905.57      436.929      197.142
753      0.0753      2.42215      1816.61      -3722.18      -1905.57      436.348      197.142
754      0.0754      2.42212      1816.59      -3722.16      -1905.57      435.77      197.142
755      0.0755      2.42209      1816.57      -3722.14      -1905.57      435.193      197.142
756      0.0756      2.42206      1816.54      -3722.11      -1905.57      434.617      197.142
757      0.0757      2.42203      1816.52      -3722.09      -1905.57      434.043      197.142
758      0.0758      2.422      1816.5      -3722.07      -1905.57      433.47      197.142
759      0.0759      2.42197      1816.48      -3722.05      -1905.57      432.899      197.142
760      0.076      2.42195      1816.46      -3722.03      -1905.57      432.33      197.142
761      0.0761      2.42192      1816.44      -3722.01      -1905.57      431.761      197.142
762      0.0762      2.42189      1816.42      -3721.99      -1905.57      431.195      197.142
763      0.0763      2.42186      1816.39      -3721.96      -1905.57      430.63      197.142
764      0.0764      2.42183      1816.37      -3721.94      -1905.57      430.066      197.142
765      0.0765      2.4218      1816.35      -3721.92      -1905.57      429.504      197.142
766      0.0766      2.42177      1816.33      -3721.9      -1905.57      428.943      197.142
767      0.0767      2.42174      1816.31      -3721.88      -1905.57      428.384      197.142
768      0.0768      2.42172      1816.29      -3721.86      -1905.57      427.826      197.142
769      0.0769      2.42169      1816.26      -3721.83      -1905.57      427.27      197.142
770      0.077      2.42166      1816.24      -3721.81      -1905.57      426.715      197.142
771      0.0771      2.42163      1816.22      -3721.79      -1905.57      426.162      197.142
772      0.0772      2.4216      1816.2      -3721.77      -1905.57      425.61      197.142
773      0.0773      2.42157      1816.18      -3721.75      -1905.57      425.059      197.142
774      0.0774      2.42154      1816.16      -3721.72      -1905.57      424.51      197.142
775      0.0775      2.42151      1816.13      -3721.7      -1905.57      423.962      197.142
776      0.0776      2.42148      1816.11      -3721.68      -1905.57      423.416      197.143
777      0.0777      2.42145      1816.09      -3721.66      -1905.57      422.871      197.143
778      0.0778      2.42142      1816.07      -3721.64      -1905.57      422.328      197.143
779      0.0779      2.42139      1816.05      -3721.61      -1905.57      421.786      197.143
780      0.078      2.42137      1816.02      -3721.59      -1905.57      421.245      197.143
781      0.0781      2.42134      1816      -3721.57      -1905.57      420.705      197.143
782      0.0782      2.42131      1815.98      -3721.55      -1905.57      420.168      197.143
783      0.0783      2.42128      1815.96      -3721.53      -1905.57      419.631      197.143
784      0.0784      2.42125      1815.94      -3721.5      -1905.57      419.096      197.143
785      0.0785      2.42122      1815.91      -3721.48      -1905.57      418.562      197.143
786      0.0786      2.42119      1815.89      -3721.46      -1905.57      418.029      197.143
787      0.0787      2.42116      1815.87      -3721.44      -1905.57      417.498      197.143
788      0.0788      2.42113      1815.85      -3721.42      -1905.57      416.968      197.143
789      0.0789      2.4211      1815.82      -3721.39      -1905.57      416.44      197.143
790      0.079      2.42107      1815.8      -3721.37      -1905.57      415.913      197.143
791      0.0791      2.42104      1815.78      -3721.35      -1905.57      415.387      197.143
792      0.0792      2.42101      1815.76      -3721.33      -1905.57      414.863      197.143
793      0.0793      2.42098      1815.73      -3721.3      -1905.57      414.34      197.143
794      0.0794      2.42095      1815.71      -3721.28      -1905.57      413.818      197.143
795      0.0795      2.42092      1815.69      -3721.26      -1905.57      413.297      197.143
796      0.0796      2.42089      1815.67      -3721.24      -1905.57      412.778      197.143
797      0.0797      2.42086      1815.64      -3721.21      -1905.57      412.26      197.143
798      0.0798      2.42083      1815.62      -3721.19      -1905.57      411.744      197.143
799      0.0799      2.4208      1815.6      -3721.17      -1905.57      411.228      197.143
800      0.08      2.42077      1815.58      -3721.15      -1905.57      410.714      197.143
801      0.0801      2.42074      1815.55      -3721.12      -1905.57      410.202      197.143
802      0.0802      2.42071      1815.53      -3721.1      -1905.57      409.69      197.143
803      0.0803      2.42068      1815.51      -3721.08      -1905.57      409.18      197.143
804      0.0804      2.42065      1815.49      -3721.06      -1905.57      408.671      197.143
805      0.0805      2.42062      1815.46      -3721.03      -1905.57      408.163      197.143
806      0.0806      2.42059      1815.44      -3721.01      -1905.57      407.657      197.143
807      0.0807      2.42056      1815.42      -3720.99      -1905.57      407.152      197.143
808      0.0808      2.42053      1815.4      -3720.96      -1905.57      406.648      197.143
809      0.0809      2.4205      1815.37      -3720.94      -1905.57      406.145      197.143
810      0.081      2.42047      1815.35      -3720.92      -1905.57      405.644      197.143
811      0.0811      2.42044      1815.33      -3720.9      -1905.57      405.144      197.143
812      0.0812      2.4204      1815.3      -3720.87      -1905.57      404.645      197.143
813      0.0813      2.42037      1815.28      -3720.85      -1905.57      404.147      197.143
814      0.0814      2.42034      1815.26      -3720.83      -1905.57      403.651      197.143
815      0.0815      2.42031      1815.23      -3720.8      -1905.57      403.156      197.143
816      0.0816      2.42028      1815.21      -3720.78      -1905.57      402.662      197.143
817      0.0817      2.42025      1815.19      -3720.76      -1905.57      402.169      197.143
818      0.0818      2.42022      1815.17      -3720.73      -1905.57      401.677      197.143
819      0.0819      2.42019      1815.14      -3720.71      -1905.57      401.187      197.143
820      0.082      2.42016      1815.12      -3720.69      -1905.57      400.697      197.143
821      0.0821      2.42013      1815.1      -3720.66      -1905.57      400.209      197.143
822      0.0822      2.4201      1815.07      -3720.64      -1905.57      399.723      197.143
823      0.0823      2.42007      1815.05      -3720.62      -1905.57      399.237      197.143
824      0.0824      2.42003      1815.03      -3720.6      -1905.57      398.752      197.143
825      0.0825      2.42      1815      -3720.57      -1905.57      398.269      197.143
826      0.0826      2.41997      1814.98      -3720.55      -1905.57      397.787      197.143
827      0.0827      2.41994      1814.96      -3720.53      -1905.57      397.306      197.143
828      0.0828      2.41991      1814.93      -3720.5      -1905.57      396.826      197.143
829      0.0829      2.41988      1814.91      -3720.48      -1905.57      396.348      197.143
830      0.083      2.41985      1814.89      -3720.45      -1905.57      395.87      197.143
831      0.0831      2.41982      1814.86      -3720.43      -1905.57      395.394      197.143
832      0.0832      2.41978      1814.84      -3720.41      -1905.57      394.919      197.143
833      0.0833      2.41975      1814.82      -3720.38      -1905.57      394.444      197.143
834      0.0834      2.41972      1814.79      -3720.36      -1905.57      393.972      197.143
835      0.0835      2.41969      1814.77      -3720.34      -1905.57      393.5      197.143
836      0.0836      2.41966      1814.74      -3720.31      -1905.57      393.029      197.143
837      0.0837      2.41963      1814.72      -3720.29      -1905.57      392.56      197.143
838      0.0838      2.4196      1814.7      -3720.27      -1905.57      392.091      197.143
839      0.0839      2.41956      1814.67      -3720.24      -1905.57      391.624      197.143
840      0.084      2.41953      1814.65      -3720.22      -1905.57      391.158      197.143
841      0.0841      2.4195      1814.63      -3720.19      -1905.57      390.693      197.143
842      0.0842      2.41947      1814.6      -3720.17      -1905.57      390.229      197.143
843      0.0843      2.41944      1814.58      -3720.15      -1905.57      389.766      197.143
844      0.0844      2.41941      1814.55      -3720.12      -1905.57      389.304      197.143
845      0.0845      2.41937      1814.53      -3720.1      -1905.57      388.843      197.144
846      0.0846      2.41934      1814.51      -3720.08      -1905.57      388.384      197.144
847      0.0847      2.41931      1814.48      -3720.05      -1905.57      387.925      197.144
848      0.0848      2.41928      1814.46      -3720.03      -1905.57      387.468      197.144
849      0.0849      2.41925      1814.43      -3720      -1905.57      387.011      197.144
850      0.085      2.41921      1814.41      -3719.98      -1905.57      386.556      197.144
851      0.0851      2.41918      1814.39      -3719.96      -1905.57      386.102      197.144
852      0.0852      2.41915      1814.36      -3719.93      -1905.57      385.649      197.144
853      0.0853      2.41912      1814.34      -3719.91      -1905.57      385.197      197.144
854      0.0854      2.41909      1814.31      -3719.88      -1905.57      384.746      197.144
855      0.0855      2.41905      1814.29      -3719.86      -1905.57      384.296      197.144
856      0.0856      2.41902      1814.27      -3719.84      -1905.57      383.847      197.144
857      0.0857      2.41899      1814.24      -3719.81      -1905.57      383.399      197.144
858      0.0858      2.41896      1814.22      -3719.79      -1905.57      382.952      197.144
859      0.0859      2.41892      1814.19      -3719.76      -1905.57      382.506      197.144
860      0.086      2.41889      1814.17      -3719.74      -1905.57      382.061      197.144
861      0.0861      2.41886      1814.14      -3719.71      -1905.57      381.618      197.144
862      0.0862      2.41883      1814.12      -3719.69      -1905.57      381.175      197.144
863      0.0863      2.41879      1814.1      -3719.66      -1905.57      380.733      197.144
864      0.0864      2.41876      1814.07      -3719.64      -1905.57      380.293      197.144
865      0.0865      2.41873      1814.05      -3719.62      -1905.57      379.853      197.144
866      0.0866      2.4187      1814.02      -3719.59      -1905.57      379.415      197.144
867      0.0867      2.41866      1814      -3719.57      -1905.57      378.977      197.144
868      0.0868      2.41863      1813.97      -3719.54      -1905.57      378.54      197.144
869      0.0869      2.4186      1813.95      -3719.52      -1905.57      378.105      197.144
870      0.087      2.41857      1813.92      -3719.49      -1905.57      377.67      197.144
871      0.0871      2.41853      1813.9      -3719.47      -1905.57      377.237      197.144
872      0.0872      2.4185      1813.87      -3719.44      -1905.57      376.804      197.144
873      0.0873      2.41847      1813.85      -3719.42      -1905.57      376.373      197.144
874      0.0874      2.41843      1813.83      -3719.39      -1905.57      375.942      197.144
875      0.0875      2.4184      1813.8      -3719.37      -1905.57      375.512      197.144
876      0.0876      2.41837      1813.78      -3719.35      -1905.57      375.084      197.144
877      0.0877      2.41834      1813.75      -3719.32      -1905.57      374.656      197.144
878      0.0878      2.4183      1813.73      -3719.3      -1905.57      374.229      197.144
879      0.0879      2.41827      1813.7      -3719.27      -1905.57      373.804      197.144
880      0.088      2.41824      1813.68      -3719.25      -1905.57      373.379      197.144
881      0.0881      2.4182      1813.65      -3719.22      -1905.57      372.955      197.144
882      0.0882      2.41817      1813.63      -3719.2      -1905.57      372.532      197.144
883      0.0883      2.41814      1813.6      -3719.17      -1905.57      372.11      197.144
884      0.0884      2.4181      1813.58      -3719.15      -1905.57      371.689      197.144
885      0.0885      2.41807      1813.55      -3719.12      -1905.57      371.269      197.144
886      0.0886      2.41804      1813.53      -3719.1      -1905.57      370.85      197.144
887      0.0887      2.418      1813.5      -3719.07      -1905.57      370.432      197.144
888      0.0888      2.41797      1813.48      -3719.05      -1905.57      370.015      197.144
889      0.0889      2.41794      1813.45      -3719.02      -1905.57      369.599      197.144
890      0.089      2.4179      1813.43      -3719      -1905.57      369.184      197.144
891      0.0891      2.41787      1813.4      -3718.97      -1905.57      368.77      197.144
892      0.0892      2.41783      1813.38      -3718.95      -1905.57      368.356      197.144
893      0.0893      2.4178      1813.35      -3718.92      -1905.57      367.944      197.144
894      0.0894      2.41777      1813.33      -3718.89      -1905.57      367.532      197.144
895      0.0895      2.41773      1813.3      -3718.87      -1905.57      367.121      197.144
896      0.0896      2.4177      1813.27      -3718.84      -1905.57      366.712      197.144
897      0.0897      2.41767      1813.25      -3718.82      -1905.57      366.303      197.144
898      0.0898      2.41763      1813.22      -3718.79      -1905.57      365.895      197.144
899      0.0899      2.4176      1813.2      -3718.77      -1905.57      365.488      197.144
900      0.09      2.41756      1813.17      -3718.74      -1905.57      365.082      197.144
901      0.0901      2.41753      1813.15      -3718.72      -1905.57      364.677      197.144
902      0.0902      2.4175      1813.12      -3718.69      -1905.57      364.273      197.144
903      0.0903      2.41746      1813.1      -3718.67      -1905.57      363.869      197.144
904      0.0904      2.41743      1813.07      -3718.64      -1905.57      363.467      197.144
905      0.0905      2.41739      1813.05      -3718.61      -1905.57      363.065      197.144
906      0.0906      2.41736      1813.02      -3718.59      -1905.57      362.664      197.144
907      0.0907      2.41733      1812.99      -3718.56      -1905.57      362.265      197.144
908      0.0908      2.41729      1812.97      -3718.54      -1905.57      361.866      197.144
909      0.0909      2.41726      1812.94      -3718.51      -1905.57      361.468      197.144
910      0.091      2.41722      1812.92      -3718.49      -1905.57      361.07      197.144
911      0.0911      2.41719      1812.89      -3718.46      -1905.57      360.674      197.144
912      0.0912      2.41715      1812.87      -3718.43      -1905.57      360.279      197.144
913      0.0913      2.41712      1812.84      -3718.41      -1905.57      359.884      197.145
914      0.0914      2.41709      1812.81      -3718.38      -1905.57      359.49      197.145
915      0.0915      2.41705      1812.79      -3718.36      -1905.57      359.098      197.145
916      0.0916      2.41702      1812.76      -3718.33      -1905.57      358.706      197.145
917      0.0917      2.41698      1812.74      -3718.31      -1905.57      358.314      197.145
918      0.0918      2.41695      1812.71      -3718.28      -1905.57      357.924      197.145
919      0.0919      2.41691      1812.68      -3718.25      -1905.57      357.535      197.145
920      0.092      2.41688      1812.66      -3718.23      -1905.57      357.146      197.145
921      0.0921      2.41684      1812.63      -3718.2      -1905.57      356.758      197.145
922      0.0922      2.41681      1812.61      -3718.18      -1905.57      356.371      197.145
923      0.0923      2.41677      1812.58      -3718.15      -1905.57      355.985      197.145
924      0.0924      2.41674      1812.55      -3718.12      -1905.57      355.6      197.145
925      0.0925      2.4167      1812.53      -3718.1      -1905.57      355.216      197.145
926      0.0926      2.41667      1812.5      -3718.07      -1905.57      354.832      197.145
927      0.0927      2.41663      1812.48      -3718.04      -1905.57      354.449      197.145
928      0.0928      2.4166      1812.45      -3718.02      -1905.57      354.067      197.145
929      0.0929      2.41656      1812.42      -3717.99      -1905.57      353.686      197.145
930      0.093      2.41653      1812.4      -3717.97      -1905.57      353.306      197.145
931      0.0931      2.41649      1812.37      -3717.94      -1905.57      352.927      197.145
932      0.0932      2.41646      1812.34      -3717.91      -1905.57      352.548      197.145
933      0.0933      2.41642      1812.32      -3717.89      -1905.57      352.17      197.145
934      0.0934      2.41639      1812.29      -3717.86      -1905.57      351.793      197.145
935      0.0935      2.41635      1812.26      -3717.83      -1905.57      351.417      197.145
936      0.0936      2.41632      1812.24      -3717.81      -1905.57      351.041      197.145
937      0.0937      2.41628      1812.21      -3717.78      -1905.57      350.667      197.145
938      0.0938      2.41625      1812.19      -3717.75      -1905.57      350.293      197.145
939      0.0939      2.41621      1812.16      -3717.73      -1905.57      349.92      197.145
940      0.094      2.41618      1812.13      -3717.7      -1905.57      349.548      197.145
941      0.0941      2.41614      1812.11      -3717.67      -1905.57      349.176      197.145
942      0.0942      2.41611      1812.08      -3717.65      -1905.57      348.806      197.145
943      0.0943      2.41607      1812.05      -3717.62      -1905.57      348.436      197.145
944      0.0944      2.41603      1812.03      -3717.59      -1905.57      348.067      197.145
945      0.0945      2.416      1812      -3717.57      -1905.57      347.698      197.145
946      0.0946      2.41596      1811.97      -3717.54      -1905.57      347.331      197.145
947      0.0947      2.41593      1811.95      -3717.51      -1905.57      346.964      197.145
948      0.0948      2.41589      1811.92      -3717.49      -1905.57      346.598      197.145
949      0.0949      2.41586      1811.89      -3717.46      -1905.57      346.233      197.145
950      0.095      2.41582      1811.87      -3717.43      -1905.57      345.869      197.145
951      0.0951      2.41578      1811.84      -3717.41      -1905.57      345.505      197.145
952      0.0952      2.41575      1811.81      -3717.38      -1905.57      345.142      197.145
953      0.0953      2.41571      1811.78      -3717.35      -1905.57      344.78      197.145
954      0.0954      2.41568      1811.76      -3717.33      -1905.57      344.418      197.145
955      0.0955      2.41564      1811.73      -3717.3      -1905.57      344.058      197.145
956      0.0956      2.4156      1811.7      -3717.27      -1905.57      343.698      197.145
957      0.0957      2.41557      1811.68      -3717.25      -1905.57      343.339      197.145
958      0.0958      2.41553      1811.65      -3717.22      -1905.57      342.98      197.145
959      0.0959      2.4155      1811.62      -3717.19      -1905.57      342.623      197.145
960      0.096      2.41546      1811.59      -3717.16      -1905.57      342.266      197.145
961      0.0961      2.41542      1811.57      -3717.14      -1905.57      341.91      197.145
962      0.0962      2.41539      1811.54      -3717.11      -1905.57      341.554      197.145
963      0.0963      2.41535      1811.51      -3717.08      -1905.57      341.2      197.145
964      0.0964      2.41531      1811.49      -3717.06      -1905.57      340.846      197.145
965      0.0965      2.41528      1811.46      -3717.03      -1905.57      340.493      197.145
966      0.0966      2.41524      1811.43      -3717      -1905.57      340.14      197.145
967      0.0967      2.41521      1811.4      -3716.97      -1905.57      339.789      197.145
968      0.0968      2.41517      1811.38      -3716.95      -1905.57      339.438      197.145
969      0.0969      2.41513      1811.35      -3716.92      -1905.57      339.087      197.145
970      0.097      2.4151      1811.32      -3716.89      -1905.57      338.738      197.145
971      0.0971      2.41506      1811.29      -3716.86      -1905.57      338.389      197.145
972      0.0972      2.41502      1811.27      -3716.84      -1905.57      338.041      197.145
973      0.0973      2.41499      1811.24      -3716.81      -1905.57      337.693      197.145
974      0.0974      2.41495      1811.21      -3716.78      -1905.57      337.347      197.145
975      0.0975      2.41491      1811.18      -3716.75      -1905.57      337.001      197.145
976      0.0976      2.41488      1811.16      -3716.73      -1905.57      336.655      197.145
977      0.0977      2.41484      1811.13      -3716.7      -1905.57      336.311      197.145
978      0.0978      2.4148      1811.1      -3716.67      -1905.57      335.967      197.145
979      0.0979      2.41476      1811.07      -3716.64      -1905.57      335.624      197.145
980      0.098      2.41473      1811.05      -3716.62      -1905.57      335.281      197.145
981      0.0981      2.41469      1811.02      -3716.59      -1905.57      334.94      197.146
982      0.0982      2.41465      1810.99      -3716.56      -1905.57      334.599      197.146
983      0.0983      2.41462      1810.96      -3716.53      -1905.57      334.258      197.146
984      0.0984      2.41458      1810.93      -3716.5      -1905.57      333.919      197.146
985      0.0985      2.41454      1810.91      -3716.48      -1905.57      333.58      197.146
986      0.0986      2.41451      1810.88      -3716.45      -1905.57      333.241      197.146
987      0.0987      2.41447      1810.85      -3716.42      -1905.57      332.904      197.146
988      0.0988      2.41443      1810.82      -3716.39      -1905.57      332.567      197.146
989      0.0989      2.41439      1810.8      -3716.36      -1905.57      332.231      197.146
990      0.099      2.41436      1810.77      -3716.34      -1905.57      331.895      197.146
991      0.0991      2.41432      1810.74      -3716.31      -1905.57      331.56      197.146
992      0.0992      2.41428      1810.71      -3716.28      -1905.57      331.226      197.146
993      0.0993      2.41424      1810.68      -3716.25      -1905.57      330.892      197.146
994      0.0994      2.41421      1810.65      -3716.22      -1905.57      330.56      197.146
995      0.0995      2.41417      1810.63      -3716.2      -1905.57      330.227      197.146
996      0.0996      2.41413      1810.6      -3716.17      -1905.57      329.896      197.146
997      0.0997      2.41409      1810.57      -3716.14      -1905.57      329.565      197.146
998      0.0998      2.41406      1810.54      -3716.11      -1905.57      329.235      197.146
999      0.0999      2.41402      1810.51      -3716.08      -1905.57      328.905      197.146
1000      0.1      2.41398      1810.49      -3716.05      -1905.57      328.576      197.146
1000      0.1      2.41398      1810.49      -3716.05      -1905.57      328.576      197.146
Execution time in seconds: 1.88878
