Timestep Time Temperature KineticEnergy PotentialEnergy TotalEnergy DiffusionConstant MeanSquareDisplacement
1      0.0579368      2.43283      1824.62      -3730.19      -1905.57      567.111      197.14
2      0.115874      2.42017      1815.13      -3725.44      -1910.31      283.568      197.148
3      0.173811      2.39481      1796.11      -3711.18      -1915.08      189.054      197.157
4      0.231747      2.35658      1767.44      -3687.33      -1919.9      141.797      197.166
5      0.289684      2.30531      1728.98      -3653.76      -1924.78      113.443      197.176
6      0.347621      2.24079      1680.59      -3610.32      -1929.73      94.5403      197.185
7      0.405558      2.16292      1622.19      -3556.88      -1934.7      81.0386      197.195
8      0.463495      2.07173      1553.8      -3493.41      -1939.62      70.9124      197.205
9      0.521432      1.96771      1475.78      -3420.09      -1944.31      63.0364      197.215
10      0.579368      1.85187      1388.9      -3337.45      -1948.55      56.7356      197.225
11      0.637305      1.72606      1294.54      -3246.56      -1952.02      51.5804      197.235
12      0.695242      1.59311      1194.83      -3149.16      -1954.33      47.2843      197.244
13      0.753179      1.45692      1092.69      -3047.78      -1955.09      43.6491      197.254
14      0.811116      1.32228      991.712      -2945.7      -1953.99      40.5332      197.263
15      0.869053      1.1945      895.872      -2846.77      -1950.9      37.8326      197.271
16      0.926989      1.07876      809.067      -2754.97      -1945.9      35.4694      197.279
17      0.984926      0.979427      734.57      -2673.96      -1939.39      33.3842      197.286
18      1.04286      0.89946      674.595      -2606.52      -1931.92      31.5306      197.293
19      1.1008      0.840094      630.07      -2554.23      -1924.16      29.872      197.299
20      1.15874      0.800911      600.683      -2517.38      -1916.69      28.3792      197.304
21      1.21667      0.780161      585.121      -2495.12      -1910      27.0285      197.309
22      1.27461      0.775232      581.424      -2485.77      -1904.34      25.8005      197.313
23      1.33255      0.783123      587.342      -2487.18      -1899.84      24.6792      197.317
24      1.39048      0.80083      600.623      -2497.07      -1896.45      23.6513      197.321
25      1.44842      0.825591      619.193      -2513.26      -1894.07      22.7056      197.324
26      1.50636      0.855011      641.258      -2533.81      -1892.55      21.8326      197.326
27      1.56429      0.887101      665.326      -2557.07      -1891.74      21.0242      197.329
28      1.62223      0.920253      690.189      -2581.7      -1891.51      20.2736      197.331
29      1.68017      0.953185      714.889      -2606.61      -1891.72      19.5747      197.332
30      1.73811      0.984875      738.656      -2630.95      -1892.29      18.9223      197.334
31      1.79604      1.01448      760.859      -2654.02      -1893.16      18.312      197.335
32      1.85398      1.04131      780.98      -2675.26      -1894.28      17.7399      197.336
33      1.91192      1.0648      798.604      -2694.19      -1895.58      17.2024      197.337
34      1.96985      1.08456      813.419      -2710.45      -1897.03      16.6965      197.338
35      2.02779      1.10033      825.245      -2723.79      -1898.54      16.2196      197.339
36      2.08573      1.11207      834.056      -2734.1      -1900.05      15.7691      197.34
37      2.14366      1.11998      839.982      -2741.45      -1901.46      15.343      197.341
38      2.2016      1.12442      843.316      -2746.03      -1902.72      14.9393      197.342
39      2.25954      1.12595      844.466      -2748.22      -1903.75      14.5564      197.344
40      2.31747      1.12522      843.914      -2748.45      -1904.54      14.1926      197.345
41      2.37541      1.12286      842.146      -2747.23      -1905.08      13.8465      197.347
42      2.43335      1.11948      839.613      -2745.02      -1905.41      13.517      197.349
43      2.49128      1.11558      836.683      -2742.24      -1905.56      13.2028      197.352
44      2.54922      1.11154      833.658      -2739.22      -1905.56      12.9029      197.354
45      2.60716      1.10772      830.794      -2736.24      -1905.44      12.6164      197.357
46      2.66509      1.10448      828.357      -2733.54      -1905.19      12.3423      197.361
47      2.72303      1.10219      826.639      -2731.42      -1904.78      12.0799      197.364
48      2.78097      1.10129      825.965      -2730.18      -1904.22      11.8285      197.368
49      2.83891      1.10217      826.629      -2730.14      -1903.51      11.5873      197.372
50      2.89684      1.10509      828.816      -2731.55      -1902.74      11.3558      197.376
51      2.95478      1.11005      832.538      -2734.52      -1901.98      11.1333      197.379
52      3.01272      1.1168      837.603      -2738.95      -1901.34      10.9195      197.383
53      3.07065      1.1249      843.677      -2744.56      -1900.89      10.7136      197.387
54      3.12859      1.13384      850.377      -2751      -1900.62      10.5154      197.391
55      3.18653      1.14313      857.346      -2757.88      -1900.53      10.3244      197.394
56      3.24446      1.15243      864.319      -2764.88      -1900.56      10.1402      197.397
57      3.3024      1.16151      871.129      -2771.79      -1900.67      9.96242      197.399
58      3.36034      1.17024      877.682      -2778.49      -1900.81      9.79074      197.401
59      3.41827      1.17857      883.93      -2784.9      -1900.97      9.62486      197.402
60      3.47621      1.18646      889.845      -2790.99      -1901.15      9.46447      197.403
61      3.53415      1.19386      895.395      -2796.73      -1901.33      9.30929      197.402
62      3.59208      1.20075      900.559      -2802.09      -1901.53      9.15908      197.401
63      3.65002      1.20711      905.333      -2807.06      -1901.73      9.01359      197.399
64      3.70796      1.213      909.752      -2811.65      -1901.9      8.8726      197.395
65      3.76589      1.21853      913.899      -2815.93      -1902.03      8.7359      197.391
66      3.82383      1.22387      917.902      -2819.98      -1902.08      8.6033      197.385
67      3.88177      1.22922      921.919      -2823.97      -1902.06      8.47461      197.379
68      3.93971      1.23482      926.113      -2828.06      -1901.95      8.34966      197.371
69      3.99764      1.24083      930.621      -2832.4      -1901.78      8.2283      197.363
70      4.05558      1.24735      935.514      -2837.1      -1901.59      8.11038      197.354
71      4.11352      1.25436      940.766      -2842.18      -1901.41      7.99574      197.344
72      4.17145      1.26167      946.254      -2847.57      -1901.32      7.88427      197.333
73      4.22939      1.26902      951.762      -2853.1      -1901.34      7.77584      197.322
74      4.28733      1.27603      957.019      -2858.51      -1901.5      7.67033      197.311
75      4.34526      1.28232      961.737      -2863.53      -1901.8      7.56762      197.3
76      4.4032      1.28755      965.659      -2867.88      -1902.22      7.46762      197.289
77      4.46114      1.29147      968.601      -2871.33      -1902.73      7.37023      197.278
78      4.51907      1.29395      970.459      -2873.73      -1903.27      7.27534      197.267
79      4.57701      1.29494      971.207      -2875.03      -1903.82      7.18287      197.256
80      4.63495      1.29451      970.882      -2875.23      -1904.35      7.09273      197.247
81      4.69288      1.29274      969.552      -2874.39      -1904.84      7.00484      197.238
82      4.75082      1.28975      967.313      -2872.58      -1905.27      6.91913      197.229
83      4.80876      1.28572      964.288      -2869.93      -1905.64      6.8355      197.222
84      4.86669      1.28084      960.629      -2866.56      -1905.93      6.7539      197.215
85      4.92463      1.27539      956.546      -2862.65      -1906.11      6.67425      197.209
86      4.98257      1.26973      952.296      -2858.44      -1906.15      6.59648      197.204
87      5.04051      1.26426      948.198      -2854.22      -1906.02      6.52052      197.2
88      5.09844      1.25946      944.598      -2850.33      -1905.73      6.44631      197.197
89      5.15638      1.25575      941.811      -2847.09      -1905.28      6.37379      197.194
90      5.21432      1.25342      940.067      -2844.81      -1904.74      6.30291      197.192
91      5.27225      1.25261      939.46      -2843.63      -1904.17      6.23361      197.191
92      5.33019      1.2533      939.976      -2843.59      -1903.61      6.16583      197.19
93      5.38813      1.25539      941.542      -2844.64      -1903.1      6.09954      197.191
94      5.44606      1.25878      944.088      -2846.71      -1902.62      6.03468      197.191
95      5.504      1.26345      947.587      -2849.74      -1902.15      5.97121      197.193
96      5.56194      1.26941      952.057      -2853.73      -1901.67      5.90908      197.196
97      5.61987      1.27667      957.502      -2858.7      -1901.2      5.84826      197.199
98      5.67781      1.28517      963.875      -2864.63      -1900.75      5.78871      197.203
99      5.73575      1.29472      971.039      -2871.43      -1900.39      5.73039      197.208
100      5.79368      1.30502      978.763      -2878.91      -1900.15      5.67325      197.214
101      5.85162      1.31566      986.746      -2886.81      -1900.07      5.61728      197.221
102      5.90956      1.32621      994.659      -2894.81      -1900.15      5.56242      197.229
103      5.96749      1.33627      1002.2      -2902.57      -1900.37      5.50864      197.237
104      6.02543      1.34549      1009.12      -2909.83      -1900.72      5.45592      197.246
105      6.08337      1.35365      1015.24      -2916.37      -1901.13      5.40422      197.255
106      6.14131      1.36064      1020.48      -2922.06      -1901.59      5.35351      197.265
107      6.19924      1.36641      1024.81      -2926.85      -1902.05      5.30376      197.276
108      6.25718      1.37094      1028.2      -2930.72      -1902.52      5.25494      197.287
109      6.31512      1.3742      1030.65      -2933.65      -1903      5.20702      197.298
110      6.37305      1.37615      1032.12      -2935.61      -1903.5      5.15998      197.309
111      6.43099      1.37672      1032.54      -2936.56      -1904.02      5.11379      197.32
112      6.48893      1.37585      1031.89      -2936.45      -1904.56      5.06843      197.332
113      6.54686      1.37357      1030.18      -2935.26      -1905.08      5.02387      197.343
114      6.6048      1.36999      1027.49      -2933.04      -1905.55      4.98008      197.355
115      6.66274      1.36534      1024      -2929.93      -1905.93      4.93706      197.366
116      6.72067      1.35994      1019.95      -2926.13      -1906.17      4.89477      197.377
117      6.77861      1.35416      1015.62      -2921.9      -1906.28      4.85319      197.387
118      6.83655      1.34836      1011.27      -2917.53      -1906.25      4.81232      197.398
119      6.89448      1.34284      1007.13      -2913.26      -1906.13      4.77212      197.408
120      6.95242      1.33779      1003.34      -2909.28      -1905.94      4.73258      197.417
121      7.01036      1.33326      999.944      -2905.68      -1905.74      4.69368      197.426
122      7.06829      1.32923      996.923      -2902.48      -1905.55      4.65541      197.435
123      7.12623      1.32558      994.185      -2899.61      -1905.42      4.61776      197.443
124      7.18417      1.32216      991.624      -2896.97      -1905.34      4.58069      197.451
125      7.24211      1.31883      989.121      -2894.45      -1905.33      4.54421      197.458
126      7.30004      1.31541      986.555      -2891.92      -1905.37      4.5083      197.465
127      7.35798      1.31175      983.816      -2889.29      -1905.47      4.47293      197.471
128      7.41592      1.30772      980.79      -2886.41      -1905.62      4.43811      197.476
129      7.47385      1.30316      977.373      -2883.2      -1905.83      4.4038      197.48
130      7.53179      1.29799      973.495      -2879.56      -1906.06      4.37001      197.484
131      7.58973      1.29216      969.12      -2875.43      -1906.3      4.33671      197.487
132      7.64766      1.28571      964.286      -2870.81      -1906.52      4.3039      197.489
133      7.7056      1.27885      959.134      -2865.79      -1906.65      4.27156      197.489
134      7.76354      1.27185      953.889      -2860.55      -1906.66      4.23968      197.489
135      7.82147      1.26513      948.844      -2855.36      -1906.52      4.20825      197.488
136      7.87941      1.25908      944.307      -2850.53      -1906.23      4.17726      197.486
137      7.93735      1.25403      940.521      -2846.34      -1905.82      4.1467      197.483
138      7.99528      1.25016      937.622      -2842.99      -1905.37      4.11657      197.479
139      8.05322      1.24752      935.639      -2840.55      -1904.91      4.08685      197.474
140      8.11116      1.24602      934.513      -2839.01      -1904.49      4.05754      197.468
141      8.16909      1.24552      934.139      -2838.27      -1904.13      4.02863      197.461
142      8.22703      1.24585      934.384      -2838.23      -1903.84      4.0001      197.454
143      8.28497      1.2468      935.102      -2838.73      -1903.63      3.97197      197.446
144      8.34291      1.2482      936.147      -2839.63      -1903.49      3.94421      197.437
145      8.40084      1.24984      937.38      -2840.79      -1903.41      3.91681      197.427
146      8.45878      1.25159      938.689      -2842.08      -1903.39      3.88978      197.417
147      8.51672      1.25332      939.993      -2843.4      -1903.4      3.86311      197.406
148      8.57465      1.25501      941.257      -2844.69      -1903.43      3.83679      197.395
149      8.63259      1.2566      942.453      -2845.93      -1903.47      3.81081      197.383
150      8.69053      1.25806      943.547      -2847.08      -1903.53      3.78517      197.37
151      8.74846      1.25931      944.486      -2848.11      -1903.62      3.75986      197.358
152      8.8064      1.26022      945.162      -2848.93      -1903.77      3.73487      197.345
153      8.86434      1.26059      945.444      -2849.43      -1903.99      3.71021      197.331
154      8.92227      1.26024      945.184      -2849.46      -1904.28      3.68587      197.318
155      8.98021      1.25901      944.26      -2848.88      -1904.62      3.66183      197.304
156      9.03815      1.2568      942.598      -2847.59      -1904.99      3.63811      197.291
157      9.09608      1.2536      940.201      -2845.56      -1905.36      3.61469      197.277
158      9.15402      1.24952      937.144      -2842.82      -1905.67      3.59156      197.264
159      9.21196      1.24475      933.561      -2839.47      -1905.91      3.56874      197.25
160      9.26989      1.23951      929.635      -2835.69      -1906.06      3.5462      197.237
161      9.32783      1.23409      925.571      -2831.67      -1906.1      3.52394      197.224
162      9.38577      1.22881      921.61      -2827.63      -1906.02      3.50197      197.212
163      9.44371      1.22401      918.01      -2823.81      -1905.8      3.48027      197.2
164      9.50164      1.22006      915.045      -2820.49      -1905.45      3.45884      197.188
165      9.55958      1.21734      913.002      -2817.95      -1904.95      3.43768      197.177
166      9.61752      1.21619      912.139      -2816.47      -1904.33      3.41678      197.166
167      9.67545      1.21689      912.668      -2816.28      -1903.61      3.39614      197.155
168      9.73339      1.21963      914.721      -2817.56      -1902.84      3.37575      197.145
169      9.79133      1.22444      918.329      -2820.39      -1902.06      3.35561      197.135
170      9.84926      1.23122      923.412      -2824.76      -1901.34      3.33571      197.126
171      9.9072      1.23969      929.77      -2830.51      -1900.74      3.31605      197.117
172      9.96514      1.24946      937.092      -2837.4      -1900.3      3.29663      197.108
173      10.0231      1.25997      944.977      -2845.05      -1900.08      3.27743      197.1
174      10.081      1.27065      952.986      -2853.06      -1900.07      3.25847      197.092
175      10.1389      1.28092      960.688      -2860.97      -1900.28      3.23972      197.084
176      10.1969      1.29026      967.697      -2868.37      -1900.68      3.22119      197.077
177      10.2548      1.2983      973.722      -2874.92      -1901.2      3.20287      197.069
178      10.3128      1.30477      978.575      -2880.39      -1901.81      3.18477      197.062
179      10.3707      1.30957      982.179      -2884.62      -1902.44      3.16687      197.056
180      10.4286      1.31275      984.564      -2887.61      -1903.05      3.14917      197.049
181      10.4866      1.31446      985.845      -2889.43      -1903.58      3.13166      197.042
182      10.5445      1.31495      986.21      -2890.23      -1904.02      3.11436      197.036
183      10.6024      1.31451      985.879      -2890.22      -1904.34      3.09724      197.03
184      10.6604      1.31343      985.072      -2889.63      -1904.55      3.08031      197.024
185      10.7183      1.31197      983.976      -2888.66      -1904.68      3.06357      197.018
186      10.7763      1.31027      982.704      -2887.46      -1904.76      3.04701      197.012
187      10.8342      1.30839      981.293      -2886.12      -1904.82      3.03063      197.006
188      10.8921      1.30628      979.712      -2884.63      -1904.92      3.01443      197.001
189      10.9501      1.30385      977.887      -2882.93      -1905.05      2.9984      196.996
190      11.008      1.30097      975.727      -2880.95      -1905.22      2.98255      196.992
191      11.0659      1.29753      973.151      -2878.59      -1905.44      2.96688      196.988
192      11.1239      1.29349      970.116      -2875.78      -1905.67      2.95137      196.984
193      11.1818      1.28883      966.626      -2872.51      -1905.89      2.93604      196.982
194      11.2397      1.28365      962.734      -2868.81      -1906.08      2.92088      196.98
195      11.2977      1.27805      958.541      -2864.75      -1906.21      2.90588      196.978
196      11.3556      1.27225      954.186      -2860.46      -1906.27      2.89105      196.978
197      11.4136      1.26646      949.847      -2856.09      -1906.24      2.87638      196.978
198      11.4715      1.26097      945.725      -2851.83      -1906.11      2.86187      196.979
199      11.5294      1.25603      942.023      -2847.89      -1905.87      2.84752      196.981
200      11.5874      1.25191      938.936      -2844.47      -1905.54      2.83332      196.984
201      11.6453      1.24882      936.618      -2841.75      -1905.14      2.81927      196.988
202      11.7032      1.2469      935.174      -2839.86      -1904.69      2.80538      196.992
203      11.7612      1.24617      934.63      -2838.87      -1904.24      2.79162      196.997
204      11.8191      1.24659      934.942      -2838.76      -1903.82      2.77802      197.002
205      11.8771      1.248      935.999      -2839.46      -1903.46      2.76455      197.008
206      11.935      1.2502      937.652      -2840.84      -1903.19      2.75121      197.014
207      11.9929      1.25299      939.741      -2842.73      -1902.99      2.73801      197.021
208      12.0509      1.25616      942.123      -2844.98      -1902.86      2.72494      197.028
209      12.1088      1.25959      944.695      -2847.46      -1902.77      2.712      197.035
210      12.1667      1.26318      947.387      -2850.1      -1902.72      2.69919      197.042
211      12.2247      1.26689      950.169      -2852.84      -1902.67      2.68649      197.049
212      12.2826      1.27072      953.038      -2855.67      -1902.63      2.67392      197.056
213      12.3405      1.27465      955.989      -2858.57      -1902.59      2.66146      197.064
214      12.3985      1.27871      959.029      -2861.57      -1902.54      2.64913      197.071
215      12.4564      1.28288      962.162      -2864.65      -1902.49      2.63691      197.079
216      12.5144      1.2872      965.401      -2867.84      -1902.44      2.6248      197.086
217      12.5723      1.29169      968.768      -2871.14      -1902.37      2.61281      197.094
218      12.6302      1.29635      972.266      -2874.57      -1902.31      2.60094      197.103
219      12.6882      1.30114      975.857      -2878.12      -1902.27      2.58917      197.111
220      12.7461      1.30592      979.441      -2881.73      -1902.29      2.57752      197.12
221      12.804      1.31046      982.845      -2885.25      -1902.4      2.56597      197.129
222      12.862      1.31448      985.86      -2888.48      -1902.62      2.55454      197.138
223      12.9199      1.31769      988.27      -2891.21      -1902.94      2.54321      197.148
224      12.9779      1.31989      989.917      -2893.25      -1903.34      2.53199      197.158
225      13.0358      1.32102      990.765      -2894.5      -1903.73      2.52087      197.169
226      13.0937      1.32121      990.909      -2894.97      -1904.06      2.50985      197.18
227      13.1517      1.32075      990.564      -2894.84      -1904.27      2.49894      197.191
228      13.2096      1.31995      989.965      -2894.34      -1904.37      2.48813      197.203
229      13.2675      1.31901      989.257      -2893.67      -1904.42      2.47741      197.215
230      13.3255      1.31786      988.398      -2892.91      -1904.51      2.46679      197.227
231      13.3834      1.31624      987.179      -2891.9      -1904.72      2.45627      197.24
232      13.4413      1.31374      985.307      -2890.38      -1905.08      2.44584      197.252
233      13.4993      1.31003      982.525      -2888.08      -1905.56      2.4355      197.265
234      13.5572      1.30491      978.685      -2884.78      -1906.09      2.42524      197.277
235      13.6152      1.29839      973.789      -2880.4      -1906.61      2.41508      197.29
236      13.6731      1.29065      967.984      -2875.02      -1907.03      2.40499      197.302
237      13.731      1.28208      961.557      -2868.85      -1907.29      2.39499      197.314
238      13.789      1.27323      954.921      -2862.26      -1907.34      2.38507      197.326
239      13.8469      1.26476      948.574      -2855.7      -1907.12      2.37522      197.337
240      13.9048      1.2574      943.046      -2849.69      -1906.64      2.36545      197.348
241      13.9628      1.25181      938.86      -2844.77      -1905.91      2.35576      197.358
242      14.0207      1.2486      936.452      -2841.42      -1904.97      2.34614      197.367
243      14.0787      1.24814      936.105      -2840.02      -1903.92      2.33658      197.376
244      14.1366      1.25055      937.915      -2840.75      -1902.84      2.3271      197.383
245      14.1945      1.25573      941.794      -2843.62      -1901.82      2.31768      197.39
246      14.2525      1.26333      947.495      -2848.44      -1900.95      2.30833      197.396
247      14.3104      1.27287      954.655      -2854.93      -1900.27      2.29904      197.401
248      14.3683      1.28377      962.825      -2862.65      -1899.83      2.28982      197.405
249      14.4263      1.29534      971.503      -2871.14      -1899.64      2.28066      197.408
250      14.4842      1.3069      980.172      -2879.88      -1899.71      2.27156      197.41
251      14.5421      1.31779      988.339      -2888.36      -1900.02      2.26252      197.411
252      14.6001      1.32743      995.576      -2896.11      -1900.53      2.25354      197.411
253      14.658      1.33541      1001.56      -2902.75      -1901.19      2.24462      197.41
254      14.716      1.34147      1006.1      -2908.03      -1901.93      2.23576      197.408
255      14.7739      1.34553      1009.15      -2911.82      -1902.67      2.22697      197.406
256      14.8318      1.34775      1010.81      -2914.15      -1903.34      2.21823      197.402
257      14.8898      1.34843      1011.32      -2915.2      -1903.88      2.20956      197.399
258      14.9477      1.348      1011      -2915.25      -1904.25      2.20095      197.395
259      15.0056      1.34698      1010.24      -2914.66      -1904.42      2.1924      197.39
260      15.0636      1.34586      1009.39      -2913.81      -1904.42      2.18392      197.386
261      15.1215      1.345      1008.75      -2913.04      -1904.29      2.1755      197.381
262      15.1795      1.34459      1008.44      -2912.56      -1904.12      2.16715      197.377
263      15.2374      1.34456      1008.42      -2912.41      -1903.99      2.15887      197.373
264      15.2953      1.34466      1008.5      -2912.47      -1903.97      2.15065      197.369
265      15.3533      1.34454      1008.4      -2912.49      -1904.09      2.14249      197.365
266      15.4112      1.34382      1007.86      -2912.21      -1904.35      2.13439      197.362
267      15.4691      1.34218      1006.64      -2911.36      -1904.72      2.12636      197.358
268      15.5271      1.33939      1004.54      -2909.72      -1905.18      2.11839      197.355
269      15.585      1.33528      1001.46      -2907.15      -1905.69      2.11048      197.351
270      15.6429      1.32979      997.344      -2903.55      -1906.21      2.10263      197.348
271      15.7009      1.32297      992.226      -2898.93      -1906.71      2.09483      197.344
272      15.7588      1.31496      986.217      -2893.35      -1907.13      2.0871      197.341
273      15.8168      1.30603      979.525      -2886.97      -1907.45      2.07941      197.337
274      15.8747      1.29659      972.445      -2880.04      -1907.6      2.07179      197.334
275      15.9326      1.28711      965.336      -2872.9      -1907.57      2.06421      197.33
276      15.9906      1.27811      958.58      -2865.92      -1907.34      2.0567      197.327
277      16.0485      1.27006      952.543      -2859.48      -1906.94      2.04924      197.323
278      16.1064      1.26336      947.52      -2853.92      -1906.4      2.04183      197.32
279      16.1644      1.25827      943.701      -2849.48      -1905.78      2.03448      197.316
280      16.2223      1.25488      941.16      -2846.3      -1905.14      2.02718      197.313
281      16.2803      1.25316      939.871      -2844.39      -1904.52      2.01994      197.311
282      16.3382      1.25297      939.729      -2843.69      -1903.96      2.01275      197.308
283      16.3961      1.25412      940.588      -2844.07      -1903.48      2.00562      197.306
284      16.4541      1.25636      942.273      -2845.37      -1903.09      1.99854      197.305
285      16.512      1.25947      944.6      -2847.4      -1902.8      1.99152      197.304
286      16.5699      1.26316      947.371      -2849.97      -1902.6      1.98455      197.303
287      16.6279      1.26716      950.368      -2852.89      -1902.52      1.97763      197.303
288      16.6858      1.27113      953.349      -2855.91      -1902.56      1.97077      197.303
289      16.7437      1.27474      956.057      -2858.79      -1902.73      1.96396      197.304
290      16.8017      1.27766      958.246      -2861.26      -1903.02      1.9572      197.305
291      16.8596      1.27962      959.715      -2863.11      -1903.4      1.95049      197.307
292      16.9176      1.28046      960.344      -2864.17      -1903.83      1.94384      197.31
293      16.9755      1.28012      960.086      -2864.36      -1904.27      1.93723      197.313
294      17.0334      1.27864      958.983      -2863.67      -1904.68      1.93068      197.316
295      17.0914      1.27617      957.126      -2862.17      -1905.04      1.92417      197.321
296      17.1493      1.27288      954.658      -2859.99      -1905.33      1.91772      197.325
297      17.2072      1.269      951.751      -2857.27      -1905.52      1.91131      197.33
298      17.2652      1.26481      948.606      -2854.22      -1905.61      1.90495      197.335
299      17.3231      1.26059      945.445      -2851.04      -1905.59      1.89863      197.341
300      17.3811      1.25668      942.511      -2847.96      -1905.45      1.89236      197.347
301      17.439      1.25342      940.069      -2845.24      -1905.17      1.88613      197.354
302      17.4969      1.25115      938.365      -2843.14      -1904.77      1.87995      197.36
303      17.5549      1.25015      937.612      -2841.89      -1904.28      1.87381      197.367
304      17.6128      1.25058      937.937      -2841.67      -1903.73      1.86771      197.374
305      17.6707      1.25249      939.368      -2842.55      -1903.19      1.86165      197.381
306      17.7287      1.25578      941.835      -2844.52      -1902.69      1.85564      197.388
307      17.7866      1.26024      945.18      -2847.46      -1902.28      1.84966      197.395
308      17.8445      1.26562      949.212      -2851.17      -1901.96      1.84372      197.402
309      17.9025      1.27164      953.728      -2855.47      -1901.75      1.83781      197.409
310      17.9604      1.27807      958.549      -2860.17      -1901.62      1.83195      197.415
311      18.0184      1.28468      963.513      -2865.09      -1901.57      1.82612      197.422
312      18.0763      1.29133      968.499      -2870.08      -1901.58      1.82032      197.428
313      18.1342      1.29788      973.407      -2875.04      -1901.63      1.81456      197.434
314      18.1922      1.30421      978.159      -2879.88      -1901.72      1.80883      197.439
315      18.2501      1.31024      982.683      -2884.53      -1901.85      1.80313      197.444
316      18.308      1.3159      986.923      -2888.92      -1902      1.79746      197.448
317      18.366      1.32109      990.814      -2893      -1902.18      1.79182      197.451
318      18.4239      1.32574      994.302      -2896.7      -1902.4      1.78621      197.454
319      18.4819      1.32976      997.318      -2899.96      -1902.64      1.78063      197.456
320      18.5398      1.33302      999.769      -2902.7      -1902.94      1.77508      197.457
321      18.5977      1.33537      1001.52      -2904.83      -1903.3      1.76955      197.458
322      18.6557      1.33658      1002.43      -2906.17      -1903.74      1.76406      197.458
323      18.7136      1.33646      1002.34      -2906.6      -1904.26      1.75859      197.457
324      18.7715      1.33487      1001.15      -2905.97      -1904.81      1.75315      197.456
325      18.8295      1.33179      998.84      -2904.21      -1905.37      1.74774      197.454
326      18.8874      1.32734      995.506      -2901.36      -1905.85      1.74236      197.452
327      18.9453      1.32183      991.372      -2897.59      -1906.21      1.73701      197.449
328      19.0033      1.31568      986.763      -2893.17      -1906.4      1.73169      197.446
329      19.0612      1.30941      982.055      -2888.46      -1906.4      1.7264      197.443
330      19.1192      1.30352      977.641      -2883.85      -1906.21      1.72114      197.44
331      19.1771      1.29848      973.862      -2879.71      -1905.85      1.71591      197.437
332      19.235      1.29463      970.975      -2876.35      -1905.38      1.71072      197.434
333      19.293      1.29216      969.122      -2873.97      -1904.85      1.70556      197.432
334      19.3509      1.29108      968.312      -2872.65      -1904.34      1.70043      197.429
335      19.4088      1.29121      968.41      -2872.32      -1903.91      1.69533      197.427
336      19.4668      1.29219      969.145      -2872.78      -1903.63      1.69027      197.424
337      19.5247      1.29351      970.134      -2873.69      -1903.56      1.68523      197.422
338      19.5827      1.29457      970.927      -2874.64      -1903.72      1.68023      197.42
339      19.6406      1.29476      971.071      -2875.17      -1904.1      1.67526      197.419
340      19.6985      1.29353      970.149      -2874.83      -1904.68      1.67032      197.417
341      19.7565      1.29047      967.851      -2873.25      -1905.4      1.6654      197.415
342      19.8144      1.28533      963.999      -2870.19      -1906.19      1.66052      197.413
343      19.8723      1.27809      958.567      -2865.54      -1906.97      1.65566      197.411
344      19.9303      1.26891      951.682      -2859.35      -1907.67      1.65082      197.408
345      19.9882      1.25816      943.621      -2851.84      -1908.22      1.64602      197.406
346      20.0461      1.24638      934.784      -2843.33      -1908.55      1.64124      197.403
347      20.1041      1.23423      925.674      -2834.29      -1908.61      1.63649      197.4
348      20.162      1.22249      916.864      -2825.25      -1908.39      1.63176      197.398
349      20.22      1.21192      908.943      -2816.81      -1907.87      1.62706      197.395
350      20.2779      1.2033      902.473      -2809.55      -1907.08      1.62239      197.391
351      20.3358      1.19722      897.912      -2803.98      -1906.07      1.61774      197.388
352      20.3938      1.1941      895.574      -2800.5      -1904.93      1.61312      197.385
353      20.4517      1.19411      895.58      -2799.33      -1903.75      1.60852      197.382
354      20.5096      1.19714      897.859      -2800.5      -1902.64      1.60395      197.379
355      20.5676      1.20287      902.152      -2803.82      -1901.67      1.59941      197.376
356      20.6255      1.21074      908.058      -2808.98      -1900.92      1.59489      197.373
357      20.6835      1.22014      915.102      -2815.51      -1900.41      1.59041      197.37
358      20.7414      1.23039      922.792      -2822.94      -1900.15      1.58594      197.368
359      20.7993      1.24092      930.688      -2830.78      -1900.1      1.58151      197.366
360      20.8573      1.25127      938.452      -2838.65      -1900.2      1.57711      197.365
361      20.9152      1.26115      945.859      -2846.26      -1900.4      1.57273      197.363
362      20.9731      1.27041      952.81      -2853.45      -1900.64      1.56838      197.363
363      21.0311      1.27905      959.291      -2860.17      -1900.88      1.56405      197.362
364      21.089      1.28713      965.345      -2866.44      -1901.09      1.55976      197.363
365      21.1469      1.29469      971.018      -2872.3      -1901.28      1.55549      197.363
366      21.2049      1.3018      976.35      -2877.8      -1901.45      1.55125      197.364
367      21.2628      1.30848      981.358      -2882.98      -1901.62      1.54703      197.366
368      21.3208      1.31471      986.035      -2887.82      -1901.79      1.54284      197.368
369      21.3787      1.32048      990.358      -2892.33      -1901.97      1.53868      197.37
370      21.4366      1.3257      994.276      -2896.46      -1902.18      1.53454      197.372
371      21.4946      1.33028      997.712      -2900.15      -1902.44      1.53042      197.375
372      21.5525      1.33409      1000.57      -2903.31      -1902.74      1.52633      197.378
373      21.6104      1.33697      1002.73      -2905.83      -1903.1      1.52226      197.38
374      21.6684      1.33879      1004.1      -2907.6      -1903.51      1.51822      197.384
375      21.7263      1.33944      1004.58      -2908.53      -1903.96      1.51419      197.387
376      21.7843      1.33885      1004.13      -2908.56      -1904.42      1.51019      197.39
377      21.8422      1.33701      1002.76      -2907.64      -1904.88      1.50621      197.393
378      21.9001      1.33398      1000.49      -2905.81      -1905.32      1.50225      197.397
379      21.9581      1.32988      997.409      -2903.12      -1905.71      1.49831      197.401
380      22.016      1.32483      993.622      -2899.67      -1906.05      1.4944      197.404
381      22.0739      1.31899      989.243      -2895.57      -1906.32      1.49051      197.408
382      22.1319      1.31252      984.389      -2890.93      -1906.54      1.48664      197.413
383      22.1898      1.30558      979.181      -2885.88      -1906.7      1.48279      197.417
384      22.2477      1.2983      973.726      -2880.53      -1906.81      1.47897      197.422
385      22.3057      1.29083      968.126      -2874.99      -1906.86      1.47517      197.428
386      22.3636      1.28332      962.487      -2869.35      -1906.86      1.47139      197.434
387      22.4216      1.2759      956.926      -2863.73      -1906.8      1.46764      197.44
388      22.4795      1.26879      951.595      -2858.25      -1906.66      1.46391      197.447
389      22.5374      1.26226      946.696      -2853.1      -1906.41      1.4602      197.455
390      22.5954      1.25665      942.487      -2848.51      -1906.02      1.45651      197.463
391      22.6533      1.25238      939.282      -2844.76      -1905.48      1.45285      197.471
392      22.7112      1.24988      937.41      -2842.18      -1904.77      1.44921      197.481
393      22.7692      1.24954      937.158      -2841.09      -1903.93      1.4456      197.49
394      22.8271      1.25157      938.679      -2841.71      -1903.03      1.442      197.5
395      22.8851      1.25593      941.95      -2844.12      -1902.17      1.43842      197.51
396      22.943      1.26232      946.741      -2848.19      -1901.45      1.43487      197.521
397      23.0009      1.27021      952.655      -2853.6      -1900.95      1.43133      197.531
398      23.0589      1.27896      959.217      -2859.9      -1900.68      1.42781      197.542
399      23.1168      1.28794      965.959      -2866.61      -1900.65      1.42431      197.552
400      23.1747      1.29662      972.468      -2873.29      -1900.82      1.42082      197.563
401      23.2327      1.30456      978.422      -2879.56      -1901.13      1.41735      197.573
402      23.2906      1.31144      983.581      -2885.14      -1901.56      1.41389      197.582
403      23.3485      1.31704      987.784      -2889.84      -1902.05      1.41045      197.591
404      23.4065      1.32126      990.943      -2893.53      -1902.58      1.40702      197.6
405      23.4644      1.32404      993.028      -2896.15      -1903.12      1.4036      197.608
406      23.5224      1.32542      994.066      -2897.71      -1903.64      1.40019      197.615
407      23.5803      1.32549      994.117      -2898.25      -1904.13      1.3968      197.622
408      23.6382      1.32436      993.268      -2897.83      -1904.57      1.39342      197.627
409      23.6962      1.32215      991.613      -2896.57      -1904.96      1.39004      197.632
410      23.7541      1.319      989.249      -2894.55      -1905.3      1.38668      197.636
411      23.812      1.31505      986.289      -2891.87      -1905.58      1.38333      197.639
412      23.87      1.3105      982.871      -2888.67      -1905.79      1.37999      197.642
413      23.9279      1.30556      979.172      -2885.08      -1905.91      1.37666      197.643
414      23.9859      1.30055      975.41      -2881.32      -1905.91      1.37333      197.644
415      24.0438      1.29577      971.826      -2877.62      -1905.8      1.37002      197.643
416      24.1017      1.29155      968.659      -2874.22      -1905.56      1.36672      197.642
417      24.1597      1.28816      966.117      -2871.35      -1905.23      1.36343      197.64
418      24.2176      1.28577      964.329      -2869.17      -1904.84      1.36015      197.637
419      24.2755      1.28443      963.321      -2867.78      -1904.46      1.35688      197.634
420      24.3335      1.28401      963.011      -2867.14      -1904.13      1.35361      197.629
421      24.3914      1.28429      963.219      -2867.12      -1903.9      1.35036      197.623
422      24.4493      1.28492      963.691      -2867.49      -1903.8      1.34712      197.617
423      24.5073      1.2855      964.123      -2867.98      -1903.86      1.34389      197.61
424      24.5652      1.28561      964.207      -2868.28      -1904.07      1.34066      197.602
425      24.6232      1.28487      963.652      -2868.07      -1904.42      1.33745      197.594
426      24.6811      1.28296      962.217      -2867.1      -1904.89      1.33425      197.585
427      24.739      1.27967      959.75      -2865.17      -1905.42      1.33106      197.575
428      24.797      1.27494      956.203      -2862.16      -1905.96      1.32788      197.564
429      24.8549      1.26886      951.642      -2858.09      -1906.45      1.32471      197.554
430      24.9128      1.26166      946.249      -2853.08      -1906.83      1.32156      197.542
431      24.9708      1.25372      940.288      -2847.37      -1907.08      1.31841      197.531
432      25.0287      1.24543      934.072      -2841.24      -1907.17      1.31528      197.519
433      25.0867      1.23723      927.919      -2835.02      -1907.1      1.31216      197.507
434      25.1446      1.22949      922.117      -2829.01      -1906.89      1.30906      197.494
435      25.2025      1.22251      916.882      -2823.46      -1906.58      1.30597      197.482
436      25.2605      1.21649      912.365      -2818.57      -1906.21      1.30289      197.469
437      25.3184      1.21152      908.638      -2814.44      -1905.81      1.29982      197.456
438      25.3763      1.20763      905.721      -2811.12      -1905.4      1.29677      197.443
439      25.4343      1.20481      903.61      -2808.61      -1905      1.29373      197.43
440      25.4922      1.20305      902.284      -2806.9      -1904.61      1.2907      197.417
441      25.5501      1.20231      901.729      -2805.96      -1904.23      1.28769      197.404
442      25.6081      1.20261      901.956      -2805.79      -1903.83      1.28469      197.39
443      25.666      1.20399      902.994      -2806.42      -1903.43      1.2817      197.376
444      25.724      1.20652      904.893      -2807.89      -1902.99      1.27872      197.362
445      25.7819      1.21026      907.696      -2810.24      -1902.54      1.27575      197.348
446      25.8398      1.21524      911.431      -2813.51      -1902.08      1.2728      197.334
447      25.8978      1.22145      916.084      -2817.71      -1901.63      1.26986      197.319
448      25.9557      1.22877      921.58      -2822.8      -1901.22      1.26693      197.304
449      26.0136      1.23702      927.766      -2828.67      -1900.91      1.26401      197.289
450      26.0716      1.24588      934.407      -2835.12      -1900.71      1.2611      197.274
451      26.1295      1.25496      941.221      -2841.89      -1900.67      1.25821      197.258
452      26.1875      1.26384      947.879      -2848.67      -1900.79      1.25533      197.243
453      26.2454      1.27208      954.061      -2855.13      -1901.07      1.25245      197.227
454      26.3033      1.27932      959.487      -2860.97      -1901.48      1.2496      197.211
455      26.3613      1.28526      963.946      -2865.93      -1901.98      1.24675      197.195
456      26.4192      1.28977      967.33      -2869.86      -1902.53      1.24392      197.18
457      26.4771      1.29285      969.64      -2872.7      -1903.06      1.2411      197.165
458      26.5351      1.29465      970.985      -2874.5      -1903.52      1.2383      197.15
459      26.593      1.29544      971.581      -2875.44      -1903.86      1.23551      197.135
460      26.6509      1.29559      971.69      -2875.76      -1904.07      1.23273      197.121
461      26.7089      1.29543      971.574      -2875.73      -1904.16      1.22997      197.107
462      26.7668      1.29521      971.408      -2875.57      -1904.17      1.22723      197.094
463      26.8248      1.29497      971.228      -2875.4      -1904.18      1.2245      197.082
464      26.8827      1.29456      970.919      -2875.18      -1904.26      1.22179      197.07
465      26.9406      1.29369      970.268      -2874.73      -1904.46      1.2191      197.06
466      26.9986      1.29205      969.035      -2873.81      -1904.77      1.21642      197.05
467      27.0565      1.28939      967.04      -2872.21      -1905.17      1.21376      197.041
468      27.1144      1.28562      964.213      -2869.8      -1905.58      1.21112      197.033
469      27.1724      1.28081      960.611      -2866.57      -1905.96      1.2085      197.026
470      27.2303      1.27521      956.411      -2862.64      -1906.23      1.20589      197.02
471      27.2883      1.26917      951.876      -2858.24      -1906.36      1.2033      197.016
472      27.3462      1.26306      947.296      -2853.64      -1906.35      1.20073      197.012
473      27.4041      1.25725      942.934      -2849.14      -1906.21      1.19818      197.01
474      27.4621      1.25198      938.986      -2844.96      -1905.98      1.19564      197.008
475      27.52      1.24743      935.57      -2841.27      -1905.7      1.19312      197.008
476      27.5779      1.24364      932.727      -2838.14      -1905.41      1.19062      197.008
477      27.6359      1.24059      930.442      -2835.58      -1905.14      1.18813      197.01
478      27.6938      1.23823      928.673      -2833.56      -1904.89      1.18566      197.013
479      27.7517      1.2365      927.378      -2832.03      -1904.66      1.1832      197.016
480      27.8097      1.23537      926.525      -2830.96      -1904.44      1.18076      197.02
481      27.8676      1.23479      926.091      -2830.33      -1904.23      1.17834      197.025
482      27.9256      1.23473      926.049      -2830.09      -1904.05      1.17593      197.03
483      27.9835      1.23513      926.349      -2830.23      -1903.88      1.17353      197.036
484      28.0414      1.23587      926.9      -2830.68      -1903.78      1.17114      197.042
485      28.0994      1.23678      927.582      -2831.31      -1903.73      1.16876      197.049
486      28.1573      1.23768      928.257      -2832.01      -1903.75      1.16639      197.055
487      28.2152      1.23838      928.785      -2832.63      -1903.84      1.16403      197.061
488      28.2732      1.23873      929.047      -2833.03      -1903.99      1.16168      197.067
489      28.3311      1.2386      928.954      -2833.12      -1904.17      1.15934      197.073
490      28.3891      1.23795      928.462      -2832.83      -1904.37      1.157      197.078
491      28.447      1.23679      927.591      -2832.14      -1904.55      1.15467      197.082
492      28.5049      1.23522      926.415      -2831.1      -1904.69      1.15235      197.086
493      28.5629      1.23343      925.073      -2829.82      -1904.75      1.15003      197.088
494      28.6208      1.23168      923.763      -2828.46      -1904.7      1.14771      197.09
495      28.6787      1.23033      922.745      -2827.26      -1904.51      1.1454      197.091
496      28.7367      1.22974      922.305      -2826.49      -1904.19      1.14308      197.091
497      28.7946      1.23029      922.719      -2826.45      -1903.73      1.14078      197.089
498      28.8525      1.23225      924.191      -2827.37      -1903.17      1.13847      197.087
499      28.9105      1.23578      926.835      -2829.42      -1902.58      1.13617      197.084
500      28.9684      1.24084      930.632      -2832.65      -1902.01      1.13388      197.079
501      29.0264      1.24728      935.458      -2836.98      -1901.52      1.13158      197.074
502      29.0843      1.25482      941.111      -2842.25      -1901.14      1.12929      197.068
503      29.1422      1.26313      947.351      -2848.23      -1900.88      1.12701      197.061
504      29.2002      1.27191      953.931      -2854.67      -1900.74      1.12473      197.054
505      29.2581      1.28082      960.612      -2861.34      -1900.72      1.12246      197.046
506      29.316      1.28955      967.166      -2867.99      -1900.82      1.12019      197.037
507      29.374      1.29784      973.377      -2874.4      -1901.02      1.11793      197.029
508      29.4319      1.30537      979.025      -2880.36      -1901.33      1.11569      197.02
509      29.4899      1.31188      983.909      -2885.65      -1901.74      1.11345      197.012
510      29.5478      1.31712      987.841      -2890.08      -1902.24      1.11122      197.004
511      29.6057      1.32088      990.659      -2893.48      -1902.82      1.109      196.996
512      29.6637      1.323      992.253      -2895.69      -1903.44      1.10679      196.989
513      29.7216      1.32343      992.573      -2896.65      -1904.08      1.10459      196.981
514      29.7795      1.3222      991.65      -2896.33      -1904.68      1.1024      196.975
515      29.8375      1.31947      989.602      -2894.83      -1905.22      1.10023      196.968
516      29.8954      1.31552      986.639      -2892.28      -1905.64      1.09806      196.962
517      29.9533      1.31074      983.055      -2888.96      -1905.91      1.09591      196.957
518      30.0113      1.30561      979.211      -2885.2      -1905.99      1.09377      196.952
519      30.0692      1.30067      975.503      -2881.37      -1905.87      1.09163      196.947
520      30.1272      1.29642      972.315      -2877.87      -1905.56      1.08951      196.942
521      30.1851      1.29331      969.98      -2875.07      -1905.09      1.08739      196.938
522      30.243      1.29165      968.735      -2873.26      -1904.52      1.08528      196.934
523      30.301      1.29159      968.69      -2872.61      -1903.92      1.08319      196.93
524      30.3589      1.29309      969.819      -2873.16      -1903.34      1.0811      196.926
525      30.4168      1.29593      971.95      -2874.82      -1902.87      1.07902      196.921
526      30.4748      1.29974      974.806      -2877.35      -1902.55      1.07694      196.918
527      30.5327      1.30406      978.042      -2880.44      -1902.4      1.07488      196.914
528      30.5907      1.30843      981.321      -2883.74      -1902.42      1.07282      196.91
529      30.6486      1.3125      984.377      -2886.94      -1902.56      1.07078      196.907
530      30.7065      1.31605      987.038      -2889.82      -1902.78      1.06874      196.904
531      30.7645      1.31902      989.262      -2892.26      -1903      1.06671      196.901
532      30.8224      1.32145      991.088      -2894.28      -1903.19      1.06469      196.898
533      30.8803      1.32349      992.617      -2895.95      -1903.33      1.06268      196.896
534      30.9383      1.32526      993.944      -2897.37      -1903.43      1.06068      196.894
535      30.9962      1.32684      995.133      -2898.62      -1903.49      1.05869      196.892
536      31.0541      1.32825      996.191      -2899.75      -1903.56      1.05671      196.891
537      31.1121      1.32942      997.067      -2900.73      -1903.66      1.05473      196.89
538      31.17      1.33023      997.67      -2901.48      -1903.81      1.05277      196.889
539      31.228      1.33057      997.929      -2901.91      -1903.98      1.05081      196.888
540      31.2859      1.33042      997.815      -2901.98      -1904.17      1.04886      196.887
541      31.3438      1.32985      997.387      -2901.7      -1904.31      1.04691      196.886
542      31.4018      1.32904      996.782      -2901.16      -1904.38      1.04498      196.885
543      31.4597      1.32828      996.213      -2900.55      -1904.34      1.04305      196.883
544      31.5176      1.32787      995.904      -2900.09      -1904.18      1.04112      196.882
545      31.5756      1.32807      996.053      -2899.99      -1903.94      1.0392      196.881
546      31.6335      1.32903      996.774      -2900.42      -1903.65      1.03729      196.879
547      31.6915      1.33077      998.074      -2901.44      -1903.36      1.03539      196.878
548      31.7494      1.33314      999.855      -2903      -1903.14      1.03349      196.877
549      31.8073      1.33588      1001.91      -2904.95      -1903.04      1.0316      196.875
550      31.8653      1.3386      1003.95      -2907.04      -1903.09      1.02972      196.874
551      31.9232      1.34084      1005.63      -2908.94      -1903.31      1.02785      196.873
552      31.9811      1.34211      1006.58      -2910.3      -1903.72      1.02598      196.873
553      32.0391      1.34191      1006.43      -2910.75      -1904.31      1.02413      196.872
554      32.097      1.33984      1004.88      -2909.93      -1905.05      1.02228      196.872
555      32.1549      1.33557      1001.68      -2907.57      -1905.89      1.02044      196.872
556      32.2129      1.32897      996.729      -2903.49      -1906.76      1.0186      196.873
557      32.2708      1.32009      990.068      -2897.67      -1907.6      1.01678      196.873
558      32.3288      1.30918      981.883      -2890.21      -1908.32      1.01496      196.874
559      32.3867      1.2967      972.524      -2881.38      -1908.85      1.01315      196.875
560      32.4446      1.28327      962.454      -2871.59      -1909.14      1.01135      196.877
561      32.5026      1.26963      952.222      -2861.37      -1909.15      1.00955      196.878
562      32.5605      1.25651      942.386      -2851.26      -1908.87      1.00776      196.88
563      32.6184      1.24462      933.462      -2841.82      -1908.35      1.00598      196.881
564      32.6764      1.2345      925.876      -2833.51      -1907.64      1.0042      196.883
565      32.7343      1.22656      919.919      -2826.71      -1906.79      1.00244      196.884
566      32.7923      1.221      915.748      -2821.63      -1905.88      1.00067      196.886
567      32.8502      1.21785      913.388      -2818.36      -1904.98      0.998919      196.888
568      32.9081      1.21699      912.744      -2816.88      -1904.13      0.997172      196.89
569      32.9661      1.21817      913.626      -2817.03      -1903.4      0.995431      196.893
570      33.024      1.22102      915.762      -2818.57      -1902.81      0.993697      196.895
571      33.0819      1.2251      918.827      -2821.21      -1902.39      0.991971      196.898
572      33.1399      1.22997      922.476      -2824.61      -1902.14      0.990252      196.901
573      33.1978      1.23517      926.381      -2828.43      -1902.05      0.98854      196.904
574      33.2557      1.24034      930.252      -2832.36      -1902.1      0.986835      196.908
575      33.3137      1.24513      933.846      -2836.12      -1902.27      0.985138      196.911
576      33.3716      1.24929      936.969      -2839.5      -1902.53      0.983447      196.915
577      33.4296      1.25262      939.462      -2842.33      -1902.87      0.981762      196.919
578      33.4875      1.2549      941.174      -2844.45      -1903.28      0.980085      196.923
579      33.5454      1.25596      941.971      -2845.72      -1903.75      0.978413      196.928
580      33.6034      1.25567      941.751      -2846.02      -1904.27      0.976748      196.932
581      33.6613      1.25397      940.479      -2845.27      -1904.79      0.975089      196.937
582      33.7192      1.25097      938.228      -2843.49      -1905.26      0.973436      196.941
583      33.7772      1.24694      935.202      -2840.82      -1905.62      0.971789      196.946
584      33.8351      1.24228      931.707      -2837.52      -1905.81      0.970148      196.95
585      33.8931      1.23746      928.093      -2833.92      -1905.82      0.968513      196.955
586      33.951      1.23292      924.691      -2830.37      -1905.68      0.966883      196.96
587      34.0089      1.22902      921.767      -2827.18      -1905.41      0.96526      196.965
588      34.0669      1.22599      919.494      -2824.56      -1905.07      0.963642      196.97
589      34.1248      1.22398      917.985      -2822.66      -1904.68      0.96203      196.975
590      34.1827      1.22308      917.308      -2821.57      -1904.26      0.960424      196.98
591      34.2407      1.22333      917.499      -2821.32      -1903.82      0.958825      196.985
592      34.2986      1.22478      918.582      -2821.96      -1903.37      0.95723      196.99
593      34.3565      1.22743      920.574      -2823.5      -1902.92      0.955642      196.995
594      34.4145      1.23128      923.457      -2825.94      -1902.48      0.954059      197.001
595      34.4724      1.23626      927.193      -2829.26      -1902.07      0.952481      197.006
596      34.5304      1.24224      931.681      -2833.39      -1901.71      0.950908      197.011
597      34.5883      1.24901      936.758      -2838.2      -1901.44      0.949341      197.016
598      34.6462      1.25627      942.204      -2843.5      -1901.29      0.947778      197.022
599      34.7042      1.26367      947.751      -2849.03      -1901.28      0.94622      197.027
600      34.7621      1.27079      953.095      -2854.52      -1901.42      0.944667      197.032
601      34.82      1.27725      957.939      -2859.65      -1901.71      0.943118      197.036
602      34.878      1.28269      962.016      -2864.15      -1902.13      0.941573      197.041
603      34.9359      1.28682      965.119      -2867.76      -1902.64      0.940032      197.045
604      34.9939      1.28951      967.133      -2870.32      -1903.19      0.938496      197.05
605      35.0518      1.29073      968.045      -2871.78      -1903.74      0.936964      197.054
606      35.1097      1.2906      967.953      -2872.18      -1904.22      0.935436      197.057
607      35.1677      1.2894      967.05      -2871.65      -1904.6      0.933913      197.061
608      35.2256      1.28746      965.598      -2870.44      -1904.84      0.932394      197.065
609      35.2835      1.28517      963.874      -2868.82      -1904.94      0.93088      197.068
610      35.3415      1.28285      962.137      -2867.06      -1904.92      0.92937      197.072
611      35.3994      1.28077      960.574      -2865.39      -1904.81      0.927866      197.075
612      35.4573      1.27904      959.281      -2863.95      -1904.67      0.926366      197.079
613      35.5153      1.27769      958.267      -2862.8      -1904.53      0.924871      197.082
614      35.5732      1.27663      957.47      -2861.9      -1904.43      0.923381      197.086
615      35.6312      1.27572      956.792      -2861.17      -1904.38      0.921897      197.089
616      35.6891      1.27486      956.142      -2860.51      -1904.37      0.920417      197.093
617      35.747      1.27395      955.464      -2859.84      -1904.38      0.918942      197.097
618      35.805      1.27303      954.775      -2859.15      -1904.38      0.917472      197.1
619      35.8629      1.27221      954.156      -2858.48      -1904.33      0.916007      197.104
620      35.9208      1.27165      953.739      -2857.95      -1904.21      0.914547      197.108
621      35.9788      1.27156      953.671      -2857.69      -1904.02      0.913091      197.111
622      36.0367      1.2721      954.075      -2857.85      -1903.77      0.911641      197.115
623      36.0947      1.27335      955.009      -2858.51      -1903.5      0.910194      197.119
624      36.1526      1.27526      956.447      -2859.71      -1903.26      0.908753      197.123
625      36.2105      1.27773      958.301      -2861.37      -1903.07      0.907316      197.126
626      36.2685      1.28058      960.432      -2863.38      -1902.95      0.905883      197.13
627      36.3264      1.2836      962.697      -2865.6      -1902.91      0.904455      197.134
628      36.3843      1.28663      964.973      -2867.89      -1902.92      0.903032      197.137
629      36.4423      1.28956      967.169      -2870.14      -1902.97      0.901613      197.141
630      36.5002      1.29229      969.216      -2872.27      -1903.06      0.900199      197.145
631      36.5581      1.29475      971.065      -2874.23      -1903.16      0.898789      197.148
632      36.6161      1.29689      972.669      -2875.96      -1903.29      0.897385      197.152
633      36.674      1.29864      973.983      -2877.42      -1903.44      0.895984      197.156
634      36.732      1.29996      974.972      -2878.58      -1903.61      0.894589      197.16
635      36.7899      1.30083      975.619      -2879.4      -1903.78      0.893198      197.164
636      36.8478      1.30124      975.93      -2879.87      -1903.94      0.891811      197.168
637      36.9058      1.30124      975.931      -2880.02      -1904.09      0.890429      197.172
638      36.9637      1.30087      975.652      -2879.88      -1904.23      0.889051      197.176
639      37.0216      1.30015      975.113      -2879.46      -1904.35      0.887676      197.179
640      37.0796      1.29911      974.336      -2878.8      -1904.47      0.886305      197.183
641      37.1375      1.29778      973.333      -2877.91      -1904.57      0.884937      197.186
642      37.1955      1.29616      972.117      -2876.79      -1904.67      0.883572      197.189
643      37.2534      1.29429      970.717      -2875.48      -1904.76      0.882211      197.192
644      37.3113      1.29222      969.168      -2873.99      -1904.83      0.880852      197.195
645      37.3693      1.29002      967.516      -2872.39      -1904.87      0.879496      197.197
646      37.4272      1.28772      965.789      -2870.69      -1904.9      0.878144      197.199
647      37.4851      1.28536      964.018      -2868.94      -1904.92      0.876795      197.201
648      37.5431      1.28297      962.23      -2867.15      -1904.92      0.875449      197.202
649      37.601      1.28062      960.468      -2865.37      -1904.9      0.874106      197.204
650      37.6589      1.27843      958.821      -2863.65      -1904.83      0.872768      197.205
651      37.7169      1.27658      957.438      -2862.11      -1904.67      0.871434      197.207
652      37.7748      1.27536      956.524      -2860.93      -1904.4      0.870105      197.208
653      37.8328      1.2751      956.326      -2860.34      -1904.01      0.86878      197.21
654      37.8907      1.27612      957.09      -2860.6      -1903.51      0.867461      197.212
655      37.9486      1.27868      959.007      -2861.92      -1902.91      0.866147      197.214
656      38.0066      1.28288      962.157      -2864.45      -1902.3      0.864838      197.217
657      38.0645      1.28865      966.485      -2868.21      -1901.72      0.863534      197.22
658      38.1224      1.29574      971.804      -2873.06      -1901.26      0.862236      197.223
659      38.1804      1.30377      977.828      -2878.78      -1900.95      0.860944      197.227
660      38.2383      1.31228      984.206      -2885.02      -1900.82      0.859656      197.231
661      38.2963      1.32076      990.571      -2891.44      -1900.87      0.858374      197.235
662      38.3542      1.32874      996.555      -2897.67      -1901.11      0.857096      197.239
663      38.4121      1.33574      1001.8      -2903.33      -1901.52      0.855823      197.244
664      38.4701      1.34134      1006.01      -2908.09      -1902.08      0.854554      197.248
665      38.528      1.34523      1008.92      -2911.67      -1902.75      0.853288      197.253
666      38.5859      1.3472      1010.4      -2913.88      -1903.48      0.852025      197.257
667      38.6439      1.34722      1010.42      -2914.62      -1904.2      0.850764      197.261
668      38.7018      1.34536      1009.02      -2913.92      -1904.9      0.849506      197.264
669      38.7597      1.34176      1006.32      -2911.85      -1905.53      0.848248      197.267
670      38.8177      1.33656      1002.42      -2908.54      -1906.12      0.846992      197.27
671      38.8756      1.32987      997.399      -2904.06      -1906.66      0.845737      197.271
672      38.9336      1.32184      991.377      -2898.52      -1907.14      0.844483      197.272
673      38.9915      1.31272      984.544      -2892.06      -1907.51      0.843229      197.272
674      39.0494      1.30298      977.236      -2884.93      -1907.7      0.841975      197.272
675      39.1074      1.29327      969.953      -2877.57      -1907.61      0.840721      197.27
676      39.1653      1.2844      963.299      -2870.52      -1907.22      0.839468      197.268
677      39.2232      1.27718      957.884      -2864.42      -1906.54      0.838216      197.265
678      39.2812      1.27224      954.182      -2859.82      -1905.64      0.836963      197.261
679      39.3391      1.26993      952.446      -2857.09      -1904.64      0.835712      197.257
680      39.3971      1.2702      952.653      -2856.35      -1903.7      0.834461      197.252
681      39.455      1.27269      954.516      -2857.44      -1902.92      0.83321      197.246
682      39.5129      1.27675      957.562      -2859.96      -1902.4      0.831961      197.239
683      39.5709      1.28161      961.211      -2863.39      -1902.18      0.830713      197.232
684      39.6288      1.2865      964.878      -2867.12      -1902.24      0.829467      197.225
685      39.6867      1.29072      968.039      -2870.59      -1902.55      0.828222      197.216
686      39.7447      1.29373      970.294      -2873.35      -1903.05      0.826978      197.208
687      39.8026      1.29519      971.391      -2875.05      -1903.66      0.825736      197.199
688      39.8605      1.29497      971.229      -2875.52      -1904.29      0.824497      197.189
689      39.9185      1.29315      969.862      -2874.75      -1904.88      0.823259      197.179
690      39.9764      1.28994      967.454      -2872.83      -1905.38      0.822023      197.169
691      40.0344      1.28567      964.253      -2870      -1905.74      0.820789      197.158
692      40.0923      1.28073      960.548      -2866.51      -1905.96      0.819556      197.147
693      40.1502      1.27551      956.631      -2862.66      -1906.03      0.818326      197.136
694      40.2082      1.27034      952.758      -2858.74      -1905.98      0.817098      197.124
695      40.2661      1.2655      949.125      -2854.97      -1905.84      0.815871      197.112
696      40.324      1.26113      945.85      -2851.5      -1905.65      0.814647      197.099
697      40.382      1.25728      942.963      -2848.42      -1905.46      0.813425      197.086
698      40.4399      1.2539      940.424      -2845.71      -1905.29      0.812204      197.073
699      40.4979      1.25085      938.138      -2843.32      -1905.18      0.810987      197.059
700      40.5558      1.24798      935.982      -2841.11      -1905.13      0.809771      197.045
701      40.6137      1.24512      933.841      -2838.97      -1905.13      0.808558      197.031
702      40.6717      1.24216      931.623      -2836.8      -1905.18      0.807347      197.017
703      40.7296      1.23905      929.291      -2834.52      -1905.23      0.806138      197.002
704      40.7875      1.23581      926.854      -2832.13      -1905.28      0.804933      196.987
705      40.8455      1.23249      924.368      -2829.66      -1905.29      0.80373      196.972
706      40.9034      1.22923      921.922      -2827.18      -1905.26      0.80253      196.957
707      40.9613      1.22619      919.644      -2824.8      -1905.15      0.801333      196.942
708      41.0193      1.22358      917.687      -2822.66      -1904.97      0.80014      196.927
709      41.0772      1.22162      916.218      -2820.92      -1904.71      0.79895      196.912
710      41.1352      1.22051      915.38      -2819.75      -1904.37      0.797763      196.897
711      41.1931      1.22038      915.284      -2819.27      -1903.99      0.796581      196.882
712      41.251      1.22131      915.986      -2819.57      -1903.59      0.795403      196.867
713      41.309      1.22329      917.468      -2820.67      -1903.2      0.794229      196.853
714      41.3669      1.2262      919.654      -2822.52      -1902.86      0.79306      196.839
715      41.4248      1.22988      922.408      -2825      -1902.6      0.791895      196.825
716      41.4828      1.23406      925.547      -2827.97      -1902.43      0.790736      196.811
717      41.5407      1.23851      928.881      -2831.23      -1902.35      0.789581      196.799
718      41.5987      1.24297      932.225      -2834.59      -1902.37      0.788432      196.786
719      41.6566      1.24724      935.433      -2837.88      -1902.45      0.787288      196.775
720      41.7145      1.25122      938.414      -2840.98      -1902.57      0.78615      196.763
721      41.7725      1.25485      941.138      -2843.84      -1902.7      0.785017      196.753
722      41.8304      1.25815      943.613      -2846.44      -1902.82      0.78389      196.743
723      41.8883      1.26117      945.875      -2848.8      -1902.93      0.782767      196.733
724      41.9463      1.26394      947.955      -2850.97      -1903.02      0.78165      196.724
725      42.0042      1.26649      949.869      -2852.97      -1903.1      0.780538      196.715
726      42.0621      1.2688      951.6      -2854.8      -1903.2      0.77943      196.707
727      42.1201      1.27081      953.105      -2856.43      -1903.33      0.778327      196.699
728      42.178      1.27241      954.311      -2857.8      -1903.49      0.777229      196.692
729      42.236      1.27351      955.132      -2858.83      -1903.69      0.776134      196.684
730      42.2939      1.27399      955.49      -2859.43      -1903.94      0.775042      196.677
731      42.3518      1.27378      955.333      -2859.54      -1904.2      0.773954      196.67
732      42.4098      1.27287      954.653      -2859.12      -1904.47      0.772869      196.663
733      42.4677      1.2713      953.478      -2858.19      -1904.71      0.771787      196.656
734      42.5256      1.26917      951.88      -2856.79      -1904.91      0.770708      196.649
735      42.5836      1.26663      949.972      -2855.03      -1905.05      0.769632      196.642
736      42.6415      1.26386      947.897      -2853.02      -1905.12      0.768557      196.635
737      42.6995      1.26109      945.817      -2850.92      -1905.1      0.767486      196.627
738      42.7574      1.25855      943.916      -2848.91      -1904.99      0.766416      196.62
739      42.8153      1.25648      942.361      -2847.16      -1904.8      0.765349      196.612
740      42.8733      1.25505      941.29      -2845.83      -1904.54      0.764285      196.604
741      42.9312      1.25439      940.796      -2845.04      -1904.25      0.763223      196.597
742      42.9891      1.25453      940.901      -2844.85      -1903.95      0.762164      196.589
743      43.0471      1.25541      941.561      -2845.24      -1903.68      0.761108      196.581
744      43.105      1.2569      942.672      -2846.14      -1903.47      0.760054      196.573
745      43.1629      1.2588      944.097      -2847.43      -1903.33      0.759003      196.565
746      43.2209      1.26091      945.681      -2848.95      -1903.27      0.757955      196.557
747      43.2788      1.26304      947.276      -2850.56      -1903.29      0.756911      196.549
748      43.3368      1.26499      948.743      -2852.11      -1903.37      0.755869      196.541
749      43.3947      1.2666      949.95      -2853.46      -1903.51      0.75483      196.534
750      43.4526      1.26772      950.79      -2854.5      -1903.71      0.753793      196.526
751      43.5106      1.26825      951.185      -2855.12      -1903.94      0.75276      196.518
752      43.5685      1.26812      951.09      -2855.27      -1904.18      0.751729      196.51
753      43.6264      1.26735      950.515      -2854.93      -1904.42      0.750702      196.503
754      43.6844      1.26602      949.516      -2854.13      -1904.62      0.749677      196.495
755      43.7423      1.26425      948.185      -2852.96      -1904.77      0.748655      196.487
756      43.8003      1.26217      946.63      -2851.5      -1904.87      0.747636      196.48
757      43.8582      1.25994      944.953      -2849.87      -1904.92      0.74662      196.472
758      43.9161      1.25763      943.223      -2848.16      -1904.93      0.745607      196.465
759      43.9741      1.25529      941.47      -2846.41      -1904.94      0.744598      196.458
760      44.032      1.25295      939.712      -2844.65      -1904.94      0.743592      196.451
761      44.0899      1.25063      937.971      -2842.89      -1904.92      0.742589      196.444
762      44.1479      1.24841      936.306      -2841.18      -1904.87      0.741591      196.438
763      44.2058      1.24645      934.837      -2839.59      -1904.75      0.740596      196.432
764      44.2637      1.24498      933.736      -2838.28      -1904.54      0.739605      196.426
765      44.3217      1.24427      933.2      -2837.44      -1904.24      0.738618      196.421
766      44.3796      1.24457      933.425      -2837.26      -1903.84      0.737635      196.416
767      44.4376      1.24608      934.559      -2837.93      -1903.37      0.736656      196.411
768      44.4955      1.24888      936.659      -2839.54      -1902.88      0.735682      196.407
769      44.5534      1.25291      939.685      -2842.12      -1902.43      0.734711      196.403
770      44.6114      1.258      943.498      -2845.56      -1902.06      0.733746      196.4
771      44.6693      1.26387      947.906      -2849.7      -1901.8      0.732784      196.398
772      44.7272      1.27023      952.67      -2854.32      -1901.65      0.731828      196.396
773      44.7852      1.27675      957.566      -2859.18      -1901.61      0.730876      196.394
774      44.8431      1.28319      962.389      -2864.06      -1901.67      0.729928      196.394
775      44.9011      1.28928      966.963      -2868.78      -1901.82      0.728986      196.393
776      44.959      1.29485      971.138      -2873.18      -1902.04      0.728048      196.394
777      45.0169      1.29968      974.763      -2877.1      -1902.34      0.727116      196.395
778      45.0749      1.30359      977.694      -2880.4      -1902.7      0.726189      196.397
779      45.1328      1.3064      979.799      -2882.93      -1903.13      0.725267      196.4
780      45.1907      1.308      981.003      -2884.59      -1903.59      0.724351      196.404
781      45.2487      1.30838      981.288      -2885.34      -1904.05      0.723441      196.408
782      45.3066      1.30764      980.732      -2885.19      -1904.46      0.722536      196.414
783      45.3645      1.30597      979.48      -2884.27      -1904.79      0.721638      196.421
784      45.4225      1.30363      977.719      -2882.74      -1905.02      0.720745      196.428
785      45.4804      1.30086      975.646      -2880.8      -1905.16      0.719859      196.437
786      45.5384      1.2979      973.426      -2878.64      -1905.21      0.718978      196.447
787      45.5963      1.29489      971.17      -2876.39      -1905.22      0.718104      196.457
788      45.6542      1.29191      968.93      -2874.14      -1905.21      0.717236      196.469
789      45.7122      1.28894      966.702      -2871.9      -1905.2      0.716373      196.482
790      45.7701      1.28591      964.435      -2869.66      -1905.23      0.715517      196.496
791      45.828      1.28275      962.062      -2867.35      -1905.28      0.714667      196.511
792      45.886      1.27937      959.526      -2864.89      -1905.37      0.713822      196.526
793      45.9439      1.27573      956.8      -2862.26      -1905.46      0.712983      196.543
794      46.0019      1.27187      953.904      -2859.44      -1905.53      0.712149      196.561
795      46.0598      1.26788      950.911      -2856.47      -1905.56      0.71132      196.579
796      46.1177      1.26393      947.95      -2853.48      -1905.53      0.710495      196.599
797      46.1757      1.26024      945.179      -2850.59      -1905.41      0.709676      196.618
798      46.2336      1.25703      942.772      -2847.97      -1905.2      0.70886      196.639
799      46.2915      1.25454      940.902      -2845.81      -1904.91      0.708048      196.66
800      46.3495      1.25296      939.723      -2844.27      -1904.55      0.70724      196.681
801      46.4074      1.25245      939.336      -2843.48      -1904.14      0.706435      196.703
802      46.4653      1.25304      939.782      -2843.51      -1903.72      0.705633      196.725
803      46.5233      1.25471      941.031      -2844.36      -1903.33      0.704833      196.747
804      46.5812      1.25732      942.994      -2845.98      -1902.99      0.704035      196.769
805      46.6392      1.26071      945.535      -2848.25      -1902.72      0.703239      196.791
806      46.6971      1.26467      948.502      -2851.03      -1902.53      0.702445      196.813
807      46.755      1.269      951.746      -2854.16      -1902.41      0.701652      196.835
808      46.813      1.2735      955.125      -2857.49      -1902.36      0.700861      196.856
809      46.8709      1.278      958.497      -2860.89      -1902.39      0.70007      196.878
810      46.9288      1.2823      961.725      -2864.21      -1902.48      0.699281      196.899
811      46.9868      1.28622      964.666      -2867.31      -1902.65      0.698492      196.919
812      47.0447      1.28958      967.182      -2870.06      -1902.88      0.697704      196.94
813      47.1027      1.29221      969.16      -2872.32      -1903.16      0.696917      196.96
814      47.1606      1.29402      970.515      -2874      -1903.48      0.69613      196.979
815      47.2185      1.29495      971.21      -2875.03      -1903.82      0.695344      196.999
816      47.2765      1.29499      971.245      -2875.39      -1904.15      0.694559      197.018
817      47.3344      1.29421      970.659      -2875.11      -1904.45      0.693775      197.037
818      47.3923      1.29269      969.519      -2874.24      -1904.72      0.692993      197.055
819      47.4503      1.29057      967.927      -2872.86      -1904.93      0.692211      197.074
820      47.5082      1.28803      966.019      -2871.09      -1905.07      0.69143      197.092
821      47.5661      1.28529      963.965      -2869.08      -1905.12      0.690651      197.11
822      47.6241      1.28262      961.962      -2867.03      -1905.07      0.689873      197.127
823      47.682      1.28029      960.218      -2865.13      -1904.91      0.689097      197.145
824      47.74      1.27858      958.932      -2863.59      -1904.66      0.688322      197.163
825      47.7979      1.27768      958.259      -2862.6      -1904.34      0.687549      197.18
826      47.8558      1.27775      958.313      -2862.28      -1903.96      0.686777      197.198
827      47.9138      1.27886      959.143      -2862.72      -1903.57      0.686007      197.215
828      47.9717      1.28099      960.741      -2863.94      -1903.2      0.685239      197.233
829      48.0296      1.28404      963.028      -2865.89      -1902.87      0.684473      197.25
830      48.0876      1.28782      965.869      -2868.48      -1902.61      0.683708      197.267
831      48.1455      1.29208      969.063      -2871.53      -1902.46      0.682945      197.285
832      48.2035      1.29647      972.351      -2874.8      -1902.45      0.682184      197.302
833      48.2614      1.30061      975.455      -2878.03      -1902.58      0.681424      197.319
834      48.3193      1.30413      978.1      -2880.94      -1902.84      0.680665      197.336
835      48.3773      1.30676      980.067      -2883.27      -1903.2      0.679908      197.352
836      48.4352      1.30832      981.238      -2884.85      -1903.61      0.679151      197.369
837      48.4931      1.3088      981.597      -2885.61      -1904.01      0.678394      197.385
838      48.5511      1.3083      981.221      -2885.59      -1904.37      0.677638      197.4
839      48.609      1.30698      980.236      -2884.89      -1904.66      0.676881      197.415
840      48.6669      1.30503      978.77      -2883.65      -1904.88      0.676124      197.429
841      48.7249      1.30255      976.913      -2881.98      -1905.07      0.675367      197.443
842      48.7828      1.29959      974.692      -2879.94      -1905.25      0.674609      197.456
843      48.8408      1.29611      972.079      -2877.53      -1905.45      0.67385      197.468
844      48.8987      1.292      968.998      -2874.69      -1905.69      0.67309      197.479
845      48.9566      1.28713      965.35      -2871.33      -1905.98      0.67233      197.49
846      49.0146      1.28141      961.054      -2867.36      -1906.31      0.671569      197.5
847      49.0725      1.27475      956.063      -2862.71      -1906.65      0.670807      197.509
848      49.1304      1.26719      950.395      -2857.37      -1906.97      0.670045      197.518
849      49.1884      1.25885      944.138      -2851.38      -1907.24      0.669282      197.525
850      49.2463      1.24996      937.47      -2844.88      -1907.41      0.668519      197.532
851      49.3043      1.24089      930.667      -2838.1      -1907.43      0.667754      197.539
852      49.3622      1.23212      924.087      -2831.35      -1907.26      0.66699      197.544
853      49.4201      1.22425      918.188      -2825.04      -1906.85      0.666225      197.55
854      49.4781      1.21796      913.469      -2819.66      -1906.19      0.66546      197.554
855      49.536      1.21391      910.43      -2815.72      -1905.29      0.664695      197.558
856      49.5939      1.21261      909.46      -2813.67      -1904.21      0.66393      197.561
857      49.6519      1.21431      910.731      -2813.82      -1903.09      0.663166      197.564
858      49.7098      1.21884      914.129      -2816.18      -1902.06      0.662401      197.567
859      49.7677      1.22568      919.257      -2820.51      -1901.25      0.661638      197.569
860      49.8257      1.23405      925.538      -2826.29      -1900.76      0.660875      197.571
861      49.8836      1.24312      932.339      -2832.92      -1900.58      0.660113      197.573
862      49.9416      1.25211      939.079      -2839.76      -1900.68      0.659353      197.575
863      49.9995      1.2604      945.301      -2846.29      -1900.99      0.658593      197.576
864      50.0574      1.26761      950.708      -2852.14      -1901.43      0.657834      197.577
865      50.1154      1.27355      955.165      -2857.08      -1901.92      0.657076      197.578
866      50.1733      1.27825      958.689      -2861.07      -1902.38      0.65632      197.578
867      50.2312      1.28188      961.41      -2864.17      -1902.76      0.655565      197.579
868      50.2892      1.28473      963.549      -2866.58      -1903.03      0.654811      197.58
869      50.3471      1.28716      965.368      -2868.53      -1903.16      0.654059      197.58
870      50.4051      1.28947      967.099      -2870.28      -1903.18      0.653309      197.58
871      50.463      1.29186      968.897      -2872.03      -1903.14      0.65256      197.581
872      50.5209      1.29441      970.809      -2873.89      -1903.08      0.651813      197.581
873      50.5789      1.29704      972.783      -2875.85      -1903.07      0.651067      197.581
874      50.6368      1.29958      974.689      -2877.81      -1903.12      0.650324      197.582
875      50.6947      1.30182      976.362      -2879.62      -1903.26      0.649582      197.582
876      50.7527      1.30353      977.647      -2881.12      -1903.47      0.648843      197.583
877      50.8106      1.30454      978.405      -2882.16      -1903.75      0.648106      197.584
878      50.8685      1.30473      978.546      -2882.62      -1904.07      0.647371      197.585
879      50.9265      1.30403      978.019      -2882.43      -1904.41      0.646638      197.586
880      50.9844      1.30241      976.805      -2881.56      -1904.76      0.645908      197.588
881      51.0424      1.29987      974.9      -2880      -1905.1      0.64518      197.589
882      51.1003      1.29641      972.31      -2877.76      -1905.45      0.644455      197.591
883      51.1582      1.29203      969.02      -2874.82      -1905.8      0.643731      197.593
884      51.2162      1.28668      965.013      -2871.17      -1906.16      0.64301      197.595
885      51.2741      1.28035      960.264      -2866.79      -1906.53      0.642291      197.597
886      51.332      1.27303      954.775      -2861.67      -1906.89      0.641574      197.6
887      51.39      1.2648      948.6      -2855.82      -1907.22      0.640858      197.602
888      51.4479      1.25582      941.867      -2849.34      -1907.47      0.640143      197.604
889      51.5059      1.24639      934.791      -2842.4      -1907.6      0.63943      197.606
890      51.5638      1.2369      927.676      -2835.25      -1907.58      0.638717      197.608
891      51.6217      1.22786      920.896      -2828.25      -1907.36      0.638005      197.61
892      51.6797      1.21981      914.861      -2821.79      -1906.93      0.637294      197.611
893      51.7376      1.21331      909.979      -2816.28      -1906.3      0.636582      197.611
894      51.7955      1.2088      906.603      -2812.11      -1905.51      0.635871      197.612
895      51.8535      1.20664      904.977      -2809.59      -1904.61      0.635159      197.611
896      51.9114      1.20694      905.209      -2808.88      -1903.68      0.634448      197.61
897      51.9693      1.2097      907.276      -2810.04      -1902.77      0.633736      197.609
898      52.0273      1.2147      911.026      -2812.98      -1901.95      0.633024      197.607
899      52.0852      1.22163      916.221      -2817.48      -1901.26      0.632312      197.605
900      52.1432      1.23006      922.546      -2823.29      -1900.74      0.631601      197.602
901      52.2011      1.23952      929.639      -2830.05      -1900.41      0.63089      197.599
902      52.259      1.24947      937.105      -2837.38      -1900.27      0.630181      197.596
903      52.317      1.25939      944.544      -2844.88      -1900.34      0.629472      197.592
904      52.3749      1.26876      951.57      -2852.16      -1900.59      0.628765      197.589
905      52.4328      1.27714      957.855      -2858.85      -1901      0.628059      197.585
906      52.4908      1.28421      963.158      -2864.67      -1901.52      0.627355      197.582
907      52.5487      1.28979      967.342      -2869.43      -1902.09      0.626654      197.579
908      52.6067      1.29385      970.385      -2873.04      -1902.66      0.625955      197.576
909      52.6646      1.29649      972.371      -2875.54      -1903.17      0.625258      197.574
910      52.7225      1.29795      973.461      -2877.05      -1903.59      0.624565      197.572
911      52.7805      1.2985      973.874      -2877.78      -1903.9      0.623874      197.57
912      52.8384      1.29847      973.855      -2877.94      -1904.09      0.623186      197.569
913      52.8963      1.29821      973.661      -2877.8      -1904.14      0.622501      197.568
914      52.9543      1.29805      973.538      -2877.61      -1904.08      0.62182      197.568
915      53.0122      1.29828      973.711      -2877.61      -1903.9      0.621142      197.569
916      53.0701      1.29917      974.374      -2878.01      -1903.63      0.620466      197.569
917      53.1281      1.30091      975.684      -2878.97      -1903.29      0.619794      197.571
918      53.186      1.30369      977.768      -2880.66      -1902.89      0.619125      197.573
919      53.244      1.30758      980.687      -2883.15      -1902.47      0.618458      197.575
920      53.3019      1.31258      984.438      -2886.5      -1902.06      0.617794      197.578
921      53.3598      1.31856      988.919      -2890.63      -1901.71      0.617133      197.581
922      53.4178      1.32523      993.921      -2895.41      -1901.49      0.616473      197.584
923      53.4757      1.33216      999.12      -2900.56      -1901.44      0.615815      197.587
924      53.5336      1.33883      1004.12      -2905.71      -1901.59      0.615159      197.59
925      53.5916      1.34468      1008.51      -2910.46      -1901.95      0.614503      197.593
926      53.6495      1.3492      1011.9      -2914.39      -1902.5      0.613849      197.596
927      53.7075      1.35199      1013.99      -2917.17      -1903.17      0.613196      197.599
928      53.7654      1.35283      1014.62      -2918.55      -1903.92      0.612542      197.601
929      53.8233      1.35166      1013.74      -2918.42      -1904.68      0.611889      197.603
930      53.8813      1.34857      1011.43      -2916.81      -1905.39      0.611236      197.605
931      53.9392      1.34374      1007.81      -2913.82      -1906.02      0.610583      197.606
932      53.9971      1.33743      1003.07      -2909.63      -1906.55      0.609929      197.607
933      54.0551      1.32992      997.439      -2904.42      -1906.98      0.609276      197.607
934      54.113      1.3215      991.127      -2898.41      -1907.28      0.608622      197.606
935      54.1709      1.31251      984.385      -2891.85      -1907.46      0.607968      197.605
936      54.2289      1.3033      977.477      -2884.99      -1907.51      0.607314      197.604
937      54.2868      1.29421      970.659      -2878.09      -1907.44      0.60666      197.602
938      54.3448      1.28552      964.143      -2871.4      -1907.26      0.606006      197.599
939      54.4027      1.27741      958.06      -2865.09      -1907.03      0.605352      197.597
940      54.4606      1.26993      952.444      -2859.23      -1906.79      0.604698      197.593
941      54.5186      1.263      947.253      -2853.84      -1906.58      0.604044      197.59
942      54.5765      1.25654      942.407      -2848.82      -1906.42      0.603391      197.586
943      54.6344      1.25044      937.831      -2844.11      -1906.28      0.602737      197.581
944      54.6924      1.24467      933.506      -2839.66      -1906.15      0.602083      197.576
945      54.7503      1.23931      929.484      -2835.46      -1905.98      0.601429      197.57
946      54.8083      1.23456      925.919      -2831.64      -1905.73      0.600774      197.564
947      54.8662      1.23072      923.039      -2828.39      -1905.35      0.600119      197.557
948      54.9241      1.22818      921.133      -2825.95      -1904.82      0.599462      197.55
949      54.9821      1.22734      920.504      -2824.65      -1904.14      0.598805      197.541
950      55.04      1.22855      921.41      -2824.76      -1903.35      0.598147      197.532
951      55.0979      1.23201      924.005      -2826.5      -1902.5      0.597488      197.522
952      55.1559      1.2377      928.277      -2829.95      -1901.67      0.596827      197.511
953      55.2138      1.24538      934.034      -2834.99      -1900.96      0.596165      197.499
954      55.2717      1.25458      940.932      -2841.38      -1900.44      0.595501      197.486
955      55.3297      1.26468      948.513      -2848.68      -1900.16      0.594837      197.473
956      55.3876      1.27502      956.269      -2856.41      -1900.14      0.594172      197.459
957      55.4456      1.28494      963.702      -2864.06      -1900.36      0.593506      197.444
958      55.5035      1.29385      970.387      -2871.17      -1900.79      0.59284      197.428
959      55.5614      1.30134      976.007      -2877.36      -1901.35      0.592174      197.412
960      55.6194      1.3072      980.399      -2882.38      -1901.98      0.591508      197.396
961      55.6773      1.3114      983.55      -2886.16      -1902.61      0.590843      197.379
962      55.7352      1.31408      985.562      -2888.72      -1903.16      0.590179      197.362
963      55.7932      1.31547      986.6      -2890.23      -1903.63      0.589516      197.346
964      55.8511      1.31578      986.833      -2890.85      -1904.02      0.588854      197.329
965      55.9091      1.31521      986.407      -2890.74      -1904.34      0.588194      197.312
966      55.967      1.31392      985.439      -2890.04      -1904.6      0.587535      197.295
967      56.0249      1.31203      984.019      -2888.83      -1904.81      0.586878      197.279
968      56.0829      1.30969      982.265      -2887.23      -1904.96      0.586223      197.262
969      56.1408      1.3071      980.329      -2885.36      -1905.03      0.585569      197.246
970      56.1987      1.30452      978.39      -2883.4      -1905.01      0.584916      197.229
971      56.2567      1.3022      976.647      -2881.54      -1904.89      0.584265      197.213
972      56.3146      1.30035      975.264      -2879.96      -1904.69      0.583615      197.196
973      56.3725      1.29914      974.353      -2878.8      -1904.45      0.582967      197.18
974      56.4305      1.29856      973.919      -2878.14      -1904.22      0.58232      197.163
975      56.4884      1.29848      973.859      -2877.91      -1904.05      0.581674      197.147
976      56.5464      1.29864      973.983      -2877.97      -1903.98      0.581029      197.131
977      56.6043      1.29873      974.047      -2878.09      -1904.04      0.580386      197.114
978      56.6622      1.29842      973.815      -2878.03      -1904.22      0.579744      197.098
979      56.7202      1.29747      973.104      -2877.57      -1904.47      0.579104      197.081
980      56.7781      1.29577      971.83      -2876.58      -1904.75      0.578465      197.065
981      56.836      1.29336      970.019      -2875.03      -1905.01      0.577827      197.049
982      56.894      1.29041      967.808      -2873      -1905.19      0.577192      197.032
983      56.9519      1.28721      965.41      -2870.66      -1905.25      0.576558      197.016
984      57.0099      1.28411      963.081      -2868.27      -1905.19      0.575926      197.001
985      57.0678      1.28148      961.107      -2866.08      -1904.97      0.575296      196.985
986      57.1257      1.27967      959.755      -2864.39      -1904.63      0.574668      196.97
987      57.1837      1.27902      959.268      -2863.44      -1904.17      0.574042      196.955
988      57.2416      1.27979      959.84      -2863.47      -1903.63      0.573419      196.941
989      57.2995      1.2821      961.578      -2864.62      -1903.04      0.572799      196.927
990      57.3575      1.286      964.498      -2866.95      -1902.46      0.572181      196.913
991      57.4154      1.29132      968.491      -2870.43      -1901.94      0.571566      196.9
992      57.4733      1.29775      973.315      -2874.88      -1901.57      0.570954      196.888
993      57.5313      1.30483      978.62      -2880      -1901.38      0.570344      196.876
994      57.5892      1.31198      983.985      -2885.39      -1901.4      0.569738      196.865
995      57.6472      1.31863      988.976      -2890.62      -1901.64      0.569136      196.854
996      57.7051      1.32427      993.202      -2895.28      -1902.07      0.568536      196.845
997      57.763      1.32846      996.345      -2898.99      -1902.65      0.56794      196.836
998      57.821      1.33092      998.188      -2901.51      -1903.32      0.567348      196.828
999      57.8789      1.33151      998.634      -2902.66      -1904.02      0.566759      196.82
1000      57.9368      1.33026      997.695      -2902.4      -1904.7      0.566174      196.814
1000      57.9368      1.33026      997.695      -2902.4      -1904.7      0.566174      196.814
Execution time in seconds: 1.84962
