Timestep Time Temperature KineticEnergy PotentialEnergy TotalEnergy DiffusionConstant MeanSquareDisplacement
1      0.056      2.42691      1820.19      -3725.75      -1905.57      586.724      197.139
2      0.112      2.40914      1806.86      -3712.44      -1905.58      293.374      197.148
3      0.168      2.37943      1784.57      -3690.17      -1905.6      195.591      197.156
4      0.224      2.33761      1753.21      -3658.83      -1905.62      146.7      197.165
5      0.28      2.28353      1712.64      -3618.28      -1905.64      117.365      197.174
6      0.336      2.21701      1662.76      -3568.42      -1905.66      97.8092      197.183
7      0.392      2.138      1603.5      -3509.18      -1905.68      83.8405      197.193
8      0.448      2.04665      1534.99      -3440.67      -1905.68      73.364      197.202
9      0.504      1.94349      1457.62      -3363.28      -1905.66      65.2156      197.212
10      0.56      1.82962      1372.22      -3277.82      -1905.6      58.6969      197.222
11      0.616      1.70687      1280.15      -3185.65      -1905.5      53.3634      197.231
12      0.672      1.57794      1183.46      -3088.8      -1905.35      48.9188      197.241
13      0.728      1.44645      1084.84      -2990      -1905.16      45.1579      197.25
14      0.784      1.31677      987.575      -2892.52      -1904.94      41.9342      197.258
15      0.84      1.19365      895.238      -2799.96      -1904.73      39.1402      197.267
16      0.896      1.08175      811.31      -2715.86      -1904.55      36.6954      197.275
17      0.952      0.984984      738.738      -2643.16      -1904.42      34.5382      197.282
18      1.008      0.906084      679.563      -2583.93      -1904.36      32.6205      197.289
19      1.064      0.846302      634.726      -2539.1      -1904.38      30.9046      197.295
20      1.12      0.805445      604.083      -2508.53      -1904.44      29.3602      197.301
21      1.176      0.782114      586.586      -2491.13      -1904.55      27.9628      197.306
22      1.232      0.774087      580.566      -2485.24      -1904.67      26.6924      197.31
23      1.288      0.778719      584.039      -2488.83      -1904.79      25.5324      197.314
24      1.344      0.793282      594.962      -2499.87      -1904.91      24.469      197.318
25      1.4      0.815209      611.407      -2516.41      -1905      23.4906      197.321
26      1.456      0.842225      631.668      -2536.75      -1905.08      22.5875      197.324
27      1.512      0.8724      654.3      -2559.44      -1905.14      21.7512      197.327
28      1.568      0.904151      678.113      -2583.31      -1905.19      20.9746      197.329
29      1.624      0.936198      702.148      -2607.38      -1905.23      20.2515      197.331
30      1.68      0.967515      725.636      -2630.9      -1905.26      19.5766      197.332
31      1.736      0.997263      747.947      -2653.23      -1905.29      18.9453      197.334
32      1.792      1.02475      768.562      -2673.87      -1905.31      18.3533      197.335
33      1.848      1.04941      787.055      -2692.38      -1905.32      17.7973      197.336
34      1.904      1.07078      803.088      -2708.42      -1905.33      17.2739      197.337
35      1.96      1.08857      816.425      -2721.76      -1905.34      16.7805      197.338
36      2.016      1.1026      826.95      -2732.28      -1905.33      16.3144      197.339
37      2.072      1.11291      834.684      -2740.01      -1905.32      15.8735      197.34
38      2.128      1.11972      839.788      -2745.09      -1905.3      15.4559      197.341
39      2.184      1.1234      842.552      -2747.83      -1905.28      15.0597      197.342
40      2.24      1.12448      843.361      -2748.61      -1905.25      14.6833      197.343
41      2.296      1.12353      842.65      -2747.87      -1905.22      14.3253      197.345
42      2.352      1.12114      840.855      -2746.06      -1905.2      13.9843      197.346
43      2.408      1.11783      838.372      -2743.56      -1905.18      13.6592      197.348
44      2.464      1.11405      835.534      -2740.71      -1905.17      13.3489      197.35
45      2.52      1.11015      832.611      -2737.77      -1905.16      13.0524      197.353
46      2.576      1.10645      829.839      -2734.99      -1905.15      12.7689      197.356
47      2.632      1.10328      827.459      -2732.59      -1905.14      12.4974      197.359
48      2.688      1.10098      825.734      -2730.85      -1905.12      12.2372      197.362
49      2.744      1.09993      824.951      -2730.06      -1905.1      11.9877      197.365
50      2.8      1.10051      825.382      -2730.47      -1905.09      11.7482      197.369
51      2.856      1.10295      827.211      -2732.3      -1905.09      11.518      197.373
52      2.912      1.1073      830.477      -2735.58      -1905.1      11.2967      197.377
53      2.968      1.1134      835.048      -2740.16      -1905.12      11.0838      197.38
54      3.024      1.12087      840.653      -2745.79      -1905.14      10.8788      197.384
55      3.08      1.12927      846.955      -2752.11      -1905.16      10.6811      197.388
56      3.136      1.13816      853.622      -2758.8      -1905.17      10.4906      197.391
57      3.192      1.14717      860.381      -2765.56      -1905.18      10.3067      197.394
58      3.248      1.15606      867.047      -2772.23      -1905.19      10.1292      197.397
59      3.304      1.16468      873.509      -2778.7      -1905.19      9.95759      197.399
60      3.36      1.17294      879.704      -2784.89      -1905.19      9.79172      197.401
61      3.416      1.1808      885.599      -2790.79      -1905.19      9.63126      197.402
62      3.472      1.18822      891.168      -2796.36      -1905.19      9.47594      197.403
63      3.528      1.19518      896.386      -2801.57      -1905.19      9.32552      197.403
64      3.584      1.20165      901.239      -2806.42      -1905.19      9.17975      197.401
65      3.64      1.20765      905.736      -2810.92      -1905.18      9.03843      197.399
66      3.696      1.21323      909.925      -2815.1      -1905.18      8.90134      197.396
67      3.752      1.21852      913.891      -2819.06      -1905.17      8.76831      197.392
68      3.808      1.22368      917.76      -2822.92      -1905.16      8.63914      197.387
69      3.864      1.2289      921.677      -2826.82      -1905.15      8.51367      197.381
70      3.92      1.23438      925.785      -2830.93      -1905.14      8.39175      197.374
71      3.976      1.24026      930.198      -2835.33      -1905.14      8.27323      197.366
72      4.032      1.24662      934.966      -2840.1      -1905.14      8.15796      197.357
73      4.088      1.25341      940.057      -2845.2      -1905.15      8.04583      197.348
74      4.144      1.26047      945.35      -2850.51      -1905.16      7.9367      197.338
75      4.2      1.26754      950.654      -2855.83      -1905.18      7.83047      197.328
76      4.256      1.2743      955.725      -2860.92      -1905.19      7.72702      197.317
77      4.312      1.2804      960.304      -2865.51      -1905.21      7.62625      197.306
78      4.368      1.28555      964.16      -2869.38      -1905.22      7.52806      197.295
79      4.424      1.28949      967.119      -2872.35      -1905.23      7.43236      197.285
80      4.48      1.2921      969.077      -2874.31      -1905.23      7.33906      197.274
81      4.536      1.29333      970.001      -2875.23      -1905.23      7.24808      197.264
82      4.592      1.29322      969.913      -2875.14      -1905.23      7.15933      197.254
83      4.648      1.29182      968.868      -2874.1      -1905.23      7.07274      197.245
84      4.704      1.28926      966.948      -2872.17      -1905.22      6.98823      197.236
85      4.76      1.28568      964.257      -2869.48      -1905.22      6.90574      197.228
86      4.816      1.28123      960.922      -2866.13      -1905.21      6.8252      197.221
87      4.872      1.27615      957.115      -2862.32      -1905.2      6.74653      197.215
88      4.928      1.27073      953.05      -2858.24      -1905.19      6.66968      197.209
89      4.984      1.26533      948.994      -2854.16      -1905.17      6.59458      197.204
90      5.04      1.26034      945.251      -2850.4      -1905.15      6.52117      197.2
91      5.096      1.25616      942.123      -2847.26      -1905.14      6.4494      197.197
92      5.152      1.25315      939.86      -2844.99      -1905.13      6.37922      197.194
93      5.208      1.25149      938.618      -2843.74      -1905.13      6.31056      197.192
94      5.264      1.25125      938.441      -2843.57      -1905.13      6.24339      197.191
95      5.32      1.25239      939.292      -2844.43      -1905.13      6.17765      197.19
96      5.376      1.25481      941.105      -2846.24      -1905.13      6.1133      197.19
97      5.432      1.25844      943.827      -2848.96      -1905.13      6.05029      197.191
98      5.488      1.26326      947.446      -2852.57      -1905.13      5.9886      197.193
99      5.544      1.2693      951.972      -2857.09      -1905.12      5.92817      197.195
100      5.6      1.27654      957.403      -2862.52      -1905.12      5.86898      197.198
101      5.656      1.28491      963.681      -2868.81      -1905.13      5.81098      197.202
102      5.712      1.29423      970.67      -2875.81      -1905.14      5.75415      197.206
103      5.768      1.30421      978.155      -2883.31      -1905.15      5.69844      197.212
104      5.824      1.31448      985.863      -2891.03      -1905.17      5.64382      197.218
105      5.88      1.32467      993.501      -2898.68      -1905.18      5.59027      197.225
106      5.936      1.33439      1000.8      -2905.99      -1905.19      5.53774      197.232
107      5.992      1.34336      1007.52      -2912.72      -1905.2      5.48622      197.24
108      6.048      1.35136      1013.52      -2918.72      -1905.2      5.43566      197.249
109      6.104      1.35827      1018.7      -2923.9      -1905.2      5.38605      197.259
110      6.16      1.36404      1023.03      -2928.23      -1905.2      5.33735      197.269
111      6.216      1.36866      1026.5      -2931.7      -1905.2      5.28954      197.279
112      6.272      1.3721      1029.08      -2934.28      -1905.2      5.2426      197.289
113      6.328      1.37433      1030.74      -2935.95      -1905.21      5.19649      197.3
114      6.384      1.37527      1031.45      -2936.66      -1905.21      5.15119      197.311
115      6.44      1.37489      1031.17      -2936.38      -1905.21      5.10668      197.322
116      6.496      1.37317      1029.88      -2935.09      -1905.21      5.06294      197.333
117      6.552      1.37019      1027.65      -2932.85      -1905.2      5.01995      197.344
118      6.608      1.36613      1024.59      -2929.78      -1905.19      4.97769      197.355
119      6.664      1.36122      1020.91      -2926.09      -1905.17      4.93613      197.366
120      6.72      1.35579      1016.84      -2922      -1905.16      4.89525      197.377
121      6.776      1.35017      1012.63      -2917.77      -1905.14      4.85505      197.387
122      6.832      1.34467      1008.5      -2913.64      -1905.14      4.8155      197.397
123      6.888      1.3395      1004.62      -2909.75      -1905.13      4.77658      197.407
124      6.944      1.33479      1001.09      -2906.23      -1905.13      4.73828      197.416
125      7      1.33058      997.933      -2903.07      -1905.13      4.70059      197.425
126      7.056      1.32679      995.095      -2900.24      -1905.14      4.66348      197.433
127      7.112      1.32333      992.495      -2897.64      -1905.15      4.62695      197.441
128      7.168      1.32004      990.031      -2895.19      -1905.16      4.59098      197.449
129      7.224      1.3168      987.597      -2892.76      -1905.16      4.55555      197.456
130      7.28      1.31345      985.087      -2890.26      -1905.17      4.52066      197.462
131      7.336      1.30987      982.399      -2887.58      -1905.18      4.48629      197.468
132      7.392      1.30591      979.431      -2884.62      -1905.19      4.45242      197.474
133      7.448      1.30146      976.094      -2881.29      -1905.19      4.41905      197.478
134      7.504      1.29643      972.321      -2877.52      -1905.2      4.38615      197.482
135      7.56      1.29078      968.087      -2873.28      -1905.2      4.35373      197.485
136      7.616      1.28458      963.432      -2868.62      -1905.19      4.32177      197.488
137      7.672      1.27796      958.474      -2863.65      -1905.18      4.29026      197.489
138      7.728      1.27122      953.413      -2858.58      -1905.16      4.25918      197.49
139      7.784      1.26468      948.507      -2853.65      -1905.15      4.22853      197.489
140      7.84      1.25871      944.03      -2849.16      -1905.13      4.19829      197.488
141      7.896      1.25362      940.215      -2845.34      -1905.13      4.16847      197.485
142      7.952      1.24961      937.206      -2842.33      -1905.12      4.13904      197.482
143      8.008      1.24673      935.049      -2840.18      -1905.13      4.11001      197.478
144      8.064      1.24495      933.713      -2838.84      -1905.13      4.08137      197.473
145      8.12      1.24415      933.114      -2838.25      -1905.14      4.0531      197.467
146      8.176      1.24419      933.14      -2838.28      -1905.14      4.02521      197.461
147      8.232      1.24488      933.663      -2838.81      -1905.15      3.99768      197.453
148      8.288      1.24606      934.548      -2839.71      -1905.16      3.97051      197.445
149      8.344      1.24756      935.668      -2840.83      -1905.16      3.94368      197.437
150      8.4      1.24921      936.909      -2842.08      -1905.17      3.91721      197.427
151      8.456      1.25091      938.182      -2843.35      -1905.17      3.89107      197.417
152      8.512      1.25258      939.435      -2844.6      -1905.17      3.86527      197.407
153      8.568      1.25419      940.639      -2845.81      -1905.17      3.83979      197.396
154      8.624      1.25569      941.769      -2846.94      -1905.17      3.81464      197.385
155      8.68      1.25705      942.787      -2847.96      -1905.17      3.7898      197.373
156      8.736      1.25817      943.629      -2848.81      -1905.18      3.76527      197.361
157      8.792      1.25892      944.19      -2849.38      -1905.19      3.74105      197.348
158      8.848      1.25913      944.347      -2849.54      -1905.19      3.71713      197.335
159      8.904      1.25863      943.973      -2849.17      -1905.2      3.69351      197.322
160      8.96      1.25728      942.964      -2848.17      -1905.2      3.67018      197.309
161      9.016      1.25502      941.264      -2846.47      -1905.2      3.64714      197.296
162      9.072      1.25185      938.885      -2844.09      -1905.2      3.62439      197.283
163      9.128      1.24787      935.901      -2841.09      -1905.19      3.60191      197.27
164      9.184      1.24325      932.435      -2837.62      -1905.18      3.57972      197.257
165      9.24      1.2382      928.651      -2833.82      -1905.17      3.55779      197.244
166      9.296      1.23298      924.736      -2829.9      -1905.16      3.53613      197.231
167      9.352      1.22787      920.906      -2826.05      -1905.15      3.51474      197.219
168      9.408      1.22319      917.392      -2822.52      -1905.13      3.49361      197.207
169      9.464      1.21926      914.442      -2819.56      -1905.12      3.47273      197.196
170      9.52      1.21641      912.311      -2817.41      -1905.1      3.45211      197.184
171      9.576      1.21498      911.238      -2816.33      -1905.09      3.43173      197.173
172      9.632      1.21523      911.423      -2816.5      -1905.08      3.4116      197.163
173      9.688      1.21734      913.004      -2818.08      -1905.08      3.3917      197.153
174      9.744      1.22138      916.034      -2821.11      -1905.08      3.37204      197.143
175      9.8      1.2273      920.473      -2825.56      -1905.09      3.35261      197.134
176      9.856      1.2349      926.176      -2831.28      -1905.1      3.33341      197.125
177      9.912      1.24386      932.898      -2838.02      -1905.12      3.31443      197.116
178      9.968      1.25375      940.309      -2845.45      -1905.14      3.29567      197.108
179      10.024      1.26403      948.024      -2853.19      -1905.17      3.27713      197.1
180      10.08      1.2742      955.647      -2860.84      -1905.19      3.2588      197.092
181      10.136      1.28374      962.806      -2868.01      -1905.21      3.24067      197.084
182      10.192      1.29226      969.192      -2874.41      -1905.22      3.22274      197.077
183      10.248      1.29944      974.579      -2879.81      -1905.23      3.20502      197.07
184      10.304      1.30512      978.837      -2884.06      -1905.23      3.18749      197.064
185      10.36      1.30924      981.933      -2887.16      -1905.22      3.17016      197.057
186      10.416      1.31189      983.92      -2889.13      -1905.21      3.15301      197.05
187      10.472      1.31323      984.921      -2890.12      -1905.2      3.13605      197.044
188      10.528      1.31349      985.115      -2890.3      -1905.19      3.11927      197.038
189      10.584      1.31294      984.702      -2889.88      -1905.17      3.10267      197.032
190      10.64      1.31184      983.877      -2889.04      -1905.16      3.08624      197.026
191      10.696      1.31039      982.796      -2887.95      -1905.16      3.06999      197.02
192      10.752      1.30874      981.553      -2886.71      -1905.16      3.05392      197.014
193      10.808      1.3069      980.178      -2885.34      -1905.16      3.03801      197.009
194      10.864      1.30485      978.64      -2883.81      -1905.17      3.02227      197.004
195      10.92      1.3025      976.871      -2882.04      -1905.17      3.0067      196.999
196      10.976      1.29972      974.791      -2879.97      -1905.18      2.99129      196.994
197      11.032      1.29644      972.328      -2877.51      -1905.18      2.97604      196.99
198      11.088      1.29259      969.443      -2874.63      -1905.18      2.96095      196.986
199      11.144      1.28818      966.133      -2871.31      -1905.18      2.94603      196.983
200      11.2      1.28325      962.439      -2867.62      -1905.18      2.93126      196.981
201      11.256      1.27793      958.445      -2863.61      -1905.17      2.91666      196.979
202      11.312      1.27236      954.27      -2859.43      -1905.16      2.9022      196.978
203      11.368      1.26675      950.064      -2855.21      -1905.15      2.8879      196.978
204      11.424      1.26134      946.005      -2851.14      -1905.14      2.87375      196.978
205      11.48      1.25637      942.279      -2847.4      -1905.13      2.85975      196.98
206      11.536      1.25208      939.063      -2844.18      -1905.12      2.8459      196.982
207      11.592      1.24868      936.511      -2841.62      -1905.11      2.83219      196.985
208      11.648      1.24632      934.738      -2839.84      -1905.11      2.81862      196.988
209      11.704      1.24506      933.798      -2838.91      -1905.11      2.8052      196.992
210      11.76      1.24491      933.682      -2838.79      -1905.11      2.7919      196.997
211      11.816      1.24576      934.32      -2839.44      -1905.12      2.77875      197.002
212      11.872      1.24746      935.594      -2840.72      -1905.13      2.76572      197.008
213      11.928      1.24982      937.364      -2842.5      -1905.14      2.75282      197.014
214      11.984      1.25265      939.491      -2844.64      -1905.15      2.74004      197.02
215      12.04      1.25581      941.858      -2847.01      -1905.15      2.72739      197.026
216      12.096      1.25917      944.379      -2849.53      -1905.15      2.71485      197.033
217      12.152      1.26267      947.006      -2852.16      -1905.16      2.70243      197.04
218      12.208      1.26629      949.717      -2854.87      -1905.15      2.69013      197.047
219      12.264      1.27001      952.507      -2857.66      -1905.16      2.67794      197.054
220      12.32      1.27384      955.377      -2860.53      -1905.16      2.66587      197.061
221      12.376      1.27777      958.329      -2863.48      -1905.16      2.6539      197.068
222      12.432      1.28183      961.369      -2866.53      -1905.16      2.64204      197.075
223      12.488      1.28602      964.512      -2869.67      -1905.16      2.6303      197.083
224      12.544      1.29037      967.774      -2872.93      -1905.16      2.61865      197.09
225      12.6      1.29487      971.154      -2876.31      -1905.16      2.60712      197.098
226      12.656      1.29949      974.618      -2879.78      -1905.16      2.59569      197.106
227      12.712      1.3041      978.076      -2883.25      -1905.17      2.58436      197.115
228      12.768      1.30851      981.383      -2886.57      -1905.19      2.57314      197.123
229      12.824      1.31247      984.349      -2889.55      -1905.2      2.56202      197.132
230      12.88      1.31571      986.782      -2891.99      -1905.21      2.551      197.141
231      12.936      1.31804      988.53      -2893.75      -1905.22      2.54008      197.151
232      12.992      1.31938      989.535      -2894.75      -1905.22      2.52926      197.161
233      13.048      1.31981      989.855      -2895.06      -1905.2      2.51854      197.171
234      13.104      1.31954      989.656      -2894.85      -1905.19      2.50791      197.182
235      13.16      1.31886      989.148      -2894.33      -1905.18      2.49738      197.193
236      13.216      1.31799      988.496      -2893.67      -1905.18      2.48694      197.204
237      13.272      1.31697      987.729      -2892.92      -1905.19      2.47659      197.216
238      13.328      1.31562      986.717      -2891.92      -1905.21      2.46633      197.228
239      13.384      1.31363      985.222      -2890.45      -1905.22      2.45616      197.24
240      13.44      1.31066      982.992      -2888.23      -1905.24      2.44608      197.252
241      13.496      1.30645      979.838      -2885.08      -1905.25      2.43608      197.264
242      13.552      1.30091      975.686      -2880.93      -1905.24      2.42616      197.276
243      13.608      1.29412      970.592      -2875.82      -1905.23      2.41633      197.288
244      13.664      1.28632      964.742      -2869.96      -1905.22      2.40657      197.3
245      13.72      1.27791      958.435      -2863.63      -1905.19      2.39689      197.312
246      13.776      1.26943      952.07      -2857.24      -1905.16      2.38728      197.323
247      13.832      1.26148      946.109      -2851.24      -1905.14      2.37775      197.334
248      13.888      1.25471      941.032      -2846.14      -1905.11      2.36828      197.344
249      13.944      1.24973      937.296      -2842.38      -1905.09      2.35889      197.354
250      14      1.24702      935.268      -2840.34      -1905.07      2.34957      197.364
251      14.056      1.24691      935.18      -2840.25      -1905.07      2.34031      197.372
252      14.112      1.24946      937.097      -2842.17      -1905.07      2.33111      197.38
253      14.168      1.25457      940.926      -2846.01      -1905.09      2.32198      197.387
254      14.224      1.26192      946.442      -2851.55      -1905.11      2.31291      197.393
255      14.28      1.27109      953.318      -2858.45      -1905.13      2.3039      197.399
256      14.336      1.28153      961.151      -2866.31      -1905.16      2.29496      197.403
257      14.392      1.29265      969.491      -2874.68      -1905.19      2.28607      197.406
258      14.448      1.30383      977.87      -2883.09      -1905.22      2.27723      197.409
259      14.504      1.31445      985.841      -2891.08      -1905.24      2.26846      197.41
260      14.56      1.32401      993.011      -2898.27      -1905.26      2.25974      197.411
261      14.616      1.33209      999.068      -2904.34      -1905.27      2.25108      197.411
262      14.672      1.33842      1003.81      -2909.09      -1905.28      2.24248      197.41
263      14.728      1.3429      1007.17      -2912.44      -1905.27      2.23393      197.408
264      14.784      1.3456      1009.2      -2914.46      -1905.26      2.22544      197.405
265      14.84      1.34676      1010.07      -2915.32      -1905.25      2.217      197.402
266      14.896      1.34674      1010.05      -2915.28      -1905.23      2.20863      197.398
267      14.952      1.34596      1009.47      -2914.67      -1905.2      2.20031      197.394
268      15.008      1.34489      1008.67      -2913.85      -1905.19      2.19205      197.39
269      15.064      1.34392      1007.94      -2913.11      -1905.17      2.18386      197.386
270      15.12      1.34329      1007.47      -2912.64      -1905.17      2.17572      197.382
271      15.176      1.34307      1007.3      -2912.48      -1905.18      2.16765      197.377
272      15.232      1.3431      1007.33      -2912.52      -1905.19      2.15963      197.373
273      15.288      1.34313      1007.35      -2912.55      -1905.21      2.15168      197.369
274      15.344      1.34282      1007.12      -2912.34      -1905.22      2.14379      197.366
275      15.4      1.34185      1006.39      -2911.62      -1905.23      2.13595      197.362
276      15.456      1.33996      1004.97      -2910.21      -1905.24      2.12818      197.359
277      15.512      1.33694      1002.7      -2907.95      -1905.24      2.12046      197.355
278      15.568      1.33268      999.507      -2904.75      -1905.24      2.1128      197.352
279      15.624      1.32713      995.348      -2900.59      -1905.24      2.10519      197.349
280      15.68      1.32036      990.267      -2895.5      -1905.23      2.09764      197.346
281      15.736      1.31251      984.38      -2889.6      -1905.22      2.09014      197.342
282      15.792      1.30384      977.883      -2883.08      -1905.2      2.08269      197.339
283      15.848      1.29473      971.049      -2876.23      -1905.18      2.07529      197.335
284      15.904      1.2856      964.201      -2869.36      -1905.16      2.06795      197.332
285      15.96      1.27691      957.683      -2862.82      -1905.14      2.06066      197.328
286      16.016      1.2691      951.824      -2856.94      -1905.12      2.05342      197.325
287      16.072      1.26252      946.892      -2852      -1905.11      2.04623      197.322
288      16.128      1.25742      943.065      -2848.17      -1905.1      2.03909      197.318
289      16.184      1.2539      940.424      -2845.53      -1905.1      2.032      197.315
290      16.24      1.25194      938.958      -2844.07      -1905.11      2.02496      197.312
291      16.296      1.25145      938.586      -2843.7      -1905.12      2.01798      197.31
292      16.352      1.25224      939.183      -2844.31      -1905.13      2.01105      197.308
293      16.408      1.25413      940.598      -2845.73      -1905.14      2.00416      197.306
294      16.464      1.25689      942.665      -2847.81      -1905.15      1.99733      197.304
295      16.52      1.26028      945.212      -2850.37      -1905.16      1.99055      197.303
296      16.576      1.26406      948.047      -2853.22      -1905.17      1.98382      197.303
297      16.632      1.26794      950.958      -2856.14      -1905.19      1.97714      197.303
298      16.688      1.27163      953.719      -2858.92      -1905.2      1.97051      197.303
299      16.744      1.2748      956.101      -2861.31      -1905.21      1.96393      197.304
300      16.8      1.2772      957.899      -2863.12      -1905.22      1.95739      197.305
301      16.856      1.27862      958.967      -2864.2      -1905.23      1.95091      197.307
302      16.912      1.27897      959.224      -2864.45      -1905.23      1.94447      197.31
303      16.968      1.27822      958.662      -2863.89      -1905.23      1.93808      197.312
304      17.024      1.27645      957.335      -2862.56      -1905.22      1.93174      197.316
305      17.08      1.27379      955.344      -2860.56      -1905.21      1.92545      197.32
306      17.136      1.27043      952.826      -2858.03      -1905.2      1.91919      197.324
307      17.192      1.26659      949.944      -2855.14      -1905.19      1.91299      197.329
308      17.248      1.26251      946.886      -2852.07      -1905.18      1.90683      197.334
309      17.304      1.25848      943.858      -2849.03      -1905.17      1.90071      197.339
310      17.36      1.25478      941.084      -2846.24      -1905.15      1.89463      197.345
311      17.416      1.25173      938.8      -2843.94      -1905.14      1.8886      197.351
312      17.472      1.24964      937.23      -2842.35      -1905.12      1.8826      197.357
313      17.528      1.24874      936.554      -2841.67      -1905.11      1.87665      197.364
314      17.584      1.24918      936.883      -2841.99      -1905.11      1.87074      197.37
315      17.64      1.25099      938.243      -2843.36      -1905.11      1.86486      197.377
316      17.696      1.25409      940.569      -2845.69      -1905.12      1.85902      197.384
317      17.752      1.2583      943.727      -2848.86      -1905.13      1.85322      197.391
318      17.808      1.26339      947.545      -2852.68      -1905.14      1.84746      197.397
319      17.864      1.26912      951.844      -2856.99      -1905.15      1.84173      197.404
320      17.92      1.27528      956.456      -2861.61      -1905.15      1.83604      197.411
321      17.976      1.28165      961.236      -2866.39      -1905.16      1.83038      197.417
322      18.032      1.28808      966.061      -2871.22      -1905.16      1.82475      197.423
323      18.088      1.29445      970.837      -2876      -1905.17      1.81915      197.429
324      18.144      1.30065      975.489      -2880.66      -1905.17      1.81359      197.434
325      18.2      1.3066      979.951      -2885.12      -1905.17      1.80805      197.439
326      18.256      1.31222      984.167      -2889.34      -1905.17      1.80255      197.444
327      18.312      1.31744      988.081      -2893.26      -1905.18      1.79707      197.448
328      18.368      1.32219      991.639      -2896.82      -1905.18      1.79162      197.451
329      18.424      1.32638      994.786      -2899.97      -1905.18      1.7862      197.454
330      18.48      1.32993      997.448      -2902.64      -1905.19      1.78081      197.456
331      18.536      1.3327      999.528      -2904.72      -1905.2      1.77544      197.457
332      18.592      1.33453      1000.9      -2906.1      -1905.21      1.7701      197.458
333      18.648      1.33522      1001.42      -2906.63      -1905.22      1.76478      197.458
334      18.704      1.33462      1000.97      -2906.19      -1905.22      1.75949      197.457
335      18.76      1.33263      999.474      -2904.7      -1905.22      1.75423      197.456
336      18.816      1.32927      996.955      -2902.17      -1905.22      1.74899      197.454
337      18.872      1.32471      993.533      -2898.74      -1905.2      1.74379      197.452
338      18.928      1.31924      989.432      -2894.62      -1905.18      1.73861      197.45
339      18.984      1.31327      984.954      -2890.12      -1905.16      1.73345      197.447
340      19.04      1.30726      980.446      -2885.59      -1905.14      1.72833      197.444
341      19.096      1.30167      976.252      -2881.38      -1905.12      1.72324      197.441
342      19.152      1.29689      972.67      -2877.78      -1905.11      1.71817      197.439
343      19.208      1.29324      969.927      -2875.03      -1905.1      1.71314      197.436
344      19.264      1.29086      968.144      -2873.25      -1905.1      1.70813      197.433
345      19.32      1.28977      967.327      -2872.44      -1905.11      1.70316      197.43
346      19.376      1.28981      967.36      -2872.48      -1905.12      1.69822      197.428
347      19.432      1.29067      968.004      -2873.15      -1905.15      1.6933      197.426
348      19.488      1.2919      968.924      -2874.09      -1905.17      1.68842      197.424
349      19.544      1.29296      969.722      -2874.92      -1905.2      1.68357      197.422
350      19.6      1.29332      969.986      -2875.21      -1905.22      1.67874      197.42
351      19.656      1.29245      969.335      -2874.57      -1905.24      1.67394      197.418
352      19.712      1.28995      967.464      -2872.72      -1905.25      1.66917      197.416
353      19.768      1.28558      964.182      -2869.44      -1905.26      1.66443      197.414
354      19.824      1.27923      959.421      -2864.67      -1905.25      1.65971      197.412
355      19.88      1.27101      953.254      -2858.49      -1905.24      1.65501      197.41
356      19.936      1.26117      945.881      -2851.1      -1905.22      1.65035      197.408
357      19.992      1.25016      937.621      -2842.81      -1905.19      1.6457      197.405
358      20.048      1.23852      928.893      -2834.06      -1905.16      1.64109      197.403
359      20.104      1.22692      920.188      -2825.32      -1905.13      1.63649      197.4
360      20.16      1.21604      912.034      -2817.13      -1905.1      1.63192      197.398
361      20.216      1.20661      904.956      -2810.02      -1905.07      1.62738      197.395
362      20.272      1.19923      899.424      -2804.47      -1905.04      1.62286      197.392
363      20.328      1.1944      895.803      -2800.83      -1905.03      1.61836      197.389
364      20.384      1.19241      894.31      -2799.34      -1905.03      1.61389      197.385
365      20.44      1.19333      895      -2800.04      -1905.04      1.60945      197.382
366      20.496      1.197      897.754      -2802.81      -1905.06      1.60502      197.379
367      20.552      1.20306      902.298      -2807.38      -1905.08      1.60063      197.376
368      20.608      1.211      908.253      -2813.36      -1905.11      1.59625      197.374
369      20.664      1.22025      915.185      -2820.32      -1905.13      1.59191      197.371
370      20.72      1.23021      922.656      -2827.81      -1905.16      1.58759      197.369
371      20.776      1.24038      930.282      -2835.46      -1905.18      1.58329      197.367
372      20.832      1.25036      937.767      -2842.95      -1905.19      1.57902      197.365
373      20.888      1.25989      944.918      -2850.11      -1905.19      1.57478      197.364
374      20.944      1.26886      951.647      -2856.84      -1905.19      1.57056      197.363
375      21      1.27725      957.941      -2863.12      -1905.18      1.56637      197.362
376      21.056      1.28511      963.832      -2869.01      -1905.18      1.5622      197.362
377      21.112      1.29249      969.364      -2874.54      -1905.17      1.55806      197.362
378      21.168      1.29943      974.575      -2879.75      -1905.17      1.55394      197.363
379      21.224      1.30597      979.48      -2884.65      -1905.17      1.54985      197.364
380      21.28      1.3121      984.078      -2889.25      -1905.17      1.54578      197.366
381      21.336      1.3178      988.349      -2893.52      -1905.17      1.54174      197.368
382      21.392      1.323      992.253      -2897.43      -1905.17      1.53772      197.37
383      21.448      1.32763      995.725      -2900.9      -1905.18      1.53373      197.372
384      21.504      1.33157      998.681      -2903.87      -1905.19      1.52975      197.375
385      21.56      1.3347      1001.02      -2906.21      -1905.19      1.5258      197.377
386      21.616      1.33687      1002.65      -2907.85      -1905.2      1.52187      197.38
387      21.672      1.33798      1003.49      -2908.69      -1905.2      1.51796      197.383
388      21.728      1.33795      1003.46      -2908.67      -1905.2      1.51407      197.386
389      21.784      1.33676      1002.57      -2907.77      -1905.21      1.5102      197.389
390      21.84      1.33442      1000.81      -2906.01      -1905.2      1.50635      197.393
391      21.896      1.331      998.253      -2903.45      -1905.2      1.50253      197.396
392      21.952      1.32663      994.973      -2900.17      -1905.19      1.49872      197.4
393      22.008      1.32143      991.073      -2896.26      -1905.19      1.49494      197.403
394      22.064      1.31554      986.657      -2891.84      -1905.18      1.49117      197.407
395      22.12      1.30911      981.834      -2887.01      -1905.18      1.48743      197.411
396      22.176      1.30228      976.708      -2881.88      -1905.18      1.4837      197.416
397      22.232      1.29517      971.377      -2876.55      -1905.17      1.48      197.42
398      22.288      1.28791      965.934      -2871.1      -1905.17      1.47632      197.426
399      22.344      1.28063      960.476      -2865.64      -1905.16      1.47266      197.431
400      22.4      1.27349      955.114      -2860.27      -1905.16      1.46903      197.437
401      22.456      1.26666      949.994      -2855.14      -1905.15      1.46541      197.444
402      22.512      1.2604      945.304      -2850.44      -1905.14      1.46182      197.451
403      22.568      1.25504      941.282      -2846.4      -1905.12      1.45825      197.458
404      22.624      1.25094      938.207      -2843.31      -1905.1      1.4547      197.466
405      22.68      1.2485      936.375      -2841.46      -1905.09      1.45117      197.475
406      22.736      1.24805      936.04      -2841.12      -1905.08      1.44766      197.484
407      22.792      1.2498      937.353      -2842.43      -1905.08      1.44417      197.494
408      22.848      1.25373      940.301      -2845.39      -1905.09      1.4407      197.503
409      22.904      1.2596      944.7      -2849.81      -1905.11      1.43725      197.513
410      22.96      1.26696      950.219      -2855.36      -1905.14      1.43382      197.523
411      23.016      1.27525      956.44      -2861.61      -1905.17      1.43041      197.534
412      23.072      1.28392      962.936      -2868.13      -1905.19      1.42701      197.544
413      23.128      1.29242      969.319      -2874.53      -1905.21      1.42363      197.554
414      23.184      1.30036      975.271      -2880.49      -1905.22      1.42026      197.564
415      23.24      1.3074      980.552      -2885.78      -1905.23      1.41691      197.574
416      23.296      1.31332      984.991      -2890.23      -1905.24      1.41357      197.583
417      23.352      1.31798      988.484      -2893.72      -1905.24      1.41024      197.592
418      23.408      1.32131      990.983      -2896.22      -1905.24      1.40693      197.6
419      23.464      1.32332      992.488      -2897.72      -1905.23      1.40362      197.607
420      23.52      1.32405      993.041      -2898.27      -1905.23      1.40033      197.614
421      23.576      1.32361      992.708      -2897.93      -1905.22      1.39705      197.621
422      23.632      1.32209      991.57      -2896.79      -1905.22      1.39378      197.626
423      23.688      1.31962      989.716      -2894.93      -1905.21      1.39051      197.631
424      23.744      1.31632      987.237      -2892.44      -1905.2      1.38726      197.635
425      23.8      1.31232      984.241      -2889.44      -1905.2      1.38402      197.638
426      23.856      1.30782      980.862      -2886.05      -1905.18      1.38079      197.641
427      23.912      1.30303      977.271      -2882.44      -1905.17      1.37757      197.642
428      23.968      1.29822      973.668      -2878.82      -1905.16      1.37435      197.643
429      24.024      1.2937      970.273      -2875.41      -1905.14      1.37115      197.643
430      24.08      1.28973      967.298      -2872.43      -1905.13      1.36796      197.642
431      24.136      1.28656      964.919      -2870.04      -1905.12      1.36477      197.641
432      24.192      1.28433      963.245      -2868.36      -1905.12      1.3616      197.638
433      24.248      1.28306      962.293      -2867.42      -1905.12      1.35843      197.635
434      24.304      1.28265      961.988      -2867.12      -1905.13      1.35527      197.631
435      24.36      1.28289      962.166      -2867.31      -1905.15      1.35212      197.626
436      24.416      1.28347      962.604      -2867.77      -1905.16      1.34898      197.62
437      24.472      1.28404      963.031      -2868.21      -1905.18      1.34585      197.614
438      24.528      1.28422      963.166      -2868.36      -1905.2      1.34273      197.607
439      24.584      1.28366      962.745      -2867.96      -1905.21      1.33962      197.599
440      24.64      1.28206      961.544      -2866.77      -1905.22      1.33652      197.591
441      24.696      1.27921      959.408      -2864.64      -1905.23      1.33343      197.582
442      24.752      1.27502      956.268      -2861.49      -1905.23      1.33034      197.572
443      24.808      1.26954      952.155      -2857.37      -1905.22      1.32727      197.562
444      24.864      1.26294      947.204      -2852.41      -1905.21      1.32421      197.551
445      24.92      1.25551      941.629      -2846.82      -1905.19      1.32116      197.541
446      24.976      1.2476      935.699      -2840.87      -1905.17      1.31813      197.529
447      25.032      1.2396      929.701      -2834.85      -1905.15      1.3151      197.518
448      25.088      1.23188      923.909      -2829.05      -1905.14      1.31209      197.506
449      25.144      1.22473      918.55      -2823.68      -1905.13      1.30909      197.494
450      25.2      1.21839      913.791      -2818.91      -1905.12      1.3061      197.482
451      25.256      1.21298      909.737      -2814.86      -1905.12      1.30312      197.47
452      25.312      1.20857      906.43      -2811.55      -1905.12      1.30016      197.457
453      25.368      1.20517      903.88      -2809      -1905.12      1.2972      197.445
454      25.424      1.20277      902.076      -2807.2      -1905.12      1.29426      197.432
455      25.48      1.20133      901.001      -2806.12      -1905.12      1.29134      197.419
456      25.536      1.20086      900.648      -2805.77      -1905.12      1.28842      197.406
457      25.592      1.20138      901.032      -2806.15      -1905.12      1.28552      197.393
458      25.648      1.20292      902.187      -2807.3      -1905.11      1.28262      197.38
459      25.704      1.20554      904.155      -2809.27      -1905.11      1.27974      197.367
460      25.76      1.2093      906.977      -2812.09      -1905.11      1.27687      197.353
461      25.816      1.21423      910.672      -2815.78      -1905.11      1.27401      197.339
462      25.872      1.22029      915.22      -2820.33      -1905.11      1.27116      197.325
463      25.928      1.2274      920.55      -2825.67      -1905.12      1.26833      197.311
464      25.984      1.23536      926.518      -2831.65      -1905.13      1.2655      197.297
465      26.04      1.24389      932.92      -2838.06      -1905.14      1.26268      197.282
466      26.096      1.25266      939.497      -2844.66      -1905.16      1.25988      197.267
467      26.152      1.26127      945.956      -2851.13      -1905.18      1.25709      197.252
468      26.208      1.26934      952.006      -2857.2      -1905.19      1.2543      197.237
469      26.264      1.27652      957.39      -2862.6      -1905.21      1.25153      197.222
470      26.32      1.28254      961.905      -2867.12      -1905.21      1.24877      197.206
471      26.376      1.28725      965.436      -2870.65      -1905.22      1.24603      197.191
472      26.432      1.29061      967.959      -2873.17      -1905.21      1.24329      197.176
473      26.488      1.29273      969.547      -2874.75      -1905.2      1.24057      197.162
474      26.544      1.29382      970.368      -2875.55      -1905.18      1.23786      197.147
475      26.6      1.2942      970.648      -2875.82      -1905.17      1.23517      197.133
476      26.656      1.29417      970.625      -2875.78      -1905.16      1.23249      197.119
477      26.712      1.29399      970.494      -2875.64      -1905.15      1.22982      197.106
478      26.768      1.29379      970.344      -2875.5      -1905.15      1.22717      197.094
479      26.824      1.29351      970.135      -2875.3      -1905.17      1.22454      197.082
480      26.88      1.29295      969.713      -2874.89      -1905.18      1.22192      197.071
481      26.936      1.29183      968.869      -2874.06      -1905.19      1.21931      197.06
482      26.992      1.28987      967.406      -2872.61      -1905.2      1.21672      197.051
483      27.048      1.28693      965.198      -2870.4      -1905.2      1.21415      197.042
484      27.104      1.28296      962.222      -2867.42      -1905.2      1.21159      197.034
485      27.16      1.27809      958.566      -2863.75      -1905.19      1.20905      197.027
486      27.216      1.27256      954.417      -2859.59      -1905.17      1.20653      197.022
487      27.272      1.26669      950.018      -2855.17      -1905.15      1.20402      197.017
488      27.328      1.26083      945.624      -2850.76      -1905.14      1.20153      197.013
489      27.384      1.25528      941.463      -2846.59      -1905.13      1.19906      197.01
490      27.44      1.25027      937.702      -2842.83      -1905.12      1.1966      197.008
491      27.496      1.24592      934.44      -2839.56      -1905.12      1.19416      197.008
492      27.552      1.24228      931.71      -2836.83      -1905.12      1.19173      197.008
493      27.608      1.23933      929.497      -2834.62      -1905.13      1.18932      197.009
494      27.664      1.23703      927.769      -2832.9      -1905.13      1.18693      197.011
495      27.72      1.23532      926.487      -2831.62      -1905.13      1.18455      197.014
496      27.776      1.23416      925.623      -2830.75      -1905.13      1.18218      197.017
497      27.832      1.23354      925.157      -2830.29      -1905.13      1.17983      197.022
498      27.888      1.23342      925.063      -2830.2      -1905.13      1.17749      197.026
499      27.944      1.23373      925.297      -2830.43      -1905.14      1.17516      197.032
500      28      1.23438      925.782      -2830.92      -1905.14      1.17284      197.037
501      28.056      1.23522      926.414      -2831.56      -1905.15      1.17054      197.043
502      28.112      1.23609      927.068      -2832.23      -1905.16      1.16824      197.05
503      28.168      1.23683      927.62      -2832.79      -1905.17      1.16596      197.056
504      28.224      1.23727      927.954      -2833.13      -1905.17      1.16368      197.062
505      28.28      1.23731      927.981      -2833.16      -1905.18      1.16141      197.067
506      28.336      1.23686      927.648      -2832.83      -1905.18      1.15914      197.073
507      28.392      1.23593      926.947      -2832.12      -1905.18      1.15688      197.078
508      28.448      1.23457      925.925      -2831.1      -1905.17      1.15463      197.082
509      28.504      1.23291      924.681      -2829.84      -1905.16      1.15238      197.085
510      28.56      1.23116      923.367      -2828.52      -1905.15      1.15014      197.088
511      28.616      1.22959      922.191      -2827.33      -1905.14      1.1479      197.09
512      28.672      1.22853      921.401      -2826.52      -1905.12      1.14566      197.091
513      28.728      1.22834      921.254      -2826.36      -1905.11      1.14343      197.091
514      28.784      1.2293      921.978      -2827.08      -1905.1      1.1412      197.09
515      28.84      1.23165      923.735      -2828.83      -1905.09      1.13897      197.088
516      28.896      1.23546      926.593      -2831.69      -1905.1      1.13675      197.085
517      28.952      1.24068      930.508      -2835.61      -1905.1      1.13453      197.081
518      29.008      1.24713      935.351      -2840.47      -1905.11      1.13231      197.076
519      29.064      1.25457      940.931      -2846.06      -1905.13      1.1301      197.07
520      29.12      1.2627      947.028      -2852.17      -1905.14      1.12789      197.064
521      29.176      1.27123      953.419      -2858.57      -1905.15      1.12568      197.057
522      29.232      1.27985      959.887      -2865.05      -1905.16      1.12348      197.05
523      29.288      1.2883      966.227      -2871.4      -1905.17      1.12129      197.042
524      29.344      1.29632      972.236      -2877.42      -1905.18      1.1191      197.034
525      29.4      1.30363      977.72      -2882.91      -1905.19      1.11693      197.026
526      29.456      1.30999      982.492      -2887.7      -1905.2      1.11476      197.018
527      29.512      1.31518      986.383      -2891.6      -1905.21      1.1126      197.01
528      29.568      1.319      989.247      -2894.47      -1905.22      1.11044      197.002
529      29.624      1.3213      990.976      -2896.2      -1905.22      1.1083      196.994
530      29.68      1.32202      991.518      -2896.74      -1905.22      1.10617      196.987
531      29.736      1.32118      990.887      -2896.11      -1905.22      1.10405      196.98
532      29.792      1.3189      989.172      -2894.39      -1905.21      1.10194      196.974
533      29.848      1.31539      986.54      -2891.74      -1905.2      1.09984      196.968
534      29.904      1.31098      983.236      -2888.42      -1905.18      1.09775      196.962
535      29.96      1.30609      979.566      -2884.73      -1905.16      1.09567      196.957
536      30.016      1.30117      975.88      -2881.02      -1905.14      1.0936      196.952
537      30.072      1.29671      972.532      -2877.66      -1905.12      1.09153      196.948
538      30.128      1.29313      969.846      -2874.95      -1905.11      1.08948      196.943
539      30.184      1.29077      968.08      -2873.18      -1905.1      1.08744      196.939
540      30.24      1.28986      967.397      -2872.49      -1905.1      1.0854      196.935
541      30.296      1.29045      967.838      -2872.94      -1905.1      1.08337      196.931
542      30.352      1.29243      969.325      -2874.44      -1905.11      1.08135      196.927
543      30.408      1.29555      971.663      -2876.79      -1905.13      1.07934      196.923
544      30.464      1.29943      974.572      -2879.72      -1905.15      1.07733      196.919
545      30.52      1.30365      977.739      -2882.91      -1905.17      1.07533      196.915
546      30.576      1.30783      980.876      -2886.06      -1905.18      1.07334      196.912
547      30.632      1.31168      983.761      -2888.95      -1905.19      1.07136      196.908
548      30.688      1.31502      986.268      -2891.46      -1905.19      1.06939      196.905
549      30.744      1.31783      988.37      -2893.55      -1905.18      1.06743      196.902
550      30.8      1.32015      990.111      -2895.29      -1905.18      1.06547      196.9
551      30.856      1.32211      991.581      -2896.75      -1905.17      1.06353      196.897
552      30.912      1.32382      992.863      -2898.03      -1905.16      1.06159      196.895
553      30.968      1.32535      994.012      -2899.17      -1905.16      1.05966      196.894
554      31.024      1.32671      995.031      -2900.2      -1905.17      1.05774      196.892
555      31.08      1.32783      995.875      -2901.05      -1905.17      1.05583      196.891
556      31.136      1.32862      996.468      -2901.64      -1905.18      1.05392      196.89
557      31.192      1.32899      996.742      -2901.92      -1905.18      1.05203      196.889
558      31.248      1.3289      996.676      -2901.85      -1905.18      1.05013      196.888
559      31.304      1.32841      996.308      -2901.48      -1905.17      1.04825      196.887
560      31.36      1.32767      995.753      -2900.91      -1905.15      1.04637      196.886
561      31.416      1.32692      995.19      -2900.33      -1905.14      1.0445      196.885
562      31.472      1.32643      994.82      -2899.95      -1905.13      1.04264      196.883
563      31.528      1.32644      994.829      -2899.95      -1905.12      1.04078      196.882
564      31.584      1.32713      995.348      -2900.46      -1905.11      1.03893      196.881
565      31.64      1.32855      996.415      -2901.53      -1905.12      1.03708      196.88
566      31.696      1.33064      997.977      -2903.1      -1905.13      1.03524      196.878
567      31.752      1.33318      999.886      -2905.03      -1905.14      1.03341      196.877
568      31.808      1.33588      1001.91      -2907.07      -1905.16      1.03158      196.876
569      31.864      1.33835      1003.76      -2908.94      -1905.18      1.02976      196.875
570      31.92      1.34015      1005.11      -2910.31      -1905.2      1.02795      196.874
571      31.976      1.34084      1005.63      -2910.85      -1905.22      1.02615      196.873
572      32.032      1.33999      1004.99      -2910.23      -1905.24      1.02435      196.873
573      32.088      1.33726      1002.95      -2908.2      -1905.25      1.02256      196.872
574      32.144      1.33243      999.321      -2904.58      -1905.26      1.02078      196.872
575      32.2      1.32541      994.058      -2899.31      -1905.25      1.01901      196.873
576      32.256      1.31631      987.233      -2892.48      -1905.24      1.01724      196.873
577      32.312      1.30541      979.055      -2884.28      -1905.22      1.01549      196.874
578      32.368      1.29315      969.86      -2875.06      -1905.2      1.01373      196.875
579      32.424      1.28012      960.087      -2865.26      -1905.17      1.01199      196.876
580      32.48      1.26697      950.228      -2855.37      -1905.14      1.01025      196.878
581      32.536      1.25438      940.786      -2845.9      -1905.11      1.00852      196.879
582      32.592      1.24296      932.217      -2837.31      -1905.09      1.00679      196.881
583      32.648      1.2332      924.898      -2829.97      -1905.07      1.00507      196.882
584      32.704      1.22546      919.093      -2824.16      -1905.07      1.00336      196.884
585      32.76      1.21993      914.949      -2820.02      -1905.07      1.00166      196.885
586      32.816      1.21666      912.496      -2817.57      -1905.07      0.999955      196.887
587      32.872      1.21555      911.66      -2816.74      -1905.08      0.998262      196.889
588      32.928      1.21637      912.279      -2817.38      -1905.1      0.996575      196.891
589      32.984      1.21883      914.12      -2819.24      -1905.12      0.994895      196.894
590      33.04      1.22253      916.9      -2822.04      -1905.14      0.993221      196.896
591      33.096      1.22708      920.309      -2825.47      -1905.16      0.991554      196.899
592      33.152      1.23206      924.043      -2829.22      -1905.17      0.989894      196.902
593      33.208      1.2371      927.828      -2833.02      -1905.19      0.988241      196.905
594      33.264      1.24191      931.429      -2836.63      -1905.2      0.986594      196.908
595      33.32      1.24621      934.655      -2839.86      -1905.21      0.984954      196.912
596      33.376      1.2498      937.349      -2842.56      -1905.22      0.98332      196.916
597      33.432      1.25249      939.371      -2844.59      -1905.22      0.981692      196.92
598      33.488      1.25413      940.594      -2845.82      -1905.23      0.980071      196.924
599      33.544      1.25455      940.91      -2846.14      -1905.23      0.978455      196.928
600      33.6      1.25367      940.253      -2845.49      -1905.23      0.976845      196.932
601      33.656      1.25151      938.635      -2843.86      -1905.23      0.975241      196.936
602      33.712      1.24823      936.171      -2841.38      -1905.21      0.973642      196.941
603      33.768      1.24411      933.084      -2838.28      -1905.19      0.972049      196.945
604      33.824      1.23955      929.664      -2834.84      -1905.17      0.970462      196.949
605      33.88      1.23497      926.227      -2831.38      -1905.15      0.96888      196.954
606      33.936      1.23074      923.055      -2828.19      -1905.14      0.967303      196.958
607      33.992      1.22715      920.365      -2825.5      -1905.13      0.965732      196.963
608      34.048      1.22441      918.307      -2823.43      -1905.13      0.964166      196.968
609      34.104      1.22264      916.976      -2822.1      -1905.12      0.962606      196.972
610      34.16      1.2219      916.428      -2821.55      -1905.12      0.961051      196.977
611      34.216      1.22226      916.695      -2821.81      -1905.12      0.959502      196.982
612      34.272      1.22373      917.801      -2822.92      -1905.12      0.957959      196.987
613      34.328      1.22633      919.751      -2824.87      -1905.12      0.95642      196.992
614      34.384      1.23004      922.531      -2827.65      -1905.12      0.954887      196.997
615      34.44      1.2348      926.1      -2831.22      -1905.12      0.953359      197.002
616      34.496      1.2405      930.372      -2835.5      -1905.13      0.951836      197.007
617      34.552      1.24694      935.208      -2840.35      -1905.14      0.950317      197.012
618      34.608      1.25388      940.414      -2845.57      -1905.15      0.948804      197.017
619      34.664      1.261      945.752      -2850.92      -1905.17      0.947294      197.022
620      34.72      1.26794      950.958      -2856.14      -1905.18      0.945789      197.027
621      34.776      1.27435      955.764      -2860.96      -1905.2      0.944289      197.031
622      34.832      1.27989      959.918      -2865.13      -1905.21      0.942792      197.036
623      34.888      1.28429      963.218      -2868.44      -1905.22      0.941299      197.04
624      34.944      1.28738      965.535      -2870.75      -1905.22      0.939811      197.044
625      35      1.2891      966.821      -2872.04      -1905.21      0.938326      197.048
626      35.056      1.2895      967.126      -2872.33      -1905.21      0.936846      197.052
627      35.112      1.28879      966.589      -2871.78      -1905.19      0.935369      197.056
628      35.168      1.28723      965.419      -2870.59      -1905.18      0.933897      197.06
629      35.224      1.28515      963.861      -2869.02      -1905.16      0.932428      197.063
630      35.28      1.28288      962.161      -2867.31      -1905.15      0.930965      197.067
631      35.336      1.2807      960.526      -2865.67      -1905.14      0.929505      197.07
632      35.392      1.27879      959.092      -2864.23      -1905.14      0.92805      197.073
633      35.448      1.27722      957.916      -2863.06      -1905.14      0.9266      197.077
634      35.504      1.27597      956.98      -2862.13      -1905.15      0.925154      197.08
635      35.56      1.27496      956.22      -2861.38      -1905.16      0.923714      197.084
636      35.616      1.27406      955.545      -2860.71      -1905.16      0.922277      197.087
637      35.672      1.27317      954.88      -2860.05      -1905.17      0.920846      197.09
638      35.728      1.27225      954.188      -2859.36      -1905.17      0.919419      197.094
639      35.784      1.27133      953.494      -2858.66      -1905.17      0.917996      197.098
640      35.84      1.27051      952.881      -2858.04      -1905.16      0.916579      197.101
641      35.896      1.26996      952.467      -2857.62      -1905.15      0.915166      197.105
642      35.952      1.26985      952.384      -2857.53      -1905.14      0.913757      197.108
643      36.008      1.27032      952.741      -2857.88      -1905.14      0.912352      197.112
644      36.064      1.27145      953.59      -2858.73      -1905.14      0.910952      197.116
645      36.12      1.27322      954.912      -2860.05      -1905.14      0.909557      197.119
646      36.176      1.27551      956.632      -2861.78      -1905.15      0.908165      197.123
647      36.232      1.27818      958.635      -2863.79      -1905.16      0.906778      197.126
648      36.288      1.28106      960.792      -2865.95      -1905.16      0.905395      197.13
649      36.344      1.28399      962.99      -2868.16      -1905.17      0.904016      197.133
650      36.4      1.28685      965.14      -2870.31      -1905.17      0.902642      197.137
651      36.456      1.28957      967.176      -2872.35      -1905.17      0.901272      197.141
652      36.512      1.29206      969.048      -2874.22      -1905.17      0.899906      197.144
653      36.568      1.29429      970.715      -2875.89      -1905.18      0.898544      197.148
654      36.624      1.29618      972.132      -2877.31      -1905.18      0.897187      197.152
655      36.68      1.29769      973.264      -2878.44      -1905.18      0.895835      197.155
656      36.736      1.29878      974.087      -2879.27      -1905.18      0.894486      197.159
657      36.792      1.29946      974.594      -2879.77      -1905.18      0.893142      197.163
658      36.848      1.29973      974.799      -2879.98      -1905.18      0.891802      197.167
659      36.904      1.29963      974.725      -2879.9      -1905.18      0.890466      197.171
660      36.96      1.2992      974.396      -2879.58      -1905.18      0.889134      197.174
661      37.016      1.29844      973.829      -2879.01      -1905.18      0.887805      197.178
662      37.072      1.29738      973.038      -2878.22      -1905.18      0.886479      197.181
663      37.128      1.29605      972.034      -2877.21      -1905.18      0.885157      197.185
664      37.184      1.29444      970.832      -2876.01      -1905.18      0.883837      197.188
665      37.24      1.29261      969.46      -2874.64      -1905.18      0.88252      197.19
666      37.296      1.29061      967.956      -2873.13      -1905.18      0.881206      197.193
667      37.352      1.28847      966.352      -2871.53      -1905.18      0.879895      197.195
668      37.408      1.28624      964.679      -2869.86      -1905.18      0.878587      197.197
669      37.464      1.28395      962.961      -2868.14      -1905.18      0.877281      197.199
670      37.52      1.28163      961.225      -2866.4      -1905.18      0.875979      197.2
671      37.576      1.27935      959.514      -2864.69      -1905.17      0.87468      197.202
672      37.632      1.27722      957.913      -2863.08      -1905.16      0.873385      197.203
673      37.688      1.27541      956.556      -2861.71      -1905.15      0.872094      197.205
674      37.744      1.27417      955.629      -2860.77      -1905.14      0.870806      197.206
675      37.8      1.27381      955.354      -2860.48      -1905.12      0.869523      197.208
676      37.856      1.2746      955.952      -2861.06      -1905.11      0.868245      197.21
677      37.912      1.2768      957.601      -2862.71      -1905.11      0.866972      197.212
678      37.968      1.28052      960.393      -2865.5      -1905.11      0.865703      197.214
679      38.024      1.28573      964.3      -2869.42      -1905.12      0.864439      197.217
680      38.08      1.29224      969.182      -2874.31      -1905.13      0.863181      197.22
681      38.136      1.29974      974.804      -2879.95      -1905.15      0.861928      197.223
682      38.192      1.30782      980.863      -2886.03      -1905.17      0.860679      197.226
683      38.248      1.31604      987.032      -2892.22      -1905.19      0.859436      197.23
684      38.304      1.32397      992.977      -2898.19      -1905.21      0.858197      197.234
685      38.36      1.33116      998.369      -2903.6      -1905.23      0.856963      197.239
686      38.416      1.33721      1002.91      -2908.15      -1905.25      0.855732      197.243
687      38.472      1.34178      1006.34      -2911.59      -1905.26      0.854506      197.247
688      38.528      1.34464      1008.48      -2913.75      -1905.26      0.853283      197.252
689      38.584      1.34568      1009.26      -2914.53      -1905.26      0.852062      197.256
690      38.64      1.34491      1008.69      -2913.95      -1905.26      0.850844      197.26
691      38.696      1.34243      1006.83      -2912.08      -1905.26      0.849627      197.263
692      38.752      1.33837      1003.78      -2909.03      -1905.25      0.848412      197.266
693      38.808      1.33285      999.635      -2904.88      -1905.25      0.847198      197.268
694      38.864      1.32598      994.482      -2899.72      -1905.24      0.845985      197.27
695      38.92      1.31793      988.445      -2893.67      -1905.23      0.844773      197.271
696      38.976      1.30898      981.734      -2886.94      -1905.21      0.843561      197.272
697      39.032      1.29959      974.693      -2879.87      -1905.18      0.842349      197.271
698      39.088      1.29039      967.795      -2872.94      -1905.14      0.841138      197.27
699      39.144      1.28212      961.593      -2866.7      -1905.1      0.839927      197.269
700      39.2      1.27549      956.616      -2861.69      -1905.08      0.838716      197.266
701      39.256      1.27103      953.274      -2858.34      -1905.06      0.837506      197.263
702      39.312      1.26903      951.769      -2856.83      -1905.06      0.836296      197.259
703      39.368      1.26942      952.064      -2857.14      -1905.08      0.835087      197.254
704      39.424      1.27186      953.894      -2859      -1905.11      0.833879      197.249
705      39.48      1.27577      956.831      -2861.97      -1905.14      0.832671      197.243
706      39.536      1.28047      960.355      -2865.52      -1905.17      0.831465      197.237
707      39.592      1.28524      963.932      -2869.13      -1905.2      0.83026      197.23
708      39.648      1.28944      967.083      -2872.3      -1905.22      0.829056      197.222
709      39.704      1.29257      969.427      -2874.66      -1905.24      0.827854      197.215
710      39.76      1.29428      970.708      -2875.95      -1905.24      0.826653      197.206
711      39.816      1.29441      970.806      -2876.05      -1905.24      0.825454      197.198
712      39.872      1.29298      969.733      -2874.96      -1905.23      0.824256      197.188
713      39.928      1.29015      967.611      -2872.83      -1905.22      0.823061      197.179
714      39.984      1.28619      964.644      -2869.84      -1905.2      0.821867      197.169
715      40.04      1.28145      961.085      -2866.27      -1905.18      0.820675      197.159
716      40.096      1.27627      957.205      -2862.37      -1905.17      0.819484      197.148
717      40.152      1.27101      953.26      -2858.41      -1905.15      0.818296      197.137
718      40.208      1.26595      949.462      -2854.6      -1905.14      0.817109      197.126
719      40.264      1.26128      945.962      -2851.1      -1905.14      0.815924      197.114
720      40.32      1.25712      942.837      -2847.98      -1905.14      0.814741      197.102
721      40.376      1.25346      940.092      -2845.23      -1905.14      0.81356      197.09
722      40.432      1.25023      937.673      -2842.82      -1905.15      0.812381      197.077
723      40.488      1.24731      935.484      -2840.64      -1905.16      0.811204      197.064
724      40.544      1.24455      933.413      -2838.58      -1905.17      0.810029      197.051
725      40.6      1.24181      931.358      -2836.53      -1905.17      0.808856      197.037
726      40.656      1.239      929.247      -2834.42      -1905.17      0.807685      197.023
727      40.712      1.23607      927.049      -2832.22      -1905.17      0.806517      197.009
728      40.768      1.23304      924.777      -2829.95      -1905.17      0.805351      196.995
729      40.824      1.22997      922.479      -2827.65      -1905.17      0.804188      196.981
730      40.88      1.22699      920.241      -2825.4      -1905.16      0.803027      196.966
731      40.936      1.22423      918.174      -2823.33      -1905.15      0.801869      196.952
732      40.992      1.22188      916.413      -2821.56      -1905.14      0.800714      196.937
733      41.048      1.22013      915.101      -2820.24      -1905.14      0.799563      196.923
734      41.104      1.21916      914.368      -2819.5      -1905.13      0.798415      196.908
735      41.16      1.21908      914.312      -2819.44      -1905.13      0.79727      196.894
736      41.216      1.21998      914.985      -2820.11      -1905.13      0.796129      196.88
737      41.272      1.22184      916.379      -2821.51      -1905.13      0.794992      196.865
738      41.328      1.22457      918.43      -2823.57      -1905.14      0.793859      196.852
739      41.384      1.22803      921.025      -2826.18      -1905.15      0.792731      196.838
740      41.44      1.23201      924.01      -2829.17      -1905.16      0.791607      196.825
741      41.496      1.23628      927.212      -2832.39      -1905.18      0.790487      196.812
742      41.552      1.24062      930.463      -2835.65      -1905.19      0.789373      196.8
743      41.608      1.24483      933.62      -2838.81      -1905.19      0.788263      196.788
744      41.664      1.24878      936.582      -2841.78      -1905.2      0.787159      196.777
745      41.72      1.2524      939.3      -2844.5      -1905.2      0.786059      196.766
746      41.776      1.25569      941.768      -2846.96      -1905.19      0.784965      196.756
747      41.832      1.25868      944.009      -2849.2      -1905.19      0.783875      196.746
748      41.888      1.26141      946.054      -2851.24      -1905.19      0.78279      196.737
749      41.944      1.2639      947.927      -2853.11      -1905.19      0.781711      196.728
750      42      1.26617      949.63      -2854.82      -1905.19      0.780635      196.72
751      42.056      1.26819      951.141      -2856.33      -1905.19      0.779564      196.712
752      42.112      1.26988      952.412      -2857.61      -1905.19      0.778498      196.705
753      42.168      1.27117      953.376      -2858.57      -1905.2      0.777435      196.697
754      42.224      1.27195      953.959      -2859.16      -1905.2      0.776376      196.69
755      42.28      1.27213      954.1      -2859.3      -1905.2      0.77532      196.683
756      42.336      1.27169      953.766      -2858.96      -1905.2      0.774267      196.676
757      42.392      1.27061      952.958      -2858.15      -1905.19      0.773218      196.669
758      42.448      1.26895      951.715      -2856.9      -1905.19      0.772171      196.663
759      42.504      1.26681      950.109      -2855.29      -1905.18      0.771126      196.656
760      42.56      1.26433      948.247      -2853.42      -1905.17      0.770085      196.649
761      42.616      1.26168      946.259      -2851.42      -1905.16      0.769045      196.642
762      42.672      1.25906      944.293      -2849.45      -1905.15      0.768007      196.634
763      42.728      1.25668      942.51      -2847.65      -1905.14      0.766972      196.627
764      42.784      1.25474      941.055      -2846.19      -1905.13      0.765939      196.62
765      42.84      1.2534      940.05      -2845.18      -1905.13      0.764909      196.612
766      42.896      1.25277      939.578      -2844.71      -1905.13      0.76388      196.604
767      42.952      1.25289      939.669      -2844.8      -1905.13      0.762854      196.597
768      43.008      1.25372      940.29      -2845.43      -1905.14      0.761831      196.589
769      43.064      1.25514      941.356      -2846.5      -1905.14      0.76081      196.581
770      43.12      1.257      942.749      -2847.9      -1905.15      0.759792      196.573
771      43.176      1.25911      944.331      -2849.49      -1905.16      0.758776      196.565
772      43.232      1.26128      945.963      -2851.13      -1905.17      0.757763      196.558
773      43.288      1.26335      947.515      -2852.69      -1905.18      0.756753      196.55
774      43.344      1.26515      948.863      -2854.05      -1905.18      0.755745      196.542
775      43.4      1.26653      949.901      -2855.09      -1905.19      0.75474      196.534
776      43.456      1.26739      950.542      -2855.74      -1905.19      0.753738      196.527
777      43.512      1.26764      950.732      -2855.93      -1905.19      0.752739      196.519
778      43.568      1.26728      950.457      -2855.65      -1905.19      0.751742      196.511
779      43.624      1.26633      949.745      -2854.93      -1905.19      0.750747      196.504
780      43.68      1.26488      948.661      -2853.84      -1905.18      0.749756      196.496
781      43.736      1.26306      947.295      -2852.47      -1905.18      0.748766      196.488
782      43.792      1.26099      945.744      -2850.92      -1905.17      0.74778      196.481
783      43.848      1.25878      944.085      -2849.26      -1905.17      0.746797      196.473
784      43.904      1.2565      942.372      -2847.54      -1905.17      0.745816      196.466
785      43.96      1.25417      940.63      -2845.8      -1905.17      0.744839      196.459
786      44.016      1.25183      938.874      -2844.04      -1905.17      0.743865      196.452
787      44.072      1.24952      937.137      -2842.3      -1905.17      0.742894      196.445
788      44.128      1.24732      935.487      -2840.65      -1905.16      0.741926      196.438
789      44.184      1.24539      934.041      -2839.19      -1905.15      0.740962      196.432
790      44.24      1.24394      932.956      -2838.1      -1905.14      0.740002      196.426
791      44.296      1.24322      932.411      -2837.54      -1905.13      0.739045      196.421
792      44.352      1.24344      932.579      -2837.7      -1905.12      0.738093      196.415
793      44.408      1.24478      933.588      -2838.7      -1905.11      0.737144      196.41
794      44.464      1.24733      935.494      -2840.61      -1905.12      0.736199      196.406
795      44.52      1.25102      938.267      -2843.39      -1905.12      0.735258      196.402
796      44.576      1.25573      941.797      -2846.93      -1905.13      0.734321      196.399
797      44.632      1.26122      945.913      -2851.06      -1905.14      0.733389      196.396
798      44.688      1.26722      950.416      -2855.57      -1905.16      0.73246      196.393
799      44.744      1.27346      955.098      -2860.27      -1905.17      0.731536      196.391
800      44.8      1.2797      959.773      -2864.95      -1905.18      0.730617      196.39
801      44.856      1.2857      964.276      -2869.46      -1905.19      0.729702      196.389
802      44.912      1.29128      968.464      -2873.66      -1905.19      0.728791      196.389
803      44.968      1.29627      972.202      -2877.4      -1905.2      0.727886      196.389
804      45.024      1.30048      975.357      -2880.56      -1905.21      0.726985      196.391
805      45.08      1.30374      977.804      -2883.02      -1905.21      0.726089      196.393
806      45.136      1.30593      979.448      -2884.66      -1905.22      0.725199      196.395
807      45.192      1.30699      980.245      -2885.46      -1905.21      0.724314      196.399
808      45.248      1.30695      980.215      -2885.42      -1905.21      0.723434      196.404
809      45.304      1.30593      979.45      -2884.65      -1905.2      0.722559      196.409
810      45.36      1.30412      978.093      -2883.28      -1905.19      0.72169      196.415
811      45.416      1.30175      976.314      -2881.49      -1905.17      0.720827      196.423
812      45.472      1.29904      974.28      -2879.44      -1905.17      0.71997      196.431
813      45.528      1.29617      972.126      -2877.29      -1905.16      0.719118      196.44
814      45.584      1.29326      969.943      -2875.1      -1905.16      0.718272      196.45
815      45.64      1.29036      967.771      -2872.93      -1905.16      0.717431      196.461
816      45.696      1.28747      965.602      -2870.76      -1905.16      0.716596      196.473
817      45.752      1.28453      963.395      -2868.56      -1905.17      0.715767      196.487
818      45.808      1.28146      961.094      -2866.27      -1905.17      0.714943      196.501
819      45.864      1.2782      958.651      -2863.83      -1905.18      0.714125      196.516
820      45.92      1.27473      956.047      -2861.22      -1905.18      0.713311      196.532
821      45.976      1.27106      953.297      -2858.47      -1905.17      0.712503      196.548
822      46.032      1.26728      950.461      -2855.63      -1905.17      0.711699      196.566
823      46.088      1.26352      947.641      -2852.8      -1905.16      0.7109      196.584
824      46.144      1.25995      944.965      -2850.12      -1905.16      0.710105      196.603
825      46.2      1.25678      942.582      -2847.73      -1905.15      0.709314      196.622
826      46.256      1.25419      940.64      -2845.78      -1905.14      0.708527      196.642
827      46.312      1.25237      939.276      -2844.41      -1905.13      0.707744      196.662
828      46.368      1.25146      938.596      -2843.72      -1905.13      0.706963      196.683
829      46.424      1.25154      938.656      -2843.79      -1905.13      0.706185      196.704
830      46.48      1.25261      939.459      -2844.59      -1905.13      0.70541      196.725
831      46.536      1.2546      940.953      -2846.09      -1905.14      0.704637      196.746
832      46.592      1.25739      943.045      -2848.19      -1905.14      0.703866      196.767
833      46.648      1.26083      945.619      -2850.77      -1905.15      0.703097      196.788
834      46.704      1.26474      948.553      -2853.71      -1905.16      0.70233      196.81
835      46.76      1.26896      951.723      -2856.88      -1905.16      0.701563      196.831
836      46.816      1.27334      955.009      -2860.18      -1905.17      0.700798      196.851
837      46.872      1.27771      958.281      -2863.46      -1905.17      0.700034      196.872
838      46.928      1.28187      961.406      -2866.59      -1905.18      0.69927      196.892
839      46.984      1.28566      964.249      -2869.44      -1905.19      0.698507      196.912
840      47.04      1.28891      966.683      -2871.88      -1905.19      0.697745      196.932
841      47.096      1.29147      968.605      -2873.8      -1905.2      0.696984      196.951
842      47.152      1.29326      969.942      -2875.14      -1905.2      0.696224      196.97
843      47.208      1.29421      970.659      -2875.86      -1905.2      0.695464      196.989
844      47.264      1.29434      970.756      -2875.95      -1905.2      0.694705      197.007
845      47.32      1.29369      970.264      -2875.46      -1905.19      0.693947      197.025
846      47.376      1.29232      969.241      -2874.43      -1905.19      0.69319      197.043
847      47.432      1.29037      967.778      -2872.96      -1905.18      0.692434      197.061
848      47.488      1.288      965.998      -2871.17      -1905.17      0.691679      197.079
849      47.544      1.28541      964.057      -2869.22      -1905.16      0.690926      197.096
850      47.6      1.28284      962.132      -2867.28      -1905.15      0.690173      197.114
851      47.656      1.28055      960.412      -2865.55      -1905.14      0.689423      197.131
852      47.712      1.27876      959.073      -2864.2      -1905.13      0.688673      197.148
853      47.768      1.27769      958.264      -2863.38      -1905.12      0.687925      197.165
854      47.824      1.27746      958.093      -2863.21      -1905.12      0.687179      197.182
855      47.88      1.27816      958.618      -2863.73      -1905.12      0.686434      197.199
856      47.936      1.27979      959.842      -2864.96      -1905.12      0.685691      197.216
857      47.992      1.28229      961.715      -2866.84      -1905.13      0.684949      197.232
858      48.048      1.28551      964.132      -2869.27      -1905.14      0.684209      197.249
859      48.104      1.28924      966.927      -2872.08      -1905.15      0.68347      197.266
860      48.16      1.29318      969.886      -2875.05      -1905.17      0.682734      197.283
861      48.216      1.29702      972.763      -2877.95      -1905.18      0.681998      197.299
862      48.272      1.30042      975.311      -2880.51      -1905.2      0.681264      197.316
863      48.328      1.30309      977.318      -2882.52      -1905.21      0.680531      197.332
864      48.384      1.30486      978.642      -2883.85      -1905.21      0.679798      197.348
865      48.44      1.30565      979.236      -2884.44      -1905.2      0.679067      197.364
866      48.496      1.30552      979.136      -2884.34      -1905.2      0.678335      197.379
867      48.552      1.30458      978.438      -2883.63      -1905.19      0.677604      197.394
868      48.608      1.30301      977.259      -2882.44      -1905.18      0.676873      197.409
869      48.664      1.30093      975.7      -2880.88      -1905.18      0.676141      197.422
870      48.72      1.29842      973.817      -2879      -1905.18      0.675408      197.435
871      48.776      1.29548      971.613      -2876.8      -1905.19      0.674675      197.448
872      48.832      1.29205      969.038      -2874.23      -1905.19      0.673942      197.46
873      48.888      1.28801      966.006      -2871.21      -1905.2      0.673208      197.471
874      48.944      1.28323      962.424      -2867.64      -1905.21      0.672473      197.481
875      49      1.27762      958.214      -2863.43      -1905.22      0.671737      197.491
876      49.056      1.27111      953.334      -2858.55      -1905.22      0.671001      197.5
877      49.112      1.26373      947.797      -2853.02      -1905.22      0.670264      197.508
878      49.168      1.25559      941.691      -2846.91      -1905.21      0.669526      197.516
879      49.224      1.24691      935.181      -2840.38      -1905.2      0.668788      197.523
880      49.28      1.23803      928.523      -2833.71      -1905.18      0.66805      197.529
881      49.336      1.22942      922.062      -2827.22      -1905.16      0.667311      197.535
882      49.392      1.22163      916.226      -2821.36      -1905.13      0.666572      197.54
883      49.448      1.21532      911.493      -2816.6      -1905.1      0.665833      197.545
884      49.504      1.21112      908.339      -2813.42      -1905.08      0.665093      197.549
885      49.56      1.20953      907.148      -2812.22      -1905.07      0.664354      197.552
886      49.616      1.21082      908.112      -2813.19      -1905.07      0.663615      197.555
887      49.672      1.21489      911.167      -2816.26      -1905.1      0.662876      197.558
888      49.728      1.22133      915.995      -2821.12      -1905.13      0.662138      197.561
889      49.784      1.22945      922.09      -2827.26      -1905.17      0.6614      197.563
890      49.84      1.23849      928.864      -2834.07      -1905.2      0.660663      197.565
891      49.896      1.24766      935.747      -2840.98      -1905.23      0.659927      197.566
892      49.952      1.25635      942.259      -2847.51      -1905.25      0.659192      197.568
893      50.008      1.26408      948.057      -2853.31      -1905.26      0.658457      197.569
894      50.064      1.27059      952.942      -2858.2      -1905.26      0.657724      197.57
895      50.12      1.27582      956.863      -2862.11      -1905.25      0.656992      197.571
896      50.176      1.27985      959.887      -2865.12      -1905.24      0.656261      197.571
897      50.232      1.28291      962.18      -2867.4      -1905.22      0.655531      197.572
898      50.288      1.28529      963.968      -2869.17      -1905.2      0.654803      197.572
899      50.344      1.28732      965.493      -2870.68      -1905.19      0.654076      197.573
900      50.4      1.28928      966.956      -2872.13      -1905.18      0.65335      197.573
901      50.456      1.29131      968.484      -2873.66      -1905.17      0.652626      197.573
902      50.512      1.29348      970.112      -2875.29      -1905.18      0.651903      197.574
903      50.568      1.29572      971.794      -2876.98      -1905.18      0.651182      197.574
904      50.624      1.2979      973.424      -2878.62      -1905.19      0.650463      197.574
905      50.68      1.29983      974.875      -2880.07      -1905.2      0.649746      197.575
906      50.736      1.30136      976.017      -2881.22      -1905.2      0.64903      197.575
907      50.792      1.30232      976.74      -2881.95      -1905.21      0.648317      197.576
908      50.848      1.30262      976.962      -2882.17      -1905.21      0.647606      197.577
909      50.904      1.30217      976.631      -2881.84      -1905.21      0.646896      197.578
910      50.96      1.30096      975.717      -2880.93      -1905.21      0.646189      197.579
911      51.016      1.29893      974.2      -2879.41      -1905.21      0.645484      197.58
912      51.072      1.29608      972.059      -2877.28      -1905.22      0.644782      197.582
913      51.128      1.29235      969.265      -2874.49      -1905.22      0.644081      197.583
914      51.184      1.28771      965.78      -2871      -1905.22      0.643383      197.585
915      51.24      1.28209      961.571      -2866.8      -1905.23      0.642686      197.587
916      51.296      1.2755      956.622      -2861.85      -1905.23      0.641991      197.59
917      51.352      1.26796      950.97      -2856.19      -1905.22      0.641298      197.592
918      51.408      1.25962      944.716      -2849.93      -1905.21      0.640606      197.594
919      51.464      1.25071      938.035      -2843.24      -1905.2      0.639916      197.596
920      51.52      1.24157      931.178      -2836.36      -1905.18      0.639226      197.597
921      51.576      1.23261      924.461      -2829.62      -1905.16      0.638537      197.599
922      51.632      1.22432      918.238      -2823.38      -1905.14      0.637848      197.6
923      51.688      1.21717      912.881      -2818      -1905.12      0.63716      197.601
924      51.744      1.21164      908.729      -2813.83      -1905.1      0.636472      197.602
925      51.8      1.20807      906.056      -2811.15      -1905.09      0.635783      197.601
926      51.856      1.20671      905.034      -2810.12      -1905.09      0.635095      197.601
927      51.912      1.20762      905.718      -2810.81      -1905.09      0.634407      197.6
928      51.968      1.21074      908.053      -2813.16      -1905.1      0.633718      197.598
929      52.024      1.21585      911.886      -2817.01      -1905.12      0.633029      197.596
930      52.08      1.22265      916.986      -2822.12      -1905.14      0.632341      197.594
931      52.136      1.23075      923.063      -2828.22      -1905.16      0.631652      197.591
932      52.192      1.23971      929.785      -2834.96      -1905.18      0.630964      197.588
933      52.248      1.24905      936.79      -2841.99      -1905.2      0.630277      197.584
934      52.304      1.25829      943.714      -2848.94      -1905.22      0.629591      197.581
935      52.36      1.26695      950.215      -2855.45      -1905.24      0.628906      197.577
936      52.416      1.27467      956.005      -2861.26      -1905.25      0.628223      197.574
937      52.472      1.28117      960.881      -2866.14      -1905.26      0.627541      197.57
938      52.528      1.28631      964.734      -2869.99      -1905.26      0.626862      197.567
939      52.584      1.29007      967.554      -2872.81      -1905.25      0.626184      197.564
940      52.64      1.29257      969.426      -2874.67      -1905.24      0.625509      197.561
941      52.696      1.29401      970.505      -2875.73      -1905.23      0.624837      197.559
942      52.752      1.29465      970.99      -2876.2      -1905.21      0.624168      197.557
943      52.808      1.29481      971.106      -2876.3      -1905.2      0.623501      197.555
944      52.864      1.29478      971.088      -2876.27      -1905.19      0.622838      197.554
945      52.92      1.29489      971.165      -2876.34      -1905.17      0.622177      197.554
946      52.976      1.29538      971.538      -2876.7      -1905.16      0.62152      197.554
947      53.032      1.29651      972.379      -2877.53      -1905.15      0.620865      197.554
948      53.088      1.29843      973.825      -2878.97      -1905.15      0.620214      197.556
949      53.144      1.3013      975.972      -2881.12      -1905.15      0.619565      197.557
950      53.2      1.30515      978.865      -2884.01      -1905.15      0.61892      197.559
951      53.256      1.30999      982.489      -2887.64      -1905.15      0.618277      197.562
952      53.312      1.31568      986.756      -2891.92      -1905.17      0.617636      197.564
953      53.368      1.32199      991.489      -2896.67      -1905.18      0.616997      197.568
954      53.424      1.32857      996.426      -2901.63      -1905.2      0.616361      197.571
955      53.48      1.33498      1001.24      -2906.46      -1905.22      0.615726      197.574
956      53.536      1.34076      1005.57      -2910.81      -1905.24      0.615093      197.578
957      53.592      1.34543      1009.07      -2914.33      -1905.26      0.61446      197.581
958      53.648      1.34863      1011.47      -2916.74      -1905.27      0.613829      197.584
959      53.704      1.35009      1012.57      -2917.85      -1905.28      0.613198      197.587
960      53.76      1.34973      1012.3      -2917.57      -1905.27      0.612568      197.59
961      53.816      1.34757      1010.68      -2915.94      -1905.26      0.611937      197.592
962      53.872      1.34376      1007.82      -2913.08      -1905.25      0.611307      197.594
963      53.928      1.33851      1003.89      -2909.13      -1905.24      0.610677      197.596
964      53.984      1.33208      999.059      -2904.29      -1905.23      0.610046      197.597
965      54.04      1.32473      993.545      -2898.76      -1905.21      0.609416      197.597
966      54.096      1.31674      987.556      -2892.76      -1905.2      0.608785      197.597
967      54.152      1.30843      981.325      -2886.51      -1905.18      0.608154      197.597
968      54.208      1.30011      975.08      -2880.25      -1905.17      0.607523      197.596
969      54.264      1.29204      969.028      -2874.19      -1905.16      0.606892      197.594
970      54.32      1.28443      963.323      -2868.48      -1905.16      0.606261      197.592
971      54.376      1.27738      958.034      -2863.2      -1905.16      0.60563      197.59
972      54.432      1.27086      953.146      -2858.32      -1905.17      0.604999      197.588
973      54.488      1.26477      948.577      -2853.76      -1905.18      0.604368      197.585
974      54.544      1.25896      944.219      -2849.41      -1905.19      0.603737      197.581
975      54.6      1.25332      939.989      -2845.18      -1905.19      0.603107      197.578
976      54.656      1.24781      935.861      -2841.05      -1905.19      0.602476      197.574
977      54.712      1.24252      931.891      -2837.08      -1905.18      0.601845      197.569
978      54.768      1.23764      928.229      -2833.4      -1905.17      0.601214      197.564
979      54.824      1.23347      925.105      -2830.26      -1905.15      0.600583      197.558
980      54.88      1.2304      922.803      -2827.94      -1905.13      0.599951      197.552
981      54.936      1.22883      921.624      -2826.74      -1905.12      0.599318      197.545
982      54.992      1.22911      921.83      -2826.93      -1905.1      0.598684      197.537
983      55.048      1.23146      923.595      -2828.7      -1905.1      0.59805      197.529
984      55.104      1.23594      926.958      -2832.07      -1905.11      0.597414      197.519
985      55.16      1.2424      931.801      -2836.92      -1905.12      0.596777      197.509
986      55.216      1.25049      937.867      -2843.01      -1905.15      0.596139      197.498
987      55.272      1.25972      944.79      -2849.96      -1905.17      0.5955      197.487
988      55.328      1.26952      952.144      -2857.34      -1905.2      0.59486      197.474
989      55.384      1.27931      959.484      -2864.71      -1905.22      0.594218      197.461
990      55.44      1.28853      966.397      -2871.64      -1905.25      0.593577      197.447
991      55.496      1.29672      972.539      -2877.8      -1905.26      0.592935      197.433
992      55.552      1.30356      977.669      -2882.93      -1905.26      0.592293      197.418
993      55.608      1.3089      981.675      -2886.94      -1905.26      0.591652      197.403
994      55.664      1.31276      984.571      -2889.82      -1905.25      0.591011      197.388
995      55.72      1.31528      986.457      -2891.7      -1905.24      0.59037      197.373
996      55.776      1.31664      987.476      -2892.7      -1905.23      0.589731      197.357
997      55.832      1.31703      987.77      -2892.99      -1905.22      0.589093      197.342
998      55.888      1.3166      987.451      -2892.66      -1905.21      0.588457      197.326
999      55.944      1.31547      986.603      -2891.81      -1905.21      0.587822      197.311
1000      56      1.31373      985.297      -2890.5      -1905.2      0.587188      197.295
1000      56      1.31373      985.297      -2890.5      -1905.2      0.587188      197.295
Execution time in seconds: 1.8595
