Timestep Time Temperature KineticEnergy PotentialEnergy TotalEnergy DiffusionConstant MeanSquareDisplacement
1      0.067      2.43283      1824.62      -3730.19      -1905.57      490.4      197.141
2      0.134      2.4159      1811.92      -3723.84      -1911.91      245.213      197.151
3      0.201      2.38193      1786.45      -3704.75      -1918.3      163.484      197.161
4      0.268      2.33066      1748      -3672.78      -1924.78      122.619      197.172
5      0.335      2.2618      1696.35      -3627.7      -1931.36      98.1011      197.183
6      0.402      2.17509      1631.32      -3569.31      -1938      81.7556      197.195
7      0.469      2.07056      1552.92      -3497.5      -1944.58      70.0803      197.206
8      0.536      1.94887      1461.65      -3412.47      -1950.82      61.3239      197.218
9      0.603      1.81174      1358.81      -3315.11      -1956.3      54.5133      197.229
10      0.67      1.66241      1246.8      -3207.21      -1960.41      49.0647      197.24
11      0.737      1.50591      1129.43      -3091.89      -1962.46      44.6068      197.251
12      0.804      1.34911      1011.84      -2973.63      -1961.8      40.8917      197.261
13      0.871      1.20006      900.043      -2858.12      -1958.08      37.748      197.271
14      0.938      1.06683      800.12      -2751.52      -1951.4      35.0533      197.28
15      1.005      0.956079      717.059      -2659.5      -1942.44      32.7178      197.288
16      1.072      0.871874      653.906      -2586.14      -1932.24      30.6741      197.296
17      1.139      0.815204      611.403      -2533.36      -1921.95      28.8707      197.302
18      1.206      0.784311      588.234      -2500.79      -1912.56      27.2676      197.308
19      1.273      0.775541      581.656      -2486.33      -1904.68      25.8331      197.313
20      1.34      0.784328      588.246      -2486.8      -1898.56      24.542      197.318
21      1.407      0.806031      604.524      -2498.69      -1894.16      23.3738      197.322
22      1.474      0.836452      627.339      -2518.63      -1891.29      22.3117      197.325
23      1.541      0.872074      654.055      -2543.73      -1889.68      21.342      197.328
24      1.608      0.910086      682.565      -2571.62      -1889.05      20.453      197.33
25      1.675      0.948319      711.24      -2600.42      -1889.18      19.6351      197.332
26      1.742      0.985101      738.826      -2628.72      -1889.9      18.88      197.334
27      1.809      1.01911      764.33      -2655.41      -1891.08      18.1809      197.335
28      1.876      1.04929      786.964      -2679.59      -1892.62      17.5317      197.337
29      1.943      1.07482      806.118      -2700.56      -1894.44      16.9273      197.338
30      2.01      1.09518      821.387      -2717.82      -1896.43      16.3631      197.339
31      2.077      1.11015      832.615      -2731.08      -1898.46      15.8353      197.34
32      2.144      1.11991      839.933      -2740.32      -1900.39      15.3406      197.341
33      2.211      1.12501      843.755      -2745.83      -1902.07      14.8758      197.343
34      2.278      1.12629      844.714      -2748.13      -1903.41      14.4384      197.344
35      2.345      1.12475      843.563      -2747.93      -1904.37      14.026      197.346
36      2.412      1.12138      841.037      -2746      -1904.96      13.6366      197.348
37      2.479      1.11704      837.779      -2743.03      -1905.25      13.2682      197.351
38      2.546      1.11238      834.289      -2739.58      -1905.3      12.9192      197.354
39      2.613      1.10796      830.97      -2736.12      -1905.15      12.5882      197.358
40      2.68      1.10431      828.235      -2733.03      -1904.79      12.2737      197.362
41      2.747      1.10206      826.543      -2730.74      -1904.2      11.9746      197.366
42      2.814      1.10185      826.387      -2729.75      -1903.37      11.6898      197.37
43      2.881      1.10422      828.168      -2730.53      -1902.36      11.4182      197.375
44      2.948      1.10936      832.022      -2733.35      -1901.33      11.1589      197.379
45      3.015      1.11698      837.733      -2738.18      -1900.45      10.9112      197.384
46      3.082      1.12641      844.804      -2744.64      -1899.84      10.6742      197.388
47      3.149      1.13686      852.644      -2752.18      -1899.53      10.4473      197.392
48      3.216      1.14764      860.731      -2760.2      -1899.47      10.2299      197.396
49      3.283      1.15828      868.71      -2768.28      -1899.57      10.0213      197.399
50      3.35      1.16852      876.387      -2776.13      -1899.74      9.82095      197.401
51      3.417      1.17822      883.667      -2783.62      -1899.96      9.62845      197.403
52      3.484      1.18734      890.505      -2790.69      -1900.19      9.44331      197.403
53      3.551      1.1958      896.853      -2797.3      -1900.44      9.2651      197.402
54      3.618      1.20357      902.681      -2803.39      -1900.71      9.09344      197.4
55      3.685      1.21067      908.001      -2808.96      -1900.96      8.92795      197.397
56      3.752      1.2172      912.899      -2814.06      -1901.16      8.76831      197.392
57      3.819      1.2234      917.548      -2818.81      -1901.26      8.61421      197.386
58      3.886      1.22958      922.184      -2823.42      -1901.24      8.46536      197.378
59      3.953      1.23608      927.059      -2828.15      -1901.09      8.32151      197.37
60      4.02      1.24317      932.377      -2833.23      -1900.86      8.1824      197.359
61      4.087      1.25095      938.214      -2838.81      -1900.6      8.04781      197.348
62      4.154      1.25929      944.468      -2844.88      -1900.41      7.91753      197.336
63      4.221      1.26782      950.864      -2851.24      -1900.38      7.79136      197.324
64      4.288      1.27601      957.007      -2857.56      -1900.56      7.66912      197.311
65      4.355      1.28326      962.448      -2863.41      -1900.96      7.55063      197.298
66      4.422      1.28907      966.799      -2868.34      -1901.54      7.43574      197.285
67      4.489      1.29306      969.794      -2872.03      -1902.24      7.32428      197.272
68      4.556      1.29508      971.313      -2874.29      -1902.98      7.21613      197.26
69      4.623      1.29516      971.369      -2875.06      -1903.69      7.11113      197.249
70      4.69      1.2934      970.052      -2874.41      -1904.36      7.00917      197.238
71      4.757      1.29      967.503      -2872.45      -1904.95      6.91011      197.228
72      4.824      1.28521      963.909      -2869.34      -1905.43      6.81384      197.22
73      4.891      1.27936      959.518      -2865.3      -1905.79      6.72025      197.212
74      4.958      1.2729      954.673      -2860.63      -1905.96      6.62923      197.206
75      5.025      1.26642      949.817      -2855.71      -1905.89      6.54067      197.201
76      5.092      1.26063      945.472      -2851.03      -1905.56      6.45448      197.197
77      5.159      1.2562      942.146      -2847.14      -1904.99      6.37055      197.194
78      5.226      1.25361      940.208      -2844.47      -1904.26      6.28881      197.192
79      5.293      1.25306      939.793      -2843.29      -1903.5      6.20916      197.191
80      5.36      1.25447      940.854      -2843.63      -1902.77      6.13154      197.19
81      5.427      1.25769      943.27      -2845.39      -1902.12      6.05586      197.191
82      5.494      1.26263      946.969      -2848.46      -1901.49      5.98206      197.193
83      5.561      1.26927      951.955      -2852.81      -1900.85      5.91007      197.196
84      5.628      1.27766      958.245      -2858.46      -1900.22      5.83983      197.2
85      5.695      1.28769      965.767      -2865.4      -1899.63      5.77128      197.205
86      5.762      1.29904      974.281      -2873.47      -1899.19      5.70435      197.211
87      5.829      1.3112      983.398      -2882.35      -1898.95      5.639      197.218
88      5.896      1.32349      992.619      -2891.59      -1898.97      5.57516      197.227
89      5.963      1.33527      1001.45      -2900.69      -1899.23      5.51278      197.236
90      6.03      1.346      1009.5      -2909.18      -1899.68      5.45181      197.246
91      6.097      1.35531      1016.48      -2916.72      -1900.24      5.3922      197.258
92      6.164      1.36303      1022.28      -2923.12      -1900.85      5.33391      197.269
93      6.231      1.36912      1026.84      -2928.31      -1901.47      5.27689      197.282
94      6.298      1.37354      1030.16      -2932.26      -1902.1      5.22109      197.294
95      6.365      1.37623      1032.17      -2934.93      -1902.76      5.16647      197.308
96      6.432      1.37709      1032.82      -2936.27      -1903.45      5.113      197.321
97      6.499      1.37603      1032.03      -2936.2      -1904.17      5.06063      197.334
98      6.566      1.3731      1029.82      -2934.69      -1904.86      5.00932      197.347
99      6.633      1.3685      1026.37      -2931.83      -1905.46      4.95905      197.36
100      6.7      1.36264      1021.98      -2927.86      -1905.88      4.90978      197.373
101      6.767      1.35606      1017.05      -2923.14      -1906.1      4.86147      197.385
102      6.834      1.34934      1012.01      -2918.1      -1906.1      4.8141      197.397
103      6.901      1.34295      1007.22      -2913.15      -1905.93      4.76764      197.409
104      6.968      1.33719      1002.9      -2908.57      -1905.68      4.72206      197.42
105      7.035      1.33214      999.106      -2904.51      -1905.41      4.67733      197.43
106      7.102      1.3277      995.778      -2900.97      -1905.19      4.63344      197.44
107      7.169      1.32367      992.756      -2897.81      -1905.05      4.59034      197.449
108      7.236      1.31982      989.863      -2894.87      -1905.01      4.54803      197.457
109      7.303      1.31588      986.913      -2891.97      -1905.06      4.50648      197.465
110      7.37      1.31165      983.734      -2888.92      -1905.19      4.46567      197.472
111      7.437      1.30686      980.145      -2885.56      -1905.41      4.42557      197.478
112      7.504      1.30133      976.001      -2881.7      -1905.7      4.38616      197.482
113      7.571      1.29494      971.205      -2877.23      -1906.03      4.34742      197.486
114      7.638      1.28769      965.765      -2872.1      -1906.33      4.30934      197.488
115      7.705      1.27979      959.845      -2866.38      -1906.53      4.27189      197.49
116      7.772      1.2717      953.778      -2860.33      -1906.55      4.23506      197.489
117      7.839      1.26402      948.014      -2854.35      -1906.34      4.19883      197.488
118      7.906      1.25736      943.018      -2848.91      -1905.9      4.16318      197.485
119      7.973      1.25216      939.12      -2844.44      -1905.32      4.12811      197.481
120      8.04      1.24859      936.442      -2841.14      -1904.7      4.0936      197.475
121      8.107      1.24659      934.94      -2839.07      -1904.13      4.05963      197.468
122      8.174      1.24595      934.464      -2838.1      -1903.64      4.0262      197.461
123      8.241      1.24641      934.81      -2838.07      -1903.26      3.99328      197.452
124      8.308      1.24767      935.751      -2838.74      -1902.99      3.96088      197.442
125      8.375      1.24942      937.062      -2839.9      -1902.84      3.92898      197.431
126      8.442      1.25139      938.543      -2841.32      -1902.78      3.89757      197.42
127      8.509      1.2534      940.051      -2842.84      -1902.79      3.86664      197.407
128      8.576      1.25535      941.51      -2844.34      -1902.83      3.83618      197.394
129      8.643      1.25717      942.881      -2845.76      -1902.88      3.80617      197.38
130      8.71      1.25881      944.11      -2847.08      -1902.97      3.77662      197.366
131      8.777      1.26013      945.097      -2848.21      -1903.11      3.74751      197.351
132      8.844      1.26089      945.664      -2849.01      -1903.35      3.71883      197.336
133      8.911      1.26078      945.588      -2849.29      -1903.7      3.69058      197.32
134      8.978      1.25955      944.664      -2848.81      -1904.14      3.66274      197.305
135      9.045      1.25702      942.762      -2847.4      -1904.64      3.63532      197.289
136      9.112      1.25317      939.881      -2845      -1905.12      3.6083      197.273
137      9.179      1.2482      936.152      -2841.67      -1905.52      3.58168      197.258
138      9.246      1.24241      931.806      -2837.6      -1905.79      3.55545      197.242
139      9.313      1.23619      927.14      -2833.05      -1905.91      3.52961      197.227
140      9.38      1.23001      922.506      -2828.35      -1905.85      3.50414      197.213
141      9.447      1.2244      918.297      -2823.88      -1905.58      3.47904      197.199
142      9.514      1.21991      914.935      -2820.04      -1905.1      3.4543      197.185
143      9.581      1.21715      912.863      -2817.27      -1904.4      3.42992      197.172
144      9.648      1.21662      912.463      -2815.99      -1903.52      3.40588      197.16
145      9.715      1.21869      914.021      -2816.54      -1902.52      3.38219      197.148
146      9.782      1.22355      917.661      -2819.14      -1901.47      3.35883      197.136
147      9.849      1.23108      923.309      -2823.8      -1900.49      3.3358      197.126
148      9.916      1.24091      930.683      -2830.36      -1899.68      3.31308      197.115
149      9.983      1.2524      939.301      -2838.43      -1899.13      3.29068      197.105
150      10.05      1.2647      948.529      -2847.44      -1898.91      3.26859      197.096
151      10.117      1.27691      957.683      -2856.72      -1899.04      3.24679      197.087
152      10.184      1.28817      966.128      -2865.6      -1899.47      3.22529      197.078
153      10.251      1.29781      973.356      -2873.5      -1900.14      3.20408      197.07
154      10.318      1.30539      979.041      -2879.99      -1900.95      3.18314      197.062
155      10.385      1.31074      983.056      -2884.85      -1901.79      3.16248      197.054
156      10.452      1.31395      985.46      -2888.05      -1902.59      3.14208      197.046
157      10.519      1.31529      986.466      -2889.72      -1903.26      3.12195      197.039
158      10.586      1.31518      986.388      -2890.15      -1903.76      3.10208      197.032
159      10.653      1.3141      985.572      -2889.66      -1904.09      3.08246      197.024
160      10.72      1.31243      984.326      -2888.6      -1904.27      3.06308      197.017
161      10.787      1.31045      982.837      -2887.21      -1904.38      3.04395      197.011
162      10.854      1.30821      981.161      -2885.63      -1904.47      3.02507      197.004
163      10.921      1.30564      979.234      -2883.84      -1904.6      3.00642      196.999
164      10.988      1.30257      976.924      -2881.73      -1904.81      2.988      196.993
165      11.055      1.2988      974.1      -2879.18      -1905.08      2.96982      196.988
166      11.122      1.29424      970.676      -2876.06      -1905.38      2.95187      196.984
167      11.189      1.28886      966.645      -2872.32      -1905.68      2.93415      196.981
168      11.256      1.28278      962.088      -2868.01      -1905.92      2.91665      196.979
169      11.323      1.27622      957.168      -2863.25      -1906.08      2.89938      196.978
170      11.39      1.26949      952.118      -2858.23      -1906.11      2.88232      196.978
171      11.457      1.26298      947.231      -2853.22      -1905.99      2.86548      196.979
172      11.524      1.2571      942.823      -2848.53      -1905.71      2.84886      196.981
173      11.591      1.25227      939.199      -2844.48      -1905.28      2.83243      196.984
174      11.658      1.24881      936.604      -2841.34      -1904.74      2.81622      196.989
175      11.725      1.24692      935.189      -2839.32      -1904.14      2.8002      196.994
176      11.792      1.24662      934.963      -2838.51      -1903.55      2.78437      197
177      11.859      1.24776      935.823      -2838.85      -1903.02      2.76873      197.006
178      11.926      1.25007      937.554      -2840.17      -1902.62      2.75328      197.013
179      11.993      1.25322      939.913      -2842.24      -1902.33      2.738      197.021
180      12.06      1.2569      942.671      -2844.83      -1902.16      2.7229      197.029
181      12.127      1.26089      945.671      -2847.72      -1902.05      2.70796      197.037
182      12.194      1.26509      948.818      -2850.8      -1901.98      2.6932      197.045
183      12.261      1.26944      952.078      -2854.01      -1901.93      2.6786      197.054
184      12.328      1.27393      955.451      -2857.32      -1901.87      2.66415      197.062
185      12.395      1.27858      958.938      -2860.75      -1901.81      2.64987      197.071
186      12.462      1.2834      962.549      -2864.3      -1901.75      2.63574      197.079
187      12.529      1.2884      966.304      -2867.98      -1901.67      2.62176      197.088
188      12.596      1.29364      970.231      -2871.82      -1901.59      2.60794      197.098
189      12.663      1.2991      974.325      -2875.84      -1901.51      2.59427      197.107
190      12.73      1.30465      978.486      -2879.99      -1901.5      2.58075      197.117
191      12.797      1.31      982.498      -2884.11      -1901.61      2.56737      197.128
192      12.864      1.31472      986.04      -2887.92      -1901.88      2.55414      197.139
193      12.931      1.31838      988.783      -2891.1      -1902.32      2.54105      197.15
194      12.998      1.32066      990.492      -2893.34      -1902.85      2.52811      197.162
195      13.065      1.32154      991.156      -2894.51      -1903.35      2.5153      197.175
196      13.132      1.32133      990.998      -2894.72      -1903.72      2.50263      197.187
197      13.199      1.32051      990.383      -2894.28      -1903.9      2.4901      197.201
198      13.266      1.31946      989.595      -2893.56      -1903.97      2.4777      197.215
199      13.333      1.31815      988.613      -2892.7      -1904.08      2.46542      197.229
200      13.4      1.31615      987.113      -2891.5      -1904.39      2.45327      197.243
201      13.467      1.31287      984.65      -2889.57      -1904.92      2.44125      197.258
202      13.534      1.30782      980.869      -2886.48      -1905.61      2.42934      197.272
203      13.601      1.30086      975.646      -2881.97      -1906.32      2.41755      197.287
204      13.668      1.29218      969.133      -2876.06      -1906.93      2.40588      197.301
205      13.735      1.2823      961.728      -2869.03      -1907.3      2.39431      197.315
206      13.802      1.27208      954.058      -2861.4      -1907.34      2.38285      197.328
207      13.869      1.26253      946.899      -2853.88      -1906.98      2.37149      197.341
208      13.936      1.25477      941.075      -2847.28      -1906.2      2.36023      197.353
209      14.003      1.24981      937.354      -2842.42      -1905.06      2.34907      197.364
210      14.07      1.24837      936.28      -2839.96      -1903.68      2.33801      197.374
211      14.137      1.25077      938.08      -2840.32      -1902.24      2.32703      197.384
212      14.204      1.25687      942.65      -2843.54      -1900.89      2.31615      197.391
213      14.271      1.26614      949.603      -2849.36      -1899.76      2.30535      197.398
214      14.338      1.2778      958.351      -2857.3      -1898.95      2.29464      197.403
215      14.405      1.29089      968.17      -2866.68      -1898.51      2.28401      197.407
216      14.472      1.30435      978.261      -2876.74      -1898.47      2.27347      197.41
217      14.539      1.31713      987.846      -2886.67      -1898.82      2.26301      197.411
218      14.606      1.32832      996.239      -2895.73      -1899.49      2.25262      197.411
219      14.673      1.33726      1002.94      -2903.33      -1900.39      2.24232      197.41
220      14.74      1.34358      1007.68      -2909.07      -1901.39      2.2321      197.407
221      14.807      1.34729      1010.47      -2912.81      -1902.35      2.22197      197.404
222      14.874      1.34872      1011.54      -2914.69      -1903.16      2.21191      197.4
223      14.941      1.34847      1011.35      -2915.07      -1903.71      2.20194      197.395
224      15.008      1.34732      1010.49      -2914.47      -1903.98      2.19205      197.39
225      15.075      1.34603      1009.52      -2913.48      -1903.96      2.18226      197.385
226      15.142      1.34514      1008.86      -2912.63      -1903.77      2.17254      197.38
227      15.209      1.34486      1008.64      -2912.2      -1903.55      2.16292      197.375
228      15.276      1.34495      1008.71      -2912.16      -1903.45      2.15338      197.37
229      15.343      1.34493      1008.7      -2912.24      -1903.54      2.14393      197.366
230      15.41      1.34423      1008.17      -2912.03      -1903.85      2.13456      197.362
231      15.477      1.34233      1006.75      -2911.1      -1904.35      2.12528      197.358
232      15.544      1.33887      1004.15      -2909.12      -1904.97      2.11608      197.354
233      15.611      1.33362      1000.21      -2905.87      -1905.66      2.10695      197.35
234      15.678      1.32654      994.902      -2901.25      -1906.34      2.09791      197.346
235      15.745      1.31776      988.32      -2895.28      -1906.96      2.08894      197.342
236      15.812      1.30765      980.734      -2888.15      -1907.42      2.08004      197.338
237      15.879      1.29676      972.571      -2880.22      -1907.65      2.07122      197.334
238      15.946      1.28584      964.381      -2871.97      -1907.59      2.06248      197.329
239      16.013      1.27567      956.755      -2863.99      -1907.23      2.0538      197.325
240      16.08      1.26698      950.238      -2856.85      -1906.62      2.0452      197.321
241      16.147      1.26029      945.214      -2851.04      -1905.83      2.03668      197.317
242      16.214      1.25584      941.877      -2846.85      -1904.97      2.02822      197.314
243      16.281      1.25363      940.226      -2844.37      -1904.14      2.01985      197.311
244      16.348      1.25348      940.114      -2843.51      -1903.39      2.01154      197.308
245      16.415      1.25508      941.31      -2844.08      -1902.77      2.00331      197.306
246      16.482      1.25805      943.54      -2845.83      -1902.29      1.99515      197.304
247      16.549      1.26202      946.516      -2848.48      -1901.96      1.98706      197.303
248      16.616      1.26656      949.917      -2851.71      -1901.79      1.97904      197.303
249      16.683      1.27117      953.378      -2855.19      -1901.81      1.9711      197.303
250      16.75      1.27534      956.504      -2858.53      -1902.03      1.96323      197.304
251      16.817      1.27855      958.916      -2861.35      -1902.43      1.95542      197.306
252      16.884      1.28044      960.328      -2863.28      -1902.96      1.94769      197.309
253      16.951      1.28078      960.584      -2864.13      -1903.54      1.94002      197.312
254      17.018      1.27957      959.674      -2863.79      -1904.11      1.93242      197.316
255      17.085      1.27695      957.714      -2862.33      -1904.62      1.92489      197.32
256      17.152      1.27321      954.907      -2859.91      -1905.01      1.91742      197.325
257      17.219      1.26869      951.515      -2856.77      -1905.26      1.91001      197.331
258      17.286      1.2638      947.853      -2853.2      -1905.35      1.90267      197.338
259      17.353      1.25902      944.266      -2849.53      -1905.27      1.89539      197.344
260      17.42      1.25486      941.146      -2846.13      -1904.98      1.88817      197.352
261      17.487      1.25186      938.895      -2843.4      -1904.5      1.88101      197.359
262      17.554      1.25048      937.862      -2841.72      -1903.86      1.8739      197.367
263      17.621      1.25102      938.265      -2841.4      -1903.13      1.86686      197.375
264      17.688      1.25353      940.147      -2842.55      -1902.4      1.85986      197.383
265      17.755      1.25783      943.373      -2845.14      -1901.77      1.85292      197.391
266      17.822      1.26357      947.674      -2848.95      -1901.27      1.84603      197.4
267      17.889      1.27032      952.741      -2853.68      -1900.94      1.83919      197.408
268      17.956      1.27772      958.287      -2859.03      -1900.74      1.8324      197.415
269      18.023      1.2854      964.048      -2864.71      -1900.67      1.82566      197.423
270      18.09      1.29311      969.83      -2870.52      -1900.69      1.81896      197.43
271      18.157      1.30065      975.485      -2876.26      -1900.77      1.8123      197.436
272      18.224      1.30785      980.891      -2881.81      -1900.91      1.80569      197.442
273      18.291      1.3146      985.947      -2887.05      -1901.1      1.79913      197.447
274      18.358      1.32075      990.56      -2891.9      -1901.34      1.7926      197.451
275      18.425      1.32619      994.64      -2896.26      -1901.62      1.78611      197.454
276      18.492      1.33078      998.083      -2900.04      -1901.95      1.77966      197.457
277      18.559      1.33433      1000.75      -2903.11      -1902.36      1.77324      197.458
278      18.626      1.33656      1002.42      -2905.31      -1902.89      1.76687      197.458
279      18.693      1.33716      1002.87      -2906.39      -1903.52      1.76053      197.458
280      18.76      1.33585      1001.89      -2906.14      -1904.25      1.75423      197.456
281      18.827      1.33254      999.405      -2904.4      -1905      1.74797      197.454
282      18.894      1.32739      995.542      -2901.19      -1905.65      1.74175      197.452
283      18.961      1.32085      990.641      -2896.75      -1906.11      1.73557      197.449
284      19.028      1.31363      985.224      -2891.52      -1906.29      1.72943      197.445
285      19.095      1.30651      979.882      -2886.06      -1906.17      1.72333      197.442
286      19.162      1.30026      975.192      -2880.97      -1905.78      1.71727      197.438
287      19.229      1.29547      971.605      -2876.79      -1905.18      1.71126      197.435
288      19.296      1.29251      969.383      -2873.86      -1904.48      1.70529      197.432
289      19.363      1.2914      968.55      -2872.35      -1903.8      1.69937      197.429
290      19.43      1.29184      968.878      -2872.14      -1903.26      1.69348      197.426
291      19.497      1.2932      969.899      -2872.89      -1902.99      1.68764      197.424
292      19.564      1.29462      970.968      -2874.02      -1903.05      1.68184      197.421
293      19.631      1.29517      971.381      -2874.85      -1903.47      1.67608      197.419
294      19.698      1.29396      970.471      -2874.68      -1904.21      1.67036      197.417
295      19.765      1.29032      967.741      -2872.91      -1905.17      1.66468      197.415
296      19.832      1.28389      962.92      -2869.15      -1906.23      1.65904      197.412
297      19.899      1.27469      956.019      -2863.27      -1907.25      1.65343      197.41
298      19.966      1.26309      947.318      -2855.41      -1908.1      1.64786      197.407
299      20.033      1.2498      937.346      -2846      -1908.65      1.64233      197.404
300      20.1      1.23577      926.831      -2835.65      -1908.82      1.63683      197.401
301      20.167      1.22219      916.643      -2825.18      -1908.54      1.63136      197.398
302      20.234      1.21025      907.69      -2815.5      -1907.81      1.62593      197.394
303      20.301      1.2011      900.822      -2807.49      -1906.67      1.62053      197.391
304      20.368      1.19558      896.686      -2801.92      -1905.23      1.61517      197.387
305      20.435      1.19418      895.633      -2799.3      -1903.67      1.60985      197.383
306      20.502      1.1969      897.675      -2799.81      -1902.14      1.60456      197.38
307      20.569      1.2033      902.478      -2803.29      -1900.81      1.5993      197.376
308      20.636      1.21259      909.439      -2809.26      -1899.82      1.59408      197.373
309      20.703      1.22376      917.82      -2817.02      -1899.2      1.5889      197.37
310      20.77      1.23583      926.872      -2825.83      -1898.96      1.58375      197.368
311      20.837      1.24796      935.968      -2834.98      -1899.01      1.57865      197.366
312      20.904      1.25956      944.673      -2843.92      -1899.25      1.57357      197.364
313      20.971      1.27036      952.774      -2852.35      -1899.57      1.56854      197.363
314      21.038      1.28031      960.235      -2860.14      -1899.9      1.56354      197.363
315      21.105      1.28949      967.12      -2867.31      -1900.19      1.55858      197.363
316      21.172      1.298      973.501      -2873.94      -1900.44      1.55366      197.364
317      21.239      1.30592      979.437      -2880.1      -1900.66      1.54877      197.366
318      21.306      1.31325      984.939      -2885.82      -1900.88      1.54391      197.368
319      21.373      1.31998      989.982      -2891.1      -1901.12      1.53909      197.37
320      21.44      1.32601      994.505      -2895.9      -1901.39      1.5343      197.373
321      21.507      1.33119      998.393      -2900.12      -1901.73      1.52955      197.376
322      21.574      1.33532      1001.49      -2903.64      -1902.14      1.52482      197.379
323      21.641      1.33818      1003.64      -2906.28      -1902.64      1.52013      197.383
324      21.708      1.33956      1004.67      -2907.88      -1903.21      1.51547      197.386
325      21.775      1.33932      1004.49      -2908.31      -1903.82      1.51083      197.39
326      21.842      1.33742      1003.06      -2907.5      -1904.44      1.50623      197.394
327      21.909      1.33394      1000.45      -2905.47      -1905.02      1.50165      197.398
328      21.976      1.32903      996.77      -2902.3      -1905.53      1.4971      197.402
329      22.043      1.3229      992.176      -2898.13      -1905.96      1.49259      197.407
330      22.11      1.31581      986.854      -2893.15      -1906.29      1.4881      197.412
331      22.177      1.30798      980.982      -2887.52      -1906.54      1.48365      197.417
332      22.244      1.29965      974.736      -2881.43      -1906.7      1.47922      197.423
333      22.311      1.29104      968.277      -2875.05      -1906.78      1.47482      197.429
334      22.378      1.28236      961.769      -2868.54      -1906.77      1.47046      197.436
335      22.445      1.27386      955.399      -2862.07      -1906.67      1.46613      197.443
336      22.512      1.2659      949.426      -2855.85      -1906.42      1.46183      197.452
337      22.579      1.25893      944.201      -2850.19      -1905.99      1.45756      197.461
338      22.646      1.25356      940.172      -2845.5      -1905.33      1.45332      197.471
339      22.713      1.25047      937.849      -2842.25      -1904.41      1.44911      197.481
340      22.78      1.25024      937.683      -2840.96      -1903.28      1.44493      197.493
341      22.847      1.25319      939.894      -2841.97      -1902.08      1.44077      197.504
342      22.914      1.25916      944.371      -2845.35      -1900.98      1.43665      197.516
343      22.981      1.26754      950.652      -2850.81      -1900.16      1.43255      197.528
344      23.048      1.2774      958.051      -2857.74      -1899.69      1.42847      197.541
345      23.115      1.28777      965.83      -2865.42      -1899.59      1.42442      197.553
346      23.182      1.29778      973.338      -2873.14      -1899.81      1.42039      197.565
347      23.249      1.30676      980.073      -2880.32      -1900.25      1.41638      197.576
348      23.316      1.31424      985.682      -2886.53      -1900.85      1.41238      197.587
349      23.383      1.31994      989.956      -2891.5      -1901.54      1.40841      197.597
350      23.45      1.32374      992.803      -2895.07      -1902.27      1.40445      197.606
351      23.517      1.32564      994.233      -2897.2      -1902.97      1.40051      197.615
352      23.584      1.32578      994.332      -2897.96      -1903.62      1.39658      197.622
353      23.651      1.3243      993.228      -2897.44      -1904.21      1.39267      197.629
354      23.718      1.32143      991.071      -2895.79      -1904.72      1.38878      197.634
355      23.785      1.31736      988.019      -2893.16      -1905.14      1.38489      197.638
356      23.852      1.31235      984.262      -2889.73      -1905.47      1.38102      197.641
357      23.919      1.30673      980.045      -2885.71      -1905.67      1.37717      197.643
358      23.986      1.30092      975.691      -2881.38      -1905.69      1.37333      197.644
359      24.053      1.29543      971.569      -2877.1      -1905.53      1.3695      197.643
360      24.12      1.29072      968.042      -2873.24      -1905.19      1.36568      197.642
361      24.187      1.28721      965.408      -2870.13      -1904.72      1.36188      197.639
362      24.254      1.28508      963.807      -2868.01      -1904.2      1.35809      197.635
363      24.321      1.28426      963.196      -2866.92      -1903.73      1.35432      197.63
364      24.388      1.28446      963.343      -2866.73      -1903.39      1.35055      197.624
365      24.455      1.28516      963.873      -2867.12      -1903.25      1.3468      197.616
366      24.522      1.28577      964.325      -2867.68      -1903.35      1.34306      197.608
367      24.589      1.28563      964.223      -2867.91      -1903.69      1.33934      197.598
368      24.656      1.28419      963.139      -2867.36      -1904.22      1.33563      197.588
369      24.723      1.28102      960.762      -2865.66      -1904.9      1.33194      197.577
370      24.79      1.27593      956.95      -2862.57      -1905.62      1.32826      197.565
371      24.857      1.26902      951.763      -2858.05      -1906.29      1.32459      197.553
372      24.924      1.26063      945.469      -2852.27      -1906.8      1.32095      197.54
373      24.991      1.25131      938.485      -2845.57      -1907.08      1.31731      197.526
374      25.058      1.24173      931.299      -2838.42      -1907.12      1.3137      197.512
375      25.125      1.23252      924.392      -2831.32      -1906.93      1.3101      197.498
376      25.192      1.22419      918.145      -2824.7      -1906.55      1.30652      197.483
377      25.259      1.2171      912.822      -2818.89      -1906.07      1.30296      197.469
378      25.326      1.2114      908.552      -2814.08      -1905.53      1.29942      197.454
379      25.393      1.20715      905.365      -2810.35      -1904.99      1.29589      197.439
380      25.46      1.20434      903.251      -2807.7      -1904.45      1.29238      197.424
381      25.527      1.2029      902.178      -2806.11      -1903.94      1.28889      197.409
382      25.594      1.20286      902.144      -2805.56      -1903.42      1.28541      197.393
383      25.661      1.20425      903.186      -2806.06      -1902.88      1.28195      197.377
384      25.728      1.20716      905.373      -2807.67      -1902.3      1.27851      197.361
385      25.795      1.2117      908.772      -2810.46      -1901.69      1.27508      197.345
386      25.862      1.21788      913.413      -2814.49      -1901.07      1.27167      197.328
387      25.929      1.22567      919.25      -2819.74      -1900.49      1.26828      197.311
388      25.996      1.23482      926.112      -2826.13      -1900.02      1.2649      197.294
389      26.063      1.24491      933.683      -2833.4      -1899.71      1.26153      197.276
390      26.13      1.25539      941.541      -2841.17      -1899.63      1.25818      197.258
391      26.197      1.26558      949.187      -2848.99      -1899.81      1.25485      197.24
392      26.264      1.27484      956.127      -2856.35      -1900.22      1.25153      197.222
393      26.331      1.2826      961.952      -2862.77      -1900.82      1.24823      197.203
394      26.398      1.28854      966.401      -2867.94      -1901.53      1.24495      197.185
395      26.465      1.29253      969.398      -2871.66      -1902.26      1.24169      197.168
396      26.532      1.29475      971.065      -2873.96      -1902.89      1.23844      197.15
397      26.599      1.29562      971.716      -2875.07      -1903.36      1.23522      197.133
398      26.666      1.29568      971.758      -2875.36      -1903.61      1.23201      197.117
399      26.733      1.29544      971.582      -2875.26      -1903.68      1.22883      197.101
400      26.8      1.29519      971.394      -2875.06      -1903.67      1.22566      197.087
401      26.867      1.29485      971.136      -2874.86      -1903.72      1.22252      197.073
402      26.934      1.29402      970.518      -2874.46      -1903.95      1.2194      197.061
403      27.001      1.29223      969.172      -2873.52      -1904.35      1.21631      197.049
404      27.068      1.28907      966.804      -2871.69      -1904.89      1.21324      197.039
405      27.135      1.28443      963.324      -2868.76      -1905.44      1.21019      197.03
406      27.202      1.27848      958.863      -2864.76      -1905.9      1.20716      197.023
407      27.269      1.27167      953.752      -2859.92      -1906.17      1.20416      197.017
408      27.336      1.26456      948.422      -2854.65      -1906.22      1.20118      197.013
409      27.403      1.25773      943.295      -2849.37      -1906.08      1.19822      197.01
410      27.47      1.25159      938.695      -2844.47      -1905.78      1.19529      197.008
411      27.537      1.24641      934.807      -2840.21      -1905.41      1.19238      197.008
412      27.604      1.24224      931.683      -2836.71      -1905.03      1.1895      197.009
413      27.671      1.23906      929.293      -2833.96      -1904.67      1.18663      197.012
414      27.738      1.23677      927.578      -2831.92      -1904.34      1.18379      197.015
415      27.805      1.23531      926.484      -2830.52      -1904.04      1.18096      197.02
416      27.872      1.23464      925.976      -2829.72      -1903.75      1.17816      197.025
417      27.939      1.23468      926.012      -2829.5      -1903.49      1.17537      197.032
418      28.006      1.23534      926.502      -2829.78      -1903.28      1.1726      197.038
419      28.073      1.23637      927.281      -2830.44      -1903.16      1.16984      197.045
420      28.14      1.23753      928.148      -2831.29      -1903.15      1.1671      197.053
421      28.207      1.2385      928.875      -2832.12      -1903.24      1.16437      197.06
422      28.274      1.23902      929.263      -2832.7      -1903.43      1.16165      197.067
423      28.341      1.23889      929.164      -2832.85      -1903.69      1.15894      197.073
424      28.408      1.23803      928.519      -2832.48      -1903.96      1.15624      197.078
425      28.475      1.2365      927.372      -2831.57      -1904.2      1.15354      197.083
426      28.542      1.2345      925.876      -2830.21      -1904.34      1.15086      197.086
427      28.609      1.2324      924.298      -2828.63      -1904.33      1.14817      197.089
428      28.676      1.23069      923.019      -2827.15      -1904.13      1.1455      197.09
429      28.743      1.22998      922.481      -2826.18      -1903.7      1.14282      197.089
430      28.81      1.23082      923.114      -2826.18      -1903.06      1.14016      197.087
431      28.877      1.23362      925.217      -2827.51      -1902.3      1.13749      197.084
432      28.944      1.23854      928.905      -2830.41      -1901.5      1.13483      197.079
433      29.011      1.24542      934.067      -2834.86      -1900.79      1.13218      197.073
434      29.078      1.2539      940.427      -2840.66      -1900.24      1.12953      197.066
435      29.145      1.26349      947.617      -2847.49      -1899.87      1.12688      197.058
436      29.212      1.27367      955.255      -2854.96      -1899.7      1.12425      197.049
437      29.279      1.28397      962.974      -2862.69      -1899.71      1.12162      197.04
438      29.346      1.2939      970.429      -2870.32      -1899.89      1.11901      197.03
439      29.413      1.30304      977.282      -2877.52      -1900.24      1.1164      197.02
440      29.48      1.31095      983.214      -2883.96      -1900.75      1.11381      197.011
441      29.547      1.31724      987.931      -2889.32      -1901.39      1.11123      197.001
442      29.614      1.32157      991.177      -2893.33      -1902.15      1.10866      196.992
443      29.681      1.32371      992.783      -2895.77      -1902.99      1.10611      196.983
444      29.748      1.3236      992.697      -2896.53      -1903.83      1.10358      196.975
445      29.815      1.32135      991.013      -2895.61      -1904.6      1.10106      196.968
446      29.882      1.3173      987.978      -2893.21      -1905.23      1.09855      196.961
447      29.949      1.312      984.003      -2889.64      -1905.63      1.09605      196.954
448      30.016      1.30617      979.627      -2885.38      -1905.75      1.09358      196.949
449      30.083      1.3006      975.453      -2881.03      -1905.57      1.09111      196.943
450      30.15      1.29608      972.063      -2877.17      -1905.11      1.08866      196.938
451      30.217      1.29324      969.931      -2874.36      -1904.43      1.08621      196.933
452      30.284      1.29246      969.343      -2872.97      -1903.63      1.08378      196.928
453      30.351      1.29379      970.342      -2873.19      -1902.85      1.08137      196.923
454      30.418      1.29697      972.728      -2874.92      -1902.19      1.07896      196.918
455      30.485      1.30145      976.087      -2877.86      -1901.77      1.07656      196.914
456      30.552      1.30652      979.891      -2881.51      -1901.62      1.07418      196.91
457      30.619      1.31151      983.634      -2885.34      -1901.71      1.0718      196.905
458      30.686      1.31594      986.954      -2888.91      -1901.96      1.06944      196.902
459      30.753      1.31958      989.687      -2891.95      -1902.27      1.0671      196.898
460      30.82      1.32247      991.85      -2894.39      -1902.54      1.06476      196.895
461      30.887      1.32478      993.582      -2896.33      -1902.74      1.06244      196.893
462      30.954      1.32671      995.033      -2897.91      -1902.87      1.06013      196.891
463      31.021      1.32839      996.293      -2899.26      -1902.96      1.05783      196.889
464      31.088      1.3298      997.35      -2900.42      -1903.07      1.05554      196.888
465      31.155      1.33079      998.095      -2901.34      -1903.24      1.05326      196.886
466      31.222      1.33121      998.408      -2901.88      -1903.47      1.051      196.885
467      31.289      1.33098      998.237      -2901.95      -1903.71      1.04874      196.884
468      31.356      1.33022      997.665      -2901.56      -1903.89      1.04649      196.883
469      31.423      1.32923      996.926      -2900.87      -1903.94      1.04426      196.882
470      31.49      1.32847      996.35      -2900.17      -1903.82      1.04203      196.881
471      31.557      1.32836      996.269      -2899.81      -1903.54      1.03981      196.879
472      31.624      1.32922      996.917      -2900.08      -1903.16      1.0376      196.878
473      31.691      1.33112      998.34      -2901.12      -1902.78      1.03539      196.876
474      31.758      1.33387      1000.4      -2902.9      -1902.5      1.0332      196.874
475      31.825      1.33703      1002.77      -2905.16      -1902.39      1.03102      196.873
476      31.892      1.33998      1004.99      -2907.52      -1902.53      1.02885      196.872
477      31.959      1.34202      1006.51      -2909.46      -1902.95      1.02669      196.871
478      32.026      1.34236      1006.77      -2910.42      -1903.65      1.02453      196.871
479      32.093      1.34033      1005.25      -2909.84      -1904.59      1.0224      196.87
480      32.16      1.33541      1001.56      -2907.26      -1905.7      1.02027      196.871
481      32.227      1.32738      995.535      -2902.41      -1906.87      1.01815      196.871
482      32.294      1.31636      987.27      -2895.23      -1907.96      1.01604      196.872
483      32.361      1.30283      977.123      -2885.95      -1908.82      1.01394      196.873
484      32.428      1.28763      965.724      -2875.08      -1909.35      1.01186      196.875
485      32.495      1.27183      953.876      -2863.34      -1909.46      1.00978      196.876
486      32.562      1.2566      942.451      -2851.58      -1909.13      1.00771      196.878
487      32.629      1.24301      932.257      -2840.67      -1908.42      1.00565      196.88
488      32.696      1.23192      923.938      -2831.35      -1907.41      1.0036      196.882
489      32.763      1.22387      917.899      -2824.12      -1906.22      1.00156      196.884
490      32.83      1.21906      914.299      -2819.29      -1905      0.999523      196.886
491      32.897      1.21741      913.059      -2816.89      -1903.83      0.9975      196.889
492      32.964      1.21856      913.918      -2816.74      -1902.82      0.995486      196.891
493      33.031      1.22195      916.459      -2818.5      -1902.04      0.993482      196.894
494      33.098      1.22689      920.17      -2821.69      -1901.52      0.991488      196.898
495      33.165      1.2327      924.521      -2825.79      -1901.27      0.989504      196.901
496      33.232      1.2387      929.026      -2830.28      -1901.25      0.987529      196.905
497      33.299      1.24437      933.276      -2834.7      -1901.43      0.985563      196.91
498      33.366      1.24927      936.955      -2838.71      -1901.75      0.983607      196.914
499      33.433      1.25309      939.819      -2842.01      -1902.19      0.98166      196.919
500      33.5      1.25552      941.64      -2844.38      -1902.74      0.979722      196.924
501      33.567      1.2563      942.222      -2845.61      -1903.38      0.977792      196.929
502      33.634      1.25525      941.436      -2845.51      -1904.08      0.97587      196.934
503      33.701      1.25239      939.292      -2844.03      -1904.74      0.973957      196.94
504      33.768      1.24803      936.025      -2841.28      -1905.26      0.972051      196.945
505      33.835      1.24276      932.067      -2837.61      -1905.54      0.970154      196.951
506      33.902      1.23727      927.949      -2833.5      -1905.55      0.968264      196.956
507      33.969      1.23223      924.17      -2829.5      -1905.33      0.966382      196.962
508      34.036      1.22813      921.096      -2826.04      -1904.94      0.964508      196.968
509      34.103      1.22526      918.947      -2823.41      -1904.46      0.962642      196.974
510      34.17      1.22379      917.845      -2821.77      -1903.92      0.960784      196.98
511      34.237      1.22381      917.861      -2821.22      -1903.36      0.958933      196.986
512      34.304      1.2254      919.049      -2821.82      -1902.77      0.95709      196.992
513      34.371      1.22859      921.446      -2823.62      -1902.17      0.955255      196.998
514      34.438      1.23338      925.037      -2826.62      -1901.58      0.953427      197.005
515      34.505      1.23965      929.737      -2830.79      -1901.05      0.951606      197.011
516      34.572      1.24714      935.355      -2835.98      -1900.63      0.949792      197.017
517      34.639      1.25544      941.582      -2841.96      -1900.38      0.947984      197.023
518      34.706      1.26401      948.009      -2848.34      -1900.33      0.946182      197.029
519      34.773      1.27224      954.178      -2854.7      -1900.53      0.944386      197.035
520      34.84      1.2795      959.628      -2860.57      -1900.94      0.942596      197.04
521      34.907      1.28529      963.967      -2865.51      -1901.55      0.940812      197.046
522      34.974      1.28924      966.928      -2869.19      -1902.26      0.939033      197.051
523      35.041      1.29123      968.422      -2871.42      -1903      0.937261      197.055
524      35.108      1.29139      968.545      -2872.21      -1903.66      0.935493      197.06
525      35.175      1.2901      967.574      -2871.74      -1904.17      0.933732      197.064
526      35.242      1.28787      965.904      -2870.37      -1904.46      0.931977      197.068
527      35.309      1.28528      963.959      -2868.51      -1904.55      0.930228      197.072
528      35.376      1.2828      962.097      -2866.56      -1904.47      0.928485      197.077
529      35.443      1.2807      960.529      -2864.83      -1904.3      0.926749      197.081
530      35.51      1.27908      959.309      -2863.43      -1904.12      0.925019      197.085
531      35.577      1.2778      958.352      -2862.35      -1904      0.923296      197.089
532      35.644      1.27668      957.509      -2861.47      -1903.96      0.92158      197.093
533      35.711      1.27552      956.639      -2860.62      -1903.98      0.91987      197.097
534      35.778      1.27427      955.699      -2859.7      -1904      0.918167      197.101
535      35.845      1.27303      954.773      -2858.75      -1903.97      0.916471      197.105
536      35.912      1.27207      954.054      -2857.89      -1903.84      0.914781      197.11
537      35.979      1.27171      953.785      -2857.37      -1903.59      0.913097      197.114
538      36.046      1.27222      954.169      -2857.41      -1903.24      0.911419      197.118
539      36.113      1.27372      955.291      -2858.16      -1902.87      0.909747      197.122
540      36.18      1.27611      957.085      -2859.64      -1902.56      0.908082      197.126
541      36.247      1.27918      959.384      -2861.72      -1902.33      0.906422      197.131
542      36.314      1.28261      961.958      -2864.19      -1902.23      0.904769      197.135
543      36.381      1.28614      964.604      -2866.82      -1902.22      0.903121      197.139
544      36.448      1.28956      967.166      -2869.45      -1902.28      0.90148      197.143
545      36.515      1.29272      969.541      -2871.93      -1902.39      0.899845      197.147
546      36.582      1.29553      971.644      -2874.18      -1902.54      0.898216      197.151
547      36.649      1.29786      973.394      -2876.12      -1902.73      0.896594      197.156
548      36.716      1.29963      974.723      -2877.67      -1902.95      0.894977      197.16
549      36.783      1.30079      975.594      -2878.77      -1903.18      0.893367      197.164
550      36.85      1.30134      976.001      -2879.41      -1903.41      0.891763      197.169
551      36.917      1.30131      975.986      -2879.59      -1903.61      0.890164      197.173
552      36.984      1.3008      975.599      -2879.38      -1903.78      0.888571      197.177
553      37.051      1.29983      974.872      -2878.82      -1903.95      0.886982      197.181
554      37.118      1.29844      973.829      -2877.93      -1904.1      0.885399      197.185
555      37.185      1.29665      972.487      -2876.73      -1904.24      0.883819      197.189
556      37.252      1.2945      970.875      -2875.24      -1904.37      0.882244      197.192
557      37.319      1.29207      969.051      -2873.51      -1904.46      0.880673      197.195
558      37.386      1.28945      967.086      -2871.61      -1904.52      0.879107      197.198
559      37.453      1.28671      965.036      -2869.59      -1904.55      0.877544      197.2
560      37.52      1.28395      962.963      -2867.51      -1904.55      0.875986      197.202
561      37.587      1.28124      960.931      -2865.45      -1904.52      0.874433      197.204
562      37.654      1.27875      959.06      -2863.47      -1904.41      0.872886      197.206
563      37.721      1.27674      957.558      -2861.75      -1904.19      0.871344      197.208
564      37.788      1.27564      956.731      -2860.54      -1903.81      0.869808      197.21
565      37.855      1.27593      956.948      -2860.19      -1903.25      0.868279      197.212
566      37.922      1.27806      958.548      -2861.07      -1902.52      0.866757      197.215
567      37.989      1.28232      961.74      -2863.45      -1901.71      0.865242      197.218
568      38.056      1.28867      966.503      -2867.45      -1900.95      0.863734      197.221
569      38.123      1.29679      972.59      -2872.92      -1900.33      0.862233      197.225
570      38.19      1.30609      979.568      -2879.52      -1899.95      0.860739      197.23
571      38.257      1.31588      986.913      -2886.75      -1899.84      0.859253      197.235
572      38.324      1.32543      994.071      -2894.07      -1900      0.857772      197.24
573      38.391      1.334      1000.5      -2900.93      -1900.44      0.856298      197.245
574      38.458      1.34093      1005.7      -2906.81      -1901.11      0.85483      197.25
575      38.525      1.34568      1009.26      -2911.23      -1901.97      0.853366      197.256
576      38.592      1.34792      1010.94      -2913.87      -1902.93      0.851906      197.26
577      38.659      1.34759      1010.69      -2914.58      -1903.89      0.850449      197.265
578      38.726      1.34479      1008.6      -2913.39      -1904.79      0.848994      197.269
579      38.793      1.33974      1004.81      -2910.42      -1905.61      0.847541      197.272
580      38.86      1.33262      999.468      -2905.84      -1906.37      0.846089      197.274
581      38.927      1.32363      992.719      -2899.77      -1907.05      0.844638      197.275
582      38.994      1.3131      984.823      -2892.39      -1907.57      0.843187      197.275
583      39.061      1.30171      976.282      -2884.09      -1907.81      0.841737      197.275
584      39.128      1.29052      967.888      -2875.51      -1907.62      0.840288      197.273
585      39.195      1.28079      960.59      -2867.55      -1906.96      0.838839      197.27
586      39.262      1.27368      955.26      -2861.15      -1905.89      0.83739      197.266
587      39.329      1.26994      952.459      -2857.04      -1904.59      0.835943      197.261
588      39.396      1.26971      952.283      -2855.58      -1903.29      0.834496      197.255
589      39.463      1.27247      954.353      -2856.6      -1902.25      0.83305      197.248
590      39.53      1.27726      957.946      -2859.54      -1901.6      0.831606      197.24
591      39.597      1.28289      962.166      -2863.57      -1901.4      0.830163      197.232
592      39.664      1.28818      966.132      -2867.77      -1901.64      0.828723      197.223
593      39.731      1.29217      969.127      -2871.33      -1902.21      0.827284      197.213
594      39.798      1.29423      970.674      -2873.65      -1902.98      0.825848      197.203
595      39.865      1.29411      970.58      -2874.39      -1903.81      0.824415      197.192
596      39.932      1.29189      968.917      -2873.49      -1904.58      0.822984      197.18
597      39.999      1.28796      965.967      -2871.15      -1905.18      0.821555      197.168
598      40.066      1.28286      962.145      -2867.71      -1905.56      0.82013      197.156
599      40.133      1.2772      957.901      -2863.62      -1905.72      0.818706      197.143
600      40.2      1.27154      953.658      -2859.33      -1905.67      0.817286      197.129
601      40.267      1.26631      949.732      -2855.21      -1905.48      0.815868      197.115
602      40.334      1.26172      946.292      -2851.52      -1905.22      0.814453      197.101
603      40.401      1.2578      943.351      -2848.33      -1904.98      0.81304      197.086
604      40.468      1.2544      940.803      -2845.6      -1904.8      0.81163      197.07
605      40.535      1.25127      938.455      -2843.18      -1904.72      0.810224      197.054
606      40.602      1.24814      936.106      -2840.85      -1904.74      0.80882      197.038
607      40.669      1.24479      933.592      -2838.43      -1904.84      0.807419      197.022
608      40.736      1.24113      930.845      -2835.8      -1904.95      0.806022      197.005
609      40.803      1.23718      927.887      -2832.94      -1905.05      0.804628      196.987
610      40.87      1.2331      924.822      -2829.9      -1905.08      0.803238      196.97
611      40.937      1.2291      921.829      -2826.85      -1905.02      0.801852      196.952
612      41.004      1.22552      919.143      -2823.97      -1904.83      0.80047      196.935
613      41.071      1.22272      917.043      -2821.54      -1904.5      0.799092      196.917
614      41.138      1.22105      915.791      -2819.83      -1904.04      0.797719      196.899
615      41.205      1.22078      915.582      -2819.08      -1903.5      0.796352      196.882
616      41.272      1.22201      916.51      -2819.43      -1902.92      0.79499      196.865
617      41.339      1.22471      918.529      -2820.92      -1902.39      0.793634      196.848
618      41.406      1.22863      921.472      -2823.42      -1901.95      0.792285      196.832
619      41.473      1.23344      925.077      -2826.73      -1901.65      0.790942      196.816
620      41.54      1.2387      929.027      -2830.55      -1901.52      0.789605      196.801
621      41.607      1.24404      933.029      -2834.56      -1901.53      0.788276      196.787
622      41.674      1.24911      936.836      -2838.48      -1901.65      0.786955      196.773
623      41.741      1.25376      940.317      -2842.14      -1901.82      0.785641      196.761
624      41.808      1.25791      943.436      -2845.44      -1902.01      0.784334      196.749
625      41.875      1.26163      946.222      -2848.39      -1902.17      0.783034      196.737
626      41.942      1.26496      948.719      -2851.03      -1902.31      0.781741      196.727
627      42.009      1.26794      950.958      -2853.4      -1902.44      0.780455      196.717
628      42.076      1.27056      952.922      -2855.51      -1902.59      0.779175      196.707
629      42.143      1.27271      954.535      -2857.32      -1902.78      0.777901      196.699
630      42.21      1.27424      955.678      -2858.72      -1903.04      0.776633      196.69
631      42.277      1.27497      956.226      -2859.58      -1903.36      0.775369      196.682
632      42.344      1.27477      956.075      -2859.8      -1903.72      0.77411      196.673
633      42.411      1.27358      955.188      -2859.28      -1904.09      0.772855      196.665
634      42.478      1.27147      953.602      -2858.04      -1904.44      0.771604      196.657
635      42.545      1.26859      951.44      -2856.15      -1904.71      0.770356      196.649
636      42.612      1.26521      948.904      -2853.77      -1904.87      0.769112      196.64
637      42.679      1.26166      946.242      -2851.14      -1904.9      0.767871      196.632
638      42.746      1.25834      943.757      -2848.53      -1904.78      0.766633      196.623
639      42.813      1.25566      941.742      -2846.25      -1904.51      0.765398      196.614
640      42.88      1.25392      940.441      -2844.56      -1904.12      0.764167      196.605
641      42.947      1.25335      940.01      -2843.69      -1903.68      0.762939      196.596
642      43.014      1.25397      940.474      -2843.71      -1903.23      0.761714      196.586
643      43.081      1.25563      941.721      -2844.58      -1902.86      0.760493      196.577
644      43.148      1.25805      943.539      -2846.14      -1902.61      0.759276      196.567
645      43.215      1.26088      945.659      -2848.15      -1902.49      0.758062      196.558
646      43.282      1.26375      947.812      -2850.32      -1902.5      0.756853      196.549
647      43.349      1.26633      949.748      -2852.39      -1902.64      0.755647      196.539
648      43.416      1.26834      951.258      -2854.14      -1902.88      0.754446      196.53
649      43.483      1.26958      952.182      -2855.37      -1903.19      0.753248      196.521
650      43.55      1.2699      952.428      -2855.96      -1903.53      0.752054      196.512
651      43.617      1.26932      951.988      -2855.86      -1903.87      0.750864      196.503
652      43.684      1.26791      950.936      -2855.1      -1904.16      0.749678      196.494
653      43.751      1.26586      949.398      -2853.78      -1904.38      0.748496      196.485
654      43.818      1.26338      947.533      -2852.06      -1904.53      0.747318      196.476
655      43.885      1.26062      945.462      -2850.08      -1904.61      0.746144      196.467
656      43.952      1.25768      943.258      -2847.93      -1904.67      0.744975      196.459
657      44.019      1.2546      940.948      -2845.67      -1904.72      0.743811      196.451
658      44.086      1.25143      938.572      -2843.31      -1904.74      0.742651      196.443
659      44.153      1.24833      936.246      -2840.94      -1904.69      0.741497      196.436
660      44.22      1.2456      934.198      -2838.71      -1904.51      0.740347      196.429
661      44.287      1.24367      932.755      -2836.92      -1904.17      0.739203      196.423
662      44.354      1.24303      932.276      -2835.92      -1903.64      0.738065      196.417
663      44.421      1.24409      933.069      -2836.05      -1902.98      0.736932      196.412
664      44.488      1.24706      935.295      -2837.55      -1902.26      0.735805      196.407
665      44.555      1.25188      938.911      -2840.49      -1901.58      0.734684      196.403
666      44.622      1.25826      943.697      -2844.73      -1901.03      0.733569      196.4
667      44.689      1.26575      949.311      -2849.98      -1900.67      0.73246      196.397
668      44.756      1.27381      955.361      -2855.86      -1900.5      0.731357      196.396
669      44.823      1.28195      961.462      -2861.99      -1900.53      0.730261      196.395
670      44.89      1.28971      967.282      -2867.99      -1900.71      0.729171      196.395
671      44.957      1.2967      972.529      -2873.56      -1901.03      0.728088      196.396
672      45.024      1.30258      976.938      -2878.43      -1901.49      0.727012      196.398
673      45.091      1.30702      980.264      -2882.33      -1902.06      0.725942      196.401
674      45.158      1.30976      982.322      -2885.04      -1902.72      0.724881      196.405
675      45.225      1.31071      983.034      -2886.43      -1903.4      0.723826      196.41
676      45.292      1.30996      982.472      -2886.49      -1904.02      0.72278      196.417
677      45.359      1.30781      980.856      -2885.37      -1904.52      0.721741      196.425
678      45.426      1.30465      978.489      -2883.34      -1904.85      0.72071      196.434
679      45.493      1.30092      975.692      -2880.73      -1905.03      0.719688      196.445
680      45.56      1.29696      972.724      -2877.82      -1905.09      0.718674      196.457
681      45.627      1.29299      969.742      -2874.83      -1905.09      0.717668      196.47
682      45.694      1.28905      966.79      -2871.86      -1905.07      0.71667      196.485
683      45.761      1.2851      963.824      -2868.9      -1905.08      0.71568      196.501
684      45.828      1.28101      960.76      -2865.89      -1905.13      0.714698      196.519
685      45.895      1.27669      957.52      -2862.74      -1905.22      0.713723      196.538
686      45.962      1.27212      954.091      -2859.39      -1905.3      0.712756      196.558
687      46.029      1.26739      950.539      -2855.88      -1905.34      0.711796      196.58
688      46.096      1.2627      947.025      -2852.32      -1905.29      0.710842      196.602
689      46.163      1.25838      943.783      -2848.9      -1905.12      0.709895      196.625
690      46.23      1.25477      941.077      -2845.89      -1904.81      0.708953      196.649
691      46.297      1.25223      939.171      -2843.55      -1904.38      0.708017      196.674
692      46.364      1.25105      938.291      -2842.13      -1903.84      0.707085      196.7
693      46.431      1.25141      938.555      -2841.82      -1903.26      0.706157      196.725
694      46.498      1.25329      939.964      -2842.67      -1902.7      0.705233      196.751
695      46.565      1.25652      942.391      -2844.61      -1902.22      0.704311      196.778
696      46.632      1.26083      945.619      -2847.47      -1901.85      0.703393      196.804
697      46.699      1.26585      949.388      -2851      -1901.61      0.702476      196.83
698      46.766      1.27128      953.458      -2854.95      -1901.49      0.701562      196.855
699      46.833      1.27681      957.607      -2859.09      -1901.49      0.700649      196.881
700      46.9      1.28217      961.631      -2863.21      -1901.58      0.699737      196.906
701      46.967      1.2871      965.328      -2867.1      -1901.77      0.698826      196.931
702      47.034      1.29133      968.499      -2870.56      -1902.06      0.697916      196.955
703      47.101      1.29462      970.962      -2873.41      -1902.44      0.697007      196.978
704      47.168      1.29678      972.581      -2875.46      -1902.88      0.696099      197.002
705      47.235      1.29771      973.286      -2876.63      -1903.35      0.695192      197.024
706      47.302      1.29742      973.065      -2876.87      -1903.81      0.694286      197.047
707      47.369      1.29597      971.979      -2876.21      -1904.23      0.693382      197.069
708      47.436      1.29353      970.146      -2874.73      -1904.59      0.692478      197.09
709      47.503      1.29034      967.753      -2872.59      -1904.84      0.691576      197.112
710      47.57      1.28675      965.059      -2870.01      -1904.95      0.690676      197.133
711      47.637      1.28318      962.383      -2867.29      -1904.9      0.689777      197.154
712      47.704      1.28008      960.061      -2864.75      -1904.69      0.688881      197.174
713      47.771      1.27786      958.396      -2862.72      -1904.32      0.687986      197.195
714      47.838      1.27683      957.62      -2861.48      -1903.86      0.687093      197.215
715      47.905      1.27715      957.865      -2861.2      -1903.34      0.686203      197.235
716      47.972      1.27889      959.171      -2861.98      -1902.81      0.685315      197.255
717      48.039      1.28195      961.461      -2863.79      -1902.33      0.684429      197.276
718      48.106      1.28607      964.549      -2866.52      -1901.97      0.683545      197.296
719      48.173      1.29084      968.133      -2869.9      -1901.76      0.682663      197.316
720      48.24      1.29577      971.824      -2873.59      -1901.76      0.681784      197.335
721      48.307      1.30025      975.191      -2877.17      -1901.98      0.680905      197.355
722      48.374      1.30382      977.864      -2880.23      -1902.36      0.680029      197.374
723      48.441      1.30616      979.621      -2882.46      -1902.84      0.679153      197.393
724      48.508      1.30721      980.406      -2883.73      -1903.33      0.678278      197.411
725      48.575      1.30707      980.302      -2884.06      -1903.76      0.677402      197.429
726      48.642      1.30593      979.446      -2883.56      -1904.12      0.676527      197.446
727      48.709      1.30393      977.951      -2882.38      -1904.42      0.675651      197.462
728      48.776      1.30114      975.854      -2880.58      -1904.72      0.674774      197.477
729      48.843      1.29748      973.107      -2878.16      -1905.05      0.673896      197.49
730      48.91      1.2928      969.601      -2875.04      -1905.44      0.673016      197.503
731      48.977      1.28695      965.212      -2871.1      -1905.89      0.672136      197.515
732      49.044      1.27981      959.86      -2866.23      -1906.37      0.671255      197.526
733      49.111      1.27141      953.559      -2860.38      -1906.82      0.670372      197.536
734      49.178      1.26191      946.436      -2853.63      -1907.2      0.669488      197.545
735      49.245      1.25168      938.757      -2846.17      -1907.41      0.668604      197.552
736      49.312      1.24126      930.948      -2838.35      -1907.4      0.667718      197.559
737      49.379      1.23145      923.584      -2830.67      -1907.09      0.666832      197.565
738      49.446      1.22315      917.365      -2823.77      -1906.41      0.665945      197.57
739      49.513      1.21739      913.046      -2818.4      -1905.36      0.665058      197.574
740      49.58      1.21505      911.287      -2815.29      -1904      0.664171      197.578
741      49.647      1.21659      912.446      -2814.97      -1902.52      0.663285      197.581
742      49.714      1.22186      916.395      -2817.57      -1901.17      0.662398      197.583
743      49.781      1.23003      922.522      -2822.71      -1900.19      0.661513      197.585
744      49.848      1.23986      929.898      -2829.59      -1899.69      0.660629      197.586
745      49.915      1.25006      937.542      -2837.22      -1899.68      0.659746      197.587
746      49.982      1.25951      944.633      -2844.68      -1900.05      0.658864      197.588
747      50.049      1.2675      950.622      -2851.28      -1900.66      0.657983      197.588
748      50.116      1.2737      955.278      -2856.62      -1901.34      0.657104      197.589
749      50.183      1.2782      958.647      -2860.62      -1901.97      0.656227      197.589
750      50.25      1.28133      960.995      -2863.44      -1902.45      0.655352      197.589
751      50.317      1.28364      962.728      -2865.43      -1902.7      0.654479      197.588
752      50.384      1.2857      964.276      -2867.03      -1902.75      0.653608      197.588
753      50.451      1.28795      965.962      -2868.62      -1902.66      0.652739      197.588
754      50.518      1.29054      967.905      -2870.44      -1902.53      0.651873      197.588
755      50.585      1.29339      970.044      -2872.5      -1902.46      0.651009      197.588
756      50.652      1.29623      972.17      -2874.66      -1902.49      0.650148      197.588
757      50.719      1.2987      974.028      -2876.69      -1902.66      0.649291      197.588
758      50.786      1.30051      975.385      -2878.33      -1902.94      0.648436      197.589
759      50.853      1.30143      976.075      -2879.37      -1903.3      0.647585      197.59
760      50.92      1.3013      975.977      -2879.68      -1903.71      0.646737      197.591
761      50.987      1.30002      975.016      -2879.17      -1904.15      0.645893      197.593
762      51.054      1.29751      973.13      -2877.75      -1904.62      0.645052      197.595
763      51.121      1.29366      970.245      -2875.37      -1905.13      0.644214      197.597
764      51.188      1.28836      966.27      -2871.95      -1905.68      0.64338      197.6
765      51.255      1.2815      961.127      -2867.4      -1906.27      0.642549      197.603
766      51.322      1.27305      954.789      -2861.64      -1906.86      0.64172      197.606
767      51.389      1.26313      947.347      -2854.73      -1907.38      0.640893      197.609
768      51.456      1.25209      939.064      -2846.81      -1907.75      0.640069      197.612
769      51.523      1.24053      930.396      -2838.26      -1907.87      0.639245      197.615
770      51.59      1.22927      921.956      -2829.62      -1907.66      0.638423      197.617
771      51.657      1.21927      914.45      -2821.55      -1907.1      0.637601      197.619
772      51.724      1.21143      908.576      -2814.78      -1906.2      0.636779      197.621
773      51.791      1.20655      904.912      -2809.95      -1905.04      0.635958      197.621
774      51.858      1.20507      903.799      -2807.53      -1903.73      0.635136      197.621
775      51.925      1.20708      905.307      -2807.74      -1902.43      0.634314      197.62
776      51.992      1.21233      909.249      -2810.5      -1901.25      0.633492      197.619
777      52.059      1.22034      915.258      -2815.53      -1900.27      0.632669      197.617
778      52.126      1.23046      922.847      -2822.4      -1899.55      0.631847      197.614
779      52.193      1.24195      931.461      -2830.57      -1899.11      0.631026      197.611
780      52.26      1.25401      940.509      -2839.48      -1898.97      0.630205      197.607
781      52.327      1.26586      949.393      -2848.52      -1899.13      0.629386      197.603
782      52.394      1.27677      957.58      -2857.12      -1899.54      0.628569      197.599
783      52.461      1.28619      964.641      -2864.8      -1900.15      0.627753      197.595
784      52.528      1.29376      970.32      -2871.19      -1900.87      0.62694      197.591
785      52.595      1.2994      974.547      -2876.14      -1901.6      0.62613      197.588
786      52.662      1.30322      977.416      -2879.68      -1902.26      0.625322      197.584
787      52.729      1.30551      979.129      -2881.94      -1902.81      0.624518      197.581
788      52.796      1.3066      979.948      -2883.17      -1903.22      0.623718      197.579
789      52.863      1.30688      980.163      -2883.65      -1903.48      0.622921      197.577
790      52.93      1.30677      980.077      -2883.67      -1903.59      0.622127      197.575
791      52.997      1.30667      980      -2883.55      -1903.55      0.621338      197.574
792      53.064      1.30698      980.239      -2883.59      -1903.35      0.620553      197.574
793      53.131      1.30813      981.099      -2884.1      -1903      0.619771      197.574
794      53.198      1.31047      982.851      -2885.37      -1902.52      0.618993      197.575
795      53.265      1.31424      985.677      -2887.65      -1901.97      0.618218      197.576
796      53.332      1.31951      989.635      -2891.05      -1901.41      0.617446      197.578
797      53.399      1.32608      994.562      -2895.53      -1900.96      0.616677      197.58
798      53.466      1.33339      1000.05      -2900.8      -1900.75      0.615911      197.582
799      53.533      1.34065      1005.49      -2906.35      -1900.86      0.615147      197.584
800      53.6      1.34693      1010.19      -2911.51      -1901.32      0.614385      197.586
801      53.667      1.35138      1013.54      -2915.61      -1902.07      0.613623      197.588
802      53.734      1.35341      1015.06      -2918.09      -1903.03      0.612863      197.59
803      53.801      1.35272      1014.54      -2918.61      -1904.06      0.612104      197.591
804      53.868      1.34935      1012.01      -2917.07      -1905.06      0.611344      197.591
805      53.935      1.34359      1007.7      -2913.62      -1905.92      0.610585      197.591
806      54.002      1.33586      1001.9      -2908.51      -1906.62      0.609826      197.591
807      54.069      1.32664      994.981      -2902.11      -1907.13      0.609067      197.59
808      54.136      1.31645      987.334      -2894.78      -1907.44      0.608308      197.588
809      54.203      1.3058      979.351      -2886.91      -1907.56      0.607549      197.586
810      54.27      1.29524      971.427      -2878.91      -1907.48      0.60679      197.583
811      54.337      1.2852      963.898      -2871.14      -1907.24      0.606032      197.58
812      54.404      1.276      956.998      -2863.9      -1906.9      0.605274      197.576
813      54.471      1.26772      950.792      -2857.34      -1906.55      0.604516      197.572
814      54.538      1.26028      945.21      -2851.45      -1906.24      0.603759      197.567
815      54.605      1.25349      940.118      -2846.13      -1906.01      0.603002      197.561
816      54.672      1.2472      935.398      -2841.22      -1905.82      0.602245      197.555
817      54.739      1.24138      931.032      -2836.66      -1905.63      0.601487      197.549
818      54.806      1.23621      927.157      -2832.51      -1905.36      0.60073      197.542
819      54.873      1.23209      924.065      -2828.98      -1904.91      0.599972      197.533
820      54.94      1.22956      922.168      -2826.43      -1904.26      0.599212      197.524
821      55.007      1.2292      921.9      -2825.3      -1903.4      0.598452      197.514
822      55.074      1.23145      923.586      -2825.97      -1902.39      0.597691      197.503
823      55.141      1.23642      927.312      -2828.69      -1901.38      0.596927      197.491
824      55.208      1.24383      932.872      -2833.37      -1900.5      0.596163      197.478
825      55.275      1.25305      939.789      -2839.68      -1899.89      0.595397      197.463
826      55.342      1.26322      947.417      -2847.04      -1899.62      0.59463      197.448
827      55.409      1.27344      955.08      -2854.77      -1899.69      0.593862      197.432
828      55.476      1.2829      962.176      -2862.22      -1900.04      0.593094      197.415
829      55.543      1.29102      968.262      -2868.86      -1900.59      0.592326      197.397
830      55.61      1.29747      973.104      -2874.34      -1901.24      0.591558      197.379
831      55.677      1.30223      976.67      -2878.55      -1901.88      0.590792      197.361
832      55.744      1.30543      979.071      -2881.52      -1902.45      0.590028      197.343
833      55.811      1.30728      980.463      -2883.41      -1902.94      0.589265      197.325
834      55.878      1.30798      980.987      -2884.36      -1903.37      0.588504      197.306
835      55.945      1.30768      980.758      -2884.49      -1903.74      0.587744      197.288
836      56.012      1.30654      979.904      -2883.94      -1904.04      0.586987      197.27
837      56.079      1.30477      978.578      -2882.83      -1904.25      0.586231      197.252
838      56.146      1.30266      976.997      -2881.35      -1904.35      0.585478      197.233
839      56.213      1.30055      975.415      -2879.73      -1904.32      0.584725      197.215
840      56.28      1.29879      974.09      -2878.25      -1904.16      0.583975      197.197
841      56.347      1.29762      973.216      -2877.13      -1903.92      0.583225      197.178
842      56.414      1.29717      972.879      -2876.52      -1903.64      0.582477      197.159
843      56.481      1.29733      973.001      -2876.43      -1903.43      0.581731      197.14
844      56.548      1.2978      973.35      -2876.7      -1903.35      0.580986      197.121
845      56.615      1.29815      973.611      -2877.05      -1903.43      0.580242      197.102
846      56.682      1.29798      973.483      -2877.15      -1903.66      0.5795      197.083
847      56.749      1.29702      972.766      -2876.74      -1903.97      0.57876      197.064
848      56.816      1.29525      971.438      -2875.71      -1904.27      0.578022      197.045
849      56.883      1.29286      969.646      -2874.12      -1904.47      0.577285      197.026
850      56.95      1.29022      967.665      -2872.19      -1904.53      0.576552      197.008
851      57.017      1.28779      965.839      -2870.25      -1904.41      0.575821      196.989
852      57.084      1.28605      964.535      -2868.64      -1904.11      0.575093      196.972
853      57.151      1.28548      964.111      -2867.74      -1903.63      0.574367      196.954
854      57.218      1.28648      964.86      -2867.87      -1903.01      0.573646      196.937
855      57.285      1.28929      966.967      -2869.29      -1902.32      0.572927      196.921
856      57.352      1.29395      970.46      -2872.11      -1901.65      0.572212      196.905
857      57.419      1.30021      975.155      -2876.24      -1901.08      0.571501      196.89
858      57.486      1.30755      980.666      -2881.4      -1900.74      0.570793      196.876
859      57.553      1.31525      986.438      -2887.12      -1900.69      0.570089      196.862
860      57.62      1.32247      991.849      -2892.8      -1900.95      0.569389      196.849
861      57.687      1.32838      996.289      -2897.79      -1901.51      0.568693      196.837
862      57.754      1.33236      999.272      -2901.56      -1902.28      0.568001      196.826
863      57.821      1.33399      1000.49      -2903.68      -1903.19      0.567314      196.816
864      57.888      1.33312      999.837      -2903.97      -1904.13      0.566632      196.807
865      57.955      1.32988      997.413      -2902.4      -1904.99      0.565955      196.799
866      58.022      1.32464      993.476      -2899.18      -1905.7      0.565282      196.793
867      58.089      1.31786      988.397      -2894.61      -1906.22      0.564614      196.787
868      58.156      1.31012      982.591      -2889.11      -1906.52      0.56395      196.783
869      58.223      1.30194      976.457      -2883.09      -1906.63      0.563291      196.779
870      58.29      1.29377      970.329      -2876.91      -1906.58      0.562637      196.777
871      58.357      1.28591      964.431      -2870.87      -1906.44      0.561986      196.775
872      58.424      1.27844      958.827      -2865.11      -1906.28      0.56134      196.774
873      58.491      1.27124      953.433      -2859.62      -1906.19      0.560697      196.774
874      58.558      1.26403      948.024      -2854.24      -1906.21      0.560058      196.775
875      58.625      1.25645      942.339      -2848.71      -1906.37      0.559423      196.777
876      58.692      1.24824      936.176      -2842.79      -1906.62      0.558791      196.779
877      58.759      1.23934      929.507      -2836.36      -1906.85      0.558161      196.782
878      58.826      1.23007      922.554      -2829.5      -1906.95      0.557535      196.785
879      58.893      1.22102      915.762      -2822.56      -1906.8      0.556912      196.789
880      58.96      1.21298      909.732      -2816.07      -1906.34      0.556291      196.793
881      59.027      1.20677      905.074      -2810.66      -1905.58      0.555672      196.798
882      59.094      1.20301      902.256      -2806.88      -1904.62      0.555057      196.803
883      59.161      1.20202      901.517      -2805.09      -1903.57      0.554444      196.809
884      59.228      1.20381      902.854      -2805.4      -1902.55      0.553833      196.815
885      59.295      1.20811      906.082      -2807.73      -1901.64      0.553225      196.821
886      59.362      1.21453      910.901      -2811.8      -1900.9      0.552621      196.828
887      59.429      1.22259      916.946      -2817.29      -1900.34      0.552019      196.836
888      59.496      1.23174      923.807      -2823.8      -1899.99      0.551421      196.844
889      59.563      1.24141      931.057      -2830.92      -1899.86      0.550825      196.853
890      59.63      1.25099      938.241      -2838.2      -1899.96      0.550232      196.862
891      59.697      1.2599      944.928      -2845.19      -1900.26      0.549642      196.872
892      59.764      1.26763      950.725      -2851.48      -1900.76      0.549055      196.882
893      59.831      1.27376      955.32      -2856.72      -1901.4      0.54847      196.893
894      59.898      1.27798      958.487      -2860.62      -1902.13      0.547887      196.904
895      59.965      1.28014      960.103      -2863.02      -1902.91      0.547306      196.915
896      60.032      1.28024      960.183      -2863.85      -1903.67      0.546727      196.927
897      60.099      1.27854      958.902      -2863.22      -1904.31      0.546151      196.939
898      60.166      1.2755      956.627      -2861.38      -1904.75      0.545576      196.951
899      60.233      1.27182      953.862      -2858.79      -1904.93      0.545003      196.963
900      60.3      1.26817      951.127      -2855.98      -1904.85      0.544431      196.975
901      60.367      1.26511      948.832      -2853.42      -1904.59      0.543861      196.987
902      60.434      1.26292      947.189      -2851.43      -1904.24      0.543291      196.999
903      60.501      1.26163      946.22      -2850.13      -1903.91      0.542721      197.011
904      60.568      1.26109      945.814      -2849.46      -1903.64      0.542151      197.022
905      60.635      1.26109      945.816      -2849.28      -1903.46      0.54158      197.032
906      60.702      1.26145      946.091      -2849.43      -1903.34      0.541008      197.042
907      60.769      1.26204      946.534      -2849.8      -1903.26      0.540435      197.05
908      60.836      1.26279      947.093      -2850.3      -1903.21      0.539861      197.058
909      60.903      1.26369      947.771      -2850.92      -1903.15      0.539287      197.065
910      60.97      1.26482      948.617      -2851.67      -1903.06      0.538711      197.071
911      61.037      1.26628      949.709      -2852.64      -1902.93      0.538136      197.077
912      61.104      1.26814      951.104      -2853.88      -1902.77      0.537561      197.083
913      61.171      1.27043      952.826      -2855.44      -1902.61      0.536987      197.088
914      61.238      1.27313      954.846      -2857.31      -1902.47      0.536413      197.093
915      61.305      1.27616      957.123      -2859.47      -1902.35      0.535841      197.098
916      61.372      1.27951      959.636      -2861.87      -1902.23      0.53527      197.104
917      61.439      1.28321      962.411      -2864.51      -1902.1      0.534701      197.109
918      61.506      1.28735      965.512      -2867.45      -1901.93      0.534135      197.115
919      61.573      1.29199      968.996      -2870.74      -1901.75      0.53357      197.121
920      61.64      1.2971      972.824      -2874.42      -1901.59      0.533009      197.128
921      61.707      1.30245      976.839      -2878.38      -1901.54      0.53245      197.135
922      61.774      1.30768      980.757      -2882.39      -1901.63      0.531894      197.143
923      61.841      1.31233      984.25      -2886.14      -1901.89      0.531341      197.152
924      61.908      1.31604      987.031      -2889.31      -1902.28      0.530792      197.162
925      61.975      1.31857      988.93      -2891.67      -1902.74      0.530245      197.172
926      62.042      1.3199      989.928      -2893.11      -1903.18      0.529701      197.182
927      62.109      1.32021      990.16      -2893.7      -1903.54      0.529159      197.193
928      62.176      1.31984      989.878      -2893.65      -1903.77      0.528619      197.205
929      62.243      1.31917      989.374      -2893.22      -1903.85      0.528081      197.216
930      62.31      1.31852      988.891      -2892.7      -1903.81      0.527545      197.228
931      62.377      1.31813      988.594      -2892.3      -1903.71      0.52701      197.24
932      62.444      1.31808      988.561      -2892.13      -1903.57      0.526476      197.252
933      62.511      1.31843      988.821      -2892.24      -1903.42      0.525943      197.263
934      62.578      1.31916      989.368      -2892.64      -1903.28      0.52541      197.275
935      62.645      1.32027      990.201      -2893.34      -1903.14      0.524878      197.286
936      62.712      1.32174      991.302      -2894.3      -1903      0.524346      197.297
937      62.779      1.32355      992.662      -2895.53      -1902.87      0.523815      197.307
938      62.846      1.32573      994.295      -2897.03      -1902.73      0.523284      197.318
939      62.913      1.32831      996.23      -2898.8      -1902.57      0.522752      197.328
940      62.98      1.33136      998.517      -2900.91      -1902.39      0.522221      197.337
941      63.047      1.33493      1001.2      -2903.39      -1902.19      0.521689      197.346
942      63.114      1.33899      1004.24      -2906.27      -1902.02      0.521157      197.354
943      63.181      1.34334      1007.5      -2909.44      -1901.94      0.520624      197.361
944      63.248      1.3476      1010.7      -2912.72      -1902.02      0.520091      197.368
945      63.315      1.35123      1013.42      -2915.73      -1902.31      0.519557      197.375
946      63.382      1.35361      1015.21      -2918.04      -1902.83      0.519023      197.38
947      63.449      1.35415      1015.61      -2919.18      -1903.57      0.518488      197.385
948      63.516      1.35242      1014.31      -2918.76      -1904.45      0.517953      197.39
949      63.583      1.3482      1011.15      -2916.53      -1905.38      0.517418      197.394
950      63.65      1.34158      1006.19      -2912.44      -1906.26      0.516882      197.397
951      63.717      1.33296      999.723      -2906.68      -1906.96      0.516348      197.401
952      63.784      1.32296      992.219      -2899.63      -1907.41      0.515814      197.404
953      63.851      1.31229      984.216      -2891.8      -1907.59      0.515281      197.407
954      63.918      1.30165      976.237      -2883.75      -1907.51      0.514748      197.41
955      63.985      1.29157      968.681      -2875.93      -1907.25      0.514217      197.413
956      64.052      1.28237      961.781      -2868.68      -1906.9      0.513686      197.416
957      64.119      1.27415      955.61      -2862.14      -1906.53      0.513156      197.418
958      64.186      1.26684      950.127      -2856.31      -1906.19      0.512627      197.421
959      64.253      1.26033      945.245      -2851.13      -1905.89      0.512097      197.423
960      64.32      1.25458      940.937      -2846.53      -1905.59      0.511568      197.424
961      64.387      1.24969      937.265      -2842.52      -1905.25      0.511039      197.426
962      64.454      1.24588      934.407      -2839.22      -1904.81      0.51051      197.426
963      64.521      1.24351      932.63      -2836.87      -1904.24      0.50998      197.427
964      64.588      1.24294      932.206      -2835.73      -1903.53      0.50945      197.426
965      64.655      1.24447      933.349      -2836.08      -1902.73      0.508921      197.426
966      64.722      1.24814      936.103      -2838.03      -1901.93      0.508391      197.424
967      64.789      1.25373      940.295      -2841.54      -1901.25      0.507861      197.423
968      64.856      1.26074      945.553      -2846.33      -1900.77      0.507332      197.421
969      64.923      1.26848      951.357      -2851.93      -1900.57      0.506802      197.419
970      64.99      1.27617      957.129      -2857.79      -1900.66      0.506273      197.416
971      65.057      1.28308      962.307      -2863.33      -1901.02      0.505744      197.413
972      65.124      1.28854      966.404      -2868.02      -1901.62      0.505215      197.41
973      65.191      1.29207      969.054      -2871.43      -1902.37      0.504687      197.406
974      65.258      1.29344      970.083      -2873.27      -1903.19      0.504158      197.402
975      65.325      1.29271      969.531      -2873.49      -1903.96      0.50363      197.398
976      65.392      1.29019      967.643      -2872.23      -1904.59      0.503103      197.393
977      65.459      1.28639      964.793      -2869.81      -1905.02      0.502576      197.389
978      65.526      1.28186      961.395      -2866.64      -1905.25      0.50205      197.384
979      65.593      1.277      957.753      -2863.09      -1905.34      0.501524      197.379
980      65.66      1.272      953.997      -2859.39      -1905.39      0.501      197.374
981      65.727      1.26676      950.071      -2855.57      -1905.5      0.500476      197.369
982      65.794      1.26105      945.788      -2851.49      -1905.7      0.499954      197.364
983      65.861      1.25458      940.934      -2846.94      -1906      0.499434      197.359
984      65.928      1.24722      935.417      -2841.75      -1906.34      0.498915      197.355
985      65.995      1.23914      929.353      -2835.93      -1906.58      0.498398      197.351
986      66.062      1.23077      923.076      -2829.71      -1906.63      0.497884      197.347
987      66.129      1.22279      917.092      -2823.51      -1906.41      0.497373      197.345
988      66.196      1.21592      911.942      -2817.87      -1905.93      0.496865      197.343
989      66.263      1.21081      908.106      -2813.31      -1905.21      0.49636      197.342
990      66.33      1.20791      905.934      -2810.27      -1904.33      0.495859      197.342
991      66.397      1.20749      905.619      -2809      -1903.38      0.495361      197.343
992      66.464      1.20957      907.179      -2809.62      -1902.44      0.494867      197.345
993      66.531      1.21393      910.444      -2812.06      -1901.62      0.494376      197.348
994      66.598      1.22005      915.035      -2816.04      -1901.01      0.49389      197.352
995      66.665      1.22721      920.404      -2821.09      -1900.69      0.493406      197.358
996      66.732      1.23459      925.939      -2826.62      -1900.68      0.492926      197.364
997      66.799      1.24142      931.065      -2832.02      -1900.95      0.49245      197.371
998      66.866      1.24712      935.339      -2836.77      -1901.43      0.491975      197.379
999      66.933      1.25134      938.504      -2840.52      -1902.01      0.491503      197.387
1000      67      1.25403      940.523      -2843.11      -1902.59      0.491032      197.395
1000      67      1.25403      940.523      -2843.11      -1902.59      0.491032      197.395
Execution time in seconds: 1.82343
