Timestep Time Temperature KineticEnergy PotentialEnergy TotalEnergy DiffusionConstant MeanSquareDisplacement
1      0.012      2.43283      1824.62      -3730.19      -1905.57      2737.96      197.133
2      0.024      2.43229      1824.22      -3729.99      -1905.77      1368.99      197.135
3      0.036      2.4312      1823.4      -3729.38      -1905.98      912.669      197.137
4      0.048      2.42957      1822.18      -3728.36      -1906.18      684.508      197.138
5      0.06      2.4274      1820.55      -3726.94      -1906.38      547.611      197.14
6      0.072      2.42469      1818.52      -3725.1      -1906.59      456.347      197.142
7      0.084      2.42143      1816.07      -3722.86      -1906.79      391.158      197.143
8      0.096      2.41763      1813.22      -3720.22      -1906.99      342.266      197.145
9      0.108      2.41329      1809.96      -3717.16      -1907.2      304.239      197.147
10      0.12      2.40839      1806.3      -3713.7      -1907.4      273.818      197.149
11      0.132      2.40296      1802.22      -3709.83      -1907.61      248.927      197.151
12      0.144      2.39697      1797.73      -3705.54      -1907.81      228.186      197.152
13      0.156      2.39043      1792.82      -3700.84      -1908.02      210.635      197.154
14      0.168      2.38334      1787.5      -3695.73      -1908.23      195.591      197.156
15      0.18      2.37569      1781.77      -3690.21      -1908.44      182.554      197.158
16      0.192      2.36749      1775.62      -3684.26      -1908.64      171.146      197.16
17      0.204      2.35874      1769.05      -3677.91      -1908.85      161.08      197.162
18      0.216      2.34942      1762.07      -3671.13      -1909.06      152.132      197.164
19      0.228      2.33955      1754.66      -3663.93      -1909.27      144.127      197.166
20      0.24      2.32911      1746.83      -3656.31      -1909.48      136.922      197.167
21      0.252      2.31811      1738.58      -3648.27      -1909.69      130.403      197.169
22      0.264      2.30654      1729.9      -3639.81      -1909.91      124.477      197.171
23      0.276      2.2944      1720.8      -3630.92      -1910.12      119.066      197.173
24      0.288      2.2817      1711.27      -3621.61      -1910.33      114.106      197.175
25      0.3      2.26842      1701.32      -3611.86      -1910.55      109.543      197.177
26      0.312      2.25458      1690.93      -3601.69      -1910.76      105.331      197.179
27      0.324      2.24016      1680.12      -3591.09      -1910.97      101.431      197.181
28      0.336      2.22517      1668.87      -3580.06      -1911.19      97.8092      197.183
29      0.348      2.2096      1657.2      -3568.6      -1911.4      94.4374      197.185
30      0.36      2.19346      1645.09      -3556.71      -1911.62      91.2904      197.187
31      0.372      2.17675      1632.56      -3544.39      -1911.83      88.3465      197.189
32      0.384      2.15946      1619.6      -3531.64      -1912.05      85.5865      197.191
33      0.396      2.14161      1606.2      -3518.46      -1912.26      82.9939      197.193
34      0.408      2.12318      1592.39      -3504.86      -1912.47      80.5537      197.196
35      0.42      2.10419      1578.14      -3490.83      -1912.68      78.253      197.198
36      0.432      2.08464      1563.48      -3476.37      -1912.89      76.0801      197.2
37      0.444      2.06453      1548.4      -3461.5      -1913.1      74.0247      197.202
38      0.456      2.04388      1532.91      -3446.21      -1913.31      72.0774      197.204
39      0.468      2.02268      1517.01      -3430.51      -1913.51      70.23      197.206
40      0.48      2.00094      1500.71      -3414.41      -1913.71      68.475      197.208
41      0.492      1.97868      1484.01      -3397.91      -1913.9      66.8055      197.21
42      0.504      1.95591      1466.93      -3381.02      -1914.09      65.2156      197.212
43      0.516      1.93263      1449.47      -3363.75      -1914.28      63.6996      197.214
44      0.528      1.90886      1431.65      -3346.11      -1914.46      62.2526      197.216
45      0.54      1.88462      1413.47      -3328.11      -1914.64      60.8698      197.218
46      0.552      1.85993      1394.95      -3309.75      -1914.81      59.5472      197.22
47      0.564      1.8348      1376.1      -3291.07      -1914.97      58.2808      197.222
48      0.576      1.80925      1356.94      -3272.06      -1915.12      57.0672      197.224
49      0.588      1.78331      1337.48      -3252.75      -1915.27      55.9032      197.226
50      0.6      1.757      1317.75      -3233.15      -1915.4      54.7857      197.228
51      0.612      1.73034      1297.76      -3213.29      -1915.53      53.712      197.231
52      0.624      1.70338      1277.53      -3193.17      -1915.64      52.6796      197.233
53      0.636      1.67613      1257.09      -3172.84      -1915.74      51.6862      197.235
54      0.648      1.64862      1236.47      -3152.3      -1915.84      50.7296      197.237
55      0.66      1.6209      1215.68      -3131.59      -1915.91      49.8077      197.239
56      0.672      1.593      1194.75      -3110.73      -1915.98      48.9188      197.241
57      0.684      1.56496      1173.72      -3089.74      -1916.03      48.061      197.243
58      0.696      1.53681      1152.61      -3068.67      -1916.06      47.2329      197.244
59      0.708      1.5086      1131.45      -3047.53      -1916.08      46.4328      197.246
60      0.72      1.48037      1110.28      -3026.36      -1916.08      45.6593      197.248
61      0.732      1.45217      1089.13      -3005.2      -1916.07      44.9113      197.25
62      0.744      1.42404      1068.03      -2984.07      -1916.04      44.1873      197.252
63      0.756      1.39603      1047.02      -2963.01      -1915.99      43.4863      197.254
64      0.768      1.36818      1026.13      -2942.05      -1915.92      42.8073      197.256
65      0.78      1.34054      1005.4      -2921.24      -1915.84      42.1491      197.258
66      0.792      1.31316      984.869      -2900.61      -1915.74      41.5109      197.26
67      0.804      1.28609      964.566      -2880.18      -1915.62      40.8917      197.261
68      0.816      1.25937      944.529      -2860.01      -1915.48      40.2907      197.263
69      0.828      1.23306      924.794      -2840.12      -1915.32      39.7071      197.265
70      0.84      1.20719      905.395      -2820.55      -1915.15      39.1402      197.267
71      0.852      1.18182      886.367      -2801.33      -1914.96      38.5893      197.268
72      0.864      1.15699      867.742      -2782.5      -1914.76      38.0536      197.27
73      0.876      1.13274      849.552      -2764.09      -1914.53      37.5327      197.272
74      0.888      1.1091      831.827      -2746.12      -1914.3      37.0258      197.273
75      0.9      1.08613      814.595      -2728.64      -1914.05      36.5324      197.275
76      0.912      1.06384      797.883      -2711.67      -1913.78      36.052      197.277
77      0.924      1.04229      781.716      -2695.23      -1913.51      35.5841      197.278
78      0.936      1.02149      766.117      -2679.34      -1913.22      35.1282      197.28
79      0.948      1.00147      751.105      -2664.03      -1912.93      34.6838      197.281
80      0.96      0.982266      736.7      -2649.32      -1912.62      34.2505      197.283
81      0.972      0.963889      722.916      -2635.22      -1912.31      33.8279      197.284
82      0.984      0.946358      709.769      -2621.76      -1911.99      33.4156      197.286
83      0.996      0.92969      697.267      -2608.93      -1911.66      33.0133      197.287
84      1.008      0.913894      685.421      -2596.76      -1911.34      32.6205      197.289
85      1.02      0.898981      674.235      -2585.24      -1911      32.2369      197.29
86      1.032      0.884953      663.715      -2574.39      -1910.67      31.8623      197.291
87      1.044      0.871814      653.861      -2564.2      -1910.34      31.4963      197.293
88      1.056      0.859563      644.672      -2554.68      -1910.01      31.1386      197.294
89      1.068      0.848194      636.145      -2545.82      -1909.67      30.7889      197.295
90      1.08      0.837702      628.276      -2537.62      -1909.35      30.447      197.297
91      1.092      0.828077      621.057      -2530.08      -1909.02      30.1126      197.298
92      1.104      0.819306      614.48      -2523.18      -1908.7      29.7855      197.299
93      1.116      0.811377      608.533      -2516.92      -1908.39      29.4654      197.3
94      1.128      0.804272      603.204      -2511.29      -1908.08      29.1521      197.301
95      1.14      0.797973      598.48      -2506.26      -1907.78      28.8454      197.302
96      1.152      0.792461      594.346      -2501.83      -1907.49      28.5451      197.304
97      1.164      0.787714      590.785      -2497.99      -1907.2      28.2509      197.305
98      1.176      0.783709      587.782      -2494.71      -1906.93      27.9628      197.306
99      1.188      0.780422      585.316      -2491.98      -1906.66      27.6805      197.307
100      1.2      0.777828      583.371      -2489.77      -1906.4      27.4038      197.308
101      1.212      0.775901      581.926      -2488.08      -1906.16      27.1327      197.309
102      1.224      0.774616      580.962      -2486.88      -1905.92      26.8668      197.31
103      1.236      0.773946      580.459      -2486.15      -1905.69      26.6061      197.311
104      1.248      0.773862      580.397      -2485.87      -1905.47      26.3504      197.311
105      1.26      0.774339      580.754      -2486.02      -1905.26      26.0995      197.312
106      1.272      0.775349      581.512      -2486.58      -1905.07      25.8534      197.313
107      1.284      0.776865      582.648      -2487.53      -1904.88      25.6119      197.314
108      1.296      0.778859      584.144      -2488.85      -1904.7      25.3749      197.315
109      1.308      0.781305      585.979      -2490.52      -1904.54      25.1422      197.316
110      1.32      0.784178      588.133      -2492.51      -1904.38      24.9137      197.317
111      1.332      0.78745      590.588      -2494.82      -1904.23      24.6893      197.317
112      1.344      0.791097      593.323      -2497.42      -1904.09      24.469      197.318
113      1.356      0.795094      596.321      -2500.29      -1903.97      24.2526      197.319
114      1.368      0.799417      599.563      -2503.41      -1903.85      24.0399      197.319
115      1.38      0.804042      603.032      -2506.77      -1903.73      23.8309      197.32
116      1.392      0.808948      606.711      -2510.34      -1903.63      23.6256      197.321
117      1.404      0.814111      610.583      -2514.12      -1903.54      23.4237      197.321
118      1.416      0.81951      614.633      -2518.08      -1903.45      23.2253      197.322
119      1.428      0.825126      618.845      -2522.22      -1903.37      23.0302      197.323
120      1.44      0.830938      623.204      -2526.5      -1903.3      22.8384      197.323
121      1.452      0.836928      627.696      -2530.93      -1903.24      22.6497      197.324
122      1.464      0.843076      632.307      -2535.49      -1903.18      22.4641      197.325
123      1.476      0.849366      637.024      -2540.15      -1903.13      22.2815      197.325
124      1.488      0.85578      641.835      -2544.92      -1903.08      22.1019      197.326
125      1.5      0.862303      646.727      -2549.77      -1903.04      21.9251      197.326
126      1.512      0.868919      651.689      -2554.7      -1903.01      21.7512      197.327
127      1.524      0.875614      656.71      -2559.69      -1902.98      21.58      197.327
128      1.536      0.882373      661.78      -2564.74      -1902.96      21.4114      197.328
129      1.548      0.889184      666.888      -2569.83      -1902.94      21.2455      197.328
130      1.56      0.896033      672.025      -2574.95      -1902.93      21.0821      197.329
131      1.572      0.902909      677.181      -2580.1      -1902.92      20.9212      197.329
132      1.584      0.909799      682.349      -2585.26      -1902.92      20.7628      197.329
133      1.596      0.916693      687.52      -2590.43      -1902.92      20.6067      197.33
134      1.608      0.92358      692.685      -2595.6      -1902.92      20.453      197.33
135      1.62      0.930451      697.838      -2600.76      -1902.93      20.3015      197.331
136      1.632      0.937295      702.971      -2605.91      -1902.94      20.1523      197.331
137      1.644      0.944104      708.078      -2611.03      -1902.95      20.0052      197.331
138      1.656      0.950868      713.151      -2616.12      -1902.97      19.8603      197.332
139      1.668      0.95758      718.185      -2621.18      -1902.99      19.7174      197.332
140      1.68      0.964231      723.173      -2626.19      -1903.01      19.5766      197.332
141      1.692      0.970813      728.11      -2631.15      -1903.04      19.4378      197.333
142      1.704      0.977319      732.99      -2636.06      -1903.07      19.301      197.333
143      1.716      0.983742      737.807      -2640.91      -1903.1      19.166      197.333
144      1.728      0.990075      742.556      -2645.69      -1903.14      19.033      197.334
145      1.74      0.996311      747.234      -2650.41      -1903.17      18.9017      197.334
146      1.752      1.00244      751.833      -2655.05      -1903.21      18.7723      197.334
147      1.764      1.00847      756.351      -2659.61      -1903.25      18.6446      197.335
148      1.776      1.01438      760.782      -2664.08      -1903.3      18.5187      197.335
149      1.788      1.02016      765.123      -2668.47      -1903.34      18.3944      197.335
150      1.8      1.02583      769.37      -2672.76      -1903.39      18.2718      197.335
151      1.812      1.03136      773.518      -2676.96      -1903.44      18.1508      197.336
152      1.824      1.03675      777.564      -2681.06      -1903.49      18.0314      197.336
153      1.836      1.04201      781.505      -2685.05      -1903.55      17.9136      197.336
154      1.848      1.04712      785.337      -2688.94      -1903.6      17.7973      197.336
155      1.86      1.05208      789.057      -2692.71      -1903.66      17.6825      197.336
156      1.872      1.05688      792.663      -2696.38      -1903.72      17.5691      197.337
157      1.884      1.06153      796.151      -2699.93      -1903.77      17.4573      197.337
158      1.896      1.06603      799.519      -2703.35      -1903.84      17.3468      197.337
159      1.908      1.07035      802.766      -2706.66      -1903.9      17.2377      197.337
160      1.92      1.07452      805.888      -2709.85      -1903.96      17.13      197.337
161      1.932      1.07851      808.885      -2712.91      -1904.02      17.0236      197.338
162      1.944      1.08234      811.754      -2715.84      -1904.09      16.9185      197.338
163      1.956      1.08599      814.496      -2718.65      -1904.15      16.8148      197.338
164      1.968      1.08948      817.108      -2721.32      -1904.21      16.7123      197.338
165      1.98      1.09279      819.59      -2723.87      -1904.28      16.611      197.338
166      1.992      1.09592      821.942      -2726.29      -1904.35      16.5109      197.339
167      2.004      1.09888      824.164      -2728.57      -1904.41      16.4121      197.339
168      2.016      1.10167      826.256      -2730.73      -1904.47      16.3144      197.339
169      2.028      1.10429      828.218      -2732.76      -1904.54      16.2179      197.339
170      2.04      1.10674      830.053      -2734.66      -1904.6      16.1225      197.339
171      2.052      1.10901      831.76      -2736.43      -1904.67      16.0282      197.34
172      2.064      1.11112      833.341      -2738.07      -1904.73      15.9351      197.34
173      2.076      1.11306      834.798      -2739.59      -1904.79      15.843      197.34
174      2.088      1.11484      836.134      -2740.99      -1904.85      15.7519      197.34
175      2.1      1.11647      837.349      -2742.26      -1904.91      15.6619      197.34
176      2.112      1.11793      838.447      -2743.42      -1904.97      15.573      197.341
177      2.124      1.11924      839.432      -2744.46      -1905.03      15.485      197.341
178      2.136      1.12041      840.305      -2745.39      -1905.08      15.398      197.341
179      2.148      1.12143      841.071      -2746.21      -1905.14      15.312      197.341
180      2.16      1.12231      841.733      -2746.92      -1905.19      15.227      197.342
181      2.172      1.12306      842.294      -2747.53      -1905.24      15.1429      197.342
182      2.184      1.12368      842.759      -2748.04      -1905.28      15.0597      197.342
183      2.196      1.12418      843.131      -2748.46      -1905.33      14.9774      197.342
184      2.208      1.12455      843.415      -2748.79      -1905.37      14.896      197.343
185      2.22      1.12482      843.615      -2749.03      -1905.42      14.8155      197.343
186      2.232      1.12498      843.735      -2749.19      -1905.45      14.7359      197.343
187      2.244      1.12504      843.78      -2749.27      -1905.49      14.6571      197.343
188      2.256      1.12501      843.754      -2749.28      -1905.53      14.5792      197.344
189      2.268      1.12488      843.662      -2749.22      -1905.56      14.5021      197.344
190      2.28      1.12468      843.507      -2749.1      -1905.59      14.4257      197.344
191      2.292      1.12439      843.295      -2748.91      -1905.62      14.3502      197.345
192      2.304      1.12404      843.03      -2748.67      -1905.64      14.2755      197.345
193      2.316      1.12362      842.715      -2748.38      -1905.67      14.2016      197.345
194      2.328      1.12314      842.355      -2748.05      -1905.69      14.1284      197.346
195      2.34      1.1226      841.953      -2747.66      -1905.71      14.056      197.346
196      2.352      1.12202      841.514      -2747.24      -1905.73      13.9843      197.346
197      2.364      1.12139      841.042      -2746.79      -1905.75      13.9133      197.347
198      2.376      1.12072      840.54      -2746.3      -1905.76      13.8431      197.347
199      2.388      1.12002      840.012      -2745.78      -1905.77      13.7736      197.348
200      2.4      1.11928      839.461      -2745.24      -1905.78      13.7047      197.348
201      2.412      1.11852      838.89      -2744.68      -1905.79      13.6366      197.348
202      2.424      1.11774      838.303      -2744.1      -1905.8      13.5691      197.349
203      2.436      1.11693      837.701      -2743.51      -1905.81      13.5023      197.349
204      2.448      1.11612      837.088      -2742.9      -1905.81      13.4361      197.35
205      2.46      1.11529      836.466      -2742.28      -1905.82      13.3706      197.35
206      2.472      1.11445      835.838      -2741.66      -1905.82      13.3057      197.351
207      2.484      1.11361      835.208      -2741.03      -1905.82      13.2415      197.351
208      2.496      1.11277      834.575      -2740.4      -1905.82      13.1779      197.352
209      2.508      1.11193      833.944      -2739.76      -1905.82      13.1149      197.352
210      2.52      1.11109      833.316      -2739.13      -1905.82      13.0524      197.353
211      2.532      1.11026      832.693      -2738.51      -1905.81      12.9906      197.353
212      2.544      1.10944      832.077      -2737.89      -1905.81      12.9294      197.354
213      2.556      1.10863      831.472      -2737.28      -1905.81      12.8687      197.355
214      2.568      1.10784      830.879      -2736.68      -1905.8      12.8086      197.355
215      2.58      1.10707      830.302      -2736.09      -1905.79      12.7491      197.356
216      2.592      1.10632      829.741      -2735.52      -1905.78      12.6901      197.356
217      2.604      1.1056      829.201      -2734.97      -1905.77      12.6317      197.357
218      2.616      1.10491      828.682      -2734.44      -1905.76      12.5738      197.358
219      2.628      1.10425      828.187      -2733.93      -1905.75      12.5164      197.358
220      2.64      1.10363      827.72      -2733.45      -1905.73      12.4595      197.359
221      2.652      1.10304      827.283      -2733      -1905.72      12.4032      197.36
222      2.664      1.10251      826.879      -2732.58      -1905.7      12.3474      197.36
223      2.676      1.10201      826.51      -2732.19      -1905.68      12.292      197.361
224      2.688      1.10157      826.181      -2731.84      -1905.66      12.2372      197.362
225      2.7      1.10119      825.892      -2731.53      -1905.64      12.1829      197.363
226      2.712      1.10086      825.648      -2731.27      -1905.62      12.129      197.363
227      2.724      1.1006      825.452      -2731.05      -1905.6      12.0756      197.364
228      2.736      1.10041      825.306      -2730.88      -1905.57      12.0227      197.365
229      2.748      1.10028      825.212      -2730.76      -1905.54      11.9702      197.365
230      2.76      1.10023      825.174      -2730.69      -1905.52      11.9183      197.366
231      2.772      1.10026      825.194      -2730.68      -1905.49      11.8667      197.367
232      2.784      1.10036      825.273      -2730.73      -1905.46      11.8156      197.368
233      2.796      1.10055      825.415      -2730.84      -1905.42      11.7649      197.369
234      2.808      1.10083      825.62      -2731.01      -1905.39      11.7147      197.369
235      2.82      1.10119      825.89      -2731.25      -1905.36      11.6649      197.37
236      2.832      1.10164      826.227      -2731.55      -1905.33      11.6155      197.371
237      2.844      1.10217      826.63      -2731.92      -1905.29      11.5666      197.372
238      2.856      1.1028      827.1      -2732.36      -1905.26      11.518      197.373
239      2.868      1.10352      827.637      -2732.86      -1905.23      11.4699      197.373
240      2.88      1.10432      828.241      -2733.43      -1905.19      11.4221      197.374
241      2.892      1.10521      828.911      -2734.07      -1905.16      11.3748      197.375
242      2.904      1.10619      829.646      -2734.77      -1905.13      11.3278      197.376
243      2.916      1.10726      830.444      -2735.54      -1905.1      11.2812      197.377
244      2.928      1.1084      831.303      -2736.37      -1905.07      11.2351      197.377
245      2.94      1.10963      832.222      -2737.26      -1905.04      11.1892      197.378
246      2.952      1.11093      833.197      -2738.21      -1905.01      11.1438      197.379
247      2.964      1.1123      834.226      -2739.21      -1904.98      11.0987      197.38
248      2.976      1.11374      835.306      -2740.26      -1904.96      11.054      197.381
249      2.988      1.11524      836.434      -2741.37      -1904.93      11.0097      197.381
250      3      1.11681      837.606      -2742.52      -1904.91      10.9657      197.382
251      3.012      1.11843      838.819      -2743.71      -1904.89      10.922      197.383
252      3.024      1.12009      840.07      -2744.94      -1904.87      10.8787      197.384
253      3.036      1.12181      841.355      -2746.21      -1904.86      10.8358      197.385
254      3.048      1.12356      842.671      -2747.51      -1904.84      10.7932      197.385
255      3.06      1.12535      844.014      -2748.84      -1904.83      10.7509      197.386
256      3.072      1.12718      845.381      -2750.2      -1904.82      10.7089      197.387
257      3.084      1.12903      846.77      -2751.58      -1904.81      10.6673      197.388
258      3.096      1.1309      848.175      -2752.97      -1904.8      10.626      197.388
259      3.108      1.13279      849.594      -2754.39      -1904.79      10.585      197.389
260      3.12      1.1347      851.025      -2755.81      -1904.79      10.5443      197.39
261      3.132      1.13662      852.465      -2757.25      -1904.78      10.504      197.391
262      3.144      1.13855      853.911      -2758.69      -1904.78      10.4639      197.391
263      3.156      1.14048      855.361      -2760.14      -1904.78      10.4242      197.392
264      3.168      1.14242      856.813      -2761.59      -1904.78      10.3847      197.393
265      3.18      1.14435      858.265      -2763.04      -1904.78      10.3456      197.393
266      3.192      1.14629      859.714      -2764.49      -1904.78      10.3067      197.394
267      3.204      1.14821      861.16      -2765.94      -1904.78      10.2681      197.395
268      3.216      1.15014      862.601      -2767.39      -1904.78      10.2298      197.395
269      3.228      1.15205      864.036      -2768.82      -1904.79      10.1918      197.396
270      3.24      1.15395      865.463      -2770.25      -1904.79      10.1541      197.396
271      3.252      1.15584      866.882      -2771.68      -1904.8      10.1167      197.397
272      3.264      1.15772      868.291      -2773.09      -1904.8      10.0795      197.397
273      3.276      1.15959      869.691      -2774.5      -1904.81      10.0426      197.398
274      3.288      1.16144      871.079      -2775.89      -1904.81      10.006      197.398
275      3.3      1.16328      872.457      -2777.27      -1904.82      9.96964      197.399
276      3.312      1.1651      873.822      -2778.64      -1904.82      9.93354      197.399
277      3.324      1.1669      875.176      -2780      -1904.83      9.8977      197.4
278      3.336      1.16869      876.516      -2781.35      -1904.84      9.86211      197.4
279      3.348      1.17046      877.844      -2782.69      -1904.84      9.82678      197.4
280      3.36      1.17221      879.158      -2784.01      -1904.85      9.79171      197.401
281      3.372      1.17395      880.459      -2785.31      -1904.86      9.75688      197.401
282      3.384      1.17566      881.746      -2786.61      -1904.86      9.72229      197.401
283      3.396      1.17736      883.019      -2787.89      -1904.87      9.68795      197.402
284      3.408      1.17904      884.278      -2789.15      -1904.88      9.65385      197.402
285      3.42      1.1807      885.522      -2790.41      -1904.88      9.61998      197.402
286      3.432      1.18233      886.751      -2791.64      -1904.89      9.58635      197.402
287      3.444      1.18395      887.965      -2792.86      -1904.9      9.55296      197.402
288      3.456      1.18555      889.163      -2794.07      -1904.91      9.51979      197.402
289      3.468      1.18713      890.346      -2795.26      -1904.91      9.48685      197.402
290      3.48      1.18868      891.513      -2796.44      -1904.92      9.45414      197.402
291      3.492      1.19022      892.663      -2797.59      -1904.93      9.42165      197.402
292      3.504      1.19173      893.798      -2798.74      -1904.94      9.38938      197.402
293      3.516      1.19322      894.916      -2799.86      -1904.95      9.35733      197.402
294      3.528      1.19469      896.017      -2800.97      -1904.96      9.3255      197.402
295      3.54      1.19613      897.101      -2802.07      -1904.96      9.29388      197.402
296      3.552      1.19756      898.168      -2803.14      -1904.97      9.26247      197.402
297      3.564      1.19896      899.218      -2804.2      -1904.98      9.23127      197.402
298      3.576      1.20034      900.252      -2805.24      -1904.99      9.20028      197.401
299      3.588      1.20169      901.268      -2806.27      -1905      9.1695      197.401
300      3.6      1.20302      902.268      -2807.27      -1905.01      9.13891      197.401
301      3.612      1.20433      903.251      -2808.27      -1905.01      9.10853      197.4
302      3.624      1.20562      904.218      -2809.24      -1905.02      9.07835      197.4
303      3.636      1.20689      905.17      -2810.2      -1905.03      9.04836      197.399
304      3.648      1.20814      906.107      -2811.15      -1905.04      9.01858      197.399
305      3.66      1.20937      907.03      -2812.07      -1905.05      8.98898      197.398
306      3.672      1.21058      907.938      -2812.99      -1905.05      8.95957      197.397
307      3.684      1.21178      908.834      -2813.89      -1905.06      8.93036      197.397
308      3.696      1.21296      909.718      -2814.78      -1905.06      8.90133      197.396
309      3.708      1.21412      910.59      -2815.66      -1905.07      8.87249      197.395
310      3.72      1.21527      911.452      -2816.53      -1905.07      8.84383      197.394
311      3.732      1.21641      912.305      -2817.38      -1905.08      8.81535      197.393
312      3.744      1.21753      913.15      -2818.23      -1905.08      8.78706      197.392
313      3.756      1.21865      913.989      -2819.08      -1905.09      8.75894      197.392
314      3.768      1.21976      914.823      -2819.91      -1905.09      8.731      197.391
315      3.78      1.22087      915.654      -2820.74      -1905.09      8.70324      197.389
316      3.792      1.22198      916.482      -2821.57      -1905.09      8.67565      197.388
317      3.804      1.22308      917.309      -2822.4      -1905.09      8.64823      197.387
318      3.816      1.22418      918.137      -2823.23      -1905.09      8.62098      197.386
319      3.828      1.22529      918.967      -2824.06      -1905.09      8.5939      197.385
320      3.84      1.2264      919.801      -2824.89      -1905.09      8.56699      197.383
321      3.852      1.22752      920.639      -2825.72      -1905.08      8.54024      197.382
322      3.864      1.22865      921.485      -2826.57      -1905.08      8.51366      197.381
323      3.876      1.22978      922.338      -2827.41      -1905.08      8.48724      197.379
324      3.888      1.23093      923.2      -2828.27      -1905.07      8.46099      197.378
325      3.9      1.2321      924.073      -2829.14      -1905.07      8.43489      197.376
326      3.912      1.23328      924.958      -2830.02      -1905.06      8.40895      197.375
327      3.924      1.23447      925.856      -2830.91      -1905.05      8.38317      197.373
328      3.936      1.23569      926.768      -2831.82      -1905.05      8.35754      197.372
329      3.948      1.23693      927.695      -2832.73      -1905.04      8.33207      197.37
330      3.96      1.23818      928.637      -2833.67      -1905.03      8.30675      197.368
331      3.972      1.23946      929.595      -2834.62      -1905.02      8.28158      197.367
332      3.984      1.24076      930.57      -2835.59      -1905.02      8.25656      197.365
333      3.996      1.24208      931.561      -2836.57      -1905.01      8.23169      197.363
334      4.008      1.24343      932.569      -2837.57      -1905      8.20697      197.361
335      4.02      1.24479      933.593      -2838.58      -1904.99      8.18239      197.359
336      4.032      1.24618      934.634      -2839.62      -1904.98      8.15796      197.357
337      4.044      1.24759      935.69      -2840.66      -1904.97      8.13367      197.355
338      4.056      1.24901      936.761      -2841.73      -1904.97      8.10953      197.353
339      4.068      1.25046      937.846      -2842.81      -1904.96      8.08552      197.351
340      4.08      1.25193      938.944      -2843.9      -1904.95      8.06166      197.349
341      4.092      1.25341      940.054      -2845      -1904.95      8.03793      197.347
342      4.104      1.2549      941.174      -2846.12      -1904.94      8.01435      197.345
343      4.116      1.2564      942.302      -2847.24      -1904.94      7.9909      197.343
344      4.128      1.25792      943.438      -2848.37      -1904.94      7.96758      197.341
345      4.14      1.25944      944.578      -2849.51      -1904.93      7.9444      197.339
346      4.152      1.26096      945.72      -2850.65      -1904.93      7.92135      197.337
347      4.164      1.26248      946.864      -2851.8      -1904.93      7.89844      197.335
348      4.176      1.26401      948.005      -2852.94      -1904.93      7.87565      197.332
349      4.188      1.26552      949.143      -2854.08      -1904.94      7.853      197.33
350      4.2      1.26703      950.274      -2855.21      -1904.94      7.83047      197.328
351      4.212      1.26853      951.396      -2856.34      -1904.94      7.80807      197.326
352      4.224      1.27001      952.507      -2857.46      -1904.95      7.7858      197.323
353      4.236      1.27147      953.603      -2858.56      -1904.96      7.76366      197.321
354      4.248      1.27291      954.683      -2859.65      -1904.97      7.74163      197.319
355      4.26      1.27432      955.743      -2860.72      -1904.98      7.71974      197.316
356      4.272      1.27571      956.781      -2861.77      -1904.99      7.69796      197.314
357      4.284      1.27706      957.795      -2862.8      -1905      7.67631      197.312
358      4.296      1.27838      958.782      -2863.8      -1905.01      7.65478      197.31
359      4.308      1.27965      959.739      -2864.77      -1905.03      7.63336      197.307
360      4.32      1.28089      960.666      -2865.71      -1905.04      7.61207      197.305
361      4.332      1.28208      961.559      -2866.62      -1905.06      7.5909      197.303
362      4.344      1.28322      962.416      -2867.5      -1905.08      7.56984      197.3
363      4.356      1.28431      963.236      -2868.33      -1905.1      7.54889      197.298
364      4.368      1.28536      964.016      -2869.13      -1905.12      7.52807      197.296
365      4.38      1.28634      964.757      -2869.9      -1905.14      7.50735      197.293
366      4.392      1.28727      965.455      -2870.61      -1905.16      7.48675      197.291
367      4.404      1.28815      966.11      -2871.29      -1905.18      7.46627      197.289
368      4.416      1.28896      966.72      -2871.92      -1905.2      7.44589      197.286
369      4.428      1.28971      967.286      -2872.51      -1905.23      7.42562      197.284
370      4.44      1.29041      967.805      -2873.05      -1905.25      7.40547      197.282
371      4.452      1.29104      968.278      -2873.55      -1905.27      7.38542      197.279
372      4.464      1.2916      968.704      -2874      -1905.3      7.36549      197.277
373      4.476      1.29211      969.082      -2874.4      -1905.32      7.34565      197.275
374      4.488      1.29255      969.412      -2874.76      -1905.34      7.32593      197.273
375      4.5      1.29293      969.695      -2875.06      -1905.37      7.30631      197.27
376      4.512      1.29324      969.93      -2875.32      -1905.39      7.2868      197.268
377      4.524      1.29349      970.118      -2875.53      -1905.42      7.26739      197.266
378      4.536      1.29368      970.258      -2875.7      -1905.44      7.24808      197.264
379      4.548      1.2938      970.352      -2875.81      -1905.46      7.22888      197.262
380      4.56      1.29387      970.399      -2875.88      -1905.49      7.20978      197.26
381      4.572      1.29387      970.4      -2875.91      -1905.51      7.19078      197.257
382      4.584      1.29381      970.356      -2875.89      -1905.53      7.17188      197.255
383      4.596      1.29369      970.267      -2875.82      -1905.55      7.15308      197.253
384      4.608      1.29351      970.134      -2875.71      -1905.57      7.13438      197.251
385      4.62      1.29328      969.958      -2875.55      -1905.6      7.11578      197.249
386      4.632      1.29298      969.739      -2875.36      -1905.62      7.09727      197.247
387      4.644      1.29264      969.477      -2875.12      -1905.64      7.07886      197.245
388      4.656      1.29223      969.175      -2874.83      -1905.66      7.06055      197.243
389      4.668      1.29178      968.833      -2874.51      -1905.68      7.04233      197.242
390      4.68      1.29127      968.451      -2874.15      -1905.7      7.02421      197.24
391      4.692      1.29071      968.031      -2873.75      -1905.72      7.00618      197.238
392      4.704      1.2901      967.573      -2873.31      -1905.74      6.98824      197.236
393      4.716      1.28944      967.08      -2872.83      -1905.75      6.9704      197.234
394      4.728      1.28873      966.551      -2872.32      -1905.77      6.95264      197.233
395      4.74      1.28798      965.989      -2871.78      -1905.79      6.93498      197.231
396      4.752      1.28719      965.394      -2871.2      -1905.8      6.91741      197.229
397      4.764      1.28636      964.767      -2870.59      -1905.82      6.89993      197.228
398      4.776      1.28548      964.11      -2869.94      -1905.83      6.88254      197.226
399      4.788      1.28457      963.425      -2869.27      -1905.85      6.86523      197.224
400      4.8      1.28362      962.712      -2868.57      -1905.86      6.84802      197.223
401      4.812      1.28263      961.973      -2867.85      -1905.87      6.83089      197.221
402      4.824      1.28161      961.211      -2867.1      -1905.89      6.81385      197.22
403      4.836      1.28057      960.427      -2866.32      -1905.9      6.79689      197.219
404      4.848      1.2795      959.624      -2865.53      -1905.91      6.78002      197.217
405      4.86      1.2784      958.802      -2864.72      -1905.91      6.76324      197.216
406      4.872      1.27729      957.965      -2863.89      -1905.92      6.74653      197.215
407      4.884      1.27615      957.114      -2863.04      -1905.93      6.72991      197.213
408      4.896      1.275      956.252      -2862.19      -1905.93      6.71338      197.212
409      4.908      1.27384      955.38      -2861.32      -1905.94      6.69692      197.211
410      4.92      1.27267      954.503      -2860.44      -1905.94      6.68055      197.21
411      4.932      1.2715      953.622      -2859.56      -1905.94      6.66426      197.209
412      4.944      1.27032      952.74      -2858.68      -1905.94      6.64805      197.208
413      4.956      1.26915      951.86      -2857.8      -1905.94      6.63192      197.207
414      4.968      1.26798      950.986      -2856.92      -1905.94      6.61586      197.206
415      4.98      1.26683      950.119      -2856.05      -1905.93      6.59989      197.205
416      4.992      1.26569      949.264      -2855.19      -1905.93      6.58399      197.204
417      5.004      1.26456      948.423      -2854.34      -1905.92      6.56817      197.203
418      5.016      1.26347      947.599      -2853.51      -1905.91      6.55243      197.202
419      5.028      1.2624      946.797      -2852.7      -1905.9      6.53677      197.201
420      5.04      1.26136      946.017      -2851.9      -1905.89      6.52118      197.2
421      5.052      1.26035      945.264      -2851.14      -1905.87      6.50566      197.2
422      5.064      1.25939      944.54      -2850.4      -1905.86      6.49022      197.199
423      5.076      1.25847      943.849      -2849.69      -1905.84      6.47485      197.198
424      5.088      1.25759      943.192      -2849.02      -1905.82      6.45956      197.197
425      5.1      1.25676      942.572      -2848.38      -1905.81      6.44434      197.197
426      5.112      1.25599      941.992      -2847.78      -1905.79      6.42919      197.196
427      5.124      1.25527      941.454      -2847.22      -1905.77      6.41412      197.196
428      5.136      1.25461      940.959      -2846.7      -1905.74      6.39912      197.195
429      5.148      1.25401      940.509      -2846.23      -1905.72      6.38418      197.195
430      5.16      1.25347      940.106      -2845.8      -1905.7      6.36932      197.194
431      5.172      1.253      939.75      -2845.42      -1905.67      6.35453      197.194
432      5.184      1.25259      939.442      -2845.09      -1905.65      6.3398      197.193
433      5.196      1.25224      939.183      -2844.81      -1905.62      6.32515      197.193
434      5.208      1.25196      938.974      -2844.57      -1905.6      6.31056      197.192
435      5.22      1.25175      938.813      -2844.39      -1905.58      6.29605      197.192
436      5.232      1.2516      938.702      -2844.25      -1905.55      6.2816      197.192
437      5.244      1.25152      938.639      -2844.17      -1905.53      6.26721      197.192
438      5.256      1.2515      938.626      -2844.13      -1905.5      6.2529      197.191
439      5.268      1.25155      938.66      -2844.14      -1905.48      6.23864      197.191
440      5.28      1.25166      938.743      -2844.2      -1905.45      6.22446      197.191
441      5.292      1.25183      938.872      -2844.3      -1905.43      6.21034      197.191
442      5.304      1.25206      939.048      -2844.45      -1905.41      6.19629      197.191
443      5.316      1.25236      939.269      -2844.65      -1905.38      6.1823      197.19
444      5.328      1.25271      939.535      -2844.9      -1905.36      6.16837      197.19
445      5.34      1.25313      939.844      -2845.18      -1905.34      6.15451      197.19
446      5.352      1.2536      940.198      -2845.52      -1905.32      6.14071      197.19
447      5.364      1.25412      940.593      -2845.89      -1905.3      6.12697      197.19
448      5.376      1.25471      941.031      -2846.31      -1905.28      6.1133      197.19
449      5.388      1.25535      941.511      -2846.77      -1905.26      6.09968      197.191
450      5.4      1.25604      942.033      -2847.27      -1905.24      6.08613      197.191
451      5.412      1.25679      942.595      -2847.81      -1905.21      6.07264      197.191
452      5.424      1.2576      943.199      -2848.39      -1905.19      6.05921      197.191
453      5.436      1.25846      943.843      -2849.02      -1905.17      6.04584      197.191
454      5.448      1.25937      944.528      -2849.68      -1905.15      6.03253      197.191
455      5.46      1.26034      945.255      -2850.39      -1905.13      6.01928      197.192
456      5.472      1.26136      946.022      -2851.13      -1905.11      6.00609      197.192
457      5.484      1.26244      946.831      -2851.92      -1905.09      5.99296      197.192
458      5.496      1.26357      947.681      -2852.75      -1905.07      5.97989      197.193
459      5.508      1.26476      948.573      -2853.62      -1905.05      5.96687      197.193
460      5.52      1.26601      949.507      -2854.54      -1905.03      5.95392      197.194
461      5.532      1.26731      950.483      -2855.49      -1905.01      5.94102      197.194
462      5.544      1.26867      951.501      -2856.49      -1904.99      5.92817      197.195
463      5.556      1.27008      952.561      -2857.53      -1904.97      5.91538      197.195
464      5.568      1.27155      953.663      -2858.61      -1904.95      5.90265      197.196
465      5.58      1.27307      954.806      -2859.73      -1904.93      5.88998      197.197
466      5.592      1.27465      955.989      -2860.89      -1904.91      5.87736      197.197
467      5.604      1.27628      957.213      -2862.1      -1904.89      5.8648      197.198
468      5.616      1.27797      958.477      -2863.34      -1904.87      5.85229      197.199
469      5.628      1.27971      959.779      -2864.63      -1904.85      5.83983      197.199
470      5.64      1.28149      961.119      -2865.95      -1904.83      5.82743      197.2
471      5.652      1.28333      962.496      -2867.31      -1904.81      5.81508      197.201
472      5.664      1.28521      963.907      -2868.7      -1904.79      5.80279      197.202
473      5.676      1.28713      965.351      -2870.13      -1904.78      5.79055      197.203
474      5.688      1.2891      966.826      -2871.59      -1904.76      5.77836      197.204
475      5.7      1.29111      968.33      -2873.08      -1904.75      5.76623      197.205
476      5.712      1.29315      969.861      -2874.6      -1904.73      5.75414      197.206
477      5.724      1.29522      971.417      -2876.14      -1904.72      5.74211      197.207
478      5.736      1.29733      972.995      -2877.71      -1904.71      5.73013      197.208
479      5.748      1.29946      974.593      -2879.3      -1904.7      5.7182      197.209
480      5.76      1.30161      976.208      -2880.9      -1904.69      5.70632      197.211
481      5.772      1.30378      977.838      -2882.53      -1904.69      5.69449      197.212
482      5.784      1.30597      979.479      -2884.16      -1904.68      5.68272      197.213
483      5.796      1.30817      981.129      -2885.81      -1904.68      5.67099      197.214
484      5.808      1.31038      982.784      -2887.46      -1904.68      5.65931      197.216
485      5.82      1.31259      984.441      -2889.12      -1904.68      5.64768      197.217
486      5.832      1.3148      986.098      -2890.77      -1904.68      5.6361      197.218
487      5.844      1.317      987.752      -2892.43      -1904.68      5.62457      197.22
488      5.856      1.3192      989.399      -2894.08      -1904.68      5.61308      197.221
489      5.868      1.32138      991.038      -2895.72      -1904.69      5.60165      197.223
490      5.88      1.32355      992.666      -2897.36      -1904.69      5.59026      197.224
491      5.892      1.32571      994.279      -2898.98      -1904.7      5.57892      197.226
492      5.904      1.32783      995.876      -2900.58      -1904.71      5.56762      197.227
493      5.916      1.32994      997.453      -2902.17      -1904.72      5.55638      197.229
494      5.928      1.33201      999.009      -2903.74      -1904.73      5.54517      197.231
495      5.94      1.33406      1000.54      -2905.28      -1904.74      5.53402      197.232
496      5.952      1.33606      1002.05      -2906.8      -1904.75      5.52291      197.234
497      5.964      1.33804      1003.53      -2908.3      -1904.77      5.51185      197.236
498      5.976      1.33997      1004.98      -2909.76      -1904.78      5.50083      197.238
499      5.988      1.34186      1006.4      -2911.19      -1904.8      5.48985      197.239
500      6      1.34371      1007.78      -2912.6      -1904.82      5.47893      197.241
501      6.012      1.34551      1009.13      -2913.97      -1904.83      5.46804      197.243
502      6.024      1.34727      1010.45      -2915.3      -1904.85      5.4572      197.245
503      6.036      1.34898      1011.73      -2916.6      -1904.87      5.4464      197.247
504      6.048      1.35064      1012.98      -2917.87      -1904.89      5.43565      197.249
505      6.06      1.35225      1014.19      -2919.09      -1904.91      5.42494      197.251
506      6.072      1.35381      1015.36      -2920.28      -1904.92      5.41427      197.253
507      6.084      1.35532      1016.49      -2921.43      -1904.94      5.40365      197.255
508      6.096      1.35678      1017.58      -2922.55      -1904.96      5.39307      197.257
509      6.108      1.35818      1018.64      -2923.62      -1904.98      5.38253      197.259
510      6.12      1.35954      1019.65      -2924.65      -1905      5.37203      197.261
511      6.132      1.36084      1020.63      -2925.65      -1905.02      5.36158      197.263
512      6.144      1.36209      1021.56      -2926.61      -1905.04      5.35116      197.265
513      6.156      1.36328      1022.46      -2927.52      -1905.06      5.34079      197.267
514      6.168      1.36443      1023.32      -2928.4      -1905.08      5.33046      197.27
515      6.18      1.36551      1024.14      -2929.24      -1905.1      5.32016      197.272
516      6.192      1.36655      1024.91      -2930.03      -1905.12      5.30991      197.274
517      6.204      1.36753      1025.65      -2930.79      -1905.14      5.2997      197.276
518      6.216      1.36846      1026.35      -2931.51      -1905.16      5.28953      197.278
519      6.228      1.36934      1027      -2932.19      -1905.18      5.2794      197.281
520      6.24      1.37016      1027.62      -2932.82      -1905.2      5.2693      197.283
521      6.252      1.37093      1028.2      -2933.42      -1905.22      5.25925      197.285
522      6.264      1.37164      1028.73      -2933.97      -1905.24      5.24924      197.287
523      6.276      1.3723      1029.22      -2934.49      -1905.26      5.23926      197.29
524      6.288      1.3729      1029.67      -2934.96      -1905.29      5.22932      197.292
525      6.3      1.37344      1030.08      -2935.39      -1905.31      5.21942      197.294
526      6.312      1.37393      1030.45      -2935.78      -1905.33      5.20956      197.296
527      6.324      1.37436      1030.77      -2936.12      -1905.35      5.19974      197.299
528      6.336      1.37474      1031.05      -2936.42      -1905.37      5.18995      197.301
529      6.348      1.37505      1031.29      -2936.68      -1905.39      5.1802      197.303
530      6.36      1.3753      1031.48      -2936.89      -1905.42      5.17049      197.306
531      6.372      1.3755      1031.62      -2937.06      -1905.44      5.16081      197.308
532      6.384      1.37563      1031.72      -2937.18      -1905.46      5.15117      197.311
533      6.396      1.3757      1031.78      -2937.26      -1905.48      5.14157      197.313
534      6.408      1.37571      1031.79      -2937.29      -1905.51      5.132      197.315
535      6.42      1.37567      1031.75      -2937.28      -1905.53      5.12247      197.318
536      6.432      1.37555      1031.67      -2937.22      -1905.55      5.11298      197.32
537      6.444      1.37538      1031.54      -2937.11      -1905.58      5.10352      197.322
538      6.456      1.37514      1031.36      -2936.96      -1905.6      5.09409      197.325
539      6.468      1.37485      1031.14      -2936.76      -1905.62      5.0847      197.327
540      6.48      1.37449      1030.87      -2936.51      -1905.65      5.07535      197.329
541      6.492      1.37407      1030.55      -2936.22      -1905.67      5.06603      197.332
542      6.504      1.37359      1030.19      -2935.88      -1905.69      5.05674      197.334
543      6.516      1.37306      1029.79      -2935.5      -1905.71      5.04749      197.337
544      6.528      1.37246      1029.35      -2935.08      -1905.73      5.03827      197.339
545      6.54      1.37181      1028.86      -2934.61      -1905.75      5.02909      197.341
546      6.552      1.37111      1028.33      -2934.11      -1905.77      5.01994      197.344
547      6.564      1.37036      1027.77      -2933.56      -1905.79      5.01082      197.346
548      6.576      1.36955      1027.16      -2932.98      -1905.81      5.00173      197.348
549      6.588      1.3687      1026.52      -2932.35      -1905.83      4.99268      197.351
550      6.6      1.3678      1025.85      -2931.7      -1905.85      4.98366      197.353
551      6.612      1.36686      1025.14      -2931.01      -1905.86      4.97468      197.355
552      6.624      1.36588      1024.41      -2930.29      -1905.88      4.96572      197.358
553      6.636      1.36486      1023.65      -2929.54      -1905.89      4.9568      197.36
554      6.648      1.36381      1022.86      -2928.76      -1905.9      4.94791      197.362
555      6.66      1.36273      1022.04      -2927.96      -1905.91      4.93905      197.365
556      6.672      1.36162      1021.21      -2927.14      -1905.92      4.93023      197.367
557      6.684      1.36048      1020.36      -2926.29      -1905.93      4.92143      197.369
558      6.696      1.35933      1019.49      -2925.44      -1905.94      4.91267      197.371
559      6.708      1.35815      1018.62      -2924.56      -1905.95      4.90394      197.374
560      6.72      1.35697      1017.72      -2923.68      -1905.95      4.89524      197.376
561      6.732      1.35577      1016.83      -2922.78      -1905.96      4.88657      197.378
562      6.744      1.35456      1015.92      -2921.88      -1905.96      4.87793      197.38
563      6.756      1.35335      1015.01      -2920.97      -1905.96      4.86932      197.383
564      6.768      1.35214      1014.11      -2920.07      -1905.96      4.86074      197.385
565      6.78      1.35093      1013.2      -2919.16      -1905.96      4.85219      197.387
566      6.792      1.34973      1012.3      -2918.25      -1905.96      4.84367      197.389
567      6.804      1.34853      1011.4      -2917.35      -1905.95      4.83518      197.391
568      6.816      1.34734      1010.51      -2916.46      -1905.95      4.82672      197.393
569      6.828      1.34617      1009.62      -2915.57      -1905.94      4.81828      197.395
570      6.84      1.345      1008.75      -2914.69      -1905.94      4.80988      197.398
571      6.852      1.34386      1007.89      -2913.83      -1905.93      4.80151      197.4
572      6.864      1.34273      1007.05      -2912.97      -1905.93      4.79317      197.402
573      6.876      1.34162      1006.21      -2912.13      -1905.92      4.78485      197.404
574      6.888      1.34053      1005.4      -2911.31      -1905.91      4.77656      197.406
575      6.9      1.33946      1004.59      -2910.5      -1905.9      4.7683      197.408
576      6.912      1.33841      1003.81      -2909.7      -1905.9      4.76007      197.41
577      6.924      1.33739      1003.04      -2908.93      -1905.89      4.75187      197.412
578      6.936      1.33639      1002.29      -2908.17      -1905.88      4.7437      197.414
579      6.948      1.33541      1001.56      -2907.43      -1905.87      4.73555      197.416
580      6.96      1.33445      1000.84      -2906.7      -1905.86      4.72743      197.418
581      6.972      1.33352      1000.14      -2905.99      -1905.85      4.71934      197.42
582      6.984      1.33261      999.456      -2905.3      -1905.84      4.71128      197.421
583      6.996      1.33172      998.789      -2904.63      -1905.84      4.70324      197.423
584      7.008      1.33085      998.138      -2903.97      -1905.83      4.69523      197.425
585      7.02      1.33      997.503      -2903.32      -1905.82      4.68725      197.427
586      7.032      1.32918      996.881      -2902.7      -1905.81      4.6793      197.429
587      7.044      1.32836      996.273      -2902.08      -1905.81      4.67137      197.431
588      7.056      1.32757      995.678      -2901.48      -1905.8      4.66346      197.432
589      7.068      1.32679      995.094      -2900.89      -1905.8      4.65559      197.434
590      7.08      1.32603      994.521      -2900.31      -1905.79      4.64774      197.436
591      7.092      1.32528      993.958      -2899.74      -1905.79      4.63991      197.438
592      7.104      1.32454      993.403      -2899.18      -1905.78      4.63212      197.439
593      7.116      1.32381      992.856      -2898.63      -1905.78      4.62434      197.441
594      7.128      1.32309      992.317      -2898.09      -1905.77      4.6166      197.443
595      7.14      1.32238      991.783      -2897.55      -1905.77      4.60888      197.444
596      7.152      1.32167      991.253      -2897.02      -1905.77      4.60118      197.446
597      7.164      1.32097      990.727      -2896.49      -1905.77      4.59351      197.447
598      7.176      1.32027      990.204      -2895.97      -1905.77      4.58587      197.449
599      7.188      1.31958      989.682      -2895.45      -1905.77      4.57825      197.451
600      7.2      1.31888      989.161      -2894.93      -1905.77      4.57065      197.452
601      7.212      1.31819      988.639      -2894.4      -1905.77      4.56308      197.454
602      7.224      1.31749      988.115      -2893.88      -1905.77      4.55553      197.455
603      7.236      1.31678      987.588      -2893.36      -1905.77      4.54801      197.457
604      7.248      1.31608      987.058      -2892.83      -1905.77      4.54052      197.458
605      7.26      1.31536      986.523      -2892.3      -1905.77      4.53304      197.459
606      7.272      1.31464      985.983      -2891.76      -1905.78      4.52559      197.461
607      7.284      1.31391      985.436      -2891.21      -1905.78      4.51817      197.462
608      7.296      1.31318      984.882      -2890.66      -1905.78      4.51077      197.463
609      7.308      1.31242      984.318      -2890.11      -1905.79      4.50339      197.465
610      7.32      1.31166      983.745      -2889.54      -1905.79      4.49604      197.466
611      7.332      1.31088      983.161      -2888.96      -1905.8      4.48871      197.467
612      7.344      1.31009      982.566      -2888.37      -1905.8      4.4814      197.468
613      7.356      1.30928      981.958      -2887.77      -1905.81      4.47412      197.47
614      7.368      1.30845      981.336      -2887.15      -1905.82      4.46686      197.471
615      7.38      1.3076      980.699      -2886.52      -1905.82      4.45962      197.472
616      7.392      1.30673      980.047      -2885.88      -1905.83      4.4524      197.473
617      7.404      1.30584      979.379      -2885.22      -1905.84      4.44521      197.474
618      7.416      1.30492      978.693      -2884.54      -1905.85      4.43804      197.475
619      7.428      1.30399      977.99      -2883.85      -1905.86      4.43089      197.476
620      7.44      1.30302      977.268      -2883.14      -1905.87      4.42377      197.477
621      7.452      1.30204      976.527      -2882.4      -1905.88      4.41667      197.478
622      7.464      1.30102      975.766      -2881.65      -1905.89      4.40959      197.479
623      7.476      1.29998      974.985      -2880.88      -1905.9      4.40253      197.48
624      7.488      1.29891      974.184      -2880.09      -1905.91      4.39549      197.481
625      7.5      1.29781      973.361      -2879.28      -1905.92      4.38847      197.481
626      7.512      1.29669      972.517      -2878.45      -1905.93      4.38148      197.482
627      7.524      1.29554      971.652      -2877.59      -1905.94      4.37451      197.483
628      7.536      1.29435      970.765      -2876.71      -1905.95      4.36756      197.484
629      7.548      1.29314      969.858      -2875.82      -1905.96      4.36063      197.484
630      7.56      1.29191      968.929      -2874.9      -1905.97      4.35372      197.485
631      7.572      1.29064      967.981      -2873.96      -1905.98      4.34683      197.485
632      7.584      1.28935      967.013      -2873      -1905.99      4.33997      197.486
633      7.596      1.28803      966.026      -2872.02      -1906      4.33312      197.486
634      7.608      1.28669      965.021      -2871.03      -1906.01      4.3263      197.487
635      7.62      1.28533      964.001      -2870.02      -1906.02      4.31949      197.487
636      7.632      1.28395      962.965      -2868.99      -1906.02      4.31271      197.488
637      7.644      1.28256      961.916      -2867.95      -1906.03      4.30595      197.488
638      7.656      1.28114      960.856      -2866.89      -1906.03      4.2992      197.488
639      7.668      1.27972      959.787      -2865.83      -1906.04      4.29248      197.488
640      7.68      1.27828      958.709      -2864.75      -1906.04      4.28578      197.489
641      7.692      1.27684      957.627      -2863.67      -1906.04      4.2791      197.489
642      7.704      1.27539      956.542      -2862.59      -1906.05      4.27243      197.489
643      7.716      1.27394      955.457      -2861.5      -1906.05      4.26579      197.489
644      7.728      1.2725      954.373      -2860.42      -1906.04      4.25917      197.489
645      7.74      1.27106      953.295      -2859.34      -1906.04      4.25256      197.489
646      7.752      1.26963      952.224      -2858.26      -1906.04      4.24598      197.489
647      7.764      1.26822      951.164      -2857.2      -1906.03      4.23941      197.489
648      7.776      1.26682      950.117      -2856.14      -1906.02      4.23287      197.489
649      7.788      1.26545      949.085      -2855.1      -1906.02      4.22634      197.489
650      7.8      1.2641      948.073      -2854.08      -1906.01      4.21984      197.488
651      7.812      1.26278      947.081      -2853.08      -1906      4.21335      197.488
652      7.824      1.26149      946.114      -2852.1      -1905.98      4.20688      197.488
653      7.836      1.26023      945.174      -2851.14      -1905.97      4.20043      197.487
654      7.848      1.25901      944.261      -2850.22      -1905.96      4.194      197.487
655      7.86      1.25784      943.379      -2849.32      -1905.94      4.18759      197.487
656      7.872      1.25671      942.53      -2848.45      -1905.92      4.18119      197.486
657      7.884      1.25562      941.714      -2847.62      -1905.91      4.17482      197.486
658      7.896      1.25458      940.934      -2846.82      -1905.89      4.16846      197.485
659      7.908      1.25359      940.19      -2846.06      -1905.87      4.16212      197.484
660      7.92      1.25265      939.484      -2845.34      -1905.85      4.1558      197.484
661      7.932      1.25176      938.817      -2844.65      -1905.83      4.1495      197.483
662      7.944      1.25092      938.188      -2844      -1905.81      4.14322      197.482
663      7.956      1.25013      937.598      -2843.39      -1905.79      4.13695      197.481
664      7.968      1.2494      937.048      -2842.82      -1905.77      4.1307      197.481
665      7.98      1.24872      936.536      -2842.29      -1905.75      4.12447      197.48
666      7.992      1.24809      936.065      -2841.8      -1905.73      4.11826      197.479
667      8.004      1.24751      935.631      -2841.35      -1905.71      4.11207      197.478
668      8.016      1.24698      935.237      -2840.93      -1905.7      4.10589      197.477
669      8.028      1.24651      934.88      -2840.56      -1905.68      4.09973      197.476
670      8.04      1.24608      934.56      -2840.22      -1905.66      4.09359      197.475
671      8.052      1.2457      934.277      -2839.92      -1905.64      4.08747      197.474
672      8.064      1.24537      934.03      -2839.65      -1905.62      4.08136      197.473
673      8.076      1.24509      933.817      -2839.42      -1905.61      4.07528      197.472
674      8.088      1.24485      933.638      -2839.23      -1905.59      4.0692      197.47
675      8.1      1.24465      933.491      -2839.06      -1905.57      4.06315      197.469
676      8.112      1.2445      933.376      -2838.93      -1905.56      4.05711      197.468
677      8.124      1.24439      933.291      -2838.83      -1905.54      4.05109      197.467
678      8.136      1.24432      933.236      -2838.76      -1905.53      4.04509      197.465
679      8.148      1.24428      933.209      -2838.72      -1905.51      4.03911      197.464
680      8.16      1.24428      933.208      -2838.71      -1905.5      4.03314      197.462
681      8.172      1.24431      933.233      -2838.72      -1905.49      4.02718      197.461
682      8.184      1.24438      933.283      -2838.76      -1905.48      4.02125      197.459
683      8.196      1.24447      933.355      -2838.82      -1905.46      4.01533      197.458
684      8.208      1.2446      933.449      -2838.9      -1905.45      4.00943      197.456
685      8.22      1.24475      933.563      -2839.01      -1905.44      4.00354      197.455
686      8.232      1.24493      933.697      -2839.13      -1905.43      3.99767      197.453
687      8.244      1.24513      933.848      -2839.27      -1905.43      3.99182      197.452
688      8.256      1.24535      934.016      -2839.43      -1905.42      3.98599      197.45
689      8.268      1.2456      934.198      -2839.61      -1905.41      3.98017      197.448
690      8.28      1.24586      934.395      -2839.8      -1905.4      3.97436      197.446
691      8.292      1.24614      934.604      -2840      -1905.4      3.96858      197.445
692      8.304      1.24643      934.825      -2840.22      -1905.39      3.96281      197.443
693      8.316      1.24674      935.056      -2840.44      -1905.39      3.95705      197.441
694      8.328      1.24706      935.296      -2840.68      -1905.38      3.95131      197.439
695      8.34      1.24739      935.543      -2840.92      -1905.38      3.94559      197.437
696      8.352      1.24773      935.797      -2841.17      -1905.38      3.93988      197.435
697      8.364      1.24808      936.057      -2841.43      -1905.37      3.93419      197.433
698      8.376      1.24843      936.321      -2841.69      -1905.37      3.92851      197.431
699      8.388      1.24879      936.589      -2841.96      -1905.37      3.92285      197.429
700      8.4      1.24915      936.86      -2842.23      -1905.37      3.91721      197.427
701      8.412      1.24951      937.133      -2842.5      -1905.37      3.91158      197.425
702      8.424      1.24988      937.408      -2842.77      -1905.37      3.90597      197.423
703      8.436      1.25024      937.684      -2843.05      -1905.37      3.90037      197.421
704      8.448      1.25061      937.959      -2843.33      -1905.37      3.89479      197.419
705      8.46      1.25098      938.234      -2843.6      -1905.37      3.88922      197.417
706      8.472      1.25134      938.507      -2843.87      -1905.37      3.88367      197.415
707      8.484      1.25171      938.78      -2844.15      -1905.37      3.87813      197.412
708      8.496      1.25207      939.051      -2844.42      -1905.37      3.87261      197.41
709      8.508      1.25243      939.321      -2844.69      -1905.37      3.8671      197.408
710      8.52      1.25279      939.589      -2844.96      -1905.37      3.86161      197.406
711      8.532      1.25314      939.855      -2845.23      -1905.37      3.85613      197.403
712      8.544      1.25349      940.118      -2845.49      -1905.37      3.85067      197.401
713      8.556      1.25384      940.379      -2845.75      -1905.37      3.84523      197.399
714      8.568      1.25418      940.638      -2846.01      -1905.38      3.83979      197.396
715      8.58      1.25452      940.892      -2846.27      -1905.38      3.83438      197.394
716      8.592      1.25486      941.144      -2846.52      -1905.38      3.82898      197.391
717      8.604      1.25519      941.392      -2846.77      -1905.38      3.82359      197.389
718      8.616      1.25551      941.635      -2847.02      -1905.38      3.81821      197.386
719      8.628      1.25583      941.874      -2847.26      -1905.39      3.81286      197.384
720      8.64      1.25614      942.108      -2847.5      -1905.39      3.80751      197.381
721      8.652      1.25645      942.337      -2847.73      -1905.39      3.80218      197.379
722      8.664      1.25675      942.56      -2847.95      -1905.39      3.79687      197.376
723      8.676      1.25704      942.777      -2848.17      -1905.4      3.79157      197.374
724      8.688      1.25732      942.987      -2848.39      -1905.4      3.78628      197.371
725      8.7      1.25759      943.189      -2848.59      -1905.4      3.78101      197.369
726      8.712      1.25784      943.382      -2848.79      -1905.41      3.77575      197.366
727      8.724      1.25809      943.565      -2848.98      -1905.41      3.77051      197.363
728      8.736      1.25832      943.738      -2849.16      -1905.42      3.76528      197.361
729      8.748      1.25853      943.898      -2849.32      -1905.43      3.76006      197.358
730      8.76      1.25873      944.045      -2849.48      -1905.43      3.75486      197.355
731      8.772      1.2589      944.178      -2849.62      -1905.44      3.74967      197.353
732      8.784      1.25906      944.296      -2849.74      -1905.45      3.7445      197.35
733      8.796      1.2592      944.396      -2849.85      -1905.46      3.73934      197.347
734      8.808      1.25931      944.479      -2849.95      -1905.47      3.73419      197.345
735      8.82      1.25939      944.542      -2850.02      -1905.48      3.72906      197.342
736      8.832      1.25945      944.585      -2850.07      -1905.49      3.72394      197.339
737      8.844      1.25947      944.605      -2850.1      -1905.5      3.71884      197.336
738      8.856      1.25947      944.602      -2850.11      -1905.51      3.71374      197.334
739      8.868      1.25943      944.574      -2850.1      -1905.52      3.70867      197.331
740      8.88      1.25936      944.521      -2850.06      -1905.54      3.7036      197.328
741      8.892      1.25925      944.44      -2849.99      -1905.55      3.69855      197.325
742      8.904      1.25911      944.332      -2849.9      -1905.56      3.69352      197.322
743      8.916      1.25893      944.195      -2849.77      -1905.58      3.68849      197.32
744      8.928      1.2587      944.029      -2849.62      -1905.59      3.68348      197.317
745      8.94      1.25844      943.831      -2849.44      -1905.61      3.67849      197.314
746      8.952      1.25814      943.603      -2849.23      -1905.62      3.6735      197.311
747      8.964      1.25779      943.343      -2848.98      -1905.64      3.66853      197.308
748      8.976      1.2574      943.051      -2848.71      -1905.66      3.66357      197.305
749      8.988      1.25697      942.727      -2848.4      -1905.67      3.65863      197.303
750      9      1.25649      942.371      -2848.06      -1905.69      3.6537      197.3
751      9.012      1.25598      941.983      -2847.69      -1905.7      3.64878      197.297
752      9.024      1.25542      941.562      -2847.28      -1905.72      3.64388      197.294
753      9.036      1.25481      941.11      -2846.85      -1905.74      3.63899      197.291
754      9.048      1.25417      940.627      -2846.38      -1905.75      3.63411      197.289
755      9.06      1.25348      940.113      -2845.88      -1905.77      3.62924      197.286
756      9.072      1.25276      939.57      -2845.35      -1905.78      3.62439      197.283
757      9.084      1.252      938.997      -2844.79      -1905.8      3.61955      197.28
758      9.096      1.2512      938.397      -2844.21      -1905.81      3.61473      197.277
759      9.108      1.25036      937.771      -2843.59      -1905.82      3.60991      197.274
760      9.12      1.24949      937.118      -2842.95      -1905.83      3.60511      197.272
761      9.132      1.24859      936.442      -2842.29      -1905.85      3.60032      197.269
762      9.144      1.24766      935.742      -2841.6      -1905.86      3.59555      197.266
763      9.156      1.2467      935.022      -2840.89      -1905.87      3.59078      197.263
764      9.168      1.24571      934.281      -2840.16      -1905.88      3.58603      197.261
765      9.18      1.2447      933.522      -2839.41      -1905.89      3.5813      197.258
766      9.192      1.24366      932.747      -2838.64      -1905.89      3.57657      197.255
767      9.204      1.24261      931.957      -2837.86      -1905.9      3.57186      197.252
768      9.216      1.24154      931.153      -2837.06      -1905.91      3.56716      197.25
769      9.228      1.24045      930.339      -2836.25      -1905.91      3.56247      197.247
770      9.24      1.23935      929.515      -2835.43      -1905.92      3.55779      197.244
771      9.252      1.23825      928.684      -2834.61      -1905.92      3.55313      197.241
772      9.264      1.23713      927.847      -2833.77      -1905.92      3.54848      197.239
773      9.276      1.23601      927.007      -2832.93      -1905.93      3.54384      197.236
774      9.288      1.23489      926.165      -2832.09      -1905.93      3.53921      197.233
775      9.3      1.23377      925.325      -2831.25      -1905.93      3.5346      197.231
776      9.312      1.23265      924.487      -2830.41      -1905.92      3.53      197.228
777      9.324      1.23154      923.654      -2829.57      -1905.92      3.52541      197.225
778      9.336      1.23044      922.829      -2828.75      -1905.92      3.52083      197.223
779      9.348      1.22935      922.014      -2827.93      -1905.91      3.51626      197.22
780      9.36      1.22828      921.21      -2827.12      -1905.9      3.51171      197.217
781      9.372      1.22723      920.421      -2826.32      -1905.9      3.50716      197.215
782      9.384      1.2262      919.649      -2825.54      -1905.89      3.50263      197.212
783      9.396      1.22519      918.896      -2824.77      -1905.88      3.49812      197.21
784      9.408      1.22422      918.164      -2824.03      -1905.87      3.49361      197.207
785      9.42      1.22328      917.457      -2823.31      -1905.86      3.48911      197.205
786      9.432      1.22237      916.776      -2822.62      -1905.84      3.48463      197.202
787      9.444      1.2215      916.124      -2821.95      -1905.83      3.48016      197.2
788      9.456      1.22067      915.503      -2821.31      -1905.81      3.4757      197.197
789      9.468      1.21989      914.917      -2820.71      -1905.79      3.47125      197.195
790      9.48      1.21916      914.367      -2820.14      -1905.77      3.46681      197.192
791      9.492      1.21848      913.857      -2819.61      -1905.75      3.46239      197.19
792      9.504      1.21785      913.388      -2819.12      -1905.73      3.45797      197.187
793      9.516      1.21728      912.963      -2818.67      -1905.71      3.45357      197.185
794      9.528      1.21678      912.584      -2818.27      -1905.69      3.44918      197.183
795      9.54      1.21634      912.254      -2817.92      -1905.66      3.4448      197.18
796      9.552      1.21597      911.975      -2817.61      -1905.64      3.44043      197.178
797      9.564      1.21566      911.749      -2817.36      -1905.61      3.43607      197.176
798      9.576      1.21544      911.577      -2817.16      -1905.58      3.43173      197.173
799      9.588      1.21528      911.461      -2817.02      -1905.56      3.42739      197.171
800      9.6      1.21521      911.404      -2816.93      -1905.53      3.42307      197.169
801      9.612      1.21521      911.407      -2816.9      -1905.5      3.41876      197.167
802      9.624      1.2153      911.472      -2816.94      -1905.46      3.41446      197.164
803      9.636      1.21547      911.599      -2817.03      -1905.43      3.41017      197.162
804      9.648      1.21572      911.791      -2817.19      -1905.4      3.40589      197.16
805      9.66      1.21606      912.047      -2817.42      -1905.37      3.40162      197.158
806      9.672      1.21649      912.369      -2817.7      -1905.34      3.39736      197.156
807      9.684      1.21701      912.757      -2818.06      -1905.3      3.39311      197.153
808      9.696      1.21762      913.211      -2818.48      -1905.27      3.38888      197.151
809      9.708      1.21831      913.733      -2818.97      -1905.24      3.38465      197.149
810      9.72      1.21909      914.321      -2819.52      -1905.2      3.38044      197.147
811      9.732      1.21997      914.976      -2820.14      -1905.17      3.37623      197.145
812      9.744      1.22093      915.696      -2820.83      -1905.14      3.37204      197.143
813      9.756      1.22198      916.483      -2821.59      -1905.1      3.36786      197.141
814      9.768      1.22311      917.335      -2822.41      -1905.07      3.36368      197.139
815      9.78      1.22433      918.249      -2823.29      -1905.04      3.35952      197.137
816      9.792      1.22564      919.227      -2824.24      -1905.01      3.35537      197.135
817      9.804      1.22702      920.265      -2825.24      -1904.98      3.35123      197.133
818      9.816      1.22848      921.362      -2826.31      -1904.95      3.3471      197.131
819      9.828      1.23002      922.516      -2827.44      -1904.92      3.34298      197.129
820      9.84      1.23163      923.726      -2828.62      -1904.89      3.33887      197.127
821      9.852      1.23332      924.988      -2829.86      -1904.87      3.33477      197.125
822      9.864      1.23507      926.3      -2831.14      -1904.84      3.33068      197.123
823      9.876      1.23688      927.66      -2832.48      -1904.82      3.32661      197.121
824      9.888      1.23875      929.064      -2833.86      -1904.8      3.32254      197.119
825      9.9      1.24068      930.508      -2835.29      -1904.78      3.31848      197.118
826      9.912      1.24266      931.991      -2836.75      -1904.76      3.31443      197.116
827      9.924      1.24468      933.509      -2838.25      -1904.74      3.31039      197.114
828      9.936      1.24674      935.057      -2839.78      -1904.73      3.30636      197.112
829      9.948      1.24884      936.633      -2841.35      -1904.71      3.30234      197.11
830      9.96      1.25098      938.232      -2842.93      -1904.7      3.29834      197.109
831      9.972      1.25313      939.85      -2844.54      -1904.69      3.29434      197.107
832      9.984      1.25531      941.484      -2846.17      -1904.69      3.29035      197.105
833      9.996      1.25751      943.129      -2847.81      -1904.68      3.28637      197.103
834      10.008      1.25971      944.782      -2849.46      -1904.68      3.2824      197.102
835      10.02      1.26192      946.439      -2851.12      -1904.68      3.27844      197.1
836      10.032      1.26413      948.096      -2852.77      -1904.68      3.27449      197.098
837      10.044      1.26633      949.748      -2854.43      -1904.68      3.27055      197.097
838      10.056      1.26852      951.393      -2856.08      -1904.68      3.26662      197.095
839      10.068      1.2707      953.026      -2857.72      -1904.69      3.2627      197.093
840      10.08      1.27286      954.643      -2859.34      -1904.7      3.25879      197.092
841      10.092      1.27499      956.241      -2860.95      -1904.71      3.25489      197.09
842      10.104      1.27709      957.818      -2862.54      -1904.72      3.251      197.088
843      10.116      1.27916      959.368      -2864.1      -1904.73      3.24711      197.087
844      10.128      1.28119      960.889      -2865.64      -1904.75      3.24324      197.085
845      10.14      1.28317      962.378      -2867.14      -1904.76      3.23938      197.084
846      10.152      1.28511      963.833      -2868.62      -1904.78      3.23552      197.082
847      10.164      1.287      965.25      -2870.05      -1904.8      3.23168      197.08
848      10.176      1.28884      966.627      -2871.45      -1904.82      3.22784      197.079
849      10.188      1.29062      967.961      -2872.8      -1904.84      3.22401      197.077
850      10.2      1.29234      969.252      -2874.12      -1904.87      3.22019      197.076
851      10.212      1.29399      970.496      -2875.39      -1904.89      3.21639      197.074
852      10.224      1.29559      971.693      -2876.61      -1904.91      3.21259      197.073
853      10.236      1.29712      972.84      -2877.78      -1904.94      3.2088      197.071
854      10.248      1.29858      973.937      -2878.9      -1904.96      3.20501      197.07
855      10.26      1.29998      974.983      -2879.97      -1904.99      3.20124      197.068
856      10.272      1.3013      975.976      -2880.99      -1905.02      3.19748      197.067
857      10.284      1.30255      976.916      -2881.96      -1905.04      3.19372      197.066
858      10.296      1.30374      977.802      -2882.87      -1905.07      3.18998      197.064
859      10.308      1.30485      978.635      -2883.73      -1905.1      3.18624      197.063
860      10.32      1.30589      979.414      -2884.54      -1905.12      3.18251      197.061
861      10.332      1.30685      980.14      -2885.29      -1905.15      3.17879      197.06
862      10.344      1.30775      980.812      -2885.99      -1905.18      3.17508      197.058
863      10.356      1.30858      981.432      -2886.63      -1905.2      3.17138      197.057
864      10.368      1.30933      982      -2887.23      -1905.23      3.16769      197.056
865      10.38      1.31002      982.517      -2887.77      -1905.25      3.164      197.054
866      10.392      1.31064      982.983      -2888.26      -1905.28      3.16033      197.053
867      10.404      1.3112      983.401      -2888.7      -1905.3      3.15666      197.051
868      10.416      1.31169      983.771      -2889.1      -1905.33      3.153      197.05
869      10.428      1.31213      984.094      -2889.44      -1905.35      3.14935      197.049
870      10.44      1.3125      984.373      -2889.75      -1905.37      3.14571      197.047
871      10.452      1.31281      984.608      -2890      -1905.39      3.14208      197.046
872      10.464      1.31307      984.803      -2890.22      -1905.41      3.13845      197.045
873      10.476      1.31328      984.958      -2890.39      -1905.43      3.13484      197.043
874      10.488      1.31343      985.075      -2890.53      -1905.45      3.13123      197.042
875      10.5      1.31354      985.156      -2890.63      -1905.47      3.12763      197.041
876      10.512      1.3136      985.204      -2890.69      -1905.49      3.12404      197.039
877      10.524      1.31363      985.22      -2890.72      -1905.5      3.12045      197.038
878      10.536      1.31361      985.206      -2890.72      -1905.52      3.11688      197.037
879      10.548      1.31355      985.165      -2890.69      -1905.53      3.11331      197.035
880      10.56      1.31346      985.097      -2890.64      -1905.54      3.10975      197.034
881      10.572      1.31334      985.007      -2890.56      -1905.55      3.1062      197.033
882      10.584      1.31319      984.894      -2890.46      -1905.57      3.10266      197.031
883      10.596      1.31302      984.762      -2890.34      -1905.57      3.09913      197.03
884      10.608      1.31282      984.612      -2890.2      -1905.58      3.0956      197.029
885      10.62      1.31259      984.445      -2890.04      -1905.59      3.09208      197.028
886      10.632      1.31235      984.265      -2889.86      -1905.6      3.08857      197.026
887      10.644      1.31209      984.07      -2889.68      -1905.6      3.08507      197.025
888      10.656      1.31182      983.865      -2889.47      -1905.61      3.08158      197.024
889      10.668      1.31153      983.648      -2889.26      -1905.62      3.07809      197.023
890      10.68      1.31123      983.422      -2889.04      -1905.62      3.07461      197.021
891      10.692      1.31092      983.188      -2888.81      -1905.62      3.07114      197.02
892      10.704      1.31059      982.946      -2888.57      -1905.63      3.06768      197.019
893      10.716      1.31026      982.698      -2888.33      -1905.63      3.06423      197.018
894      10.728      1.30992      982.443      -2888.08      -1905.63      3.06078      197.016
895      10.74      1.30958      982.181      -2887.82      -1905.64      3.05734      197.015
896      10.752      1.30922      981.914      -2887.55      -1905.64      3.05391      197.014
897      10.764      1.30886      981.642      -2887.28      -1905.64      3.05049      197.013
898      10.776      1.30848      981.364      -2887.01      -1905.65      3.04707      197.012
899      10.788      1.30811      981.079      -2886.73      -1905.65      3.04367      197.01
900      10.8      1.30772      980.789      -2886.44      -1905.65      3.04027      197.009
901      10.812      1.30732      980.493      -2886.15      -1905.65      3.03687      197.008
902      10.824      1.30692      980.189      -2885.85      -1905.66      3.03349      197.007
903      10.836      1.3065      979.878      -2885.54      -1905.66      3.03011      197.006
904      10.848      1.30608      979.558      -2885.22      -1905.67      3.02674      197.005
905      10.86      1.30564      979.23      -2884.9      -1905.67      3.02338      197.004
906      10.872      1.30519      978.892      -2884.57      -1905.68      3.02003      197.003
907      10.884      1.30472      978.543      -2884.22      -1905.68      3.01668      197.001
908      10.896      1.30424      978.183      -2883.87      -1905.69      3.01334      197
909      10.908      1.30375      977.811      -2883.5      -1905.69      3.01001      196.999
910      10.92      1.30323      977.426      -2883.13      -1905.7      3.00669      196.998
911      10.932      1.3027      977.027      -2882.73      -1905.71      3.00337      196.997
912      10.944      1.30215      976.614      -2882.33      -1905.71      3.00007      196.996
913      10.956      1.30158      976.184      -2881.91      -1905.72      2.99677      196.995
914      10.968      1.30099      975.739      -2881.47      -1905.73      2.99347      196.994
915      10.98      1.30037      975.277      -2881.02      -1905.74      2.99019      196.994
916      10.992      1.29973      974.797      -2880.54      -1905.75      2.98691      196.993
917      11.004      1.29906      974.299      -2880.06      -1905.76      2.98364      196.992
918      11.016      1.29838      973.782      -2879.55      -1905.77      2.98037      196.991
919      11.028      1.29766      973.246      -2879.02      -1905.78      2.97712      196.99
920      11.04      1.29692      972.691      -2878.48      -1905.79      2.97387      196.989
921      11.052      1.29615      972.115      -2877.91      -1905.79      2.97063      196.988
922      11.064      1.29536      971.52      -2877.32      -1905.8      2.9674      196.988
923      11.076      1.29454      970.904      -2876.72      -1905.82      2.96417      196.987
924      11.088      1.29369      970.268      -2876.09      -1905.83      2.96095      196.986
925      11.1      1.29282      969.612      -2875.45      -1905.84      2.95774      196.985
926      11.112      1.29191      968.936      -2874.78      -1905.85      2.95453      196.985
927      11.124      1.29099      968.24      -2874.09      -1905.86      2.95134      196.984
928      11.136      1.29003      967.525      -2873.39      -1905.86      2.94815      196.983
929      11.148      1.28905      966.79      -2872.66      -1905.87      2.94497      196.983
930      11.16      1.28805      966.038      -2871.92      -1905.88      2.94179      196.982
931      11.172      1.28702      965.268      -2871.16      -1905.89      2.93862      196.982
932      11.184      1.28597      964.481      -2870.38      -1905.9      2.93546      196.981
933      11.196      1.2849      963.678      -2869.59      -1905.91      2.93231      196.981
934      11.208      1.28381      962.859      -2868.77      -1905.92      2.92916      196.98
935      11.22      1.2827      962.026      -2867.95      -1905.92      2.92602      196.98
936      11.232      1.28157      961.179      -2867.11      -1905.93      2.92289      196.98
937      11.244      1.28043      960.321      -2866.26      -1905.94      2.91977      196.979
938      11.256      1.27927      959.451      -2865.39      -1905.94      2.91665      196.979
939      11.268      1.2781      958.572      -2864.52      -1905.95      2.91354      196.979
940      11.28      1.27691      957.684      -2863.63      -1905.95      2.91044      196.978
941      11.292      1.27572      956.79      -2862.74      -1905.95      2.90734      196.978
942      11.304      1.27452      955.89      -2861.84      -1905.96      2.90425      196.978
943      11.316      1.27331      954.985      -2860.94      -1905.96      2.90117      196.978
944      11.328      1.27211      954.079      -2860.04      -1905.96      2.8981      196.978
945      11.34      1.2709      953.172      -2859.13      -1905.96      2.89503      196.978
946      11.352      1.26969      952.266      -2858.22      -1905.96      2.89197      196.978
947      11.364      1.26848      951.362      -2857.32      -1905.96      2.88891      196.978
948      11.376      1.26728      950.463      -2856.42      -1905.95      2.88587      196.978
949      11.388      1.26609      949.571      -2855.52      -1905.95      2.88283      196.978
950      11.4      1.26492      948.687      -2854.63      -1905.95      2.87979      196.978
951      11.412      1.26375      947.813      -2853.75      -1905.94      2.87677      196.978
952      11.424      1.2626      946.951      -2852.89      -1905.93      2.87375      196.978
953      11.436      1.26147      946.103      -2852.03      -1905.93      2.87073      196.978
954      11.448      1.26036      945.27      -2851.19      -1905.92      2.86773      196.979
955      11.46      1.25927      944.455      -2850.37      -1905.91      2.86473      196.979
956      11.472      1.25821      943.659      -2849.56      -1905.9      2.86174      196.979
957      11.484      1.25718      942.884      -2848.77      -1905.89      2.85875      196.98
958      11.496      1.25618      942.132      -2848.01      -1905.88      2.85577      196.98
959      11.508      1.25521      941.405      -2847.27      -1905.87      2.8528      196.98
960      11.52      1.25427      940.704      -2846.56      -1905.85      2.84984      196.981
961      11.532      1.25337      940.03      -2845.87      -1905.84      2.84688      196.981
962      11.544      1.25251      939.386      -2845.21      -1905.82      2.84393      196.982
963      11.556      1.2517      938.773      -2844.58      -1905.81      2.84098      196.982
964      11.568      1.25092      938.191      -2843.98      -1905.79      2.83804      196.983
965      11.58      1.25019      937.642      -2843.42      -1905.78      2.83511      196.984
966      11.592      1.2495      937.128      -2842.89      -1905.76      2.83219      196.984
967      11.604      1.24887      936.65      -2842.39      -1905.74      2.82927      196.985
968      11.616      1.24828      936.207      -2841.93      -1905.72      2.82635      196.986
969      11.628      1.24774      935.802      -2841.5      -1905.7      2.82345      196.986
970      11.64      1.24725      935.434      -2841.12      -1905.68      2.82055      196.987
971      11.652      1.24681      935.104      -2840.77      -1905.67      2.81765      196.988
972      11.664      1.24642      934.814      -2840.46      -1905.65      2.81477      196.989
973      11.676      1.24608      934.562      -2840.19      -1905.63      2.81189      196.99
974      11.688      1.2458      934.349      -2839.96      -1905.61      2.80901      196.99
975      11.7      1.24557      934.175      -2839.76      -1905.59      2.80614      196.991
976      11.712      1.24539      934.04      -2839.61      -1905.57      2.80328      196.992
977      11.724      1.24526      933.942      -2839.49      -1905.55      2.80043      196.993
978      11.736      1.24518      933.882      -2839.41      -1905.53      2.79758      196.994
979      11.748      1.24515      933.859      -2839.37      -1905.51      2.79474      196.995
980      11.76      1.24516      933.873      -2839.37      -1905.49      2.7919      196.996
981      11.772      1.24523      933.922      -2839.4      -1905.48      2.78907      196.997
982      11.784      1.24534      934.006      -2839.46      -1905.46      2.78624      196.998
983      11.796      1.2455      934.124      -2839.57      -1905.44      2.78342      197
984      11.808      1.2457      934.275      -2839.7      -1905.43      2.78061      197.001
985      11.82      1.24594      934.457      -2839.87      -1905.41      2.7778      197.002
986      11.832      1.24622      934.668      -2840.06      -1905.4      2.775      197.003
987      11.844      1.24654      934.908      -2840.29      -1905.38      2.77221      197.004
988      11.856      1.2469      935.176      -2840.54      -1905.37      2.76942      197.005
989      11.868      1.24729      935.469      -2840.82      -1905.36      2.76664      197.007
990      11.88      1.24772      935.787      -2841.13      -1905.34      2.76386      197.008
991      11.892      1.24817      936.128      -2841.46      -1905.33      2.76109      197.009
992      11.904      1.24865      936.49      -2841.81      -1905.32      2.75832      197.011
993      11.916      1.24916      936.872      -2842.18      -1905.31      2.75556      197.012
994      11.928      1.2497      937.273      -2842.57      -1905.3      2.75281      197.013
995      11.94      1.25026      937.692      -2842.98      -1905.29      2.75006      197.014
996      11.952      1.25083      938.126      -2843.41      -1905.29      2.74732      197.016
997      11.964      1.25143      938.575      -2843.85      -1905.28      2.74458      197.017
998      11.976      1.25205      939.038      -2844.31      -1905.27      2.74185      197.019
999      11.988      1.25268      939.513      -2844.78      -1905.27      2.73913      197.02
1000      12      1.25333      939.999      -2845.26      -1905.26      2.73641      197.021
1000      12      1.25333      939.999      -2845.26      -1905.26      2.73641      197.021
Execution time in seconds: 1.82143
