Timestep Time Temperature KineticEnergy PotentialEnergy TotalEnergy DiffusionConstant MeanSquareDisplacement
1      0.067      2.42435      1818.27      -3723.84      -1905.57      490.4      197.141
2      0.134      2.39887      1799.16      -3704.75      -1905.59      245.213      197.151
3      0.201      2.3562      1767.15      -3672.78      -1905.62      163.484      197.161
4      0.268      2.29605      1722.04      -3627.7      -1905.66      122.619      197.172
5      0.335      2.21814      1663.61      -3569.31      -1905.7      98.1011      197.183
6      0.402      2.12235      1591.76      -3497.5      -1905.73      81.7556      197.195
7      0.469      2.009      1506.75      -3412.47      -1905.73      70.0803      197.206
8      0.536      1.87926      1409.45      -3315.11      -1905.66      61.3239      197.218
9      0.603      1.7356      1301.7      -3207.21      -1905.51      54.5133      197.229
10      0.67      1.58216      1186.62      -3091.89      -1905.27      49.0647      197.24
11      0.737      1.42493      1068.7      -2973.63      -1904.94      44.6068      197.251
12      0.804      1.27141      953.555      -2858.12      -1904.56      40.8917      197.261
13      0.871      1.12974      847.305      -2751.52      -1904.22      37.748      197.271
14      0.938      1.00738      755.532      -2659.5      -1903.96      35.0533      197.28
15      1.005      0.909723      682.292      -2586.14      -1903.85      32.7178      197.288
16      1.072      0.839307      629.48      -2533.36      -1903.88      30.6741      197.296
17      1.139      0.795708      596.781      -2500.79      -1904.01      28.8707      197.302
18      1.206      0.776165      582.124      -2486.33      -1904.21      27.2676      197.308
19      1.273      0.776509      582.382      -2486.8      -1904.42      25.8331      197.313
20      1.34      0.792093      594.07      -2498.69      -1904.62      24.542      197.318
21      1.407      0.818469      613.852      -2518.63      -1904.78      23.3738      197.322
22      1.474      0.851765      638.824      -2543.73      -1904.91      22.3117      197.325
23      1.541      0.888815      666.611      -2571.62      -1905      21.342      197.328
24      1.608      0.92713      695.348      -2600.42      -1905.07      20.453      197.33
25      1.675      0.964795      723.596      -2628.72      -1905.13      19.6351      197.332
26      1.742      1.00032      750.237      -2655.41      -1905.17      18.88      197.334
27      1.809      1.03251      774.383      -2679.59      -1905.2      18.1809      197.335
28      1.876      1.06044      795.333      -2700.56      -1905.23      17.5317      197.337
29      1.943      1.08344      812.58      -2717.82      -1905.24      16.9273      197.338
30      2.01      1.10112      825.841      -2731.08      -1905.24      16.3631      197.339
31      2.077      1.11347      835.104      -2740.32      -1905.22      15.8353      197.34
32      2.144      1.12086      840.644      -2745.83      -1905.18      15.3406      197.341
33      2.211      1.12398      842.989      -2748.13      -1905.14      14.8758      197.343
34      2.278      1.12379      842.84      -2747.93      -1905.09      14.4384      197.344
35      2.345      1.12126      840.947      -2746      -1905.05      14.026      197.346
36      2.412      1.11734      838.004      -2743.03      -1905.02      13.6366      197.348
37      2.479      1.11278      834.583      -2739.58      -1905      13.2682      197.351
38      2.546      1.10818      831.134      -2736.12      -1904.98      12.9192      197.354
39      2.613      1.10408      828.063      -2733.03      -1904.96      12.5882      197.358
40      2.68      1.10107      825.805      -2730.74      -1904.94      12.2737      197.362
41      2.747      1.09979      824.843      -2729.75      -1904.91      11.9746      197.366
42      2.814      1.10084      825.632      -2730.53      -1904.9      11.6898      197.37
43      2.881      1.1046      828.449      -2733.35      -1904.9      11.4182      197.375
44      2.948      1.11101      833.254      -2738.18      -1904.92      11.1589      197.379
45      3.015      1.11958      839.683      -2744.64      -1904.96      10.9112      197.384
46      3.082      1.12957      847.181      -2752.18      -1905      10.6742      197.388
47      3.149      1.14024      855.182      -2760.2      -1905.02      10.4473      197.392
48      3.216      1.15099      863.244      -2768.28      -1905.03      10.2299      197.396
49      3.283      1.16146      871.094      -2776.13      -1905.04      10.0213      197.399
50      3.35      1.17145      878.589      -2783.62      -1905.03      9.82095      197.401
51      3.417      1.18088      885.661      -2790.69      -1905.03      9.62845      197.403
52      3.484      1.18969      892.265      -2797.3      -1905.03      9.44331      197.403
53      3.551      1.19781      898.36      -2803.39      -1905.03      9.2651      197.402
54      3.618      1.20525      903.936      -2808.96      -1905.03      9.09344      197.4
55      3.685      1.21206      909.042      -2814.06      -1905.02      8.92795      197.397
56      3.752      1.21841      913.808      -2818.81      -1905      8.76831      197.392
57      3.819      1.22459      918.439      -2823.42      -1904.99      8.61421      197.386
58      3.886      1.23091      923.183      -2828.15      -1904.97      8.46536      197.378
59      3.953      1.2377      928.273      -2833.23      -1904.96      8.32151      197.37
60      4.02      1.24514      933.851      -2838.81      -1904.96      8.1824      197.359
61      4.087      1.25321      939.907      -2844.88      -1904.97      8.04781      197.348
62      4.154      1.26167      946.249      -2851.24      -1904.99      7.91753      197.336
63      4.221      1.27005      952.54      -2857.56      -1905.02      7.79136      197.324
64      4.288      1.2778      958.352      -2863.41      -1905.05      7.66912      197.311
65      4.355      1.28435      963.262      -2868.34      -1905.08      7.55063      197.298
66      4.422      1.28925      966.939      -2872.03      -1905.09      7.43574      197.285
67      4.489      1.29225      969.191      -2874.29      -1905.1      7.32428      197.272
68      4.556      1.29329      969.966      -2875.06      -1905.1      7.21613      197.26
69      4.623      1.29242      969.318      -2874.41      -1905.09      7.11113      197.249
70      4.69      1.28982      967.362      -2872.45      -1905.09      7.00917      197.238
71      4.757      1.28568      964.262      -2869.34      -1905.08      6.91011      197.228
72      4.824      1.28032      960.237      -2865.3      -1905.07      6.81384      197.22
73      4.891      1.27411      955.58      -2860.63      -1905.05      6.72025      197.212
74      4.958      1.26758      950.687      -2855.71      -1905.02      6.62923      197.206
75      5.025      1.26139      946.044      -2851.03      -1904.99      6.54067      197.201
76      5.092      1.25623      942.174      -2847.14      -1904.96      6.45448      197.197
77      5.159      1.2527      939.522      -2844.47      -1904.95      6.37055      197.194
78      5.226      1.25112      938.342      -2843.29      -1904.95      6.28881      197.192
79      5.293      1.25157      938.674      -2843.63      -1904.95      6.20916      197.191
80      5.36      1.2539      940.428      -2845.39      -1904.96      6.13154      197.19
81      5.427      1.258      943.502      -2848.46      -1904.96      6.05586      197.191
82      5.494      1.26382      947.862      -2852.81      -1904.95      5.98206      197.193
83      5.561      1.27136      953.521      -2858.46      -1904.94      5.91007      197.196
84      5.628      1.28061      960.457      -2865.4      -1904.94      5.83983      197.2
85      5.695      1.29135      968.512      -2873.47      -1904.96      5.77128      197.205
86      5.762      1.30316      977.371      -2882.35      -1904.98      5.70435      197.211
87      5.829      1.31545      986.585      -2891.59      -1905.01      5.639      197.218
88      5.896      1.32754      995.654      -2900.69      -1905.03      5.57516      197.227
89      5.963      1.33884      1004.13      -2909.18      -1905.05      5.51278      197.236
90      6.03      1.34888      1011.66      -2916.72      -1905.06      5.45181      197.246
91      6.097      1.35742      1018.06      -2923.12      -1905.06      5.3922      197.258
92      6.164      1.36433      1023.25      -2928.31      -1905.06      5.33391      197.269
93      6.231      1.36959      1027.2      -2932.26      -1905.06      5.27689      197.282
94      6.298      1.37316      1029.87      -2934.93      -1905.06      5.22109      197.294
95      6.365      1.37494      1031.2      -2936.27      -1905.07      5.16647      197.308
96      6.432      1.37483      1031.13      -2936.2      -1905.07      5.113      197.321
97      6.499      1.37283      1029.62      -2934.69      -1905.07      5.06063      197.334
98      6.566      1.36904      1026.78      -2931.83      -1905.05      5.00932      197.347
99      6.633      1.36377      1022.83      -2927.86      -1905.03      4.95905      197.36
100      6.7      1.35752      1018.14      -2923.14      -1905      4.90978      197.373
101      6.767      1.35083      1013.12      -2918.1      -1904.98      4.86147      197.385
102      6.834      1.34425      1008.19      -2913.15      -1904.96      4.8141      197.397
103      6.901      1.33816      1003.62      -2908.57      -1904.95      4.76764      197.409
104      6.968      1.33275      999.559      -2904.51      -1904.96      4.72206      197.42
105      7.035      1.328      996.002      -2900.97      -1904.97      4.67733      197.43
106      7.102      1.32378      992.832      -2897.81      -1904.98      4.63344      197.44
107      7.169      1.31984      989.881      -2894.87      -1904.99      4.59034      197.449
108      7.236      1.31595      986.966      -2891.97      -1905      4.54803      197.457
109      7.303      1.31187      983.906      -2888.92      -1905.02      4.50648      197.465
110      7.37      1.30737      980.524      -2885.56      -1905.03      4.46567      197.472
111      7.437      1.30221      976.657      -2881.7      -1905.04      4.42557      197.478
112      7.504      1.29624      972.181      -2877.23      -1905.05      4.38616      197.482
113      7.571      1.2894      967.048      -2872.1      -1905.05      4.34742      197.486
114      7.638      1.28179      961.343      -2866.38      -1905.04      4.30934      197.488
115      7.705      1.27375      955.316      -2860.33      -1905.01      4.27189      197.49
116      7.772      1.26582      949.364      -2854.35      -1904.99      4.23506      197.489
117      7.839      1.25861      943.954      -2848.91      -1904.96      4.19883      197.488
118      7.906      1.25265      939.488      -2844.44      -1904.95      4.16318      197.485
119      7.973      1.24826      936.195      -2841.14      -1904.95      4.12811      197.481
120      8.04      1.24548      934.111      -2839.07      -1904.96      4.0936      197.475
121      8.107      1.24418      933.135      -2838.1      -1904.97      4.05963      197.468
122      8.174      1.24412      933.087      -2838.07      -1904.98      4.0262      197.461
123      8.241      1.245      933.751      -2838.74      -1904.99      3.99328      197.452
124      8.308      1.24653      934.898      -2839.9      -1905      3.96088      197.442
125      8.375      1.24842      936.313      -2841.32      -1905.01      3.92898      197.431
126      8.442      1.25043      937.824      -2842.84      -1905.02      3.89757      197.42
127      8.509      1.25243      939.32      -2844.34      -1905.02      3.86664      197.407
128      8.576      1.25433      940.747      -2845.76      -1905.02      3.83618      197.394
129      8.643      1.25608      942.06      -2847.08      -1905.02      3.80617      197.38
130      8.71      1.25758      943.182      -2848.21      -1905.02      3.77662      197.366
131      8.777      1.25863      943.976      -2849.01      -1905.04      3.74751      197.351
132      8.844      1.25898      944.236      -2849.29      -1905.05      3.71883      197.336
133      8.911      1.25833      943.747      -2848.81      -1905.06      3.69058      197.32
134      8.978      1.25645      942.337      -2847.4      -1905.07      3.66274      197.305
135      9.045      1.25325      939.94      -2845      -1905.06      3.63532      197.289
136      9.112      1.24883      936.622      -2841.67      -1905.05      3.6083      197.273
137      9.179      1.24342      932.565      -2837.6      -1905.03      3.58168      197.258
138      9.246      1.23738      928.036      -2833.05      -1905.02      3.55545      197.242
139      9.313      1.23115      923.36      -2828.35      -1904.99      3.52961      197.227
140      9.38      1.22521      918.909      -2823.88      -1904.97      3.50414      197.213
141      9.447      1.22013      915.094      -2820.04      -1904.94      3.47904      197.199
142      9.514      1.21647      912.349      -2817.27      -1904.92      3.4543      197.185
143      9.581      1.21479      911.09      -2815.99      -1904.9      3.42992      197.172
144      9.648      1.21554      911.656      -2816.54      -1904.88      3.40588      197.16
145      9.715      1.219      914.253      -2819.14      -1904.88      3.38219      197.148
146      9.782      1.22521      918.91      -2823.8      -1904.89      3.35883      197.136
147      9.849      1.23393      925.448      -2830.36      -1904.92      3.3358      197.126
148      9.916      1.24464      933.483      -2838.43      -1904.95      3.31308      197.115
149      9.983      1.2566      942.452      -2847.44      -1904.99      3.29068      197.105
150      10.05      1.26892      951.691      -2856.72      -1905.03      3.26859      197.096
151      10.117      1.28071      960.535      -2865.6      -1905.07      3.24679      197.087
152      10.184      1.29121      968.407      -2873.5      -1905.09      3.22529      197.078
153      10.251      1.29985      974.888      -2879.99      -1905.1      3.20408      197.07
154      10.318      1.30633      979.749      -2884.85      -1905.1      3.18314      197.062
155      10.385      1.31061      982.958      -2888.05      -1905.09      3.16248      197.054
156      10.452      1.31287      984.654      -2889.72      -1905.07      3.14208      197.046
157      10.519      1.31347      985.102      -2890.15      -1905.04      3.12195      197.039
158      10.586      1.31285      984.638      -2889.66      -1905.02      3.10208      197.032
159      10.653      1.31146      983.593      -2888.6      -1905      3.08246      197.024
160      10.72      1.30962      982.216      -2887.21      -1905      3.06308      197.017
161      10.787      1.30751      980.63      -2885.63      -1905      3.04395      197.011
162      10.854      1.30511      978.83      -2883.84      -1905.01      3.02507      197.004
163      10.921      1.30229      976.716      -2881.73      -1905.02      3.00642      196.999
164      10.988      1.29887      974.151      -2879.18      -1905.03      2.988      196.993
165      11.055      1.2947      971.026      -2876.06      -1905.03      2.96982      196.988
166      11.122      1.28972      967.294      -2872.32      -1905.03      2.95187      196.984
167      11.189      1.28399      962.989      -2868.01      -1905.02      2.93415      196.981
168      11.256      1.27765      958.236      -2863.25      -1905.01      2.91665      196.979
169      11.323      1.27098      953.233      -2858.23      -1904.99      2.89938      196.978
170      11.39      1.26433      948.244      -2853.22      -1904.97      2.88232      196.978
171      11.457      1.2581      943.576      -2848.53      -1904.95      2.86548      196.979
172      11.524      1.25272      939.541      -2844.48      -1904.94      2.84886      196.981
173      11.591      1.24856      936.417      -2841.34      -1904.92      2.83243      196.984
174      11.658      1.24587      934.404      -2839.32      -1904.92      2.81622      196.989
175      11.725      1.24478      933.584      -2838.51      -1904.93      2.8002      196.994
176      11.792      1.24521      933.909      -2838.85      -1904.94      2.78437      197
177      11.859      1.24695      935.216      -2840.17      -1904.95      2.76873      197.006
178      11.926      1.2497      937.274      -2842.24      -1904.97      2.75328      197.013
179      11.993      1.25312      939.843      -2844.83      -1904.98      2.738      197.021
180      12.06      1.25697      942.729      -2847.72      -1904.99      2.7229      197.029
181      12.127      1.26107      945.806      -2850.8      -1905      2.70796      197.037
182      12.194      1.26535      949.01      -2854.01      -1905      2.6932      197.045
183      12.261      1.26977      952.325      -2857.32      -1905      2.6786      197.054
184      12.328      1.27434      955.755      -2860.75      -1905      2.66415      197.062
185      12.395      1.27907      959.303      -2864.3      -1905      2.64987      197.071
186      12.462      1.28398      962.984      -2867.98      -1904.99      2.63574      197.079
187      12.529      1.2891      966.826      -2871.82      -1904.99      2.62176      197.088
188      12.596      1.29445      970.841      -2875.84      -1905      2.60794      197.098
189      12.663      1.29997      974.979      -2879.99      -1905.01      2.59427      197.107
190      12.73      1.30544      979.081      -2884.11      -1905.03      2.58075      197.117
191      12.797      1.3105      982.876      -2887.92      -1905.05      2.56737      197.128
192      12.864      1.31471      986.032      -2891.1      -1905.07      2.55414      197.139
193      12.931      1.31768      988.26      -2893.34      -1905.08      2.54105      197.15
194      12.998      1.31925      989.435      -2894.51      -1905.08      2.52811      197.162
195      13.065      1.31955      989.663      -2894.72      -1905.06      2.5153      197.175
196      13.132      1.319      989.252      -2894.28      -1905.03      2.50263      197.187
197      13.199      1.31805      988.538      -2893.56      -1905.02      2.4901      197.201
198      13.266      1.31688      987.658      -2892.7      -1905.04      2.4777      197.215
199      13.333      1.31525      986.437      -2891.5      -1905.07      2.46542      197.229
200      13.4      1.31263      984.474      -2889.57      -1905.1      2.45327      197.243
201      13.467      1.30848      981.361      -2886.48      -1905.11      2.44125      197.258
202      13.534      1.30247      976.851      -2881.97      -1905.12      2.42934      197.272
203      13.601      1.29461      970.958      -2876.06      -1905.1      2.41755      197.287
204      13.668      1.28528      963.957      -2869.03      -1905.07      2.40588      197.301
205      13.735      1.27515      956.366      -2861.4      -1905.03      2.39431      197.315
206      13.802      1.26519      948.892      -2853.88      -1904.98      2.38285      197.328
207      13.869      1.25646      942.342      -2847.28      -1904.93      2.37149      197.341
208      13.936      1.25003      937.522      -2842.42      -1904.89      2.36023      197.353
209      14.003      1.24679      935.095      -2839.96      -1904.87      2.34907      197.364
210      14.07      1.24727      935.451      -2840.32      -1904.87      2.33801      197.374
211      14.137      1.25153      938.651      -2843.54      -1904.89      2.32703      197.384
212      14.204      1.25926      944.445      -2849.36      -1904.92      2.31615      197.391
213      14.271      1.26979      952.34      -2857.3      -1904.96      2.30535      197.398
214      14.338      1.28223      961.675      -2866.68      -1905      2.29464      197.403
215      14.405      1.29558      971.683      -2876.74      -1905.05      2.28401      197.407
216      14.472      1.30876      981.57      -2886.67      -1905.1      2.27347      197.41
217      14.539      1.3208      990.598      -2895.73      -1905.14      2.26301      197.411
218      14.606      1.33089      998.17      -2903.33      -1905.16      2.25262      197.411
219      14.673      1.33853      1003.9      -2909.07      -1905.17      2.24232      197.41
220      14.74      1.34354      1007.65      -2912.81      -1905.16      2.2321      197.407
221      14.807      1.34607      1009.55      -2914.69      -1905.14      2.22197      197.404
222      14.874      1.34661      1009.96      -2915.07      -1905.11      2.21191      197.4
223      14.941      1.34586      1009.4      -2914.47      -1905.07      2.20194      197.395
224      15.008      1.34459      1008.45      -2913.48      -1905.04      2.19205      197.39
225      15.075      1.34348      1007.61      -2912.63      -1905.02      2.18226      197.385
226      15.142      1.3429      1007.17      -2912.2      -1905.02      2.17254      197.38
227      15.209      1.34282      1007.12      -2912.16      -1905.04      2.16292      197.375
228      15.276      1.3429      1007.17      -2912.24      -1905.07      2.15338      197.37
229      15.343      1.34258      1006.94      -2912.03      -1905.09      2.14393      197.366
230      15.41      1.34132      1005.99      -2911.1      -1905.11      2.13456      197.362
231      15.477      1.33866      1004      -2909.12      -1905.12      2.12528      197.358
232      15.544      1.33433      1000.74      -2905.87      -1905.12      2.11608      197.354
233      15.611      1.32817      996.126      -2901.25      -1905.12      2.10695      197.35
234      15.678      1.32023      990.173      -2895.28      -1905.11      2.09791      197.346
235      15.745      1.31076      983.07      -2888.15      -1905.08      2.08894      197.342
236      15.812      1.30022      975.166      -2880.22      -1905.05      2.08004      197.338
237      15.879      1.28927      966.954      -2871.97      -1905.01      2.07122      197.334
238      15.946      1.27868      959.01      -2863.99      -1904.98      2.06248      197.329
239      16.013      1.26921      951.907      -2856.85      -1904.95      2.0538      197.325
240      16.08      1.26149      946.116      -2851.04      -1904.93      2.0452      197.321
241      16.147      1.2559      941.927      -2846.85      -1904.92      2.03668      197.317
242      16.214      1.25258      939.435      -2844.37      -1904.93      2.02822      197.314
243      16.281      1.25142      938.565      -2843.51      -1904.94      2.01985      197.311
244      16.348      1.25216      939.123      -2844.08      -1904.96      2.01154      197.308
245      16.415      1.25447      940.856      -2845.83      -1904.98      2.00331      197.306
246      16.482      1.25797      943.481      -2848.48      -1905      1.99515      197.304
247      16.549      1.26226      946.694      -2851.71      -1905.02      1.98706      197.303
248      16.616      1.26687      950.151      -2855.19      -1905.04      1.97904      197.303
249      16.683      1.27129      953.47      -2858.53      -1905.06      1.9711      197.303
250      16.75      1.27501      956.259      -2861.35      -1905.09      1.96323      197.304
251      16.817      1.27758      958.184      -2863.28      -1905.1      1.95542      197.306
252      16.884      1.27869      959.02      -2864.13      -1905.1      1.94769      197.309
253      16.951      1.27825      958.687      -2863.79      -1905.1      1.94002      197.312
254      17.018      1.27632      957.238      -2862.33      -1905.09      1.93242      197.316
255      17.085      1.27311      954.835      -2859.91      -1905.08      1.92489      197.32
256      17.152      1.26895      951.713      -2856.77      -1905.06      1.91742      197.325
257      17.219      1.26422      948.162      -2853.2      -1905.04      1.91001      197.331
258      17.286      1.25935      944.513      -2849.53      -1905.02      1.90267      197.338
259      17.353      1.25485      941.136      -2846.13      -1904.99      1.89539      197.344
260      17.42      1.25124      938.431      -2843.4      -1904.97      1.88817      197.352
261      17.487      1.24904      936.778      -2841.72      -1904.95      1.88101      197.359
262      17.554      1.24862      936.463      -2841.4      -1904.93      1.8739      197.367
263      17.621      1.25016      937.618      -2842.55      -1904.93      1.86686      197.375
264      17.688      1.25359      940.195      -2845.14      -1904.94      1.85986      197.383
265      17.755      1.25865      943.986      -2848.95      -1904.96      1.85292      197.391
266      17.822      1.26493      948.7      -2853.68      -1904.98      1.84603      197.4
267      17.889      1.27205      954.034      -2859.03      -1904.99      1.83919      197.408
268      17.956      1.27962      959.711      -2864.71      -1905      1.8324      197.415
269      18.023      1.28734      965.503      -2870.52      -1905.01      1.82566      197.423
270      18.09      1.29498      971.239      -2876.26      -1905.02      1.81896      197.43
271      18.157      1.30238      976.783      -2881.81      -1905.02      1.8123      197.436
272      18.224      1.30937      982.026      -2887.05      -1905.02      1.80569      197.442
273      18.291      1.31583      986.871      -2891.9      -1905.03      1.79913      197.447
274      18.358      1.32164      991.227      -2896.26      -1905.03      1.7926      197.451
275      18.425      1.32666      994.997      -2900.04      -1905.04      1.78611      197.454
276      18.492      1.33075      998.061      -2903.11      -1905.05      1.77966      197.457
277      18.559      1.33366      1000.24      -2905.31      -1905.07      1.77324      197.458
278      18.626      1.33508      1001.31      -2906.39      -1905.08      1.76687      197.458
279      18.693      1.33473      1001.05      -2906.14      -1905.09      1.76053      197.458
280      18.76      1.33241      999.307      -2904.4      -1905.09      1.75423      197.456
281      18.827      1.32815      996.111      -2901.19      -1905.08      1.74797      197.454
282      18.894      1.32226      991.695      -2896.75      -1905.05      1.74175      197.452
283      18.961      1.31533      986.496      -2891.52      -1905.02      1.73557      197.449
284      19.028      1.3081      981.075      -2886.06      -1904.98      1.72943      197.445
285      19.095      1.30136      976.023      -2880.97      -1904.95      1.72333      197.442
286      19.162      1.29581      971.86      -2876.79      -1904.93      1.71727      197.438
287      19.229      1.29193      968.945      -2873.86      -1904.92      1.71126      197.435
288      19.296      1.2899      967.424      -2872.35      -1904.92      1.70529      197.432
289      19.363      1.28959      967.195      -2872.14      -1904.95      1.69937      197.429
290      19.43      1.29054      967.906      -2872.89      -1904.98      1.69348      197.426
291      19.497      1.29199      968.996      -2874.02      -1905.02      1.68764      197.424
292      19.564      1.29304      969.782      -2874.85      -1905.07      1.68184      197.421
293      19.631      1.29276      969.572      -2874.68      -1905.11      1.67608      197.419
294      19.698      1.29037      967.778      -2872.91      -1905.13      1.67036      197.417
295      19.765      1.28535      964.011      -2869.15      -1905.14      1.66468      197.415
296      19.832      1.27752      958.14      -2863.27      -1905.13      1.65904      197.412
297      19.899      1.26708      950.313      -2855.41      -1905.1      1.65343      197.41
298      19.966      1.25458      940.934      -2846      -1905.06      1.64786      197.407
299      20.033      1.24085      930.636      -2835.65      -1905.01      1.64233      197.404
300      20.1      1.22697      920.224      -2825.18      -1904.96      1.63683      197.401
301      20.167      1.21413      910.594      -2815.5      -1904.9      1.63136      197.398
302      20.234      1.20351      902.633      -2807.49      -1904.86      1.62593      197.394
303      20.301      1.19613      897.095      -2801.92      -1904.82      1.62053      197.391
304      20.368      1.19265      894.485      -2799.3      -1904.81      1.61517      197.387
305      20.435      1.19331      894.986      -2799.81      -1904.83      1.60985      197.383
306      20.502      1.19791      898.434      -2803.29      -1904.86      1.60456      197.38
307      20.569      1.20581      904.357      -2809.26      -1904.9      1.5993      197.376
308      20.636      1.2161      912.075      -2817.02      -1904.95      1.59408      197.373
309      20.703      1.22778      920.839      -2825.83      -1904.99      1.5889      197.37
310      20.77      1.23994      929.952      -2834.98      -1905.02      1.58375      197.368
311      20.837      1.25184      938.882      -2843.92      -1905.04      1.57865      197.366
312      20.904      1.26307      947.304      -2852.35      -1905.04      1.57357      197.364
313      20.971      1.27346      955.097      -2860.14      -1905.04      1.56854      197.363
314      21.038      1.28304      962.277      -2867.31      -1905.03      1.56354      197.363
315      21.105      1.29189      968.917      -2873.94      -1905.02      1.55858      197.363
316      21.172      1.30011      975.083      -2880.1      -1905.02      1.55366      197.364
317      21.239      1.30775      980.809      -2885.82      -1905.01      1.54877      197.366
318      21.306      1.31479      986.09      -2891.1      -1905.01      1.54391      197.368
319      21.373      1.32118      990.883      -2895.9      -1905.02      1.53909      197.37
320      21.44      1.3268      995.097      -2900.12      -1905.02      1.5343      197.373
321      21.507      1.33147      998.6      -2903.64      -1905.04      1.52955      197.376
322      21.574      1.33497      1001.23      -2906.28      -1905.05      1.52482      197.379
323      21.641      1.3371      1002.82      -2907.88      -1905.05      1.52013      197.383
324      21.708      1.33766      1003.25      -2908.31      -1905.06      1.51547      197.386
325      21.775      1.33659      1002.44      -2907.5      -1905.06      1.51083      197.39
326      21.842      1.33388      1000.41      -2905.47      -1905.06      1.50623      197.394
327      21.909      1.32967      997.25      -2902.3      -1905.05      1.50165      197.398
328      21.976      1.32413      993.095      -2898.13      -1905.04      1.4971      197.402
329      22.043      1.31749      988.117      -2893.15      -1905.03      1.49259      197.407
330      22.11      1.31      982.5      -2887.52      -1905.02      1.4881      197.412
331      22.177      1.30189      976.42      -2881.43      -1905.01      1.48365      197.417
332      22.244      1.29339      970.046      -2875.05      -1905.01      1.47922      197.423
333      22.311      1.28472      963.539      -2868.54      -1905      1.47482      197.429
334      22.378      1.2761      957.072      -2862.07      -1904.99      1.47046      197.436
335      22.445      1.26783      950.869      -2855.85      -1904.98      1.46613      197.443
336      22.512      1.26031      945.234      -2850.19      -1904.96      1.46183      197.452
337      22.579      1.25409      940.567      -2845.5      -1904.93      1.45756      197.461
338      22.646      1.24981      937.354      -2842.25      -1904.9      1.45332      197.471
339      22.713      1.24811      936.084      -2840.96      -1904.88      1.44911      197.481
340      22.78      1.24947      937.1      -2841.97      -1904.87      1.44493      197.493
341      22.847      1.25395      940.461      -2845.35      -1904.89      1.44077      197.504
342      22.914      1.26117      945.878      -2850.81      -1904.93      1.43665      197.516
343      22.981      1.27035      952.765      -2857.74      -1904.98      1.43255      197.528
344      23.048      1.28054      960.402      -2865.42      -1905.02      1.42847      197.541
345      23.115      1.29078      968.088      -2873.14      -1905.05      1.42442      197.553
346      23.182      1.30033      975.244      -2880.32      -1905.08      1.42039      197.565
347      23.249      1.30859      981.441      -2886.53      -1905.09      1.41638      197.576
348      23.316      1.3152      986.398      -2891.5      -1905.1      1.41238      197.587
349      23.383      1.31995      989.966      -2895.07      -1905.1      1.40841      197.597
350      23.45      1.32281      992.106      -2897.2      -1905.1      1.40445      197.606
351      23.517      1.32382      992.867      -2897.96      -1905.09      1.40051      197.615
352      23.584      1.32314      992.358      -2897.44      -1905.08      1.39658      197.622
353      23.651      1.32096      990.72      -2895.79      -1905.07      1.39267      197.629
354      23.718      1.31748      988.106      -2893.16      -1905.06      1.38878      197.634
355      23.785      1.31292      984.69      -2889.73      -1905.04      1.38489      197.638
356      23.852      1.30758      980.688      -2885.71      -1905.02      1.38102      197.641
357      23.919      1.30185      976.385      -2881.38      -1905      1.37717      197.643
358      23.986      1.29617      972.128      -2877.1      -1904.97      1.37333      197.644
359      24.053      1.29105      968.287      -2873.24      -1904.95      1.3695      197.643
360      24.12      1.28693      965.198      -2870.13      -1904.93      1.36568      197.642
361      24.187      1.28411      963.081      -2868.01      -1904.93      1.36188      197.639
362      24.254      1.28265      961.987      -2866.92      -1904.94      1.35809      197.635
363      24.321      1.28237      961.776      -2866.73      -1904.96      1.35432      197.63
364      24.388      1.28286      962.142      -2867.12      -1904.98      1.35055      197.624
365      24.455      1.28355      962.664      -2867.68      -1905.01      1.3468      197.616
366      24.522      1.28382      962.867      -2867.91      -1905.04      1.34306      197.608
367      24.589      1.28306      962.296      -2867.36      -1905.07      1.33934      197.598
368      24.656      1.28077      960.579      -2865.66      -1905.08      1.33563      197.588
369      24.723      1.27665      957.485      -2862.57      -1905.09      1.33194      197.577
370      24.79      1.27063      952.975      -2858.05      -1905.08      1.32826      197.565
371      24.857      1.26295      947.213      -2852.27      -1905.05      1.32459      197.553
372      24.924      1.25406      940.545      -2845.57      -1905.02      1.32095      197.54
373      24.991      1.24457      933.429      -2838.42      -1904.99      1.31731      197.526
374      25.058      1.23514      926.354      -2831.32      -1904.96      1.3137      197.512
375      25.125      1.22634      919.755      -2824.7      -1904.94      1.3101      197.498
376      25.192      1.21861      913.956      -2818.89      -1904.93      1.30652      197.483
377      25.259      1.2122      909.152      -2814.08      -1904.93      1.30296      197.469
378      25.326      1.20723      905.421      -2810.35      -1904.93      1.29942      197.454
379      25.393      1.2037      902.772      -2807.7      -1904.93      1.29589      197.439
380      25.46      1.20158      901.181      -2806.11      -1904.93      1.29238      197.424
381      25.527      1.20084      900.63      -2805.56      -1904.93      1.28889      197.409
382      25.594      1.20151      901.136      -2806.06      -1904.93      1.28541      197.393
383      25.661      1.20367      902.752      -2807.67      -1904.92      1.28195      197.377
384      25.728      1.2074      905.55      -2810.46      -1904.91      1.27851      197.361
385      25.795      1.21277      909.578      -2814.49      -1904.91      1.27508      197.345
386      25.862      1.21978      914.833      -2819.74      -1904.91      1.27167      197.328
387      25.929      1.22827      921.205      -2826.13      -1904.92      1.26828      197.311
388      25.996      1.23794      928.452      -2833.4      -1904.94      1.2649      197.294
389      26.063      1.24827      936.203      -2841.17      -1904.97      1.26153      197.276
390      26.13      1.25865      943.991      -2848.99      -1905      1.25818      197.258
391      26.197      1.26842      951.316      -2856.35      -1905.03      1.25485      197.24
392      26.264      1.27696      957.724      -2862.77      -1905.05      1.25153      197.222
393      26.331      1.28383      962.874      -2867.94      -1905.06      1.24823      197.203
394      26.398      1.28879      966.595      -2871.66      -1905.06      1.24495      197.185
395      26.465      1.29188      968.913      -2873.96      -1905.05      1.24169      197.168
396      26.532      1.2934      970.049      -2875.07      -1905.02      1.23844      197.15
397      26.599      1.29383      970.369      -2875.36      -1905      1.23522      197.133
398      26.666      1.29371      970.281      -2875.26      -1904.98      1.23201      197.117
399      26.733      1.29345      970.091      -2875.06      -1904.97      1.22883      197.101
400      26.8      1.29317      969.875      -2874.86      -1904.99      1.22566      197.087
401      26.867      1.2926      969.453      -2874.46      -1905.01      1.22252      197.073
402      26.934      1.29132      968.487      -2873.52      -1905.04      1.2194      197.061
403      27.001      1.28885      966.639      -2871.69      -1905.05      1.21631      197.049
404      27.068      1.28495      963.712      -2868.76      -1905.05      1.21324      197.039
405      27.135      1.27963      959.726      -2864.76      -1905.03      1.21019      197.03
406      27.202      1.27322      954.916      -2859.92      -1905.01      1.20716      197.023
407      27.269      1.26623      949.669      -2854.65      -1904.98      1.20416      197.017
408      27.336      1.25922      944.416      -2849.37      -1904.95      1.20118      197.013
409      27.403      1.25271      939.535      -2844.47      -1904.94      1.19822      197.01
410      27.47      1.24704      935.282      -2840.21      -1904.93      1.19529      197.008
411      27.537      1.24237      931.775      -2836.71      -1904.93      1.19238      197.008
412      27.604      1.2387      929.022      -2833.96      -1904.94      1.1895      197.009
413      27.671      1.23597      926.975      -2831.92      -1904.94      1.18663      197.012
414      27.738      1.2341      925.577      -2830.52      -1904.94      1.18379      197.015
415      27.805      1.23304      924.783      -2829.72      -1904.94      1.18096      197.02
416      27.872      1.23274      924.557      -2829.5      -1904.94      1.17816      197.025
417      27.939      1.23311      924.832      -2829.78      -1904.95      1.17537      197.032
418      28.006      1.23398      925.482      -2830.44      -1904.96      1.1726      197.038
419      28.073      1.2351      926.321      -2831.29      -1904.97      1.16984      197.045
420      28.14      1.23618      927.133      -2832.12      -1904.99      1.1671      197.053
421      28.207      1.23693      927.701      -2832.7      -1905      1.16437      197.06
422      28.274      1.23713      927.849      -2832.85      -1905      1.16165      197.067
423      28.341      1.23663      927.474      -2832.48      -1905.01      1.15894      197.073
424      28.408      1.23542      926.566      -2831.57      -1905      1.15624      197.078
425      28.475      1.23363      925.224      -2830.21      -1904.99      1.15354      197.083
426      28.542      1.23155      923.66      -2828.63      -1904.97      1.15086      197.086
427      28.609      1.2296      922.199      -2827.15      -1904.95      1.14817      197.089
428      28.676      1.22834      921.257      -2826.18      -1904.92      1.1455      197.09
429      28.743      1.22837      921.276      -2826.18      -1904.9      1.14282      197.089
430      28.81      1.23017      922.627      -2827.51      -1904.89      1.14016      197.087
431      28.877      1.23403      925.521      -2830.41      -1904.89      1.13749      197.084
432      28.944      1.23995      929.959      -2834.86      -1904.9      1.13483      197.079
433      29.011      1.24766      935.743      -2840.66      -1904.92      1.13218      197.073
434      29.078      1.25673      942.547      -2847.49      -1904.94      1.12953      197.066
435      29.145      1.26666      949.993      -2854.96      -1904.96      1.12688      197.058
436      29.212      1.27694      957.704      -2862.69      -1904.98      1.12425      197.049
437      29.279      1.2871      965.323      -2870.32      -1905      1.12162      197.04
438      29.346      1.29668      972.507      -2877.52      -1905.02      1.11901      197.03
439      29.413      1.30524      978.927      -2883.96      -1905.03      1.1164      197.02
440      29.48      1.31236      984.273      -2889.32      -1905.05      1.11381      197.011
441      29.547      1.31769      988.268      -2893.33      -1905.06      1.11123      197.001
442      29.614      1.32093      990.699      -2895.77      -1905.07      1.10866      196.992
443      29.681      1.32194      991.453      -2896.53      -1905.07      1.10611      196.983
444      29.748      1.32073      990.549      -2895.61      -1905.07      1.10358      196.975
445      29.815      1.31755      988.159      -2893.21      -1905.05      1.10106      196.968
446      29.882      1.31282      984.615      -2889.64      -1905.02      1.09855      196.961
447      29.949      1.30719      980.393      -2885.38      -1904.99      1.09605      196.954
448      30.016      1.30143      976.072      -2881.03      -1904.95      1.09358      196.949
449      30.083      1.29633      972.249      -2877.17      -1904.92      1.09111      196.943
450      30.15      1.29261      969.458      -2874.36      -1904.9      1.08866      196.938
451      30.217      1.29078      968.084      -2872.97      -1904.89      1.08621      196.933
452      30.284      1.29106      968.292      -2873.19      -1904.9      1.08378      196.928
453      30.351      1.29334      970.005      -2874.92      -1904.92      1.08137      196.923
454      30.418      1.29721      972.909      -2877.86      -1904.95      1.07896      196.918
455      30.485      1.30204      976.528      -2881.51      -1904.98      1.07656      196.914
456      30.552      1.30711      980.335      -2885.34      -1905.01      1.07418      196.91
457      30.619      1.31186      983.892      -2888.91      -1905.02      1.0718      196.905
458      30.686      1.31591      986.931      -2891.95      -1905.02      1.06944      196.902
459      30.753      1.31918      989.382      -2894.39      -1905.01      1.0671      196.898
460      30.82      1.32177      991.327      -2896.33      -1905      1.06476      196.895
461      30.887      1.32389      992.916      -2897.91      -1904.99      1.06244      196.893
462      30.954      1.32569      994.271      -2899.26      -1904.99      1.06013      196.891
463      31.021      1.32724      995.433      -2900.42      -1904.99      1.05783      196.889
464      31.088      1.32845      996.34      -2901.34      -1905      1.05554      196.888
465      31.155      1.32916      996.873      -2901.88      -1905.01      1.05326      196.886
466      31.222      1.32926      996.943      -2901.95      -1905      1.051      196.885
467      31.289      1.32875      996.563      -2901.56      -1904.99      1.04874      196.884
468      31.356      1.32786      995.894      -2900.87      -1904.97      1.04649      196.883
469      31.423      1.32696      995.222      -2900.17      -1904.95      1.04426      196.882
470      31.49      1.32651      994.882      -2899.81      -1904.93      1.04203      196.881
471      31.557      1.32688      995.163      -2900.08      -1904.92      1.03981      196.879
472      31.624      1.32828      996.207      -2901.12      -1904.92      1.0376      196.878
473      31.691      1.33062      997.967      -2902.9      -1904.93      1.03539      196.876
474      31.758      1.33361      1000.21      -2905.16      -1904.95      1.0332      196.874
475      31.825      1.33671      1002.54      -2907.52      -1904.99      1.03102      196.873
476      31.892      1.33925      1004.44      -2909.46      -1905.02      1.02885      196.872
477      31.959      1.34048      1005.36      -2910.42      -1905.06      1.02669      196.871
478      32.026      1.33966      1004.75      -2909.84      -1905.09      1.02453      196.871
479      32.093      1.3362      1002.15      -2907.26      -1905.11      1.0224      196.87
480      32.16      1.32972      997.289      -2902.41      -1905.12      1.02027      196.871
481      32.227      1.32016      990.117      -2895.23      -1905.11      1.01815      196.871
482      32.294      1.30782      980.868      -2885.95      -1905.08      1.01604      196.872
483      32.361      1.29338      970.038      -2875.08      -1905.04      1.01394      196.873
484      32.428      1.2778      958.349      -2863.34      -1904.99      1.01186      196.875
485      32.495      1.2622      946.647      -2851.58      -1904.94      1.00978      196.876
486      32.562      1.24771      935.78      -2840.67      -1904.9      1.00771      196.878
487      32.629      1.23531      926.479      -2831.35      -1904.87      1.00565      196.88
488      32.696      1.2257      919.272      -2824.12      -1904.85      1.0036      196.882
489      32.763      1.21926      914.442      -2819.29      -1904.85      1.00156      196.884
490      32.83      1.21604      912.026      -2816.89      -1904.86      0.999523      196.886
491      32.897      1.21581      911.854      -2816.74      -1904.89      0.9975      196.889
492      32.964      1.21811      913.581      -2818.5      -1904.92      0.995486      196.891
493      33.031      1.22232      916.74      -2821.69      -1904.95      0.993482      196.894
494      33.098      1.22774      920.806      -2825.79      -1904.98      0.991488      196.898
495      33.165      1.23369      925.266      -2830.28      -1905.01      0.989504      196.901
496      33.232      1.23956      929.671      -2834.7      -1905.03      0.987529      196.905
497      33.299      1.24488      933.659      -2838.71      -1905.05      0.985563      196.91
498      33.366      1.24927      936.95      -2842.01      -1905.06      0.983607      196.914
499      33.433      1.25241      939.308      -2844.38      -1905.07      0.98166      196.919
500      33.5      1.25403      940.521      -2845.61      -1905.08      0.979722      196.924
501      33.567      1.2539      940.422      -2845.51      -1905.09      0.977792      196.929
502      33.634      1.25193      938.948      -2844.03      -1905.08      0.97587      196.934
503      33.701      1.24829      936.221      -2841.28      -1905.06      0.973957      196.94
504      33.768      1.24344      932.578      -2837.61      -1905.03      0.972051      196.945
505      33.835      1.23801      928.508      -2833.5      -1904.99      0.970154      196.951
506      33.902      1.23271      924.533      -2829.5      -1904.97      0.968264      196.956
507      33.969      1.22812      921.088      -2826.04      -1904.95      0.966382      196.962
508      34.036      1.22462      918.467      -2823.41      -1904.94      0.964508      196.968
509      34.103      1.22245      916.836      -2821.77      -1904.93      0.962642      196.974
510      34.17      1.22172      916.291      -2821.22      -1904.93      0.960784      196.98
511      34.237      1.22253      916.895      -2821.82      -1904.93      0.958933      196.986
512      34.304      1.22492      918.691      -2823.62      -1904.92      0.95709      196.992
513      34.371      1.22893      921.694      -2826.62      -1904.92      0.955255      196.998
514      34.438      1.23447      925.856      -2830.79      -1904.93      0.953427      197.005
515      34.505      1.24138      931.038      -2835.98      -1904.95      0.951606      197.011
516      34.572      1.24932      936.991      -2841.96      -1904.97      0.949792      197.017
517      34.639      1.2578      943.353      -2848.34      -1904.99      0.947984      197.023
518      34.706      1.26625      949.687      -2854.7      -1905.02      0.946182      197.029
519      34.773      1.27404      955.53      -2860.57      -1905.04      0.944386      197.035
520      34.84      1.2806      960.451      -2865.51      -1905.06      0.942596      197.04
521      34.907      1.28549      964.117      -2869.19      -1905.07      0.940812      197.046
522      34.974      1.28846      966.349      -2871.42      -1905.07      0.939033      197.051
523      35.041      1.28953      967.148      -2872.21      -1905.06      0.937261      197.055
524      35.108      1.28894      966.705      -2871.74      -1905.04      0.935493      197.06
525      35.175      1.28715      965.36      -2870.37      -1905.01      0.933732      197.064
526      35.242      1.2847      963.526      -2868.51      -1904.98      0.931977      197.068
527      35.309      1.28213      961.601      -2866.56      -1904.96      0.930228      197.072
528      35.376      1.27983      959.871      -2864.83      -1904.96      0.928485      197.077
529      35.443      1.27796      958.469      -2863.43      -1904.96      0.926749      197.081
530      35.51      1.27651      957.379      -2862.35      -1904.97      0.925019      197.085
531      35.577      1.2753      956.478      -2861.47      -1904.99      0.923296      197.089
532      35.644      1.27416      955.617      -2860.62      -1905      0.92158      197.093
533      35.711      1.27294      954.704      -2859.7      -1905      0.91987      197.097
534      35.778      1.27168      953.757      -2858.75      -1904.99      0.918167      197.101
535      35.845      1.27056      952.918      -2857.89      -1904.98      0.916471      197.105
536      35.912      1.26988      952.409      -2857.37      -1904.96      0.914781      197.11
537      35.979      1.26995      952.459      -2857.41      -1904.95      0.913097      197.114
538      36.046      1.27095      953.214      -2858.16      -1904.95      0.911419      197.118
539      36.113      1.27291      954.684      -2859.64      -1904.96      0.909747      197.122
540      36.18      1.27566      956.748      -2861.72      -1904.97      0.908082      197.126
541      36.247      1.27894      959.204      -2864.19      -1904.98      0.906422      197.131
542      36.314      1.28244      961.833      -2866.82      -1904.99      0.904769      197.135
543      36.381      1.28594      964.453      -2869.45      -1905      0.903121      197.139
544      36.448      1.28925      966.934      -2871.93      -1905      0.90148      197.143
545      36.515      1.29224      969.182      -2874.18      -1905      0.899845      197.147
546      36.582      1.29482      971.116      -2876.12      -1905.01      0.898216      197.151
547      36.649      1.29688      972.659      -2877.67      -1905.01      0.896594      197.156
548      36.716      1.29834      973.758      -2878.77      -1905.01      0.894977      197.16
549      36.783      1.29919      974.393      -2879.41      -1905.01      0.893367      197.164
550      36.85      1.29944      974.581      -2879.59      -1905.01      0.891763      197.169
551      36.917      1.29916      974.372      -2879.38      -1905.01      0.890164      197.173
552      36.984      1.29841      973.806      -2878.82      -1905.01      0.888571      197.177
553      37.051      1.29722      972.913      -2877.93      -1905.01      0.886982      197.181
554      37.118      1.29562      971.713      -2876.73      -1905.02      0.885399      197.185
555      37.185      1.29364      970.227      -2875.24      -1905.01      0.883819      197.189
556      37.252      1.29133      968.499      -2873.51      -1905.01      0.882244      197.192
557      37.319      1.2888      966.596      -2871.61      -1905.01      0.880673      197.195
558      37.386      1.28611      964.58      -2869.59      -1905.01      0.879107      197.198
559      37.453      1.28335      962.511      -2867.51      -1905      0.877544      197.2
560      37.52      1.2806      960.448      -2865.45      -1905      0.875986      197.202
561      37.587      1.27798      958.483      -2863.47      -1904.99      0.874433      197.204
562      37.654      1.2757      956.778      -2861.75      -1904.98      0.872886      197.206
563      37.721      1.27412      955.591      -2860.54      -1904.95      0.871344      197.208
564      37.788      1.27369      955.264      -2860.19      -1904.93      0.869808      197.21
565      37.855      1.27488      956.157      -2861.07      -1904.91      0.868279      197.212
566      37.922      1.27806      958.549      -2863.45      -1904.9      0.866757      197.215
567      37.989      1.28338      962.537      -2867.45      -1904.91      0.865242      197.218
568      38.056      1.29065      967.987      -2872.92      -1904.93      0.863734      197.221
569      38.123      1.2994      974.553      -2879.52      -1904.96      0.862233      197.225
570      38.19      1.309      981.752      -2886.75      -1905      0.860739      197.23
571      38.257      1.31872      989.041      -2894.07      -1905.03      0.859253      197.235
572      38.324      1.32783      995.869      -2900.93      -1905.07      0.857772      197.24
573      38.391      1.33562      1001.71      -2906.81      -1905.1      0.856298      197.245
574      38.458      1.34148      1006.11      -2911.23      -1905.12      0.85483      197.25
575      38.525      1.34499      1008.74      -2913.87      -1905.13      0.853366      197.256
576      38.592      1.34594      1009.45      -2914.58      -1905.13      0.851906      197.26
577      38.659      1.34436      1008.27      -2913.39      -1905.12      0.850449      197.265
578      38.726      1.34041      1005.31      -2910.42      -1905.11      0.848994      197.269
579      38.793      1.33431      1000.73      -2905.84      -1905.11      0.847541      197.272
580      38.86      1.32622      994.665      -2899.77      -1905.1      0.846089      197.274
581      38.927      1.31642      987.314      -2892.39      -1905.08      0.844638      197.275
582      38.994      1.3054      979.053      -2884.09      -1905.04      0.843187      197.275
583      39.061      1.29404      970.533      -2875.51      -1904.98      0.841737      197.275
584      39.128      1.28351      962.634      -2867.55      -1904.92      0.840288      197.273
585      39.195      1.27504      956.281      -2861.15      -1904.87      0.838839      197.27
586      39.262      1.2696      952.201      -2857.04      -1904.84      0.83739      197.266
587      39.329      1.26764      950.728      -2855.58      -1904.85      0.835943      197.261
588      39.396      1.26896      951.717      -2856.6      -1904.88      0.834496      197.255
589      39.463      1.27281      954.607      -2859.54      -1904.94      0.83305      197.248
590      39.53      1.2781      958.577      -2863.57      -1904.99      0.831606      197.24
591      39.597      1.28364      962.73      -2867.77      -1905.04      0.830163      197.232
592      39.664      1.28834      966.257      -2871.33      -1905.08      0.828723      197.223
593      39.731      1.29141      968.558      -2873.65      -1905.09      0.827284      197.213
594      39.798      1.2924      969.298      -2874.39      -1905.09      0.825848      197.203
595      39.865      1.29122      968.415      -2873.49      -1905.08      0.824415      197.192
596      39.932      1.28812      966.093      -2871.15      -1905.05      0.822984      197.18
597      39.999      1.28358      962.683      -2867.71      -1905.02      0.821555      197.168
598      40.066      1.27817      958.625      -2863.62      -1904.99      0.82013      197.156
599      40.133      1.27248      954.359      -2859.33      -1904.97      0.818706      197.143
600      40.2      1.26701      950.257      -2855.21      -1904.96      0.817286      197.129
601      40.267      1.26209      946.565      -2851.52      -1904.95      0.815868      197.115
602      40.334      1.25783      943.374      -2848.33      -1904.96      0.814453      197.101
603      40.401      1.25418      940.635      -2845.6      -1904.97      0.81304      197.086
604      40.468      1.25093      938.194      -2843.18      -1904.98      0.81163      197.07
605      40.535      1.2478      935.852      -2840.85      -1905      0.810224      197.054
606      40.602      1.24457      933.424      -2838.43      -1905.01      0.80882      197.038
607      40.669      1.24106      930.791      -2835.8      -1905.01      0.807419      197.022
608      40.736      1.23724      927.931      -2832.94      -1905.01      0.806022      197.005
609      40.803      1.23321      924.906      -2829.9      -1905      0.804628      196.987
610      40.87      1.22915      921.86      -2826.85      -1904.99      0.803238      196.97
611      40.937      1.22533      919      -2823.97      -1904.97      0.801852      196.952
612      41.004      1.22211      916.586      -2821.54      -1904.95      0.80047      196.935
613      41.071      1.21985      914.891      -2819.83      -1904.94      0.799092      196.917
614      41.138      1.21886      914.148      -2819.08      -1904.93      0.797719      196.899
615      41.205      1.21934      914.501      -2819.43      -1904.93      0.796352      196.882
616      41.272      1.2213      915.977      -2820.92      -1904.94      0.79499      196.865
617      41.339      1.22462      918.467      -2823.42      -1904.95      0.793634      196.848
618      41.406      1.22901      921.756      -2826.73      -1904.97      0.792285      196.832
619      41.473      1.23407      925.549      -2830.55      -1905      0.790942      196.816
620      41.54      1.23939      929.54      -2834.56      -1905.02      0.789605      196.801
621      41.607      1.24461      933.456      -2838.48      -1905.03      0.788276      196.787
622      41.674      1.24947      937.106      -2842.14      -1905.03      0.786955      196.773
623      41.741      1.25388      940.409      -2845.44      -1905.03      0.785641      196.761
624      41.808      1.25782      943.363      -2848.39      -1905.03      0.784334      196.749
625      41.875      1.26134      946.008      -2851.03      -1905.02      0.783034      196.737
626      41.942      1.26451      948.382      -2853.4      -1905.02      0.781741      196.727
627      42.009      1.26732      950.493      -2855.51      -1905.02      0.780455      196.717
628      42.076      1.26973      952.295      -2857.32      -1905.02      0.779175      196.707
629      42.143      1.27158      953.689      -2858.72      -1905.03      0.777901      196.699
630      42.21      1.27273      954.549      -2859.58      -1905.03      0.776633      196.69
631      42.277      1.27301      954.759      -2859.8      -1905.04      0.775369      196.682
632      42.344      1.27233      954.247      -2859.28      -1905.03      0.77411      196.673
633      42.411      1.27068      953.011      -2858.04      -1905.03      0.772855      196.665
634      42.478      1.26818      951.133      -2856.15      -1905.02      0.771604      196.657
635      42.545      1.26503      948.774      -2853.77      -1905      0.770356      196.649
636      42.612      1.26155      946.161      -2851.14      -1904.98      0.769112      196.64
637      42.679      1.25809      943.571      -2848.53      -1904.96      0.767871      196.632
638      42.746      1.25507      941.305      -2846.25      -1904.94      0.766633      196.623
639      42.813      1.25285      939.635      -2844.56      -1904.93      0.765398      196.614
640      42.88      1.25168      938.764      -2843.69      -1904.92      0.764167      196.605
641      42.947      1.25171      938.782      -2843.71      -1904.93      0.762939      196.596
642      43.014      1.25286      939.646      -2844.58      -1904.94      0.761714      196.586
643      43.081      1.25492      941.193      -2846.14      -1904.95      0.760493      196.577
644      43.148      1.25757      943.178      -2848.15      -1904.97      0.759276      196.567
645      43.215      1.26044      945.331      -2850.32      -1904.99      0.758062      196.558
646      43.282      1.26319      947.39      -2852.39      -1905      0.756853      196.549
647      43.349      1.2655      949.124      -2854.14      -1905.01      0.755647      196.539
648      43.416      1.26713      950.349      -2855.37      -1905.02      0.754446      196.53
649      43.483      1.26791      950.936      -2855.96      -1905.02      0.753248      196.521
650      43.55      1.26778      950.836      -2855.86      -1905.02      0.752054      196.512
651      43.617      1.26678      950.082      -2855.1      -1905.02      0.750864      196.503
652      43.684      1.26503      948.775      -2853.78      -1905.01      0.749678      196.494
653      43.751      1.26275      947.061      -2852.06      -1905      0.748496      196.485
654      43.818      1.26011      945.081      -2850.08      -1905      0.747318      196.476
655      43.885      1.25725      942.934      -2847.93      -1905      0.746144      196.467
656      43.952      1.25422      940.668      -2845.67      -1905      0.744975      196.459
657      44.019      1.25109      938.315      -2843.31      -1904.99      0.743811      196.451
658      44.086      1.24793      935.949      -2840.94      -1904.99      0.742651      196.443
659      44.153      1.24499      933.743      -2838.71      -1904.97      0.741497      196.436
660      44.22      1.24263      931.976      -2836.92      -1904.95      0.740347      196.429
661      44.287      1.24133      930.996      -2835.92      -1904.92      0.739203      196.423
662      44.354      1.24152      931.141      -2836.05      -1904.91      0.738065      196.417
663      44.421      1.24353      932.649      -2837.55      -1904.9      0.736932      196.412
664      44.488      1.24744      935.581      -2840.49      -1904.91      0.735805      196.407
665      44.555      1.25307      939.804      -2844.73      -1904.93      0.734684      196.403
666      44.622      1.26004      945.03      -2849.98      -1904.95      0.733569      196.4
667      44.689      1.26785      950.89      -2855.86      -1904.97      0.73246      196.397
668      44.756      1.27599      956.993      -2861.99      -1905      0.731357      196.396
669      44.823      1.28397      962.978      -2867.99      -1905.01      0.730261      196.395
670      44.89      1.29138      968.534      -2873.56      -1905.03      0.729171      196.395
671      44.957      1.29784      973.383      -2878.43      -1905.04      0.728088      196.396
672      45.024      1.30303      977.269      -2882.33      -1905.06      0.727012      196.398
673      45.091      1.30663      979.975      -2885.04      -1905.07      0.725942      196.401
674      45.158      1.30849      981.365      -2886.43      -1905.06      0.724881      196.405
675      45.225      1.30858      981.437      -2886.49      -1905.05      0.723826      196.41
676      45.292      1.30712      980.338      -2885.37      -1905.03      0.72278      196.417
677      45.359      1.30444      978.331      -2883.34      -1905.01      0.721741      196.425
678      45.426      1.30098      975.734      -2880.73      -1904.99      0.72071      196.434
679      45.493      1.29712      972.838      -2877.82      -1904.98      0.719688      196.445
680      45.56      1.29314      969.854      -2874.83      -1904.97      0.718674      196.457
681      45.627      1.28918      966.882      -2871.86      -1904.97      0.717668      196.47
682      45.694      1.28523      963.92      -2868.9      -1904.98      0.71667      196.485
683      45.761      1.2812      960.902      -2865.89      -1904.99      0.71568      196.501
684      45.828      1.27699      957.743      -2862.74      -1905      0.714698      196.519
685      45.895      1.27253      954.397      -2859.39      -1905      0.713723      196.538
686      45.962      1.26785      950.889      -2855.88      -1904.99      0.712756      196.558
687      46.029      1.26311      947.335      -2852.32      -1904.98      0.711796      196.58
688      46.096      1.25858      943.933      -2848.9      -1904.97      0.710842      196.602
689      46.163      1.25458      940.936      -2845.89      -1904.95      0.709895      196.625
690      46.23      1.25148      938.611      -2843.55      -1904.94      0.708953      196.649
691      46.297      1.24961      937.205      -2842.13      -1904.93      0.708017      196.674
692      46.364      1.24919      936.892      -2841.82      -1904.93      0.707085      196.7
693      46.431      1.25031      937.733      -2842.67      -1904.93      0.706157      196.725
694      46.498      1.25288      939.663      -2844.61      -1904.94      0.705233      196.751
695      46.565      1.25668      942.509      -2847.47      -1904.96      0.704311      196.778
696      46.632      1.26137      946.029      -2851      -1904.97      0.703393      196.804
697      46.699      1.26663      949.971      -2854.95      -1904.98      0.702476      196.83
698      46.766      1.27213      954.101      -2859.09      -1904.99      0.701562      196.855
699      46.833      1.27761      958.208      -2863.21      -1905      0.700649      196.881
700      46.9      1.28279      962.09      -2867.1      -1905.01      0.699737      196.906
701      46.967      1.28739      965.544      -2870.56      -1905.02      0.698826      196.931
702      47.034      1.29117      968.377      -2873.41      -1905.03      0.697916      196.955
703      47.101      1.29391      970.43      -2875.46      -1905.03      0.697007      196.978
704      47.168      1.29547      971.6      -2876.63      -1905.03      0.696099      197.002
705      47.235      1.29579      971.843      -2876.87      -1905.03      0.695192      197.024
706      47.302      1.29491      971.185      -2876.21      -1905.03      0.694286      197.047
707      47.369      1.29296      969.717      -2874.73      -1905.02      0.693382      197.069
708      47.436      1.29012      967.59      -2872.59      -1905      0.692478      197.09
709      47.503      1.2867      965.027      -2870.01      -1904.99      0.691576      197.112
710      47.57      1.2831      962.322      -2867.29      -1904.97      0.690676      197.133
711      47.637      1.27974      959.802      -2864.75      -1904.94      0.689777      197.154
712      47.704      1.27706      957.792      -2862.72      -1904.93      0.688881      197.174
713      47.771      1.27541      956.56      -2861.48      -1904.92      0.687986      197.195
714      47.838      1.27505      956.29      -2861.2      -1904.91      0.687093      197.215
715      47.905      1.27609      957.068      -2861.98      -1904.91      0.686203      197.235
716      47.972      1.2785      958.875      -2863.79      -1904.92      0.685315      197.255
717      48.039      1.28211      961.58      -2866.52      -1904.94      0.684429      197.276
718      48.106      1.28659      964.939      -2869.9      -1904.96      0.683545      197.296
719      48.173      1.29147      968.604      -2873.59      -1904.98      0.682663      197.316
720      48.24      1.29621      972.159      -2877.17      -1905.01      0.681784      197.335
721      48.307      1.30027      975.199      -2880.23      -1905.03      0.680905      197.355
722      48.374      1.30323      977.425      -2882.46      -1905.03      0.680029      197.374
723      48.441      1.30493      978.698      -2883.73      -1905.03      0.679153      197.393
724      48.508      1.30538      979.034      -2884.06      -1905.03      0.678278      197.411
725      48.575      1.30473      978.546      -2883.56      -1905.02      0.677402      197.429
726      48.642      1.30315      977.365      -2882.38      -1905.01      0.676527      197.446
727      48.709      1.30075      975.565      -2880.58      -1905.01      0.675651      197.462
728      48.776      1.29752      973.141      -2878.16      -1905.02      0.674774      197.477
729      48.843      1.29335      970.013      -2875.04      -1905.03      0.673896      197.49
730      48.91      1.28808      966.06      -2871.1      -1905.04      0.673016      197.503
731      48.977      1.28157      961.178      -2866.23      -1905.05      0.672136      197.515
732      49.044      1.27377      955.33      -2860.38      -1905.05      0.671255      197.526
733      49.111      1.26478      948.587      -2853.63      -1905.04      0.670372      197.536
734      49.178      1.25486      941.144      -2846.17      -1905.03      0.669488      197.545
735      49.245      1.24446      933.348      -2838.35      -1905      0.668604      197.552
736      49.312      1.23427      925.701      -2830.67      -1904.97      0.667718      197.559
737      49.379      1.22513      918.846      -2823.77      -1904.93      0.666832      197.565
738      49.446      1.21802      913.519      -2818.4      -1904.89      0.665945      197.57
739      49.513      1.21392      910.438      -2815.29      -1904.85      0.665058      197.574
740      49.58      1.2135      910.124      -2814.97      -1904.85      0.664171      197.578
741      49.647      1.21693      912.699      -2817.57      -1904.87      0.663285      197.581
742      49.714      1.22372      917.787      -2822.71      -1904.92      0.662398      197.583
743      49.781      1.23281      924.604      -2829.59      -1904.98      0.661513      197.585
744      49.848      1.24291      932.179      -2837.22      -1905.04      0.660629      197.586
745      49.915      1.2528      939.601      -2844.68      -1905.08      0.659746      197.587
746      49.982      1.26157      946.177      -2851.28      -1905.1      0.658864      197.588
747      50.049      1.26869      951.518      -2856.62      -1905.1      0.657983      197.588
748      50.116      1.27404      955.533      -2860.62      -1905.09      0.657104      197.589
749      50.183      1.27784      958.381      -2863.44      -1905.06      0.656227      197.589
750      50.25      1.28054      960.405      -2865.43      -1905.03      0.655352      197.589
751      50.317      1.28271      962.029      -2867.03      -1905      0.654479      197.588
752      50.384      1.28485      963.638      -2868.62      -1904.98      0.653608      197.588
753      50.451      1.28727      965.455      -2870.44      -1904.98      0.652739      197.588
754      50.518      1.29001      967.509      -2872.5      -1904.99      0.651873      197.588
755      50.585      1.29288      969.659      -2874.66      -1905      0.651009      197.588
756      50.652      1.29556      971.671      -2876.69      -1905.02      0.650148      197.588
757      50.719      1.29773      973.297      -2878.33      -1905.03      0.649291      197.588
758      50.786      1.29911      974.335      -2879.37      -1905.04      0.648436      197.589
759      50.853      1.29952      974.643      -2879.68      -1905.04      0.647585      197.59
760      50.92      1.29883      974.121      -2879.17      -1905.04      0.646737      197.591
761      50.987      1.29694      972.704      -2877.75      -1905.05      0.645893      197.593
762      51.054      1.29376      970.321      -2875.37      -1905.05      0.645052      197.595
763      51.121      1.28919      966.891      -2871.95      -1905.06      0.644214      197.597
764      51.188      1.2831      962.328      -2867.4      -1905.07      0.64338      197.6
765      51.255      1.27543      956.576      -2861.64      -1905.07      0.642549      197.603
766      51.322      1.26622      949.664      -2854.73      -1905.06      0.64172      197.606
767      51.389      1.25569      941.769      -2846.81      -1905.04      0.640893      197.609
768      51.456      1.24434      933.251      -2838.26      -1905.01      0.640069      197.612
769      51.523      1.23286      924.649      -2829.62      -1904.97      0.639245      197.615
770      51.59      1.22217      916.625      -2821.55      -1904.93      0.638423      197.617
771      51.657      1.21319      909.891      -2814.78      -1904.89      0.637601      197.619
772      51.724      1.20679      905.09      -2809.95      -1904.86      0.636779      197.621
773      51.791      1.20358      902.686      -2807.53      -1904.85      0.635958      197.621
774      51.858      1.20385      902.886      -2807.74      -1904.85      0.635136      197.621
775      51.925      1.2075      905.628      -2810.5      -1904.87      0.634314      197.62
776      51.992      1.21417      910.631      -2815.53      -1904.9      0.633492      197.619
777      52.059      1.22329      917.465      -2822.4      -1904.93      0.632669      197.617
778      52.126      1.23414      925.608      -2830.57      -1904.97      0.631847      197.614
779      52.193      1.24598      934.482      -2839.48      -1905      0.631026      197.611
780      52.26      1.25799      943.49      -2848.52      -1905.04      0.630205      197.607
781      52.327      1.26942      952.062      -2857.12      -1905.06      0.629386      197.603
782      52.394      1.27962      959.713      -2864.8      -1905.08      0.628569      197.599
783      52.461      1.28813      966.099      -2871.19      -1905.09      0.627753      197.595
784      52.528      1.29474      971.056      -2876.14      -1905.09      0.62694      197.591
785      52.595      1.29946      974.598      -2879.68      -1905.08      0.62613      197.588
786      52.662      1.3025      976.875      -2881.94      -1905.06      0.625322      197.584
787      52.729      1.30416      978.124      -2883.17      -1905.05      0.624518      197.581
788      52.796      1.30483      978.619      -2883.65      -1905.03      0.623718      197.579
789      52.863      1.30488      978.661      -2883.67      -1905.01      0.622921      197.577
790      52.93      1.30474      978.555      -2883.55      -1904.99      0.622127      197.575
791      52.997      1.30482      978.613      -2883.59      -1904.97      0.621338      197.574
792      53.064      1.30552      979.141      -2884.1      -1904.96      0.620553      197.574
793      53.131      1.30724      980.431      -2885.37      -1904.94      0.619771      197.574
794      53.198      1.31028      982.713      -2887.65      -1904.93      0.618993      197.575
795      53.265      1.31481      986.111      -2891.05      -1904.94      0.618218      197.576
796      53.332      1.32077      990.575      -2895.53      -1904.95      0.617446      197.578
797      53.399      1.32775      995.815      -2900.8      -1904.98      0.616677      197.58
798      53.466      1.3351      1001.32      -2906.35      -1905.02      0.615911      197.582
799      53.533      1.34193      1006.44      -2911.51      -1905.07      0.615147      197.584
800      53.6      1.34735      1010.51      -2915.61      -1905.1      0.614385      197.586
801      53.667      1.35062      1012.97      -2918.09      -1905.12      0.613623      197.588
802      53.734      1.35131      1013.48      -2918.61      -1905.12      0.612863      197.59
803      53.801      1.34928      1011.96      -2917.07      -1905.11      0.612104      197.591
804      53.868      1.3447      1008.52      -2913.62      -1905.09      0.611344      197.591
805      53.935      1.33792      1003.44      -2908.51      -1905.07      0.610585      197.591
806      54.002      1.32941      997.06      -2902.11      -1905.05      0.609826      197.591
807      54.069      1.31967      989.753      -2894.78      -1905.03      0.609067      197.59
808      54.136      1.30921      981.909      -2886.91      -1905      0.608308      197.588
809      54.203      1.29857      973.927      -2878.91      -1904.98      0.607549      197.586
810      54.27      1.28824      966.177      -2871.14      -1904.96      0.60679      197.583
811      54.337      1.27859      958.946      -2863.9      -1904.95      0.606032      197.58
812      54.404      1.26984      952.383      -2857.34      -1904.96      0.605274      197.576
813      54.471      1.26198      946.485      -2851.45      -1904.97      0.604516      197.572
814      54.538      1.25486      941.145      -2846.13      -1904.98      0.603759      197.567
815      54.605      1.24831      936.233      -2841.22      -1904.99      0.603002      197.561
816      54.672      1.24224      931.677      -2836.66      -1904.99      0.602245      197.555
817      54.739      1.23671      927.536      -2832.51      -1904.98      0.601487      197.549
818      54.806      1.23203      924.024      -2828.98      -1904.96      0.60073      197.542
819      54.873      1.22867      921.5      -2826.43      -1904.93      0.599972      197.533
820      54.94      1.22719      920.391      -2825.3      -1904.9      0.599212      197.524
821      55.007      1.22811      921.084      -2825.97      -1904.89      0.598452      197.514
822      55.074      1.23172      923.791      -2828.69      -1904.9      0.597691      197.503
823      55.141      1.23794      928.454      -2833.37      -1904.92      0.596927      197.491
824      55.208      1.2463      934.726      -2839.68      -1904.96      0.596163      197.478
825      55.275      1.25605      942.04      -2847.04      -1905      0.595397      197.463
826      55.342      1.2663      949.728      -2854.77      -1905.04      0.59463      197.448
827      55.409      1.27619      957.146      -2862.22      -1905.07      0.593862      197.432
828      55.476      1.28502      963.766      -2868.86      -1905.09      0.593094      197.415
829      55.543      1.29233      969.249      -2874.34      -1905.09      0.592326      197.397
830      55.61      1.29795      973.462      -2878.55      -1905.08      0.591558      197.379
831      55.677      1.30193      976.449      -2881.52      -1905.07      0.590792      197.361
832      55.744      1.30446      978.347      -2883.41      -1905.06      0.590028      197.343
833      55.811      1.30574      979.306      -2884.36      -1905.05      0.589265      197.325
834      55.878      1.30594      979.453      -2884.49      -1905.04      0.588504      197.306
835      55.945      1.30521      978.908      -2883.94      -1905.03      0.587744      197.288
836      56.012      1.30375      977.81      -2882.83      -1905.02      0.586987      197.27
837      56.079      1.30179      976.344      -2881.35      -1905      0.586231      197.252
838      56.146      1.29966      974.747      -2879.73      -1904.98      0.585478      197.233
839      56.213      1.29771      973.279      -2878.25      -1904.97      0.584725      197.215
840      56.28      1.29623      972.17      -2877.13      -1904.96      0.583975      197.197
841      56.347      1.29542      971.563      -2876.52      -1904.96      0.583225      197.178
842      56.414      1.29528      971.462      -2876.43      -1904.97      0.582477      197.159
843      56.481      1.29561      971.711      -2876.7      -1904.99      0.581731      197.14
844      56.548      1.29604      972.033      -2877.05      -1905.01      0.580986      197.121
845      56.615      1.29615      972.113      -2877.15      -1905.03      0.580242      197.102
846      56.682      1.2956      971.697      -2876.74      -1905.04      0.5795      197.083
847      56.749      1.29423      970.673      -2875.71      -1905.03      0.57876      197.064
848      56.816      1.29214      969.102      -2874.12      -1905.02      0.578022      197.045
849      56.883      1.2896      967.2      -2872.19      -1904.99      0.577285      197.026
850      56.95      1.28704      965.278      -2870.25      -1904.97      0.576552      197.008
851      57.017      1.28493      963.696      -2868.64      -1904.95      0.575821      196.989
852      57.084      1.28376      962.817      -2867.74      -1904.92      0.575093      196.972
853      57.151      1.28396      962.97      -2867.87      -1904.9      0.574367      196.954
854      57.218      1.28586      964.397      -2869.29      -1904.89      0.573646      196.937
855      57.285      1.28961      967.208      -2872.11      -1904.9      0.572927      196.921
856      57.352      1.2951      971.325      -2876.24      -1904.91      0.572212      196.905
857      57.419      1.30195      976.462      -2881.4      -1904.94      0.571501      196.89
858      57.486      1.30953      982.145      -2887.12      -1904.98      0.570793      196.876
859      57.553      1.31704      987.78      -2892.8      -1905.02      0.570089      196.862
860      57.62      1.32366      992.742      -2897.79      -1905.05      0.569389      196.849
861      57.687      1.32864      996.481      -2901.56      -1905.08      0.568693      196.837
862      57.754      1.33146      998.594      -2903.68      -1905.09      0.568001      196.826
863      57.821      1.33183      998.875      -2903.97      -1905.09      0.567314      196.816
864      57.888      1.32976      997.322      -2902.4      -1905.08      0.566632      196.807
865      57.955      1.32549      994.116      -2899.18      -1905.06      0.565955      196.799
866      58.022      1.31943      989.575      -2894.61      -1905.04      0.565282      196.793
867      58.089      1.31213      984.096      -2889.11      -1905.01      0.564614      196.787
868      58.156      1.30412      978.091      -2883.09      -1904.99      0.56395      196.783
869      58.223      1.29591      971.929      -2876.91      -1904.98      0.563291      196.779
870      58.29      1.28786      965.892      -2870.87      -1904.98      0.562637      196.777
871      58.357      1.28017      960.126      -2865.11      -1904.98      0.561986      196.775
872      58.424      1.27283      954.62      -2859.62      -1905      0.56134      196.774
873      58.491      1.26562      949.217      -2854.24      -1905.02      0.560697      196.774
874      58.558      1.25823      943.669      -2848.71      -1905.04      0.560058      196.775
875      58.625      1.25032      937.739      -2842.79      -1905.06      0.559423      196.777
876      58.692      1.24174      931.307      -2836.36      -1905.05      0.558791      196.779
877      58.759      1.23262      924.468      -2829.5      -1905.03      0.558161      196.782
878      58.826      1.22341      917.559      -2822.56      -1905      0.557535      196.785
879      58.893      1.21481      911.11      -2816.07      -1904.96      0.556912      196.789
880      58.96      1.20765      905.734      -2810.66      -1904.92      0.556291      196.793
881      59.027      1.20264      901.977      -2806.88      -1904.9      0.555672      196.798
882      59.094      1.20026      900.197      -2805.09      -1904.89      0.555057      196.803
883      59.161      1.20068      900.508      -2805.4      -1904.9      0.554444      196.809
884      59.228      1.20375      902.814      -2807.73      -1904.91      0.553833      196.815
885      59.295      1.20916      906.868      -2811.8      -1904.93      0.553225      196.821
886      59.362      1.21645      912.336      -2817.29      -1904.95      0.552621      196.828
887      59.429      1.2251      918.827      -2823.8      -1904.97      0.552019      196.836
888      59.496      1.23456      925.921      -2830.92      -1905      0.551421      196.844
889      59.563      1.24423      933.175      -2838.2      -1905.02      0.550825      196.853
890      59.63      1.25353      940.145      -2845.19      -1905.05      0.550232      196.862
891      59.697      1.26189      946.415      -2851.48      -1905.07      0.549642      196.872
892      59.764      1.26884      951.631      -2856.72      -1905.08      0.549055      196.882
893      59.831      1.27403      955.524      -2860.62      -1905.09      0.54847      196.893
894      59.898      1.27722      957.918      -2863.02      -1905.1      0.547887      196.904
895      59.965      1.27834      958.757      -2863.85      -1905.1      0.547306      196.915
896      60.032      1.27751      958.136      -2863.22      -1905.08      0.546727      196.927
897      60.099      1.2751      956.326      -2861.38      -1905.05      0.546151      196.939
898      60.166      1.27169      953.77      -2858.79      -1905.02      0.545576      196.951
899      60.233      1.26798      950.986      -2855.98      -1904.99      0.545003      196.963
900      60.3      1.2646      948.447      -2853.42      -1904.97      0.544431      196.975
901      60.367      1.26196      946.466      -2851.43      -1904.97      0.543861      196.987
902      60.434      1.26021      945.159      -2850.13      -1904.97      0.543291      196.999
903      60.501      1.2593      944.476      -2849.46      -1904.98      0.542721      197.011
904      60.568      1.25904      944.282      -2849.28      -1904.99      0.542151      197.022
905      60.635      1.25924      944.427      -2849.43      -1905      0.54158      197.032
906      60.702      1.25972      944.791      -2849.8      -1905.01      0.541008      197.042
907      60.769      1.26039      945.294      -2850.3      -1905.01      0.540435      197.05
908      60.836      1.26122      945.913      -2850.92      -1905      0.539861      197.058
909      60.903      1.26223      946.673      -2851.67      -1905      0.539287      197.065
910      60.97      1.26352      947.64      -2852.64      -1905      0.538711      197.071
911      61.037      1.26518      948.884      -2853.88      -1904.99      0.538136      197.077
912      61.104      1.26726      950.445      -2855.44      -1904.99      0.537561      197.083
913      61.171      1.26976      952.321      -2857.31      -1904.99      0.536987      197.088
914      61.238      1.27263      954.476      -2859.47      -1904.99      0.536413      197.093
915      61.305      1.27583      956.876      -2861.87      -1904.99      0.535841      197.098
916      61.372      1.27937      959.524      -2864.51      -1904.99      0.53527      197.104
917      61.439      1.28329      962.467      -2867.45      -1904.98      0.534701      197.109
918      61.506      1.28769      965.769      -2870.74      -1904.97      0.534135      197.115
919      61.573      1.29259      969.441      -2874.42      -1904.98      0.53357      197.121
920      61.64      1.29785      973.387      -2878.38      -1904.99      0.533009      197.128
921      61.707      1.30318      977.382      -2882.39      -1905.01      0.53245      197.135
922      61.774      1.30815      981.115      -2886.14      -1905.03      0.531894      197.143
923      61.841      1.31237      984.274      -2889.31      -1905.04      0.531341      197.152
924      61.908      1.3155      986.627      -2891.67      -1905.04      0.530792      197.162
925      61.975      1.31744      988.077      -2893.11      -1905.04      0.530245      197.172
926      62.042      1.31825      988.685      -2893.7      -1905.02      0.529701      197.182
927      62.109      1.3182      988.648      -2893.65      -1905      0.529159      197.193
928      62.176      1.31766      988.242      -2893.22      -1904.98      0.528619      197.205
929      62.243      1.31698      987.738      -2892.7      -1904.97      0.528081      197.216
930      62.31      1.31646      987.342      -2892.3      -1904.96      0.527545      197.228
931      62.377      1.31623      987.175      -2892.13      -1904.95      0.52701      197.24
932      62.444      1.31638      987.288      -2892.24      -1904.95      0.526476      197.252
933      62.511      1.31692      987.691      -2892.64      -1904.95      0.525943      197.263
934      62.578      1.31784      988.382      -2893.34      -1904.96      0.52541      197.275
935      62.645      1.31913      989.349      -2894.3      -1904.96      0.524878      197.286
936      62.712      1.32077      990.579      -2895.53      -1904.96      0.524346      197.297
937      62.779      1.32276      992.073      -2897.03      -1904.95      0.523815      197.307
938      62.846      1.32514      993.855      -2898.8      -1904.95      0.523284      197.318
939      62.913      1.32795      995.963      -2900.91      -1904.95      0.522752      197.328
940      62.98      1.33126      998.447      -2903.39      -1904.94      0.522221      197.337
941      63.047      1.33509      1001.32      -2906.27      -1904.95      0.521689      197.346
942      63.114      1.33931      1004.48      -2909.44      -1904.96      0.521157      197.354
943      63.181      1.34364      1007.73      -2912.72      -1904.98      0.520624      197.361
944      63.248      1.34762      1010.71      -2915.73      -1905.01      0.520091      197.368
945      63.315      1.35066      1012.99      -2918.04      -1905.05      0.519557      197.375
946      63.382      1.35215      1014.11      -2919.18      -1905.07      0.519023      197.38
947      63.449      1.35157      1013.68      -2918.76      -1905.09      0.518488      197.385
948      63.516      1.34859      1011.44      -2916.53      -1905.09      0.517953      197.39
949      63.583      1.34315      1007.36      -2912.44      -1905.08      0.517418      197.394
950      63.65      1.3355      1001.62      -2906.68      -1905.06      0.516882      197.397
951      63.717      1.32614      994.602      -2899.63      -1905.02      0.516348      197.401
952      63.784      1.31575      986.809      -2891.8      -1904.99      0.515814      197.404
953      63.851      1.30504      978.782      -2883.75      -1904.96      0.515281      197.407
954      63.918      1.29465      970.986      -2875.93      -1904.95      0.514748      197.41
955      63.985      1.28499      963.739      -2868.68      -1904.94      0.514217      197.413
956      64.052      1.27626      957.192      -2862.14      -1904.94      0.513686      197.416
957      64.119      1.26848      951.359      -2856.31      -1904.95      0.513156      197.418
958      64.186      1.26156      946.17      -2851.13      -1904.96      0.512627      197.421
959      64.253      1.25542      941.565      -2846.53      -1904.96      0.512097      197.423
960      64.32      1.25008      937.561      -2842.52      -1904.96      0.511568      197.424
961      64.387      1.2457      934.278      -2839.22      -1904.94      0.511039      197.426
962      64.454      1.24259      931.94      -2836.87      -1904.93      0.51051      197.426
963      64.521      1.2411      930.823      -2835.73      -1904.91      0.50998      197.427
964      64.588      1.24157      931.176      -2836.08      -1904.9      0.50945      197.426
965      64.655      1.24417      933.13      -2838.03      -1904.9      0.508921      197.426
966      64.722      1.24883      936.623      -2841.54      -1904.92      0.508391      197.424
967      64.789      1.25517      941.379      -2846.33      -1904.95      0.507861      197.423
968      64.856      1.2626      946.948      -2851.93      -1904.98      0.507332      197.421
969      64.923      1.27037      952.774      -2857.79      -1905.02      0.506802      197.419
970      64.99      1.27771      958.284      -2863.33      -1905.05      0.506273      197.416
971      65.057      1.28393      962.948      -2868.02      -1905.07      0.505744      197.413
972      65.124      1.28845      966.337      -2871.43      -1905.09      0.505215      197.41
973      65.191      1.29091      968.179      -2873.27      -1905.1      0.504687      197.406
974      65.258      1.29121      968.408      -2873.49      -1905.09      0.504158      197.402
975      65.325      1.28956      967.167      -2872.23      -1905.07      0.50363      197.398
976      65.392      1.28636      964.773      -2869.81      -1905.04      0.503103      197.393
977      65.459      1.28217      961.627      -2866.64      -1905.02      0.502576      197.389
978      65.526      1.27746      958.092      -2863.09      -1905      0.50205      197.384
979      65.593      1.27252      954.391      -2859.39      -1905      0.501524      197.379
980      65.66      1.26741      950.557      -2855.57      -1905.01      0.501      197.374
981      65.727      1.26195      946.464      -2851.49      -1905.02      0.500476      197.369
982      65.794      1.25587      941.904      -2846.94      -1905.03      0.499954      197.364
983      65.861      1.24896      936.717      -2841.75      -1905.04      0.499434      197.359
984      65.928      1.24121      930.91      -2835.93      -1905.02      0.498915      197.355
985      65.995      1.23295      924.711      -2829.71      -1904.99      0.498398      197.351
986      66.062      1.22473      918.544      -2823.51      -1904.96      0.497884      197.347
987      66.129      1.21725      912.937      -2817.87      -1904.93      0.497373      197.345
988      66.196      1.21121      908.407      -2813.31      -1904.91      0.496865      197.343
989      66.263      1.20716      905.373      -2810.27      -1904.89      0.49636      197.342
990      66.33      1.20548      904.109      -2809      -1904.89      0.495859      197.342
991      66.397      1.2063      904.722      -2809.62      -1904.9      0.495361      197.343
992      66.464      1.20952      907.139      -2812.06      -1904.92      0.494867      197.345
993      66.531      1.21478      911.085      -2816.04      -1904.95      0.494376      197.348
994      66.598      1.22146      916.097      -2821.09      -1905      0.49389      197.352
995      66.665      1.22878      921.586      -2826.62      -1905.04      0.493406      197.358
996      66.732      1.23594      926.952      -2832.02      -1905.07      0.492926      197.364
997      66.799      1.24224      931.682      -2836.77      -1905.09      0.49245      197.371
998      66.866      1.24723      935.422      -2840.52      -1905.1      0.491975      197.379
999      66.933      1.25069      938.021      -2843.11      -1905.09      0.491503      197.387
1000      67      1.25273      939.549      -2844.62      -1905.07      0.491032      197.395
1000      67      1.25273      939.549      -2844.62      -1905.07      0.491032      197.395
Execution time in seconds: 1.85953
