Timestep Time Temperature KineticEnergy PotentialEnergy TotalEnergy DiffusionConstant MeanSquareDisplacement
1      0.0789684      2.42104      1815.78      -3721.36      -1905.58      416.079      197.143
2      0.157937      2.38557      1789.18      -3694.79      -1905.61      208.052      197.155
3      0.236905      2.32606      1744.54      -3650.22      -1905.67      138.71      197.167
4      0.315874      2.24202      1681.52      -3587.26      -1905.74      104.039      197.18
5      0.394842      2.13314      1599.86      -3505.65      -1905.79      83.2372      197.193
6      0.473811      1.99981      1499.86      -3405.64      -1905.78      69.3691      197.207
7      0.552779      1.84397      1382.98      -3288.63      -1905.65      59.4633      197.221
8      0.631747      1.6701      1252.58      -3157.93      -1905.36      52.034      197.234
9      0.710716      1.48605      1114.54      -3019.41      -1904.88      46.2555      197.247
10      0.789684      1.30298      977.237      -2881.51      -1904.28      41.6325      197.259
11      0.868653      1.13403      850.519      -2754.22      -1903.7      37.85      197.271
12      0.947621      0.991499      743.624      -2646.92      -1903.3      34.6977      197.281
13      1.02659      0.883925      662.944      -2566.11      -1903.17      32.0302      197.291
14      1.10556      0.814269      610.702      -2513.99      -1903.29      29.7435      197.299
15      1.18453      0.780151      585.114      -2488.7      -1903.58      27.7617      197.306
16      1.26349      0.775575      581.681      -2485.61      -1903.93      26.0274      197.313
17      1.34246      0.793061      594.796      -2499.05      -1904.25      24.497      197.318
18      1.42143      0.82533      618.997      -2523.51      -1904.51      23.1366      197.322
19      1.5004      0.866196      649.647      -2554.35      -1904.71      21.9193      197.326
20      1.57937      0.910826      683.119      -2587.96      -1904.84      20.8236      197.329
21      1.65834      0.955623      716.717      -2621.65      -1904.94      19.8323      197.332
22      1.73731      0.997924      748.443      -2653.45      -1905.01      18.931      197.334
23      1.81627      1.03571      776.785      -2681.84      -1905.06      18.1081      197.336
24      1.89524      1.06747      800.604      -2705.7      -1905.1      17.3537      197.337
25      1.97421      1.09219      819.141      -2724.25      -1905.11      16.6597      197.338
26      2.05318      1.10947      832.099      -2737.19      -1905.09      16.019      197.34
27      2.13215      1.11963      839.726      -2744.76      -1905.04      15.4258      197.341
28      2.21112      1.12371      842.782      -2747.75      -1904.97      14.875      197.343
29      2.29008      1.12318      842.387      -2747.28      -1904.89      14.3623      197.345
30      2.36905      1.11968      839.761      -2744.59      -1904.83      13.8837      197.347
31      2.44802      1.11464      835.982      -2740.77      -1904.79      13.436      197.35
32      2.52699      1.10919      831.892      -2736.65      -1904.76      13.0164      197.353
33      2.60596      1.10424      828.177      -2732.9      -1904.73      12.6222      197.357
34      2.68493      1.10071      825.536      -2730.22      -1904.68      12.2512      197.362
35      2.76389      1.09967      824.752      -2729.39      -1904.64      11.9015      197.367
36      2.84286      1.10203      826.524      -2731.15      -1904.62      11.5712      197.372
37      2.92183      1.10817      831.126      -2735.78      -1904.65      11.2588      197.377
38      3.0008      1.1176      838.204      -2742.91      -1904.7      10.9628      197.383
39      3.07977      1.12923      846.923      -2751.68      -1904.76      10.682      197.388
40      3.15874      1.14181      856.36      -2761.16      -1904.8      10.4152      197.393
41      3.23771      1.15442      865.814      -2770.63      -1904.81      10.1614      197.397
42      3.31667      1.16652      874.89      -2779.71      -1904.82      9.91958      197.4
43      3.39564      1.17789      883.419      -2788.23      -1904.81      9.689      197.402
44      3.47461      1.18842      891.315      -2796.13      -1904.81      9.46884      197.403
45      3.55358      1.19801      898.511      -2803.32      -1904.81      9.25839      197.402
46      3.63255      1.20666      904.993      -2809.8      -1904.8      9.057      197.4
47      3.71152      1.21448      910.86      -2815.64      -1904.78      8.8641      197.395
48      3.79048      1.22182      916.365      -2821.12      -1904.76      8.67914      197.389
49      3.86945      1.22918      921.887      -2826.62      -1904.73      8.50166      197.381
50      3.94842      1.23709      927.819      -2832.53      -1904.71      8.33119      197.37
51      4.02739      1.24589      934.416      -2839.13      -1904.71      8.16734      197.358
52      4.10636      1.25553      941.646      -2846.38      -1904.74      8.00973      197.345
53      4.18533      1.26553      949.146      -2853.92      -1904.78      7.85803      197.331
54      4.26429      1.27506      956.293      -2861.12      -1904.83      7.71193      197.316
55      4.34326      1.28318      962.382      -2867.25      -1904.87      7.57112      197.3
56      4.42223      1.2891      966.827      -2871.72      -1904.9      7.43534      197.285
57      4.5012      1.2924      969.297      -2874.2      -1904.9      7.30434      197.27
58      4.58017      1.29297      969.726      -2874.63      -1904.9      7.17789      197.256
59      4.65914      1.29098      968.231      -2873.12      -1904.89      7.05576      197.243
60      4.73811      1.28672      965.041      -2869.92      -1904.88      6.93775      197.231
61      4.81707      1.28064      960.479      -2865.34      -1904.86      6.82366      197.221
62      4.89604      1.27334      955.004      -2859.83      -1904.83      6.71331      197.212
63      4.97501      1.26568      949.261      -2854.04      -1904.78      6.60651      197.205
64      5.05398      1.25875      944.065      -2848.8      -1904.73      6.5031      197.199
65      5.13295      1.25365      940.238      -2844.94      -1904.7      6.40292      197.195
66      5.21192      1.25113      938.345      -2843.04      -1904.69      6.30581      197.192
67      5.29088      1.2514      938.552      -2843.25      -1904.7      6.21165      197.191
68      5.36985      1.25431      940.734      -2845.44      -1904.71      6.12029      197.19
69      5.44882      1.25965      944.739      -2849.44      -1904.7      6.03162      197.191
70      5.52779      1.26738      950.538      -2855.22      -1904.69      5.94554      197.194
71      5.60676      1.27752      958.138      -2862.82      -1904.68      5.86192      197.198
72      5.68573      1.28983      967.373      -2872.08      -1904.7      5.78067      197.204
73      5.76469      1.30371      977.783      -2882.52      -1904.74      5.7017      197.211
74      5.84366      1.31819      988.64      -2893.43      -1904.79      5.6249      197.22
75      5.92263      1.33219      999.14      -2903.96      -1904.82      5.55019      197.231
76      6.0016      1.34479      1008.6      -2913.44      -1904.85      5.47749      197.242
77      6.08057      1.35543      1016.57      -2921.42      -1904.85      5.4067      197.255
78      6.15954      1.36384      1022.88      -2927.73      -1904.85      5.33776      197.269
79      6.23851      1.36995      1027.46      -2932.31      -1904.85      5.27058      197.283
80      6.31747      1.37368      1030.26      -2935.12      -1904.86      5.2051      197.299
81      6.39644      1.3749      1031.18      -2936.05      -1904.87      5.14125      197.314
82      6.47541      1.37348      1030.11      -2934.98      -1904.87      5.07895      197.33
83      6.55438      1.36951      1027.13      -2931.99      -1904.85      5.01816      197.345
84      6.63335      1.36343      1022.57      -2927.39      -1904.82      4.9588      197.361
85      6.71232      1.35599      1017      -2921.77      -1904.77      4.90084      197.376
86      6.79128      1.34812      1011.09      -2915.82      -1904.73      4.84421      197.39
87      6.87025      1.34062      1005.46      -2910.17      -1904.71      4.78886      197.404
88      6.94922      1.33396      1000.47      -2905.19      -1904.71      4.73476      197.417
89      7.02819      1.32826      996.196      -2900.92      -1904.73      4.68185      197.43
90      7.10716      1.32329      992.47      -2897.22      -1904.75      4.6301      197.441
91      7.18613      1.31869      989.02      -2893.79      -1904.77      4.57946      197.452
92      7.26509      1.31407      985.549      -2890.34      -1904.79      4.52991      197.461
93      7.34406      1.30901      981.76      -2886.57      -1904.81      4.48139      197.47
94      7.42303      1.30316      977.371      -2882.2      -1904.83      4.43388      197.477
95      7.502      1.29621      972.16      -2877      -1904.84      4.38733      197.483
96      7.58097      1.28805      966.041      -2870.88      -1904.84      4.34172      197.487
97      7.65994      1.2789      959.178      -2863.99      -1904.81      4.29701      197.489
98      7.73891      1.2694      952.053      -2856.82      -1904.77      4.25318      197.49
99      7.81787      1.2605      945.378      -2850.1      -1904.72      4.21019      197.489
100      7.89684      1.25315      939.866      -2844.56      -1904.7      4.16803      197.485
101      7.97581      1.24794      935.953      -2840.65      -1904.7      4.12665      197.48
102      8.05478      1.24495      933.713      -2838.42      -1904.71      4.08606      197.474
103      8.13375      1.24394      932.954      -2837.68      -1904.73      4.04622      197.466
104      8.21272      1.24448      933.358      -2838.11      -1904.75      4.00711      197.456
105      8.29168      1.24608      934.559      -2839.33      -1904.77      3.96873      197.445
106      8.37065      1.24826      936.194      -2840.98      -1904.78      3.93104      197.432
107      8.44962      1.25063      937.969      -2842.76      -1904.79      3.89403      197.418
108      8.52859      1.25295      939.71      -2844.5      -1904.79      3.85768      197.404
109      8.60756      1.25511      941.333      -2846.12      -1904.79      3.82198      197.388
110      8.68653      1.257      942.752      -2847.55      -1904.8      3.78692      197.371
111      8.76549      1.25838      943.784      -2848.6      -1904.81      3.75247      197.354
112      8.84446      1.25883      944.119      -2848.96      -1904.84      3.71863      197.336
113      8.92343      1.25788      943.409      -2848.26      -1904.86      3.68538      197.317
114      9.0024      1.25519      941.395      -2846.25      -1904.86      3.6527      197.299
115      9.08137      1.25071      938.035      -2842.88      -1904.84      3.6206      197.28
116      9.16034      1.2447      933.528      -2838.35      -1904.82      3.58905      197.262
117      9.23931      1.23769      928.264      -2833.05      -1904.79      3.55805      197.244
118      9.31827      1.23035      922.761      -2827.51      -1904.75      3.52759      197.226
119      9.39724      1.2235      917.628      -2822.34      -1904.71      3.49764      197.209
120      9.47621      1.21807      913.549      -2818.22      -1904.67      3.46821      197.193
121      9.55518      1.21497      911.229      -2815.86      -1904.63      3.43927      197.177
122      9.63415      1.21505      911.289      -2815.89      -1904.6      3.41082      197.162
123      9.71312      1.21884      914.132      -2818.73      -1904.6      3.38285      197.148
124      9.79208      1.22644      919.828      -2824.44      -1904.61      3.35534      197.135
125      9.87105      1.23741      928.056      -2832.72      -1904.66      3.32829      197.122
126      9.95002      1.2508      938.103      -2842.83      -1904.72      3.30167      197.11
127      10.029      1.26529      948.966      -2853.76      -1904.79      3.27549      197.099
128      10.108      1.27939      959.543      -2864.39      -1904.85      3.24972      197.088
129      10.1869      1.29181      968.855      -2873.74      -1904.89      3.22436      197.078
130      10.2659      1.30162      976.212      -2881.12      -1904.91      3.1994      197.068
131      10.3449      1.30839      981.292      -2886.19      -1904.9      3.17482      197.059
132      10.4238      1.31218      984.135      -2889.01      -1904.87      3.15063      197.05
133      10.5028      1.31344      985.08      -2889.91      -1904.83      3.1268      197.041
134      10.5818      1.31286      984.646      -2889.44      -1904.8      3.10333      197.032
135      10.6607      1.31117      983.376      -2888.15      -1904.77      3.08021      197.024
136      10.7397      1.30889      981.666      -2886.43      -1904.76      3.05743      197.016
137      10.8187      1.30623      979.671      -2884.44      -1904.77      3.035      197.008
138      10.8976      1.30309      977.315      -2882.1      -1904.79      3.01289      197.001
139      10.9766      1.2992      974.399      -2879.2      -1904.8      2.99112      196.994
140      11.0556      1.29431      970.73      -2875.54      -1904.81      2.96967      196.988
141      11.1345      1.28831      966.231      -2871.04      -1904.81      2.94854      196.984
142      11.2135      1.2813      960.977      -2865.77      -1904.8      2.92772      196.981
143      11.2925      1.27361      955.209      -2859.98      -1904.77      2.90722      196.979
144      11.3715      1.26574      949.303      -2854.05      -1904.74      2.88703      196.978
145      11.4504      1.25831      943.736      -2848.45      -1904.71      2.86713      196.979
146      11.5294      1.25202      939.018      -2843.7      -1904.69      2.84753      196.982
147      11.6084      1.24746      935.597      -2840.27      -1904.67      2.82822      196.986
148      11.6873      1.24501      933.761      -2838.43      -1904.67      2.80918      196.991
149      11.7663      1.24475      933.564      -2838.24      -1904.68      2.79042      196.998
150      11.8453      1.24643      934.819      -2839.52      -1904.7      2.77192      197.005
151      11.9242      1.24956      937.173      -2841.9      -1904.73      2.75368      197.013
152      12.0032      1.25365      940.238      -2844.99      -1904.75      2.73569      197.022
153      12.0822      1.25827      943.705      -2848.47      -1904.76      2.71794      197.032
154      12.1611      1.2632      947.398      -2852.17      -1904.77      2.70042      197.041
155      12.2401      1.26834      951.253      -2856.02      -1904.77      2.68313      197.051
156      12.3191      1.27368      955.262      -2860.03      -1904.77      2.66607      197.061
157      12.398      1.27924      959.429      -2864.19      -1904.76      2.64922      197.071
158      12.477      1.28505      963.785      -2868.54      -1904.76      2.6326      197.082
159      12.556      1.29116      968.368      -2873.12      -1904.76      2.61618      197.092
160      12.6349      1.29756      973.173      -2877.94      -1904.77      2.59998      197.103
161      12.7139      1.30404      978.029      -2882.82      -1904.79      2.58398      197.115
162      12.7929      1.31006      982.542      -2887.37      -1904.83      2.56819      197.127
163      12.8719      1.31492      986.188      -2891.05      -1904.86      2.5526      197.14
164      12.9508      1.31803      988.521      -2893.39      -1904.87      2.53721      197.154
165      13.0298      1.31924      989.426      -2894.28      -1904.85      2.52202      197.168
166      13.1088      1.31897      989.229      -2894.04      -1904.81      2.50701      197.183
167      13.1877      1.31797      988.48      -2893.27      -1904.79      2.4922      197.199
168      13.2667      1.31664      987.483      -2892.3      -1904.82      2.47757      197.215
169      13.3457      1.31463      985.974      -2890.84      -1904.87      2.46312      197.232
170      13.4246      1.31106      983.294      -2888.2      -1904.91      2.44884      197.249
171      13.5036      1.30513      978.845      -2883.77      -1904.93      2.43473      197.266
172      13.5826      1.29657      972.427      -2877.34      -1904.91      2.42079      197.283
173      13.6615      1.2858      964.351      -2869.22      -1904.87      2.407      197.3
174      13.7405      1.27388      955.41      -2860.21      -1904.79      2.39337      197.317
175      13.8195      1.26235      946.76      -2851.47      -1904.71      2.37988      197.332
176      13.8984      1.25298      939.732      -2844.37      -1904.64      2.36653      197.347
177      13.9774      1.24743      935.569      -2840.15      -1904.58      2.35333      197.36
178      14.0564      1.24682      935.118      -2839.69      -1904.57      2.34025      197.373
179      14.1353      1.25149      938.618      -2843.22      -1904.6      2.3273      197.384
180      14.2143      1.26093      945.701      -2850.35      -1904.65      2.31448      197.393
181      14.2933      1.27404      955.533      -2860.25      -1904.72      2.30178      197.4
182      14.3723      1.28931      966.98      -2871.78      -1904.8      2.2892      197.406
183      14.4512      1.30501      978.758      -2883.64      -1904.88      2.27673      197.409
184      14.5302      1.31949      989.616      -2894.56      -1904.94      2.26438      197.411
185      14.6092      1.33137      998.53      -2903.52      -1904.99      2.25214      197.411
186      14.6881      1.33982      1004.87      -2909.86      -1904.99      2.24001      197.409
187      14.7671      1.34465      1008.48      -2913.46      -1904.97      2.22799      197.406
188      14.8461      1.34631      1009.73      -2914.66      -1904.93      2.21609      197.402
189      14.925      1.34579      1009.35      -2914.21      -1904.87      2.20431      197.396
190      15.004      1.34436      1008.27      -2913.08      -1904.81      2.19264      197.39
191      15.083      1.34311      1007.33      -2912.11      -1904.78      2.1811      197.384
192      15.1619      1.34261      1006.96      -2911.75      -1904.79      2.16967      197.378
193      15.2409      1.34268      1007.01      -2911.84      -1904.83      2.15837      197.373
194      15.3199      1.34258      1006.93      -2911.81      -1904.87      2.14718      197.367
195      15.3988      1.3414      1006.05      -2910.95      -1904.9      2.13612      197.362
196      15.4778      1.33837      1003.78      -2908.7      -1904.92      2.12517      197.358
197      15.5568      1.33299      999.743      -2904.67      -1904.93      2.11433      197.353
198      15.6357      1.32508      993.811      -2898.73      -1904.92      2.1036      197.348
199      15.7147      1.31481      986.109      -2891      -1904.89      2.09298      197.344
200      15.7937      1.30276      977.072      -2881.91      -1904.84      2.08247      197.339
201      15.8727      1.28991      967.432      -2872.21      -1904.78      2.07206      197.334
202      15.9516      1.27748      958.113      -2862.83      -1904.72      2.06175      197.329
203      16.0306      1.26672      950.04      -2854.72      -1904.68      2.05154      197.324
204      16.1096      1.25856      943.923      -2848.58      -1904.66      2.04143      197.319
205      16.1885      1.25349      940.114      -2844.77      -1904.66      2.03143      197.315
206      16.2675      1.25147      938.604      -2843.28      -1904.68      2.02153      197.311
207      16.3465      1.25217      939.124      -2843.83      -1904.7      2.01173      197.308
208      16.4254      1.25503      941.269      -2846      -1904.73      2.00203      197.305
209      16.5044      1.25943      944.57      -2849.33      -1904.76      1.99244      197.304
210      16.5834      1.26467      948.505      -2853.3      -1904.8      1.98294      197.303
211      16.6623      1.26998      952.482      -2857.32      -1904.84      1.97354      197.303
212      16.7413      1.27449      955.868      -2860.75      -1904.88      1.96425      197.304
213      16.8203      1.27746      958.097      -2863      -1904.9      1.95505      197.306
214      16.8992      1.27841      958.808      -2863.71      -1904.91      1.94594      197.31
215      16.9782      1.27721      957.91      -2862.81      -1904.9      1.93693      197.314
216      17.0572      1.27408      955.562      -2860.44      -1904.88      1.92801      197.319
217      17.1361      1.26946      952.098      -2856.95      -1904.85      1.91919      197.325
218      17.2151      1.26395      947.963      -2852.78      -1904.82      1.91045      197.332
219      17.2941      1.25825      943.689      -2848.47      -1904.78      1.9018      197.339
220      17.3731      1.25318      939.887      -2844.63      -1904.74      1.89323      197.347
221      17.452      1.24961      937.205      -2841.9      -1904.7      1.88475      197.356
222      17.531      1.24828      936.209      -2840.88      -1904.68      1.87635      197.365
223      17.61      1.24963      937.225      -2841.9      -1904.67      1.86802      197.375
224      17.6889      1.25365      940.236      -2844.93      -1904.69      1.85977      197.384
225      17.7679      1.25989      944.919      -2849.63      -1904.72      1.8516      197.394
226      17.8469      1.26772      950.789      -2855.53      -1904.74      1.84349      197.404
227      17.9258      1.27647      957.356      -2862.12      -1904.77      1.83546      197.413
228      18.0048      1.2856      964.203      -2868.98      -1904.78      1.82749      197.422
229      18.0838      1.29468      971.013      -2875.8      -1904.79      1.81959      197.43
230      18.1627      1.30341      977.556      -2882.35      -1904.8      1.81175      197.438
231      18.2417      1.31154      983.652      -2888.45      -1904.8      1.80396      197.444
232      18.3207      1.31886      989.143      -2893.95      -1904.81      1.79624      197.45
233      18.3996      1.32517      993.881      -2898.7      -1904.82      1.78857      197.454
234      18.4786      1.33025      997.689      -2902.52      -1904.84      1.78095      197.457
235      18.5576      1.33374      1000.3      -2905.16      -1904.86      1.77339      197.459
236      18.6365      1.33515      1001.36      -2906.25      -1904.89      1.76588      197.459
237      18.7155      1.33403      1000.52      -2905.43      -1904.91      1.75842      197.458
238      18.7945      1.33016      997.624      -2902.52      -1904.9      1.75101      197.456
239      18.8735      1.32382      992.866      -2897.73      -1904.86      1.74366      197.453
240      18.9524      1.31581      986.854      -2891.66      -1904.81      1.73636      197.45
241      19.0314      1.30729      980.471      -2885.22      -1904.74      1.72912      197.446
242      19.1104      1.29956      974.672      -2879.37      -1904.7      1.72194      197.442
243      19.1893      1.29368      970.258      -2874.92      -1904.67      1.71482      197.437
244      19.2683      1.29025      967.69      -2872.36      -1904.67      1.70776      197.434
245      19.3473      1.28931      966.986      -2871.68      -1904.7      1.70076      197.43
246      19.4262      1.29024      967.683      -2872.43      -1904.75      1.69382      197.427
247      19.5052      1.29187      968.901      -2873.72      -1904.82      1.68693      197.424
248      19.5842      1.2927      969.526      -2874.42      -1904.89      1.68011      197.421
249      19.6631      1.29128      968.464      -2873.41      -1904.94      1.67334      197.419
250      19.7421      1.28652      964.894      -2869.86      -1904.97      1.66662      197.416
251      19.8211      1.27793      958.446      -2863.4      -1904.96      1.65996      197.413
252      19.9      1.2657      949.272      -2854.19      -1904.92      1.65335      197.41
253      19.979      1.25071      938.03      -2842.88      -1904.85      1.64679      197.407
254      20.058      1.23441      925.807      -2830.57      -1904.76      1.64027      197.403
255      20.1369      1.21863      913.976      -2818.65      -1904.67      1.63381      197.399
256      20.2159      1.20534      904.004      -2808.59      -1904.59      1.62739      197.395
257      20.2949      1.19626      897.194      -2801.73      -1904.53      1.62102      197.391
258      20.3739      1.19255      894.412      -2798.93      -1904.52      1.61471      197.387
259      20.4528      1.19456      895.918      -2800.47      -1904.55      1.60844      197.382
260      20.5318      1.20175      901.316      -2805.93      -1904.61      1.60221      197.378
261      20.6108      1.21291      909.679      -2814.37      -1904.69      1.59604      197.374
262      20.6897      1.22642      919.814      -2824.58      -1904.76      1.58992      197.371
263      20.7687      1.24073      930.551      -2835.36      -1904.81      1.58386      197.368
264      20.8477      1.25467      941.002      -2845.84      -1904.84      1.57784      197.365
265      20.9266      1.26757      950.679      -2855.52      -1904.84      1.57187      197.364
266      21.0056      1.27927      959.452      -2864.28      -1904.83      1.56596      197.363
267      21.0846      1.28987      967.404      -2872.22      -1904.81      1.56009      197.363
268      21.1635      1.29955      974.66      -2879.46      -1904.8      1.55428      197.364
269      21.2425      1.30839      981.291      -2886.09      -1904.8      1.54852      197.366
270      21.3215      1.3164      987.299      -2892.1      -1904.8      1.5428      197.369
271      21.4004      1.32348      992.61      -2897.42      -1904.81      1.53713      197.372
272      21.4794      1.32942      997.064      -2901.89      -1904.82      1.53151      197.375
273      21.5584      1.3339      1000.42      -2905.27      -1904.84      1.52593      197.379
274      21.6373      1.33656      1002.42      -2907.28      -1904.86      1.52039      197.383
275      21.7163      1.33713      1002.85      -2907.71      -1904.87      1.51489      197.387
276      21.7953      1.33544      1001.58      -2906.45      -1904.87      1.50944      197.392
277      21.8743      1.33157      998.68      -2903.54      -1904.86      1.50402      197.396
278      21.9532      1.32575      994.31      -2899.16      -1904.85      1.49865      197.401
279      22.0322      1.31829      988.721      -2893.56      -1904.84      1.49332      197.406
280      22.1112      1.3096      982.197      -2887.02      -1904.82      1.48803      197.412
281      22.1901      1.30004      975.026      -2879.84      -1904.81      1.48278      197.418
282      22.2691      1.28998      967.482      -2872.29      -1904.8      1.47757      197.425
283      22.3481      1.27978      959.835      -2864.63      -1904.79      1.47241      197.433
284      22.427      1.26988      952.407      -2857.18      -1904.77      1.46729      197.442
285      22.506      1.26087      945.655      -2850.39      -1904.74      1.46222      197.452
286      22.585      1.25362      940.217      -2844.91      -1904.69      1.45718      197.462
287      22.6639      1.24918      936.882      -2841.52      -1904.64      1.45219      197.474
288      22.7429      1.24854      936.403      -2841.02      -1904.62      1.44724      197.487
289      22.8219      1.25223      939.17      -2843.8      -1904.63      1.44233      197.501
290      22.9008      1.25993      944.949      -2849.64      -1904.69      1.43746      197.515
291      22.9798      1.27053      952.896      -2857.66      -1904.77      1.43263      197.529
292      23.0588      1.28248      961.857      -2866.69      -1904.84      1.42782      197.543
293      23.1377      1.29429      970.716      -2875.6      -1904.89      1.42305      197.558
294      23.2167      1.3048      978.601      -2883.52      -1904.92      1.41831      197.571
295      23.2957      1.31324      984.927      -2889.86      -1904.94      1.4136      197.584
296      23.3747      1.31917      989.379      -2894.32      -1904.94      1.40891      197.596
297      23.4536      1.32248      991.862      -2896.79      -1904.93      1.40424      197.607
298      23.5326      1.32328      992.457      -2897.37      -1904.92      1.3996      197.617
299      23.6116      1.32181      991.354      -2896.25      -1904.9      1.39498      197.625
300      23.6905      1.31839      988.789      -2893.67      -1904.88      1.39037      197.632
301      23.7695      1.31337      985.025      -2889.89      -1904.86      1.38579      197.637
302      23.8485      1.3072      980.398      -2885.23      -1904.83      1.38123      197.641
303      23.9274      1.30048      975.358      -2880.15      -1904.79      1.37668      197.643
304      24.0064      1.29396      970.47      -2875.23      -1904.76      1.37216      197.644
305      24.0854      1.28844      966.326      -2871.05      -1904.72      1.36765      197.642
306      24.1643      1.28453      963.394      -2868.1      -1904.71      1.36316      197.64
307      24.2433      1.28248      961.861      -2866.58      -1904.72      1.35869      197.635
308      24.3223      1.28208      961.56      -2866.31      -1904.75      1.35424      197.629
309      24.4012      1.28267      962.006      -2866.8      -1904.79      1.3498      197.621
310      24.4802      1.28333      962.5      -2867.34      -1904.84      1.34539      197.612
311      24.5592      1.28304      962.278      -2867.16      -1904.88      1.34099      197.602
312      24.6381      1.28088      960.661      -2865.58      -1904.91      1.33661      197.59
313      24.7171      1.27627      957.199      -2862.12      -1904.92      1.33226      197.577
314      24.7961      1.26905      951.787      -2856.69      -1904.9      1.32792      197.563
315      24.8751      1.25961      944.711      -2849.57      -1904.86      1.3236      197.548
316      24.954      1.24878      936.584      -2841.4      -1904.81      1.31931      197.533
317      25.033      1.23758      928.185      -2832.95      -1904.76      1.31504      197.516
318      25.112      1.22702      920.267      -2825      -1904.73      1.31079      197.5
319      25.1909      1.21787      913.404      -2818.11      -1904.71      1.30657      197.483
320      25.2699      1.21057      907.928      -2812.63      -1904.7      1.30238      197.465
321      25.3489      1.20527      903.952      -2808.66      -1904.71      1.2982      197.448
322      25.4278      1.20197      901.476      -2806.19      -1904.71      1.29406      197.43
323      25.5068      1.20062      900.468      -2805.17      -1904.71      1.28993      197.412
324      25.5858      1.20124      900.931      -2805.63      -1904.7      1.28583      197.394
325      25.6647      1.20392      902.938      -2807.63      -1904.69      1.28176      197.375
326      25.7437      1.20879      906.589      -2811.27      -1904.68      1.2777      197.356
327      25.8227      1.21592      911.941      -2816.62      -1904.68      1.27367      197.337
328      25.9016      1.22522      918.916      -2823.61      -1904.69      1.26966      197.317
329      25.9806      1.23628      927.213      -2831.94      -1904.72      1.26567      197.297
330      26.0596      1.24838      936.282      -2841.05      -1904.77      1.2617      197.276
331      26.1385      1.2605      945.378      -2850.19      -1904.82      1.25775      197.255
332      26.2175      1.2716      953.7      -2858.56      -1904.86      1.25383      197.233
333      26.2965      1.28074      960.556      -2865.44      -1904.88      1.24992      197.212
334      26.3755      1.28736      965.517      -2870.4      -1904.89      1.24605      197.19
335      26.4544      1.29135      968.512      -2873.38      -1904.87      1.24219      197.169
336      26.5334      1.29313      969.848      -2874.68      -1904.83      1.23837      197.149
337      26.6124      1.29349      970.119      -2874.9      -1904.78      1.23457      197.129
338      26.6913      1.29329      969.967      -2874.72      -1904.76      1.2308      197.11
339      26.7703      1.29302      969.762      -2874.53      -1904.77      1.22706      197.092
340      26.8493      1.29253      969.396      -2874.2      -1904.81      1.22334      197.075
341      26.9282      1.29117      968.376      -2873.22      -1904.85      1.21966      197.06
342      27.0072      1.28818      966.137      -2871      -1904.87      1.21602      197.047
343      27.0862      1.28317      962.378      -2867.24      -1904.86      1.2124      197.036
344      27.1651      1.27628      957.213      -2862.04      -1904.83      1.20882      197.026
345      27.2441      1.26818      951.137      -2855.92      -1904.78      1.20526      197.018
346      27.3231      1.25978      944.835      -2849.58      -1904.74      1.20175      197.012
347      27.402      1.25193      938.951      -2843.67      -1904.72      1.19826      197.009
348      27.481      1.24524      933.928      -2838.63      -1904.71      1.19481      197.007
349      27.56      1.23994      929.955      -2834.66      -1904.71      1.19138      197.007
350      27.6389      1.23604      927.032      -2831.74      -1904.71      1.18799      197.009
351      27.7179      1.23344      925.082      -2829.8      -1904.71      1.18463      197.013
352      27.7969      1.23204      924.034      -2828.75      -1904.71      1.1813      197.018
353      27.8759      1.23177      923.826      -2828.54      -1904.72      1.17799      197.025
354      27.9548      1.23245      924.336      -2829.07      -1904.73      1.1747      197.032
355      28.0338      1.23377      925.324      -2830.08      -1904.75      1.17144      197.04
356      28.1128      1.23526      926.447      -2831.22      -1904.78      1.1682      197.048
357      28.1917      1.23644      927.327      -2832.12      -1904.8      1.16498      197.057
358      28.2707      1.23685      927.64      -2832.45      -1904.81      1.16177      197.065
359      28.3497      1.23626      927.196      -2832.01      -1904.81      1.15858      197.072
360      28.4286      1.23466      925.995      -2830.8      -1904.8      1.15539      197.078
361      28.5076      1.23233      924.25      -2829.03      -1904.78      1.15222      197.082
362      28.5866      1.22987      922.403      -2827.14      -1904.74      1.14906      197.085
363      28.6655      1.22812      921.094      -2825.79      -1904.7      1.1459      197.087
364      28.7445      1.22807      921.053      -2825.71      -1904.66      1.14275      197.086
365      28.8235      1.23053      922.894      -2827.53      -1904.64      1.1396      197.083
366      28.9024      1.23588      926.911      -2831.56      -1904.65      1.13646      197.079
367      28.9814      1.24398      932.987      -2837.66      -1904.68      1.13333      197.072
368      29.0604      1.25424      940.68      -2845.39      -1904.71      1.1302      197.064
369      29.1393      1.26586      949.392      -2854.14      -1904.75      1.12708      197.055
370      29.2183      1.278      958.501      -2863.28      -1904.78      1.12398      197.044
371      29.2973      1.28989      967.42      -2872.22      -1904.81      1.12088      197.033
372      29.3763      1.30079      975.592      -2880.43      -1904.83      1.1178      197.021
373      29.4552      1.30998      982.488      -2887.35      -1904.86      1.11474      197.01
374      29.5342      1.31684      987.632      -2892.52      -1904.89      1.1117      196.998
375      29.6132      1.32087      990.651      -2895.55      -1904.9      1.10867      196.988
376      29.6921      1.3218      991.353      -2896.25      -1904.9      1.10567      196.978
377      29.7711      1.31974      989.802      -2894.68      -1904.88      1.10268      196.968
378      29.8501      1.31515      986.365      -2891.21      -1904.84      1.09972      196.96
379      29.929      1.30895      981.711      -2886.5      -1904.79      1.09677      196.952
380      30.008      1.30231      976.73      -2881.46      -1904.73      1.09385      196.945
381      30.087      1.29652      972.389      -2877.07      -1904.68      1.09094      196.938
382      30.1659      1.29272      969.537      -2874.19      -1904.65      1.08805      196.932
383      30.2449      1.29162      968.714      -2873.36      -1904.64      1.08518      196.927
384      30.3239      1.29338      970.037      -2874.71      -1904.67      1.08232      196.921
385      30.4028      1.29756      973.168      -2877.88      -1904.72      1.07948      196.916
386      30.4818      1.30319      977.395      -2882.16      -1904.77      1.07665      196.91
387      30.5608      1.30917      981.874      -2886.68      -1904.81      1.07384      196.905
388      30.6397      1.31454      985.907      -2890.74      -1904.83      1.07105      196.901
389      30.7187      1.31885      989.14      -2893.96      -1904.82      1.06828      196.896
390      30.7977      1.32209      991.569      -2896.37      -1904.8      1.06552      196.893
391      30.8767      1.32454      993.406      -2898.19      -1904.79      1.06278      196.89
392      30.9556      1.3265      994.874      -2899.65      -1904.78      1.06005      196.888
393      31.0346      1.32807      996.049      -2900.83      -1904.79      1.05735      196.886
394      31.1136      1.32911      996.829      -2901.63      -1904.8      1.05465      196.884
395      31.1925      1.32939      997.046      -2901.85      -1904.81      1.05198      196.883
396      31.2715      1.32886      996.648      -2901.44      -1904.79      1.04932      196.882
397      31.3505      1.32778      995.834      -2900.6      -1904.76      1.04667      196.881
398      31.4294      1.32673      995.044      -2899.77      -1904.72      1.04403      196.879
399      31.5084      1.32642      994.812      -2899.5      -1904.69      1.0414      196.878
400      31.5874      1.32738      995.533      -2900.22      -1904.68      1.03879      196.876
401      31.6663      1.32972      997.29      -2901.99      -1904.7      1.03619      196.874
402      31.7453      1.33308      999.81      -2904.55      -1904.74      1.0336      196.873
403      31.8243      1.33666      1002.5      -2907.29      -1904.79      1.03103      196.871
404      31.9032      1.3394      1004.55      -2909.4      -1904.85      1.02847      196.87
405      31.9822      1.34008      1005.06      -2909.96      -1904.91      1.02593      196.869
406      32.0612      1.33759      1003.19      -2908.14      -1904.95      1.0234      196.869
407      32.1401      1.33111      998.335      -2903.3      -1904.97      1.02089      196.869
408      32.2191      1.32039      990.29      -2895.25      -1904.96      1.01839      196.87
409      32.2981      1.30581      979.357      -2884.27      -1904.91      1.01591      196.871
410      32.3771      1.28847      966.35      -2871.19      -1904.84      1.01344      196.872
411      32.456      1.26999      952.495      -2857.25      -1904.76      1.01098      196.874
412      32.535      1.25225      939.188      -2843.87      -1904.68      1.00853      196.876
413      32.614      1.23697      927.729      -2832.35      -1904.62      1.0061      196.878
414      32.6929      1.22543      919.075      -2823.67      -1904.6      1.00368      196.88
415      32.7719      1.21829      913.72      -2818.32      -1904.6      1.00128      196.883
416      32.8509      1.21558      911.686      -2816.32      -1904.63      0.998885      196.885
417      32.9298      1.21678      912.588      -2817.26      -1904.67      0.996505      196.889
418      33.0088      1.22099      915.744      -2820.47      -1904.73      0.994139      196.892
419      33.0878      1.22709      920.314      -2825.1      -1904.78      0.991786      196.896
420      33.1667      1.23396      925.468      -2830.29      -1904.82      0.989447      196.9
421      33.2457      1.24066      930.497      -2835.35      -1904.85      0.987121      196.905
422      33.3247      1.24648      934.862      -2839.73      -1904.87      0.984808      196.911
423      33.4036      1.25087      938.153      -2843.04      -1904.89      0.982508      196.916
424      33.4826      1.25335      940.011      -2844.92      -1904.91      0.980221      196.922
425      33.5616      1.25351      940.133      -2845.05      -1904.92      0.977945      196.928
426      33.6405      1.25118      938.386      -2843.3      -1904.91      0.975681      196.935
427      33.7195      1.24665      934.986      -2839.86      -1904.87      0.973429      196.941
428      33.7985      1.24073      930.547      -2835.36      -1904.82      0.971187      196.948
429      33.8775      1.23453      925.894      -2830.66      -1904.77      0.968956      196.955
430      33.9564      1.22905      921.788      -2826.52      -1904.74      0.966737      196.962
431      34.0354      1.22497      918.731      -2823.45      -1904.72      0.964528      196.969
432      34.1144      1.22265      916.986      -2821.7      -1904.71      0.96233      196.976
433      34.1933      1.22227      916.699      -2821.4      -1904.7      0.960143      196.983
434      34.2723      1.22398      917.986      -2822.68      -1904.69      0.957967      196.99
435      34.3513      1.22791      920.932      -2825.62      -1904.69      0.955801      196.998
436      34.4302      1.23403      925.523      -2830.22      -1904.7      0.953646      197.005
437      34.5092      1.24209      931.568      -2836.29      -1904.72      0.9515      197.013
438      34.5882      1.25153      938.645      -2843.4      -1904.76      0.949363      197.02
439      34.6671      1.26151      946.129      -2850.93      -1904.8      0.947235      197.028
440      34.7461      1.27104      953.28      -2858.13      -1904.85      0.945115      197.034
441      34.8251      1.27915      959.365      -2864.25      -1904.88      0.943004      197.041
442      34.904      1.28507      963.801      -2868.7      -1904.9      0.9409      197.047
443      34.983      1.28838      966.283      -2871.18      -1904.89      0.938804      197.053
444      35.062      1.28913      966.851      -2871.72      -1904.87      0.936716      197.059
445      35.1409      1.28785      965.885      -2870.71      -1904.82      0.934636      197.064
446      35.2199      1.28533      963.998      -2868.78      -1904.78      0.932564      197.069
447      35.2989      1.28246      961.843      -2866.59      -1904.75      0.9305      197.074
448      35.3779      1.27987      959.902      -2864.64      -1904.74      0.928445      197.078
449      35.4568      1.27782      958.365      -2863.12      -1904.75      0.9264      197.083
450      35.5358      1.27619      957.144      -2861.92      -1904.78      0.924363      197.088
451      35.6148      1.27467      956.004      -2860.8      -1904.8      0.922335      197.093
452      35.6937      1.273      954.75      -2859.55      -1904.8      0.920317      197.097
453      35.7727      1.27119      953.392      -2858.18      -1904.78      0.918308      197.102
454      35.8517      1.26958      952.189      -2856.95      -1904.76      0.916307      197.107
455      35.9306      1.26874      951.553      -2856.29      -1904.73      0.914316      197.112
456      36.0096      1.26915      951.861      -2856.58      -1904.72      0.912333      197.116
457      36.0886      1.27102      953.262      -2857.99      -1904.73      0.910358      197.121
458      36.1675      1.27417      955.627      -2860.37      -1904.75      0.908392      197.126
459      36.2465      1.27817      958.625      -2863.39      -1904.77      0.906433      197.13
460      36.3255      1.28251      961.883      -2866.66      -1904.78      0.904484      197.135
461      36.4044      1.2868      965.099      -2869.89      -1904.79      0.902542      197.139
462      36.4834      1.29075      968.059      -2872.85      -1904.79      0.900609      197.144
463      36.5624      1.29414      970.607      -2875.41      -1904.8      0.898685      197.148
464      36.6413      1.2968      972.599      -2877.41      -1904.81      0.896769      197.153
465      36.7203      1.29857      973.929      -2878.74      -1904.81      0.894862      197.158
466      36.7993      1.29942      974.564      -2879.38      -1904.81      0.892964      197.163
467      36.8783      1.29941      974.558      -2879.37      -1904.81      0.891074      197.167
468      36.9572      1.29866      973.998      -2878.8      -1904.81      0.889191      197.172
469      37.0362      1.29726      972.948      -2877.75      -1904.81      0.887316      197.177
470      37.1152      1.29526      971.445      -2876.26      -1904.81      0.885448      197.181
471      37.1941      1.2927      969.522      -2874.33      -1904.81      0.883587      197.185
472      37.2731      1.28967      967.254      -2872.06      -1904.8      0.881731      197.189
473      37.3521      1.28635      964.762      -2869.56      -1904.8      0.879882      197.192
474      37.431      1.28292      962.188      -2866.98      -1904.79      0.878038      197.195
475      37.51      1.27957      959.677      -2864.46      -1904.78      0.876201      197.198
476      37.589      1.27655      957.411      -2862.18      -1904.76      0.874372      197.2
477      37.6679      1.27424      955.682      -2860.42      -1904.74      0.87255      197.203
478      37.7469      1.27324      954.932      -2859.63      -1904.7      0.870736      197.206
479      37.8259      1.27427      955.7      -2860.37      -1904.67      0.868931      197.208
480      37.9048      1.27794      958.453      -2863.11      -1904.66      0.867136      197.212
481      37.9838      1.28449      963.368      -2868.04      -1904.67      0.86535      197.216
482      38.0628      1.2936      970.201      -2874.91      -1904.71      0.863574      197.22
483      38.1417      1.30444      978.33      -2883.09      -1904.76      0.861809      197.225
484      38.2207      1.3159      986.922      -2891.73      -1904.81      0.860053      197.231
485      38.2997      1.32681      995.106      -2899.97      -1904.86      0.858307      197.237
486      38.3787      1.33607      1002.05      -2906.96      -1904.91      0.856569      197.244
487      38.4576      1.34271      1007.03      -2911.97      -1904.94      0.854839      197.25
488      38.5366      1.34608      1009.56      -2914.51      -1904.95      0.853115      197.257
489      38.6156      1.34593      1009.45      -2914.39      -1904.94      0.851396      197.263
490      38.6945      1.3424      1006.8      -2911.73      -1904.93      0.84968      197.268
491      38.7735      1.33581      1001.86      -2906.78      -1904.92      0.847968      197.272
492      38.8525      1.32644      994.828      -2899.74      -1904.91      0.846257      197.275
493      38.9314      1.31469      986.014      -2890.89      -1904.87      0.844547      197.277
494      39.0104      1.30139      976.042      -2880.84      -1904.8      0.842838      197.277
495      39.0894      1.28804      966.03      -2870.73      -1904.7      0.841129      197.275
496      39.1683      1.27658      957.435      -2862.05      -1904.61      0.839421      197.272
497      39.2473      1.26878      951.588      -2856.15      -1904.56      0.837714      197.268
498      39.3263      1.26563      949.226      -2853.79      -1904.56      0.836007      197.262
499      39.4052      1.26698      950.233      -2854.85      -1904.62      0.834302      197.255
500      39.4842      1.27163      953.726      -2858.43      -1904.7      0.832598      197.247
501      39.5632      1.27783      958.371      -2863.16      -1904.79      0.830897      197.237
502      39.6421      1.28371      962.78      -2867.64      -1904.86      0.829198      197.227
503      39.7211      1.2878      965.847      -2870.74      -1904.89      0.827502      197.216
504      39.8001      1.28926      966.943      -2871.84      -1904.89      0.825809      197.204
505      39.8791      1.28794      965.957      -2870.82      -1904.87      0.824119      197.191
506      39.958      1.28431      963.231      -2868.05      -1904.82      0.822434      197.177
507      40.037      1.27918      959.383      -2864.16      -1904.78      0.820751      197.162
508      40.116      1.27349      955.118      -2859.86      -1904.74      0.819073      197.147
509      40.1949      1.26804      951.031      -2855.75      -1904.72      0.817398      197.132
510      40.2739      1.26329      947.471      -2852.18      -1904.71      0.815727      197.115
511      40.3529      1.25933      944.494      -2849.22      -1904.73      0.81406      197.098
512      40.4318      1.25587      941.899      -2846.66      -1904.76      0.812397      197.08
513      40.5108      1.25246      939.343      -2844.12      -1904.78      0.810737      197.062
514      40.5898      1.24864      936.481      -2841.28      -1904.8      0.809082      197.043
515      40.6687      1.24414      933.105      -2837.9      -1904.8      0.807431      197.023
516      40.7477      1.23894      929.208      -2833.99      -1904.79      0.805784      197.003
517      40.8267      1.2333      924.973      -2829.74      -1904.77      0.804142      196.983
518      40.9056      1.22766      920.745      -2825.49      -1904.74      0.802505      196.962
519      40.9846      1.22267      917.003      -2821.71      -1904.71      0.800873      196.941
520      41.0636      1.21903      914.271      -2818.95      -1904.68      0.799247      196.92
521      41.1425      1.21734      913.004      -2817.67      -1904.67      0.797628      196.899
522      41.2215      1.21795      913.464      -2818.13      -1904.67      0.796016      196.878
523      41.3005      1.22086      915.642      -2820.33      -1904.69      0.794411      196.857
524      41.3795      1.22568      919.263      -2823.99      -1904.72      0.792815      196.838
525      41.4584      1.2318      923.853      -2828.61      -1904.76      0.791229      196.819
526      41.5374      1.23849      928.867      -2833.66      -1904.79      0.789652      196.8
527      41.6164      1.2451      933.827      -2838.64      -1904.81      0.788085      196.783
528      41.6953      1.25122      938.418      -2843.24      -1904.82      0.786528      196.767
529      41.7743      1.25669      942.517      -2847.33      -1904.81      0.784982      196.753
530      41.8533      1.2615      946.128      -2850.94      -1904.81      0.783447      196.739
531      41.9322      1.26572      949.291      -2854.1      -1904.81      0.781922      196.726
532      42.0112      1.26934      952.002      -2856.81      -1904.81      0.780406      196.715
533      42.0902      1.27224      954.178      -2858.99      -1904.81      0.778899      196.704
534      42.1691      1.2742      955.652      -2860.47      -1904.82      0.7774      196.694
535      42.2481      1.27497      956.229      -2861.06      -1904.83      0.775909      196.684
536      42.3271      1.27434      955.755      -2860.58      -1904.83      0.774425      196.675
537      42.406      1.27226      954.194      -2859.01      -1904.82      0.772946      196.665
538      42.485      1.2689      951.676      -2856.47      -1904.8      0.771472      196.656
539      42.564      1.26466      948.496      -2853.26      -1904.77      0.770004      196.647
540      42.6429      1.26011      945.086      -2849.82      -1904.73      0.768539      196.637
541      42.7219      1.25594      941.958      -2846.66      -1904.7      0.767079      196.627
542      42.8009      1.25282      939.614      -2844.29      -1904.67      0.765624      196.616
543      42.8799      1.25125      938.441      -2843.1      -1904.66      0.764172      196.606
544      42.9588      1.25148      938.612      -2843.28      -1904.67      0.762726      196.595
545      43.0378      1.25337      940.025      -2844.72      -1904.69      0.761284      196.584
546      43.1168      1.25645      942.339      -2847.07      -1904.73      0.759847      196.573
547      43.1957      1.2601      945.072      -2849.83      -1904.76      0.758415      196.562
548      43.2747      1.26362      947.716      -2852.5      -1904.79      0.756989      196.551
549      43.3537      1.26645      949.841      -2854.65      -1904.8      0.755568      196.54
550      43.4326      1.26819      951.139      -2855.95      -1904.81      0.754153      196.529
551      43.5116      1.2686      951.447      -2856.26      -1904.82      0.752743      196.518
552      43.5906      1.26768      950.758      -2855.57      -1904.81      0.751338      196.508
553      43.6695      1.2656      949.203      -2854      -1904.79      0.749939      196.497
554      43.7485      1.26266      946.998      -2851.78      -1904.78      0.748546      196.487
555      43.8275      1.25914      944.356      -2849.13      -1904.78      0.747158      196.476
556      43.9064      1.25522      941.418      -2846.19      -1904.78      0.745777      196.466
557      43.9854      1.25101      938.261      -2843.04      -1904.77      0.744402      196.457
558      44.0644      1.24667      935.006      -2839.77      -1904.76      0.743034      196.448
559      44.1433      1.24259      931.945      -2836.67      -1904.73      0.741673      196.44
560      44.2223      1.23945      929.587      -2834.27      -1904.69      0.740319      196.432
561      44.3013      1.23809      928.564      -2833.21      -1904.65      0.738974      196.425
562      44.3803      1.23925      929.438      -2834.06      -1904.62      0.737636      196.419
563      44.4592      1.24332      932.491      -2837.12      -1904.63      0.736306      196.413
564      44.5382      1.25016      937.619      -2842.27      -1904.66      0.734984      196.409
565      44.6172      1.25917      944.374      -2849.07      -1904.7      0.73367      196.406
566      44.6961      1.26947      952.102      -2856.84      -1904.74      0.732365      196.403
567      44.7751      1.2801      960.079      -2864.86      -1904.78      0.731069      196.402
568      44.8541      1.29015      967.611      -2872.43      -1904.82      0.729782      196.402
569      44.933      1.29879      974.091      -2878.94      -1904.85      0.728503      196.403
570      45.012      1.30535      979.015      -2883.88      -1904.87      0.727234      196.406
571      45.091      1.30936      982.02      -2886.9      -1904.88      0.725975      196.41
572      45.1699      1.31061      982.959      -2887.83      -1904.87      0.724726      196.415
573      45.2489      1.30929      981.967      -2886.8      -1904.83      0.723488      196.422
574      45.3279      1.30594      979.458      -2884.25      -1904.79      0.72226      196.431
575      45.4068      1.30133      976      -2880.76      -1904.76      0.721043      196.442
576      45.4858      1.29618      972.137      -2876.87      -1904.73      0.719837      196.454
577      45.5648      1.29099      968.241      -2872.97      -1904.73      0.718643      196.469
578      45.6437      1.28593      964.447      -2869.18      -1904.73      0.717461      196.486
579      45.7227      1.28092      960.691      -2865.44      -1904.75      0.71629      196.504
580      45.8017      1.27575      956.813      -2861.58      -1904.76      0.71513      196.525
581      45.8807      1.27026      952.692      -2857.46      -1904.77      0.713981      196.548
582      45.9596      1.26447      948.353      -2853.11      -1904.76      0.712844      196.572
583      46.0386      1.25869      944.017      -2848.76      -1904.74      0.711716      196.598
584      46.1176      1.25344      940.077      -2844.79      -1904.71      0.710598      196.626
585      46.1965      1.24936      937.018      -2841.7      -1904.69      0.709489      196.656
586      46.2755      1.24707      935.301      -2839.97      -1904.67      0.708388      196.686
587      46.3545      1.247      935.248      -2839.91      -1904.66      0.707294      196.717
588      46.4334      1.24926      936.943      -2841.62      -1904.67      0.706206      196.749
589      46.5124      1.25359      940.196      -2844.89      -1904.7      0.705123      196.782
590      46.5914      1.25948      944.609      -2849.34      -1904.73      0.704044      196.814
591      46.6703      1.26626      949.694      -2854.45      -1904.75      0.702969      196.847
592      46.7493      1.27333      954.997      -2859.77      -1904.77      0.701896      196.879
593      46.8283      1.2802      960.15      -2864.94      -1904.79      0.700826      196.911
594      46.9072      1.28646      964.847      -2869.65      -1904.8      0.699757      196.942
595      46.9862      1.29174      968.806      -2873.62      -1904.81      0.698689      196.973
596      47.0652      1.29569      971.768      -2876.59      -1904.82      0.697623      197.002
597      47.1441      1.29803      973.524      -2878.35      -1904.83      0.696557      197.031
598      47.2231      1.2986      973.947      -2878.78      -1904.83      0.695492      197.06
599      47.3021      1.29737      973.025      -2877.85      -1904.82      0.694427      197.087
600      47.3811      1.2945      970.877      -2875.68      -1904.8      0.693364      197.114
601      47.46      1.29036      967.771      -2872.55      -1904.78      0.692303      197.14
602      47.539      1.28552      964.136      -2868.88      -1904.74      0.691242      197.166
603      47.618      1.28069      960.52      -2865.22      -1904.7      0.690184      197.191
604      47.6969      1.27667      957.502      -2862.18      -1904.67      0.689127      197.215
605      47.7759      1.27409      955.571      -2860.22      -1904.65      0.688073      197.24
606      47.8549      1.27338      955.039      -2859.68      -1904.65      0.68702      197.264
607      47.9338      1.27468      956.013      -2860.66      -1904.65      0.68597      197.287
608      48.0128      1.27787      958.4      -2863.07      -1904.67      0.684923      197.31
609      48.0918      1.28253      961.9      -2866.6      -1904.7      0.683878      197.334
610      48.1707      1.28802      966.016      -2870.76      -1904.74      0.682836      197.356
611      48.2497      1.29351      970.133      -2874.91      -1904.78      0.681796      197.379
612      48.3287      1.29822      973.667      -2878.47      -1904.8      0.680758      197.401
613      48.4076      1.30162      976.218      -2881.03      -1904.81      0.679721      197.422
614      48.4866      1.30351      977.629      -2882.43      -1904.81      0.678685      197.443
615      48.5656      1.30389      977.917      -2882.72      -1904.8      0.677648      197.462
616      48.6445      1.30284      977.132      -2881.93      -1904.8      0.676611      197.481
617      48.7235      1.30035      975.266      -2880.08      -1904.81      0.675573      197.498
618      48.8025      1.29631      972.232      -2877.06      -1904.82      0.674534      197.514
619      48.8815      1.29055      967.91      -2872.74      -1904.83      0.673493      197.528
620      48.9604      1.28296      962.224      -2867.06      -1904.84      0.67245      197.541
621      49.0394      1.27364      955.228      -2860.06      -1904.83      0.671405      197.552
622      49.1184      1.26287      947.152      -2851.97      -1904.82      0.670359      197.562
623      49.1973      1.25125      938.438      -2843.22      -1904.78      0.669311      197.57
624      49.2763      1.2397      929.777      -2834.51      -1904.74      0.668261      197.577
625      49.3553      1.22946      922.097      -2826.77      -1904.68      0.66721      197.582
626      49.4342      1.22195      916.462      -2821.08      -1904.62      0.666159      197.586
627      49.5132      1.21846      913.847      -2818.43      -1904.58      0.665107      197.589
628      49.5922      1.21973      914.795      -2819.39      -1904.6      0.664055      197.592
629      49.6711      1.22547      919.102      -2823.76      -1904.66      0.663004      197.593
630      49.7501      1.2344      925.797      -2830.55      -1904.75      0.661954      197.594
631      49.8291      1.24465      933.487      -2838.32      -1904.84      0.660906      197.594
632      49.908      1.25445      940.836      -2845.73      -1904.89      0.659859      197.594
633      49.987      1.26254      946.908      -2851.82      -1904.91      0.658815      197.593
634      50.066      1.26841      951.309      -2856.21      -1904.9      0.657773      197.592
635      50.1449      1.27221      954.16      -2859.02      -1904.86      0.656734      197.591
636      50.2239      1.27462      955.965      -2860.78      -1904.81      0.655697      197.59
637      50.3029      1.27654      957.403      -2862.17      -1904.77      0.654664      197.589
638      50.3819      1.27876      959.068      -2863.82      -1904.75      0.653634      197.588
639      50.4608      1.28165      961.241      -2865.99      -1904.75      0.652608      197.587
640      50.5398      1.28511      963.833      -2868.61      -1904.77      0.651586      197.586
641      50.6188      1.28866      966.497      -2871.3      -1904.8      0.650568      197.586
642      50.6977      1.29176      968.82      -2873.64      -1904.82      0.649555      197.586
643      50.7767      1.29394      970.452      -2875.28      -1904.83      0.648547      197.586
644      50.8557      1.29484      971.132      -2875.97      -1904.84      0.647543      197.588
645      50.9346      1.29419      970.643      -2875.49      -1904.85      0.646546      197.589
646      51.0136      1.29169      968.766      -2873.63      -1904.86      0.645553      197.592
647      51.0926      1.28703      965.269      -2870.15      -1904.88      0.644566      197.595
648      51.1715      1.27993      959.945      -2864.84      -1904.89      0.643583      197.599
649      51.2505      1.27028      952.712      -2857.6      -1904.89      0.642606      197.603
650      51.3295      1.25833      943.749      -2848.61      -1904.86      0.641632      197.608
651      51.4084      1.24482      933.617      -2838.42      -1904.8      0.640661      197.612
652      51.4874      1.23103      923.276      -2828.01      -1904.73      0.639693      197.617
653      51.5664      1.2186      913.95      -2818.6      -1904.65      0.638726      197.621
654      51.6453      1.20917      906.878      -2811.47      -1904.59      0.63776      197.624
655      51.7243      1.20403      903.019      -2807.58      -1904.56      0.636795      197.627
656      51.8033      1.20381      902.855      -2807.42      -1904.56      0.635829      197.628
657      51.8823      1.20846      906.342      -2810.94      -1904.6      0.634863      197.629
658      51.9612      1.21732      912.988      -2817.63      -1904.65      0.633897      197.628
659      52.0402      1.22935      922.013      -2826.71      -1904.7      0.63293      197.627
660      52.1192      1.24332      932.492      -2837.25      -1904.76      0.631964      197.624
661      52.1981      1.25793      943.449      -2848.26      -1904.81      0.630998      197.621
662      52.2771      1.27195      953.961      -2858.82      -1904.86      0.630033      197.618
663      52.3561      1.28438      963.284      -2868.16      -1904.88      0.62907      197.614
664      52.435      1.29461      970.956      -2875.84      -1904.89      0.628109      197.609
665      52.514      1.30244      976.829      -2881.71      -1904.88      0.62715      197.605
666      52.593      1.308      981.001      -2885.86      -1904.86      0.626195      197.601
667      52.6719      1.31159      983.693      -2888.54      -1904.85      0.625243      197.596
668      52.7509      1.31352      985.143      -2889.98      -1904.84      0.624295      197.593
669      52.8299      1.3141      985.577      -2890.4      -1904.82      0.62335      197.589
670      52.9088      1.31369      985.266      -2890.07      -1904.8      0.62241      197.586
671      52.9878      1.31281      984.608      -2889.38      -1904.77      0.621475      197.584
672      53.0668      1.31219      984.141      -2888.87      -1904.73      0.620544      197.582
673      53.1457      1.31264      984.48      -2889.17      -1904.69      0.619617      197.58
674      53.2247      1.31485      986.14      -2890.82      -1904.68      0.618695      197.579
675      53.3037      1.31912      989.342      -2894.03      -1904.69      0.617777      197.579
676      53.3827      1.32516      993.868      -2898.6      -1904.73      0.616862      197.578
677      53.4616      1.33209      999.069      -2903.86      -1904.79      0.615951      197.578
678      53.5406      1.33868      1004.01      -2908.86      -1904.85      0.615043      197.578
679      53.6196      1.3436      1007.7      -2912.6      -1904.9      0.614136      197.578
680      53.6985      1.34581      1009.36      -2914.28      -1904.92      0.613232      197.578
681      53.7775      1.34475      1008.57      -2913.49      -1904.92      0.612329      197.577
682      53.8565      1.34044      1005.33      -2910.22      -1904.89      0.611428      197.576
683      53.9354      1.33331      999.98      -2904.84      -1904.86      0.610527      197.574
684      54.0144      1.32405      993.04      -2897.87      -1904.83      0.609627      197.572
685      54.0934      1.31341      985.059      -2889.86      -1904.8      0.608727      197.569
686      54.1723      1.30207      976.552      -2881.32      -1904.77      0.607828      197.565
687      54.2513      1.29066      967.994      -2872.74      -1904.75      0.606931      197.561
688      54.3303      1.27972      959.787      -2864.53      -1904.74      0.606034      197.556
689      54.4092      1.26958      952.188      -2856.93      -1904.74      0.605139      197.551
690      54.4882      1.26036      945.27      -2850.02      -1904.75      0.604245      197.545
691      54.5672      1.25195      938.959      -2843.72      -1904.76      0.603351      197.539
692      54.6461      1.2442      933.147      -2837.92      -1904.77      0.602459      197.532
693      54.7251      1.23711      927.836      -2832.6      -1904.76      0.601566      197.525
694      54.8041      1.231      923.251      -2827.98      -1904.73      0.600673      197.516
695      54.8831      1.22648      919.864      -2824.56      -1904.69      0.59978      197.506
696      54.962      1.22438      918.285      -2822.95      -1904.66      0.598885      197.496
697      55.041      1.22538      919.033      -2823.68      -1904.65      0.597989      197.483
698      55.12      1.2297      922.275      -2826.95      -1904.67      0.597091      197.47
699      55.1989      1.23694      927.707      -2832.42      -1904.72      0.596192      197.455
700      55.2779      1.2462      934.649      -2839.42      -1904.77      0.595292      197.439
701      55.3569      1.25638      942.283      -2847.1      -1904.82      0.594391      197.422
702      55.4358      1.2665      949.877      -2854.72      -1904.85      0.593489      197.403
703      55.5148      1.27586      956.898      -2861.76      -1904.86      0.592588      197.385
704      55.5938      1.28403      963.021      -2867.89      -1904.87      0.591689      197.365
705      55.6727      1.29075      968.062      -2872.93      -1904.87      0.590791      197.346
706      55.7517      1.29588      971.907      -2876.77      -1904.87      0.589895      197.326
707      55.8307      1.2993      974.472      -2879.34      -1904.86      0.589001      197.306
708      55.9096      1.30097      975.729      -2880.59      -1904.86      0.588109      197.286
709      55.9886      1.30101      975.756      -2880.6      -1904.84      0.58722      197.266
710      56.0676      1.2997      974.776      -2879.59      -1904.82      0.586332      197.245
711      56.1465      1.29756      973.172      -2877.96      -1904.79      0.585446      197.225
712      56.2255      1.29524      971.433      -2876.19      -1904.76      0.584561      197.204
713      56.3045      1.29333      969.997      -2874.74      -1904.74      0.583678      197.182
714      56.3835      1.29213      969.099      -2873.85      -1904.75      0.582797      197.161
715      56.4624      1.29157      968.678      -2873.45      -1904.77      0.581917      197.139
716      56.5414      1.29125      968.438      -2873.23      -1904.79      0.581039      197.117
717      56.6204      1.29072      968.044      -2872.84      -1904.8      0.580164      197.095
718      56.6993      1.28978      967.334      -2872.12      -1904.79      0.579292      197.073
719      56.7783      1.28857      966.424      -2871.19      -1904.76      0.578422      197.051
720      56.8573      1.28756      965.671      -2870.4      -1904.73      0.577556      197.03
721      56.9362      1.28737      965.529      -2870.22      -1904.7      0.576695      197.009
722      57.0152      1.28853      966.397      -2871.07      -1904.68      0.575838      196.989
723      57.0942      1.29134      968.502      -2873.18      -1904.67      0.574985      196.97
724      57.1731      1.29583      971.869      -2876.55      -1904.68      0.574137      196.951
725      57.2521      1.3018      976.353      -2881.05      -1904.7      0.573295      196.934
726      57.3311      1.30889      981.665      -2886.38      -1904.72      0.572456      196.917
727      57.41      1.31653      987.399      -2892.15      -1904.75      0.571623      196.901
728      57.489      1.32403      993.024      -2897.81      -1904.79      0.570794      196.886
729      57.568      1.33055      997.909      -2902.73      -1904.83      0.569969      196.872
730      57.6469      1.33521      1001.4      -2906.27      -1904.86      0.569149      196.858
731      57.7259      1.3373      1002.97      -2907.85      -1904.88      0.568334      196.846
732      57.8049      1.33642      1002.31      -2907.19      -1904.88      0.567524      196.834
733      57.8839      1.3326      999.448      -2904.31      -1904.86      0.566719      196.823
734      57.9628      1.32628      994.71      -2899.54      -1904.83      0.565919      196.814
735      58.0418      1.31818      988.638      -2893.43      -1904.79      0.565125      196.805
736      58.1208      1.3091      981.828      -2886.59      -1904.77      0.564337      196.798
737      58.1997      1.29973      974.8      -2879.55      -1904.75      0.563554      196.792
738      58.2787      1.29052      967.888      -2872.64      -1904.76      0.562776      196.787
739      58.3577      1.28161      961.208      -2865.98      -1904.77      0.562005      196.784
740      58.4366      1.27284      954.632      -2859.44      -1904.81      0.561238      196.781
741      58.5156      1.26376      947.822      -2852.67      -1904.85      0.560477      196.78
742      58.5946      1.25381      940.36      -2845.24      -1904.88      0.559722      196.78
743      58.6735      1.24258      931.935      -2836.82      -1904.88      0.558971      196.781
744      58.7525      1.23006      922.541      -2827.41      -1904.86      0.558226      196.783
745      58.8315      1.21682      912.615      -2817.43      -1904.81      0.557486      196.786
746      58.9104      1.20403      903.024      -2807.76      -1904.74      0.55675      196.79
747      58.9894      1.19321      894.907      -2799.58      -1904.67      0.556018      196.795
748      59.0684      1.18582      889.367      -2793.99      -1904.62      0.55529      196.8
749      59.1473      1.18286      887.148      -2791.75      -1904.6      0.554566      196.807
750      59.2263      1.18463      888.47      -2793.09      -1904.62      0.553846      196.813
751      59.3053      1.19077      893.074      -2797.73      -1904.65      0.553129      196.821
752      59.3843      1.20049      900.371      -2805.07      -1904.7      0.552417      196.829
753      59.4632      1.21275      909.563      -2814.31      -1904.75      0.551709      196.838
754      59.5422      1.22632      919.739      -2824.54      -1904.8      0.551005      196.848
755      59.6212      1.23995      929.963      -2834.82      -1904.85      0.550305      196.859
756      59.7001      1.25249      939.367      -2844.26      -1904.89      0.549609      196.87
757      59.7791      1.26299      947.24      -2852.16      -1904.92      0.548916      196.882
758      59.8581      1.27078      953.086      -2858.02      -1904.94      0.548227      196.895
759      59.937      1.27559      956.69      -2861.62      -1904.93      0.54754      196.908
760      60.016      1.27755      958.164      -2863.06      -1904.9      0.546858      196.921
761      60.095      1.27724      957.929      -2862.79      -1904.86      0.546178      196.935
762      60.1739      1.27548      956.613      -2861.43      -1904.81      0.545502      196.95
763      60.2529      1.27319      954.892      -2859.67      -1904.78      0.544829      196.965
764      60.3319      1.27109      953.315      -2858.08      -1904.76      0.544159      196.981
765      60.4108      1.26958      952.183      -2856.94      -1904.76      0.543491      196.996
766      60.4898      1.26875      951.561      -2856.32      -1904.76      0.542824      197.012
767      60.5688      1.26851      951.386      -2856.15      -1904.77      0.542159      197.027
768      60.6477      1.26876      951.57      -2856.34      -1904.77      0.541494      197.042
769      60.7267      1.2694      952.049      -2856.82      -1904.77      0.540828      197.056
770      60.8057      1.27038      952.785      -2857.55      -1904.77      0.540162      197.07
771      60.8847      1.27163      953.725      -2858.5      -1904.77      0.539496      197.082
772      60.9636      1.27306      954.794      -2859.57      -1904.78      0.538829      197.094
773      61.0426      1.27458      955.934      -2860.71      -1904.78      0.538162      197.105
774      61.1216      1.2762      957.154      -2861.92      -1904.77      0.537495      197.115
775      61.2005      1.27809      958.564      -2863.32      -1904.75      0.536828      197.125
776      61.2795      1.28048      960.364      -2865.1      -1904.74      0.536162      197.135
777      61.3585      1.28367      962.751      -2867.48      -1904.73      0.535497      197.144
778      61.4374      1.28774      965.805      -2870.54      -1904.73      0.534834      197.153
779      61.5164      1.29253      969.396      -2874.15      -1904.76      0.534171      197.162
780      61.5954      1.29752      973.14      -2877.93      -1904.79      0.533511      197.171
781      61.6743      1.30196      976.472      -2881.3      -1904.83      0.532853      197.18
782      61.7533      1.3051      978.828      -2883.68      -1904.85      0.532198      197.19
783      61.8323      1.30646      979.846      -2884.69      -1904.85      0.531546      197.2
784      61.9112      1.30598      979.486      -2884.31      -1904.83      0.530898      197.211
785      61.9902      1.30407      978.055      -2882.84      -1904.78      0.530253      197.223
786      62.0692      1.30153      976.146      -2880.88      -1904.74      0.529612      197.235
787      62.1481      1.29929      974.47      -2879.16      -1904.69      0.528974      197.248
788      62.2271      1.29821      973.657      -2878.33      -1904.67      0.528338      197.262
789      62.3061      1.29879      974.093      -2878.76      -1904.67      0.527705      197.275
790      62.3851      1.30114      975.857      -2880.54      -1904.68      0.527074      197.289
791      62.464      1.30504      978.78      -2883.48      -1904.7      0.526445      197.303
792      62.543      1.31006      982.542      -2887.27      -1904.72      0.525818      197.317
793      62.622      1.31572      986.789      -2891.53      -1904.74      0.525191      197.331
794      62.7009      1.32163      991.224      -2895.98      -1904.75      0.524567      197.345
795      62.7799      1.3276      995.696      -2900.45      -1904.75      0.523943      197.358
796      62.8589      1.33362      1000.22      -2904.96      -1904.74      0.523319      197.372
797      62.9378      1.33985      1004.89      -2909.62      -1904.73      0.522697      197.384
798      63.0168      1.34632      1009.74      -2914.49      -1904.75      0.522074      197.397
799      63.0958      1.35276      1014.57      -2919.35      -1904.78      0.521452      197.408
800      63.1747      1.3585      1018.87      -2923.69      -1904.82      0.520829      197.419
801      63.2537      1.36263      1021.98      -2926.84      -1904.86      0.520205      197.43
802      63.3327      1.3643      1023.22      -2928.12      -1904.89      0.519581      197.439
803      63.4116      1.36289      1022.17      -2927.07      -1904.9      0.518955      197.447
804      63.4906      1.35822      1018.67      -2923.56      -1904.89      0.518327      197.454
805      63.5696      1.35058      1012.93      -2917.79      -1904.86      0.517699      197.459
806      63.6485      1.34065      1005.48      -2910.3      -1904.81      0.517069      197.464
807      63.7275      1.3294      997.053      -2901.82      -1904.76      0.516438      197.468
808      63.8065      1.31787      988.404      -2893.13      -1904.73      0.515806      197.471
809      63.8855      1.30687      980.152      -2884.86      -1904.71      0.515174      197.473
810      63.9644      1.29681      972.604      -2877.32      -1904.72      0.51454      197.474
811      64.0434      1.28764      965.732      -2870.47      -1904.74      0.513907      197.474
812      64.1224      1.27903      959.275      -2864.04      -1904.77      0.513272      197.473
813      64.2013      1.27057      952.925      -2857.71      -1904.78      0.512637      197.472
814      64.2803      1.26203      946.52      -2851.3      -1904.78      0.512002      197.47
815      64.3593      1.25355      940.161      -2844.92      -1904.76      0.511366      197.467
816      64.4382      1.24562      934.215      -2838.94      -1904.73      0.51073      197.463
817      64.5172      1.23895      929.213      -2833.9      -1904.69      0.510094      197.459
818      64.5962      1.23426      925.698      -2830.36      -1904.66      0.509458      197.454
819      64.6751      1.23215      924.11      -2828.76      -1904.65      0.508823      197.449
820      64.7541      1.23291      924.684      -2829.33      -1904.65      0.508188      197.444
821      64.8331      1.23651      927.38      -2832.05      -1904.67      0.507554      197.438
822      64.912      1.24244      931.829      -2836.54      -1904.71      0.506921      197.432
823      64.991      1.24979      937.343      -2842.11      -1904.77      0.506289      197.426
824      65.07      1.25733      942.995      -2847.83      -1904.83      0.505659      197.419
825      65.1489      1.26372      947.793      -2852.68      -1904.89      0.505029      197.413
826      65.2279      1.26787      950.901      -2855.82      -1904.92      0.504401      197.406
827      65.3069      1.26912      951.838      -2856.76      -1904.92      0.503775      197.4
828      65.3859      1.26741      950.56      -2855.46      -1904.9      0.503151      197.394
829      65.4648      1.26317      947.379      -2852.24      -1904.86      0.502529      197.388
830      65.5438      1.25703      942.772      -2847.61      -1904.83      0.501909      197.382
831      65.6228      1.24962      937.215      -2842.02      -1904.81      0.501291      197.377
832      65.7017      1.24151      931.13      -2835.91      -1904.78      0.500675      197.371
833      65.7807      1.23326      924.942      -2829.7      -1904.75      0.500062      197.366
834      65.8597      1.22552      919.144      -2823.86      -1904.72      0.49945      197.362
835      65.9386      1.21906      914.295      -2818.98      -1904.68      0.498841      197.357
836      66.0176      1.21457      910.93      -2815.59      -1904.66      0.498235      197.354
837      66.0966      1.21255      909.409      -2814.07      -1904.66      0.497631      197.35
838      66.1755      1.21305      909.79      -2814.47      -1904.68      0.49703      197.347
839      66.2545      1.21568      911.761      -2816.49      -1904.73      0.496432      197.345
840      66.3335      1.21959      914.694      -2819.48      -1904.78      0.495838      197.344
841      66.4124      1.2237      917.776      -2822.62      -1904.84      0.495247      197.343
842      66.4914      1.22694      920.206      -2825.09      -1904.88      0.494659      197.343
843      66.5704      1.22855      921.416      -2826.31      -1904.9      0.494074      197.344
844      66.6493      1.22834      921.255      -2826.13      -1904.88      0.493493      197.346
845      66.7283      1.22673      920.047      -2824.88      -1904.83      0.492914      197.348
846      66.8073      1.22464      918.481      -2823.26      -1904.78      0.492338      197.351
847      66.8863      1.22308      917.308      -2822.06      -1904.75      0.491765      197.354
848      66.9652      1.22271      917.035      -2821.78      -1904.74      0.491193      197.357
849      67.0442      1.22378      917.833      -2822.58      -1904.75      0.490622      197.36
850      67.1232      1.2262      919.649      -2824.4      -1904.75      0.490052      197.363
851      67.2021      1.22984      922.383      -2827.14      -1904.76      0.489482      197.365
852      67.2811      1.23459      925.939      -2830.7      -1904.76      0.488911      197.367
853      67.3601      1.24021      930.159      -2834.94      -1904.78      0.488339      197.367
854      67.439      1.24636      934.773      -2839.57      -1904.8      0.487767      197.367
855      67.518      1.2526      939.452      -2844.27      -1904.82      0.487195      197.367
856      67.597      1.25853      943.899      -2848.73      -1904.83      0.486624      197.366
857      67.6759      1.26387      947.904      -2852.74      -1904.84      0.486055      197.365
858      67.7549      1.26853      951.396      -2856.22      -1904.83      0.485488      197.365
859      67.8339      1.27269      954.519      -2859.32      -1904.8      0.484925      197.366
860      67.9128      1.27688      957.659      -2862.42      -1904.76      0.484366      197.368
861      67.9918      1.28184      961.379      -2866.1      -1904.72      0.483811      197.371
862      68.0708      1.28827      966.199      -2870.9      -1904.7      0.483262      197.376
863      68.1497      1.29641      972.31      -2877.03      -1904.72      0.482719      197.383
864      68.2287      1.30585      979.386      -2884.15      -1904.77      0.48218      197.391
865      68.3077      1.31558      986.683      -2891.5      -1904.82      0.481646      197.401
866      68.3867      1.32444      993.327      -2898.19      -1904.86      0.481116      197.411
867      68.4656      1.33144      998.58      -2903.46      -1904.88      0.480588      197.423
868      68.5446      1.33597      1001.98      -2906.87      -1904.89      0.480063      197.434
869      68.6236      1.33777      1003.33      -2908.21      -1904.88      0.47954      197.447
870      68.7025      1.3369      1002.68      -2907.54      -1904.87      0.479018      197.459
871      68.7815      1.33367      1000.25      -2905.09      -1904.84      0.478498      197.471
872      68.8605      1.32857      996.426      -2901.24      -1904.81      0.477978      197.483
873      68.9394      1.32229      991.721      -2896.49      -1904.77      0.477459      197.495
874      69.0184      1.31566      986.747      -2891.48      -1904.73      0.476941      197.506
875      69.0974      1.30955      982.165      -2886.86      -1904.7      0.476423      197.517
876      69.1763      1.30481      978.61      -2883.27      -1904.66      0.475905      197.528
877      69.2553      1.30216      976.624      -2881.27      -1904.64      0.475388      197.539
878      69.3343      1.30208      976.563      -2881.2      -1904.64      0.474871      197.549
879      69.4132      1.30465      978.49      -2883.15      -1904.66      0.474354      197.559
880      69.4922      1.30947      982.103      -2886.8      -1904.7      0.473838      197.568
881      69.5712      1.31563      986.722      -2891.48      -1904.76      0.473322      197.577
882      69.6501      1.32187      991.404      -2896.23      -1904.83      0.472805      197.586
883      69.7291      1.32688      995.159      -2900.04      -1904.88      0.472288      197.593
884      69.8081      1.32956      997.169      -2902.07      -1904.91      0.47177      197.6
885      69.8871      1.32926      996.947      -2901.85      -1904.91      0.471251      197.606
886      69.966      1.32585      994.391      -2899.28      -1904.89      0.47073      197.61
887      70.045      1.31969      989.768      -2894.62      -1904.85      0.470206      197.614
888      70.124      1.3115      983.625      -2888.43      -1904.81      0.46968      197.615
889      70.2029      1.30218      976.633      -2881.4      -1904.77      0.469151      197.615
890      70.2819      1.29257      969.431      -2874.17      -1904.74      0.468619      197.613
891      70.3609      1.2833      962.471      -2867.21      -1904.73      0.468085      197.609
892      70.4398      1.27463      955.972      -2860.71      -1904.74      0.467547      197.604
893      70.5188      1.26665      949.989      -2854.74      -1904.75      0.467007      197.597
894      70.5978      1.2594      944.547      -2849.29      -1904.75      0.466465      197.588
895      70.6767      1.25302      939.766      -2844.5      -1904.74      0.465921      197.579
896      70.7557      1.24782      935.868      -2840.59      -1904.72      0.465377      197.568
897      70.8347      1.2441      933.075      -2837.79      -1904.72      0.464832      197.557
898      70.9136      1.24198      931.485      -2836.21      -1904.72      0.464287      197.546
899      70.9926      1.24143      931.069      -2835.8      -1904.73      0.463743      197.534
900      71.0716      1.24235      931.764      -2836.49      -1904.73      0.463201      197.522
901      71.1505      1.24474      933.554      -2838.28      -1904.72      0.46266      197.511
902      71.2295      1.24863      936.469      -2841.19      -1904.72      0.462122      197.501
903      71.3085      1.25401      940.51      -2845.23      -1904.72      0.461587      197.491
904      71.3875      1.26079      945.596      -2850.32      -1904.73      0.461055      197.481
905      71.4664      1.26871      951.536      -2856.28      -1904.74      0.460527      197.473
906      71.5454      1.27736      958.021      -2862.79      -1904.77      0.460002      197.466
907      71.6244      1.2862      964.65      -2869.44      -1904.79      0.459481      197.46
908      71.7033      1.29461      970.958      -2875.78      -1904.82      0.458963      197.455
909      71.7823      1.30195      976.463      -2881.31      -1904.85      0.458448      197.451
910      71.8613      1.30762      980.714      -2885.58      -1904.87      0.457935      197.447
911      71.9402      1.3111      983.324      -2888.21      -1904.89      0.457425      197.444
912      72.0192      1.31193      983.944      -2888.86      -1904.91      0.456917      197.441
913      72.0982      1.30965      982.238      -2887.17      -1904.93      0.45641      197.438
914      72.1771      1.30394      977.951      -2882.88      -1904.93      0.455905      197.436
915      72.2561      1.29481      971.109      -2876.02      -1904.91      0.455401      197.433
916      72.3351      1.28292      962.187      -2867.03      -1904.85      0.454898      197.431
917      72.414      1.26953      952.151      -2856.91      -1904.76      0.454396      197.428
918      72.493      1.25639      942.295      -2846.97      -1904.67      0.453896      197.426
919      72.572      1.24527      933.955      -2838.56      -1904.6      0.453396      197.423
920      72.6509      1.23757      928.179      -2832.75      -1904.57      0.452899      197.421
921      72.7299      1.23396      925.467      -2830.05      -1904.58      0.452403      197.419
922      72.8089      1.23423      925.674      -2830.3      -1904.63      0.45191      197.418
923      72.8879      1.2375      928.122      -2832.81      -1904.69      0.451419      197.418
924      72.9668      1.24246      931.847      -2836.6      -1904.75      0.450931      197.418
925      73.0458      1.24786      935.896      -2840.69      -1904.79      0.450447      197.42
926      73.1248      1.25275      939.561      -2844.38      -1904.81      0.449966      197.422
927      73.2037      1.25662      942.466      -2847.28      -1904.81      0.449489      197.425
928      73.2827      1.25936      944.523      -2849.33      -1904.8      0.449015      197.43
929      73.3617      1.26105      945.788      -2850.59      -1904.8      0.448544      197.435
930      73.4406      1.26173      946.296      -2851.1      -1904.8      0.448075      197.442
931      73.5196      1.26132      945.99      -2850.81      -1904.82      0.44761      197.449
932      73.5986      1.25966      944.747      -2849.57      -1904.82      0.447146      197.456
933      73.6775      1.25668      942.509      -2847.33      -1904.82      0.446684      197.463
934      73.7565      1.25256      939.42      -2844.21      -1904.79      0.446223      197.471
935      73.8355      1.24785      935.887      -2840.64      -1904.76      0.445763      197.479
936      73.9144      1.24335      932.514      -2837.23      -1904.72      0.445303      197.486
937      73.9934      1.23989      929.921      -2834.61      -1904.69      0.444843      197.493
938      74.0724      1.23803      928.526      -2833.21      -1904.69      0.444383      197.499
939      74.1513      1.23786      928.395      -2833.1      -1904.71      0.443923      197.505
940      74.2303      1.23896      929.22      -2833.97      -1904.75      0.443462      197.51
941      74.3093      1.24059      930.446      -2835.24      -1904.79      0.443001      197.514
942      74.3883      1.242      931.501      -2836.32      -1904.82      0.442539      197.518
943      74.4672      1.24268      932.006      -2836.83      -1904.82      0.442077      197.522
944      74.5462      1.24252      931.892      -2836.7      -1904.81      0.441615      197.524
945      74.6252      1.2418      931.346      -2836.14      -1904.8      0.441153      197.527
946      74.7041      1.24087      930.65      -2835.43      -1904.78      0.440691      197.529
947      74.7831      1.24003      930.019      -2834.8      -1904.78      0.440229      197.53
948      74.8621      1.23939      929.542      -2834.32      -1904.78      0.439768      197.532
949      74.941      1.23896      929.22      -2834      -1904.78      0.439306      197.532
950      75.02      1.23874      929.057      -2833.83      -1904.78      0.438845      197.533
951      75.099      1.23884      929.128      -2833.89      -1904.76      0.438383      197.533
952      75.1779      1.23945      929.588      -2834.34      -1904.75      0.437922      197.532
953      75.2569      1.24082      930.615      -2835.36      -1904.74      0.437461      197.532
954      75.3359      1.24309      932.315      -2837.05      -1904.74      0.437001      197.531
955      75.4148      1.24623      934.676      -2839.42      -1904.74      0.436541      197.53
956      75.4938      1.25013      937.598      -2842.34      -1904.75      0.436082      197.529
957      75.5728      1.25459      940.941      -2845.69      -1904.75      0.435624      197.528
958      75.6517      1.25936      944.517      -2849.28      -1904.76      0.435167      197.527
959      75.7307      1.2641      948.076      -2852.86      -1904.78      0.43471      197.526
960      75.8097      1.26842      951.312      -2856.11      -1904.79      0.434255      197.524
961      75.8887      1.2719      953.922      -2858.73      -1904.81      0.4338      197.523
962      75.9676      1.27426      955.693      -2860.5      -1904.81      0.433345      197.521
963      76.0466      1.27543      956.575      -2861.37      -1904.8      0.43289      197.519
964      76.1256      1.2756      956.7      -2861.48      -1904.78      0.432435      197.516
965      76.2045      1.27514      956.352      -2861.11      -1904.75      0.431979      197.512
966      76.2835      1.27454      955.903      -2860.63      -1904.73      0.431522      197.508
967      76.3625      1.27435      955.76      -2860.47      -1904.71      0.431065      197.503
968      76.4414      1.27506      956.293      -2860.98      -1904.69      0.430606      197.497
969      76.5204      1.27706      957.794      -2862.48      -1904.68      0.430146      197.49
970      76.5994      1.28059      960.442      -2865.12      -1904.68      0.429684      197.481
971      76.6783      1.28574      964.307      -2868.99      -1904.69      0.429221      197.472
972      76.7573      1.29248      969.358      -2874.05      -1904.69      0.428756      197.461
973      76.8363      1.30061      975.456      -2880.17      -1904.71      0.428288      197.449
974      76.9152      1.30979      982.339      -2887.07      -1904.73      0.427819      197.435
975      76.9942      1.31948      989.607      -2894.37      -1904.77      0.427348      197.42
976      77.0732      1.32896      996.718      -2901.53      -1904.81      0.426875      197.404
977      77.1521      1.33736      1003.02      -2907.87      -1904.85      0.426401      197.386
978      77.2311      1.34374      1007.8      -2912.7      -1904.9      0.425925      197.368
979      77.3101      1.34729      1010.46      -2915.39      -1904.93      0.425448      197.348
980      77.3891      1.34748      1010.61      -2915.54      -1904.94      0.42497      197.328
981      77.468      1.34416      1008.12      -2913.05      -1904.93      0.424491      197.307
982      77.547      1.33754      1003.15      -2908.07      -1904.92      0.424012      197.285
983      77.626      1.32802      996.017      -2900.92      -1904.9      0.423533      197.263
984      77.7049      1.31623      987.172      -2892.04      -1904.87      0.423054      197.24
985      77.7839      1.30305      977.287      -2882.1      -1904.81      0.422575      197.217
986      77.8629      1.28977      967.328      -2872.07      -1904.74      0.422097      197.194
987      77.9418      1.27799      958.49      -2863.16      -1904.67      0.42162      197.171
988      78.0208      1.26921      951.904      -2856.53      -1904.62      0.421143      197.148
989      78.0998      1.26435      948.261      -2852.88      -1904.62      0.420669      197.125
990      78.1787      1.2636      947.698      -2852.32      -1904.63      0.420195      197.102
991      78.2577      1.26669      950.019      -2854.66      -1904.64      0.419723      197.08
992      78.3367      1.27326      954.942      -2859.59      -1904.65      0.419253      197.057
993      78.4156      1.28283      962.126      -2866.79      -1904.67      0.418785      197.036
994      78.4946      1.29472      971.043      -2875.76      -1904.71      0.418318      197.014
995      78.5736      1.30784      980.878      -2885.65      -1904.78      0.417854      196.993
996      78.6525      1.32078      990.583      -2895.42      -1904.84      0.417391      196.973
997      78.7315      1.3321      999.072      -2903.97      -1904.89      0.41693      196.953
998      78.8105      1.34058      1005.44      -2910.37      -1904.93      0.416471      196.934
999      78.8895      1.34549      1009.12      -2914.05      -1904.94      0.416016      196.915
1000      78.9684      1.34659      1009.94      -2914.87      -1904.92      0.415563      196.898
1000      78.9684      1.34659      1009.94      -2914.87      -1904.92      0.415563      196.898
Execution time in seconds: 1.8755
