Timestep Time Temperature KineticEnergy PotentialEnergy TotalEnergy DiffusionConstant MeanSquareDisplacement
1      0.0684526      2.42398      1817.99      -3723.56      -1905.57      479.994      197.141
2      0.136905      2.39738      1798.03      -3703.63      -1905.59      240.009      197.151
3      0.205358      2.35282      1764.61      -3670.24      -1905.63      160.015      197.162
4      0.273811      2.28999      1717.49      -3623.16      -1905.67      120.018      197.173
5      0.342263      2.2086      1656.45      -3562.16      -1905.71      96.0199      197.184
6      0.410716      2.10855      1581.41      -3487.15      -1905.74      80.0213      197.196
7      0.479168      1.99028      1492.71      -3398.43      -1905.72      68.5938      197.208
8      0.547621      1.8552      1391.4      -3297.04      -1905.64      60.0231      197.22
9      0.616074      1.70622      1279.66      -3185.12      -1905.46      53.3571      197.231
10      0.684526      1.5481      1161.08      -3066.25      -1905.18      48.0241      197.243
11      0.752979      1.38762      1040.72      -2945.53      -1904.81      43.6607      197.254
12      0.821432      1.23304      924.777      -2829.19      -1904.41      40.0245      197.264
13      0.889884      1.09298      819.736      -2723.8      -1904.06      36.9475      197.274
14      0.958337      0.974926      731.194      -2635.03      -1903.83      34.3099      197.283
15      1.02679      0.88379      662.842      -2566.6      -1903.76      32.0239      197.291
16      1.09524      0.821248      615.936      -2519.77      -1903.83      30.0235      197.298
17      1.16369      0.78592      589.44      -2493.45      -1904.01      28.2584      197.305
18      1.23215      0.774205      580.654      -2484.88      -1904.23      26.6892      197.31
19      1.3006      0.781367      586.025      -2490.48      -1904.45      25.2852      197.315
20      1.36905      0.802468      601.851      -2506.5      -1904.65      24.0214      197.32
21      1.43751      0.832997      624.748      -2529.55      -1904.81      22.878      197.323
22      1.50596      0.869153      651.864      -2556.79      -1904.93      21.8384      197.326
23      1.57441      0.907906      680.93      -2585.95      -1905.02      20.8892      197.329
24      1.64286      0.946922      710.191      -2615.27      -1905.08      20.0191      197.331
25      1.71132      0.984403      738.302      -2643.43      -1905.13      19.2185      197.333
26      1.77977      1.01894      764.207      -2669.37      -1905.17      18.4795      197.335
27      1.84822      1.04943      787.073      -2692.27      -1905.2      17.7952      197.336
28      1.91667      1.07502      806.265      -2711.48      -1905.22      17.1597      197.337
29      1.98513      1.09518      821.382      -2726.6      -1905.22      16.5681      197.339
30      2.05358      1.10973      832.296      -2737.5      -1905.2      16.0159      197.34
31      2.12203      1.11892      839.193      -2744.36      -1905.17      15.4994      197.341
32      2.19048      1.1234      842.55      -2747.68      -1905.13      15.0151      197.342
33      2.25894      1.12409      843.071      -2748.15      -1905.08      14.5602      197.344
34      2.32739      1.12207      841.551      -2746.58      -1905.03      14.1321      197.346
35      2.39584      1.11834      838.755      -2743.75      -1905      13.7285      197.348
36      2.46429      1.11377      835.33      -2740.3      -1904.97      13.3473      197.351
37      2.53275      1.10904      831.78      -2736.73      -1904.95      12.9868      197.354
38      2.6012      1.10472      828.541      -2733.47      -1904.93      12.6453      197.357
39      2.66965      1.10142      826.068      -2730.97      -1904.91      12.3213      197.361
40      2.73811      1.09982      824.869      -2729.74      -1904.88      12.0135      197.365
41      2.80656      1.10059      825.442      -2730.3      -1904.86      11.7207      197.37
42      2.87501      1.10415      828.112      -2732.97      -1904.86      11.4419      197.374
43      2.94346      1.1105      832.875      -2737.76      -1904.88      11.1761      197.379
44      3.01192      1.11915      839.364      -2744.28      -1904.92      10.9224      197.383
45      3.08037      1.12933      846.995      -2751.95      -1904.96      10.6799      197.388
46      3.14882      1.14022      855.165      -2760.15      -1904.98      10.4479      197.392
47      3.21727      1.1512      863.4      -2768.4      -1905      10.2258      197.396
48      3.28573      1.16188      871.409      -2776.41      -1905      10.0129      197.399
49      3.35418      1.17206      879.044      -2784.04      -1905      9.80872      197.401
50      3.42263      1.18164      886.233      -2791.23      -1905      9.61261      197.403
51      3.49108      1.19057      892.93      -2797.93      -1905      9.42415      197.403
52      3.55954      1.19879      899.095      -2804.09      -1904.99      9.24288      197.402
53      3.62799      1.20629      904.721      -2809.71      -1904.99      9.06838      197.4
54      3.69644      1.21316      909.87      -2814.85      -1904.98      8.90028      197.396
55      3.76489      1.21959      914.696      -2819.66      -1904.96      8.73823      197.391
56      3.83335      1.22591      919.43      -2824.37      -1904.94      8.5819      197.385
57      3.9018      1.23245      924.34      -2829.26      -1904.92      8.431      197.376
58      3.97025      1.23954      929.657      -2834.57      -1904.91      8.28524      197.367
59      4.03871      1.24733      935.495      -2840.41      -1904.92      8.14438      197.356
60      4.10716      1.25572      941.793      -2846.73      -1904.94      8.00816      197.345
61      4.17561      1.2644      948.299      -2853.26      -1904.96      7.87639      197.332
62      4.24406      1.27282      954.613      -2859.61      -1904.99      7.74884      197.319
63      4.31252      1.28036      960.27      -2865.29      -1905.02      7.62533      197.306
64      4.38097      1.28646      964.843      -2869.89      -1905.04      7.50568      197.293
65      4.44942      1.29071      968.034      -2873.09      -1905.06      7.38971      197.28
66      4.51787      1.29293      969.7      -2874.76      -1905.06      7.27728      197.267
67      4.58633      1.29312      969.838      -2874.89      -1905.06      7.16822      197.255
68      4.65478      1.29139      968.539      -2873.59      -1905.05      7.0624      197.243
69      4.72323      1.28794      965.953      -2871      -1905.04      6.95968      197.233
70      4.79168      1.28304      962.276      -2867.31      -1905.03      6.85993      197.224
71      4.86014      1.27704      957.781      -2862.8      -1905.02      6.76304      197.216
72      4.92859      1.27045      952.837      -2857.83      -1904.99      6.66887      197.209
73      4.99704      1.2639      947.921      -2852.88      -1904.96      6.57733      197.203
74      5.06549      1.25812      943.587      -2848.51      -1904.93      6.4883      197.199
75      5.13395      1.25381      940.358      -2845.26      -1904.91      6.40167      197.195
76      5.2024      1.25146      938.593      -2843.49      -1904.9      6.31736      197.193
77      5.27085      1.25122      938.412      -2843.32      -1904.9      6.23526      197.191
78      5.33931      1.253      939.753      -2844.66      -1904.91      6.15531      197.19
79      5.40776      1.25666      942.498      -2847.41      -1904.91      6.0774      197.191
80      5.47621      1.26212      946.586      -2851.49      -1904.9      6.00148      197.192
81      5.54466      1.26937      952.028      -2856.92      -1904.89      5.92747      197.195
82      5.61312      1.27842      958.816      -2863.71      -1904.89      5.85529      197.199
83      5.68157      1.2891      966.824      -2871.73      -1904.91      5.78489      197.204
84      5.75002      1.301      975.751      -2880.68      -1904.93      5.7162      197.21
85      5.81847      1.31352      985.137      -2890.1      -1904.96      5.64916      197.217
86      5.88693      1.32594      994.453      -2899.44      -1904.99      5.58372      197.226
87      5.95538      1.33761      1003.21      -2908.21      -1905.01      5.5198      197.235
88      6.02383      1.34802      1011.01      -2916.03      -1905.01      5.45737      197.246
89      6.09228      1.35687      1017.65      -2922.67      -1905.02      5.39636      197.257
90      6.16074      1.36403      1023.02      -2928.04      -1905.02      5.33672      197.269
91      6.22919      1.36947      1027.1      -2932.11      -1905.01      5.27841      197.281
92      6.29764      1.37313      1029.85      -2934.87      -1905.02      5.22138      197.294
93      6.36609      1.37494      1031.2      -2936.22      -1905.02      5.16559      197.308
94      6.43455      1.37478      1031.08      -2936.11      -1905.03      5.11099      197.321
95      6.503      1.37263      1029.47      -2934.49      -1905.02      5.05754      197.335
96      6.57145      1.36864      1026.48      -2931.48      -1905.01      5.0052      197.348
97      6.63991      1.36314      1022.36      -2927.34      -1904.98      4.95393      197.362
98      6.70836      1.35668      1017.51      -2922.46      -1904.95      4.9037      197.375
99      6.77681      1.34983      1012.37      -2917.3      -1904.93      4.85448      197.387
100      6.84526      1.34317      1007.37      -2912.29      -1904.91      4.80623      197.399
101      6.91372      1.33706      1002.8      -2907.7      -1904.91      4.75892      197.411
102      6.98217      1.33168      998.757      -2903.67      -1904.91      4.71253      197.422
103      7.05062      1.32697      995.225      -2900.15      -1904.92      4.66703      197.433
104      7.11907      1.32275      992.059      -2897      -1904.94      4.62238      197.442
105      7.18753      1.31877      989.074      -2894.02      -1904.95      4.57857      197.452
106      7.25598      1.31476      986.073      -2891.03      -1904.96      4.53557      197.46
107      7.32443      1.31049      982.864      -2887.84      -1904.98      4.49335      197.467
108      7.39288      1.30568      979.262      -2884.25      -1904.99      4.45189      197.474
109      7.46134      1.30014      975.102      -2880.1      -1905      4.41117      197.48
110      7.52979      1.2937      970.277      -2875.28      -1905      4.37117      197.484
111      7.59824      1.28637      964.78      -2869.77      -1904.99      4.33186      197.487
112      7.66669      1.27836      958.772      -2863.75      -1904.98      4.29323      197.489
113      7.73515      1.27012      952.592      -2857.54      -1904.95      4.25524      197.49
114      7.8036      1.26228      946.711      -2851.63      -1904.92      4.2179      197.489
115      7.87205      1.25548      941.611      -2846.51      -1904.9      4.18117      197.487
116      7.94051      1.25019      937.64      -2842.53      -1904.89      4.14505      197.483
117      8.00896      1.24658      934.934      -2839.83      -1904.9      4.10952      197.478
118      8.07741      1.2446      933.448      -2838.35      -1904.91      4.07457      197.472
119      8.14586      1.24402      933.019      -2837.94      -1904.92      4.04017      197.464
120      8.21432      1.24457      933.428      -2838.36      -1904.93      4.00633      197.456
121      8.28277      1.24591      934.435      -2839.38      -1904.95      3.97303      197.446
122      8.35122      1.24774      935.805      -2840.76      -1904.96      3.94025      197.435
123      8.41967      1.24978      937.332      -2842.29      -1904.96      3.90799      197.424
124      8.48813      1.25183      938.874      -2843.83      -1904.96      3.87623      197.411
125      8.55658      1.25381      940.357      -2845.32      -1904.96      3.84496      197.398
126      8.62503      1.25565      941.735      -2846.69      -1904.96      3.81417      197.384
127      8.69348      1.25725      942.94      -2847.91      -1904.97      3.78386      197.37
128      8.76194      1.25846      943.843      -2848.82      -1904.98      3.75401      197.355
129      8.83039      1.25899      944.241      -2849.23      -1904.99      3.72462      197.339
130      8.89884      1.25853      943.9      -2848.9      -1905      3.69567      197.323
131      8.96729      1.25683      942.623      -2847.63      -1905.01      3.66716      197.307
132      9.03575      1.25376      940.318      -2845.33      -1905.01      3.63908      197.291
133      9.1042      1.24938      937.036      -2842.03      -1905      3.61143      197.275
134      9.17265      1.24394      932.957      -2837.94      -1904.98      3.58419      197.259
135      9.24111      1.23781      928.356      -2833.32      -1904.96      3.55736      197.243
136      9.30956      1.23144      923.577      -2828.51      -1904.94      3.53093      197.228
137      9.37801      1.22535      919.013      -2823.92      -1904.91      3.50489      197.213
138      9.44646      1.22013      915.101      -2819.99      -1904.88      3.47924      197.199
139      9.51492      1.21641      912.305      -2817.16      -1904.86      3.45396      197.185
140      9.58337      1.21476      911.067      -2815.9      -1904.83      3.42906      197.172
141      9.65182      1.21566      911.746      -2816.57      -1904.82      3.40452      197.159
142      9.72027      1.2194      914.552      -2819.37      -1904.82      3.38034      197.147
143      9.78873      1.226      919.502      -2824.34      -1904.83      3.3565      197.135
144      9.85718      1.23518      926.384      -2831.24      -1904.86      3.33301      197.124
145      9.92563      1.24635      934.764      -2839.66      -1904.9      3.30985      197.114
146      9.99408      1.25869      944.021      -2848.96      -1904.94      3.28701      197.104
147      10.0625      1.27125      953.441      -2858.42      -1904.98      3.26449      197.094
148      10.131      1.2831      962.323      -2867.34      -1905.02      3.24228      197.085
149      10.1994      1.29344      970.081      -2875.12      -1905.04      3.22038      197.076
150      10.2679      1.30175      976.313      -2881.36      -1905.05      3.19877      197.068
151      10.3363      1.30777      980.827      -2885.87      -1905.05      3.17745      197.06
152      10.4048      1.31152      983.641      -2888.67      -1905.03      3.15642      197.052
153      10.4733      1.31326      984.944      -2889.95      -1905.01      3.13567      197.044
154      10.5417      1.3134      985.053      -2890.04      -1904.98      3.11519      197.036
155      10.6102      1.31244      984.331      -2889.29      -1904.96      3.09497      197.029
156      10.6786      1.31081      983.108      -2888.05      -1904.95      3.07502      197.022
157      10.7471      1.30881      981.604      -2886.55      -1904.94      3.05533      197.015
158      10.8155      1.30653      979.894      -2884.84      -1904.95      3.03589      197.008
159      10.884      1.3039      977.922      -2882.88      -1904.96      3.0167      197.002
160      10.9524      1.30075      975.56      -2880.53      -1904.97      2.99775      196.996
161      11.0209      1.29689      972.669      -2877.65      -1904.98      2.97906      196.991
162      11.0893      1.29221      969.159      -2874.14      -1904.98      2.9606      196.986
163      11.1578      1.2867      965.025      -2870      -1904.97      2.94238      196.983
164      11.2262      1.28047      960.354      -2865.31      -1904.96      2.9244      196.98
165      11.2947      1.27376      955.321      -2860.27      -1904.95      2.90665      196.978
166      11.3631      1.26691      950.183      -2855.11      -1904.93      2.88914      196.978
167      11.4316      1.26033      945.249      -2850.15      -1904.91      2.87185      196.979
168      11.5      1.25448      940.857      -2845.74      -1904.88      2.85478      196.98
169      11.5685      1.24976      937.322      -2842.19      -1904.87      2.83793      196.983
170      11.6369      1.24652      934.888      -2839.75      -1904.86      2.82129      196.987
171      11.7054      1.24492      933.688      -2838.55      -1904.86      2.80486      196.992
172      11.7739      1.24495      933.71      -2838.58      -1904.87      2.78864      196.998
173      11.8423      1.24642      934.813      -2839.7      -1904.89      2.77261      197.005
174      11.9108      1.24902      936.762      -2841.67      -1904.9      2.75678      197.012
175      11.9792      1.2524      939.3      -2844.22      -1904.92      2.74113      197.019
176      12.0477      1.25627      942.205      -2847.13      -1904.93      2.72566      197.027
177      12.1161      1.26044      945.326      -2850.26      -1904.93      2.71038      197.036
178      12.1846      1.26478      948.586      -2853.52      -1904.93      2.69527      197.044
179      12.253      1.26928      951.962      -2856.89      -1904.93      2.68033      197.053
180      12.3215      1.27394      955.456      -2860.39      -1904.93      2.66555      197.061
181      12.3899      1.27876      959.07      -2864      -1904.93      2.65094      197.07
182      12.4584      1.28376      962.821      -2867.75      -1904.93      2.6365      197.079
183      12.5268      1.28898      966.736      -2871.66      -1904.93      2.62221      197.088
184      12.5953      1.29444      970.831      -2875.76      -1904.93      2.60809      197.098
185      12.6637      1.30007      975.053      -2880      -1904.94      2.59412      197.107
186      12.7322      1.30564      979.234      -2884.2      -1904.96      2.58031      197.118
187      12.8006      1.31077      983.081      -2888.07      -1904.99      2.56665      197.128
188      12.8691      1.31499      986.243      -2891.25      -1905.01      2.55314      197.14
189      12.9375      1.31789      988.421      -2893.44      -1905.02      2.53978      197.151
190      13.006      1.31934      989.503      -2894.51      -1905.01      2.52657      197.164
191      13.0745      1.31951      989.631      -2894.62      -1904.99      2.51351      197.176
192      13.1429      1.31887      989.15      -2894.12      -1904.97      2.50058      197.19
193      13.2114      1.31786      988.398      -2893.36      -1904.96      2.4878      197.203
194      13.2798      1.31662      987.463      -2892.44      -1904.98      2.47515      197.218
195      13.3483      1.31479      986.094      -2891.11      -1905.01      2.46264      197.232
196      13.4167      1.31179      983.843      -2888.89      -1905.04      2.45026      197.247
197      13.4852      1.30707      980.302      -2885.36      -1905.06      2.43801      197.262
198      13.5536      1.30037      975.277      -2880.33      -1905.05      2.42588      197.277
199      13.6221      1.29182      968.865      -2873.9      -1905.03      2.41387      197.291
200      13.6905      1.28192      961.441      -2866.44      -1905      2.40198      197.306
201      13.759      1.27151      953.633      -2858.58      -1904.95      2.3902      197.32
202      13.8274      1.26166      946.244      -2851.14      -1904.9      2.37853      197.333
203      13.8959      1.25353      940.15      -2844.99      -1904.84      2.36696      197.346
204      13.9643      1.24822      936.166      -2840.97      -1904.81      2.3555      197.358
205      14.0328      1.24653      934.894      -2839.69      -1904.79      2.34414      197.369
206      14.1012      1.2488      936.6      -2841.4      -1904.8      2.33288      197.379
207      14.1697      1.25492      941.188      -2846.01      -1904.83      2.32171      197.387
208      14.2381      1.26434      948.258      -2853.12      -1904.86      2.31063      197.395
209      14.3066      1.27625      957.187      -2862.1      -1904.91      2.29965      197.401
210      14.3751      1.2896      967.198      -2872.16      -1904.96      2.28875      197.406
211      14.4435      1.30327      977.45      -2882.47      -1905.02      2.27794      197.409
212      14.512      1.31616      987.118      -2892.18      -1905.06      2.26722      197.411
213      14.5804      1.32733      995.495      -2900.59      -1905.09      2.25658      197.411
214      14.6489      1.3361      1002.07      -2907.18      -1905.11      2.24602      197.41
215      14.7173      1.34214      1006.6      -2911.71      -1905.11      2.23555      197.408
216      14.7858      1.34551      1009.13      -2914.22      -1905.09      2.22517      197.405
217      14.8542      1.34662      1009.97      -2915.02      -1905.06      2.21487      197.401
218      14.9227      1.34616      1009.62      -2914.63      -1905.02      2.20466      197.396
219      14.9911      1.34493      1008.7      -2913.68      -1904.98      2.19454      197.391
220      15.0596      1.34371      1007.78      -2912.74      -1904.96      2.1845      197.386
221      15.128      1.34299      1007.24      -2912.2      -1904.96      2.17456      197.381
222      15.1965      1.34284      1007.13      -2912.1      -1904.97      2.16471      197.376
223      15.2649      1.34293      1007.2      -2912.2      -1905      2.15495      197.371
224      15.3334      1.3427      1007.03      -2912.05      -1905.03      2.14528      197.367
225      15.4018      1.34157      1006.18      -2911.22      -1905.05      2.1357      197.362
226      15.4703      1.33903      1004.27      -2909.33      -1905.06      2.1262      197.358
227      15.5387      1.33476      1001.07      -2906.14      -1905.07      2.1168      197.354
228      15.6072      1.32859      996.444      -2901.51      -1905.06      2.10747      197.35
229      15.6757      1.32056      990.42      -2895.47      -1905.05      2.09822      197.346
230      15.7441      1.31092      983.187      -2888.21      -1905.02      2.08906      197.342
231      15.8126      1.30015      975.113      -2880.1      -1904.99      2.07997      197.338
232      15.881      1.28897      966.724      -2871.67      -1904.95      2.07096      197.334
233      15.9495      1.27818      958.634      -2863.55      -1904.91      2.06203      197.329
234      16.0179      1.2686      951.452      -2856.33      -1904.88      2.05317      197.325
235      16.0864      1.26089      945.668      -2850.53      -1904.86      2.04439      197.321
236      16.1548      1.25543      941.574      -2846.43      -1904.86      2.03569      197.317
237      16.2233      1.25233      939.248      -2844.11      -1904.86      2.02706      197.313
238      16.2917      1.25145      938.591      -2843.47      -1904.88      2.01851      197.31
239      16.3602      1.25251      939.383      -2844.28      -1904.89      2.01004      197.308
240      16.4286      1.25513      941.347      -2846.26      -1904.91      2.00164      197.305
241      16.4971      1.25891      944.179      -2849.11      -1904.93      1.99332      197.304
242      16.5655      1.26339      947.545      -2852.5      -1904.96      1.98508      197.303
243      16.634      1.26809      951.068      -2856.05      -1904.98      1.97691      197.303
244      16.7024      1.27245      954.336      -2859.34      -1905.01      1.96881      197.304
245      16.7709      1.27592      956.941      -2861.97      -1905.03      1.96079      197.305
246      16.8393      1.27808      958.557      -2863.6      -1905.04      1.95284      197.307
247      16.9078      1.27866      958.991      -2864.03      -1905.04      1.94496      197.31
248      16.9763      1.27762      958.212      -2863.25      -1905.04      1.93715      197.313
249      17.0447      1.2751      956.323      -2861.35      -1905.03      1.92941      197.318
250      17.1132      1.27138      953.533      -2858.54      -1905.01      1.92174      197.323
251      17.1816      1.26682      950.116      -2855.11      -1904.99      1.91414      197.328
252      17.2501      1.26187      946.401      -2851.37      -1904.97      1.90661      197.334
253      17.3185      1.25702      942.763      -2847.71      -1904.94      1.89913      197.341
254      17.387      1.25282      939.613      -2844.53      -1904.91      1.89173      197.348
255      17.4554      1.24983      937.374      -2842.26      -1904.89      1.88438      197.356
256      17.5239      1.24854      936.408      -2841.28      -1904.87      1.8771      197.364
257      17.5923      1.24925      936.94      -2841.81      -1904.87      1.86987      197.372
258      17.6608      1.252      938.998      -2843.87      -1904.87      1.8627      197.38
259      17.7292      1.25657      942.425      -2847.32      -1904.89      1.85558      197.389
260      17.7977      1.26258      946.938      -2851.85      -1904.91      1.84853      197.397
261      17.8661      1.26961      952.208      -2857.13      -1904.92      1.84152      197.405
262      17.9346      1.27724      957.927      -2862.86      -1904.94      1.83457      197.413
263      18.003      1.28511      963.833      -2868.78      -1904.95      1.82766      197.421
264      18.0715      1.29297      969.728      -2874.68      -1904.95      1.82081      197.428
265      18.1399      1.30061      975.457      -2880.41      -1904.96      1.814      197.435
266      18.2084      1.30786      980.898      -2885.86      -1904.96      1.80723      197.441
267      18.2769      1.31459      985.946      -2890.91      -1904.96      1.80051      197.446
268      18.3453      1.32067      990.502      -2895.47      -1904.97      1.79383      197.45
269      18.4138      1.32595      994.466      -2899.44      -1904.97      1.7872      197.454
270      18.4822      1.33029      997.715      -2902.7      -1904.99      1.7806      197.456
271      18.5507      1.33343      1000.07      -2905.07      -1905      1.77404      197.458
272      18.6191      1.33506      1001.3      -2906.32      -1905.02      1.76752      197.458
273      18.6876      1.33487      1001.15      -2906.18      -1905.03      1.76105      197.458
274      18.756      1.33263      999.471      -2904.5      -1905.03      1.75461      197.457
275      18.8245      1.32835      996.263      -2901.28      -1905.02      1.74821      197.455
276      18.8929      1.32236      991.771      -2896.77      -1904.99      1.74185      197.452
277      18.9614      1.31527      986.454      -2891.41      -1904.96      1.73554      197.449
278      19.0298      1.30788      980.913      -2885.83      -1904.92      1.72926      197.445
279      19.0983      1.30103      975.775      -2880.66      -1904.88      1.72303      197.442
280      19.1667      1.29545      971.59      -2876.45      -1904.86      1.71685      197.438
281      19.2352      1.29164      968.727      -2873.58      -1904.85      1.71071      197.435
282      19.3036      1.28976      967.32      -2872.18      -1904.86      1.70461      197.432
283      19.3721      1.28964      967.229      -2872.11      -1904.88      1.69857      197.429
284      19.4405      1.29073      968.05      -2872.97      -1904.92      1.69256      197.426
285      19.509      1.29221      969.159      -2874.13      -1904.97      1.6866      197.423
286      19.5775      1.29309      969.816      -2874.83      -1905.02      1.68068      197.421
287      19.6459      1.29239      969.295      -2874.35      -1905.05      1.67481      197.419
288      19.7144      1.28934      967.007      -2872.08      -1905.07      1.66897      197.417
289      19.7828      1.28347      962.603      -2867.68      -1905.08      1.66318      197.414
290      19.8513      1.27469      956.019      -2861.08      -1905.06      1.65742      197.412
291      19.9197      1.26332      947.49      -2852.52      -1905.03      1.65171      197.409
292      19.9882      1.25004      937.53      -2842.52      -1904.99      1.64603      197.406
293      20.0566      1.23584      926.878      -2831.81      -1904.93      1.64038      197.403
294      20.1251      1.22192      916.439      -2821.31      -1904.87      1.63478      197.4
295      20.1935      1.20957      907.175      -2811.99      -1904.81      1.6292      197.396
296      20.262      1.19999      899.993      -2804.76      -1904.77      1.62367      197.393
297      20.3304      1.19413      895.599      -2800.34      -1904.74      1.61817      197.389
298      20.3989      1.19252      894.388      -2799.13      -1904.74      1.61271      197.385
299      20.4673      1.19518      896.386      -2801.16      -1904.77      1.60729      197.381
300      20.5358      1.20167      901.25      -2806.06      -1904.81      1.6019      197.378
301      20.6042      1.21114      908.352      -2813.21      -1904.86      1.59655      197.374
302      20.6727      1.22255      916.911      -2821.82      -1904.91      1.59124      197.371
303      20.7411      1.23486      926.143      -2831.09      -1904.95      1.58596      197.368
304      20.8096      1.24719      935.395      -2840.37      -1904.98      1.58073      197.366
305      20.8781      1.25897      944.228      -2849.21      -1904.98      1.57553      197.364
306      20.9465      1.26991      952.431      -2857.41      -1904.98      1.57038      197.363
307      21.015      1.27997      959.976      -2864.95      -1904.97      1.56526      197.363
308      21.0834      1.28924      966.927      -2871.89      -1904.96      1.56018      197.363
309      21.1519      1.29782      973.364      -2878.32      -1904.96      1.55513      197.364
310      21.2203      1.30578      979.333      -2884.29      -1904.95      1.55013      197.365
311      21.2888      1.31312      984.84      -2889.79      -1904.95      1.54516      197.367
312      21.3572      1.3198      989.85      -2894.81      -1904.96      1.54022      197.369
313      21.4257      1.32571      994.282      -2899.25      -1904.97      1.53532      197.372
314      21.4941      1.33067      998.005      -2902.98      -1904.98      1.53046      197.375
315      21.5626      1.33447      1000.85      -2905.84      -1904.99      1.52563      197.379
316      21.631      1.33686      1002.65      -2907.65      -1905      1.52083      197.382
317      21.6995      1.33766      1003.24      -2908.25      -1905.01      1.51606      197.386
318      21.7679      1.33675      1002.56      -2907.57      -1905.01      1.51132      197.39
319      21.8364      1.33415      1000.61      -2905.61      -1905      1.50661      197.394
320      21.9048      1.32996      997.467      -2902.46      -1904.99      1.50193      197.398
321      21.9733      1.32437      993.28      -2898.27      -1904.99      1.49729      197.402
322      22.0417      1.31764      988.23      -2893.21      -1904.98      1.49267      197.407
323      22.1102      1.31001      982.509      -2887.48      -1904.97      1.48809      197.412
324      22.1787      1.30174      976.303      -2881.26      -1904.96      1.48354      197.417
325      22.2471      1.29306      969.792      -2874.75      -1904.95      1.47902      197.423
326      22.3156      1.2842      963.147      -2868.09      -1904.95      1.47453      197.43
327      22.384      1.27541      956.555      -2861.49      -1904.94      1.47007      197.437
328      22.4525      1.26701      950.259      -2855.18      -1904.92      1.46565      197.445
329      22.5209      1.25946      944.594      -2849.49      -1904.9      1.46126      197.453
330      22.5894      1.25334      940.005      -2844.87      -1904.87      1.4569      197.463
331      22.6578      1.24936      937.017      -2841.85      -1904.84      1.45257      197.473
332      22.7263      1.24818      936.136      -2840.95      -1904.82      1.44828      197.484
333      22.7947      1.25024      937.679      -2842.5      -1904.82      1.44401      197.495
334      22.8632      1.25551      941.633      -2846.48      -1904.84      1.43978      197.507
335      22.9316      1.26347      947.605      -2852.49      -1904.89      1.43557      197.52
336      23.0001      1.27322      954.915      -2859.85      -1904.94      1.43139      197.532
337      23.0685      1.28372      962.788      -2867.77      -1904.98      1.42723      197.545
338      23.137      1.29401      970.51      -2875.52      -1905.01      1.4231      197.557
339      23.2054      1.30336      977.516      -2882.55      -1905.04      1.41898      197.569
340      23.2739      1.31121      983.408      -2888.46      -1905.05      1.41489      197.581
341      23.3423      1.31725      987.94      -2892.99      -1905.05      1.41082      197.591
342      23.4108      1.32133      990.997      -2896.05      -1905.05      1.40677      197.601
343      23.4793      1.32344      992.578      -2897.62      -1905.04      1.40273      197.611
344      23.5477      1.32369      992.765      -2897.8      -1905.03      1.39871      197.619
345      23.6162      1.32226      991.692      -2896.71      -1905.02      1.39471      197.626
346      23.6846      1.31935      989.515      -2894.53      -1905.01      1.39072      197.632
347      23.7531      1.3152      986.403      -2891.4      -1905      1.38674      197.637
348      23.8215      1.31008      982.56      -2887.54      -1904.98      1.38279      197.64
349      23.89      1.30434      978.255      -2883.21      -1904.96      1.37884      197.643
350      23.9584      1.29845      973.834      -2878.77      -1904.93      1.37491      197.644
351      24.0269      1.29292      969.689      -2874.6      -1904.91      1.37099      197.644
352      24.0953      1.28827      966.2      -2871.08      -1904.88      1.36709      197.643
353      24.1638      1.28488      963.659      -2868.53      -1904.87      1.3632      197.64
354      24.2322      1.28292      962.189      -2867.07      -1904.88      1.35932      197.637
355      24.3007      1.28228      961.708      -2866.6      -1904.9      1.35546      197.632
356      24.3691      1.28259      961.942      -2866.86      -1904.92      1.35161      197.626
357      24.4376      1.28329      962.471      -2867.43      -1904.96      1.34778      197.619
358      24.506      1.28373      962.8      -2867.79      -1904.99      1.34396      197.61
359      24.5745      1.28324      962.43      -2867.45      -1905.02      1.34015      197.601
360      24.6429      1.28125      960.938      -2865.97      -1905.03      1.33636      197.591
361      24.7114      1.27739      958.042      -2863.08      -1905.04      1.33258      197.579
362      24.7799      1.27155      953.661      -2858.69      -1905.03      1.32882      197.567
363      24.8483      1.26391      947.935      -2852.94      -1905.01      1.32507      197.555
364      24.9168      1.25495      941.21      -2846.19      -1904.98      1.32134      197.541
365      24.9852      1.24529      933.964      -2838.91      -1904.94      1.31763      197.528
366      25.0537      1.23563      926.72      -2831.63      -1904.91      1.31394      197.514
367      25.1221      1.22659      919.946      -2824.84      -1904.89      1.31026      197.499
368      25.1906      1.21866      913.997      -2818.87      -1904.88      1.3066      197.484
369      25.259      1.21211      909.085      -2813.96      -1904.88      1.30296      197.469
370      25.3275      1.20706      905.296      -2810.17      -1904.88      1.29934      197.454
371      25.3959      1.20351      902.636      -2807.51      -1904.88      1.29574      197.439
372      25.4644      1.20144      901.081      -2805.96      -1904.88      1.29215      197.423
373      25.5328      1.20082      900.612      -2805.49      -1904.88      1.28859      197.408
374      25.6013      1.20167      901.25      -2806.12      -1904.87      1.28504      197.392
375      25.6697      1.20407      903.054      -2807.92      -1904.86      1.28151      197.376
376      25.7382      1.20813      906.097      -2810.95      -1904.86      1.27799      197.359
377      25.8066      1.2139      910.426      -2815.28      -1904.85      1.27449      197.342
378      25.8751      1.22136      916.019      -2820.88      -1904.86      1.27101      197.325
379      25.9435      1.23032      922.737      -2827.61      -1904.87      1.26755      197.308
380      26.012      1.24039      930.294      -2835.19      -1904.9      1.2641      197.29
381      26.0805      1.25102      938.268      -2843.2      -1904.93      1.26066      197.272
382      26.1489      1.26153      946.147      -2851.11      -1904.96      1.25724      197.253
383      26.2174      1.27121      953.406      -2858.39      -1904.99      1.25384      197.235
384      26.2858      1.27945      959.587      -2864.59      -1905.01      1.25046      197.216
385      26.3543      1.28584      964.38      -2869.4      -1905.01      1.2471      197.198
386      26.4227      1.29023      967.672      -2872.68      -1905.01      1.24375      197.179
387      26.4912      1.29275      969.563      -2874.55      -1904.99      1.24042      197.161
388      26.5596      1.29381      970.355      -2875.32      -1904.96      1.23711      197.143
389      26.6281      1.29396      970.472      -2875.41      -1904.93      1.23383      197.126
390      26.6965      1.29376      970.321      -2875.24      -1904.92      1.23056      197.11
391      26.765      1.2935      970.127      -2875.05      -1904.92      1.22732      197.095
392      26.8334      1.29312      969.838      -2874.78      -1904.95      1.2241      197.08
393      26.9019      1.29222      969.165      -2874.14      -1904.97      1.2209      197.067
394      26.9703      1.2903      967.727      -2872.72      -1905      1.21772      197.054
395      27.0388      1.28697      965.229      -2870.23      -1905      1.21457      197.044
396      27.1072      1.28211      961.585      -2866.58      -1904.99      1.21145      197.034
397      27.1757      1.27594      956.954      -2861.92      -1904.97      1.20835      197.026
398      27.2441      1.26893      951.695      -2856.63      -1904.94      1.20527      197.019
399      27.3126      1.26168      946.263      -2851.17      -1904.91      1.20222      197.014
400      27.3811      1.25479      941.092      -2845.98      -1904.89      1.19919      197.011
401      27.4495      1.24867      936.503      -2841.39      -1904.88      1.19619      197.008
402      27.518      1.24356      932.671      -2837.55      -1904.88      1.19321      197.008
403      27.5864      1.23951      929.636      -2834.52      -1904.88      1.19025      197.009
404      27.6549      1.23648      927.357      -2832.24      -1904.89      1.18732      197.011
405      27.7233      1.23437      925.774      -2830.66      -1904.89      1.18441      197.014
406      27.7918      1.23312      924.837      -2829.73      -1904.89      1.18152      197.019
407      27.8602      1.23268      924.507      -2829.4      -1904.89      1.17865      197.024
408      27.9287      1.23296      924.719      -2829.62      -1904.9      1.17579      197.03
409      27.9971      1.2338      925.348      -2830.26      -1904.91      1.17296      197.037
410      28.0656      1.23494      926.203      -2831.13      -1904.92      1.17014      197.044
411      28.134      1.23607      927.051      -2831.99      -1904.94      1.16734      197.052
412      28.2025      1.23688      927.661      -2832.61      -1904.95      1.16455      197.059
413      28.2709      1.23712      927.838      -2832.79      -1904.96      1.16177      197.066
414      28.3394      1.23662      927.467      -2832.43      -1904.96      1.159      197.072
415      28.4078      1.23538      926.535      -2831.49      -1904.95      1.15624      197.078
416      28.4763      1.23353      925.149      -2830.09      -1904.94      1.15349      197.083
417      28.5447      1.23138      923.535      -2828.46      -1904.93      1.15074      197.086
418      28.6132      1.2294      922.049      -2826.95      -1904.9      1.148      197.088
419      28.6817      1.22818      921.138      -2826.01      -1904.87      1.14527      197.089
420      28.7501      1.22836      921.272      -2826.12      -1904.85      1.14254      197.088
421      28.8186      1.23045      922.835      -2827.67      -1904.83      1.13981      197.086
422      28.887      1.2347      926.026      -2830.86      -1904.84      1.13709      197.083
423      28.9555      1.24108      930.813      -2835.66      -1904.85      1.13437      197.078
424      29.0239      1.24927      936.954      -2841.83      -1904.87      1.13166      197.071
425      29.0924      1.25878      944.088      -2848.98      -1904.9      1.12896      197.064
426      29.1608      1.26908      951.807      -2856.73      -1904.92      1.12626      197.056
427      29.2293      1.27962      959.712      -2864.65      -1904.94      1.12357      197.046
428      29.2977      1.2899      967.424      -2872.38      -1904.96      1.12089      197.037
429      29.3662      1.29944      974.58      -2879.56      -1904.98      1.11822      197.027
430      29.4346      1.30778      980.832      -2885.83      -1904.99      1.11556      197.017
431      29.5031      1.31448      985.857      -2890.87      -1905.01      1.11292      197.007
432      29.5715      1.31917      989.381      -2894.4      -1905.02      1.11029      196.997
433      29.64      1.32161      991.208      -2896.23      -1905.03      1.10767      196.988
434      29.7084      1.3217      991.272      -2896.3      -1905.02      1.10507      196.979
435      29.7769      1.31955      989.659      -2894.67      -1905.01      1.10248      196.971
436      29.8453      1.31551      986.63      -2891.62      -1904.99      1.09991      196.964
437      29.9138      1.31015      982.615      -2887.57      -1904.95      1.09736      196.957
438      29.9823      1.30425      978.184      -2883.1      -1904.92      1.09482      196.951
439      30.0507      1.29863      973.974      -2878.85      -1904.88      1.09229      196.945
440      30.1192      1.29413      970.597      -2875.45      -1904.85      1.08978      196.939
441      30.1876      1.29139      968.544      -2873.38      -1904.83      1.08728      196.934
442      30.2561      1.2908      968.097      -2872.93      -1904.83      1.08479      196.929
443      30.3245      1.29238      969.282      -2874.13      -1904.84      1.08232      196.924
444      30.393      1.29581      971.859      -2876.73      -1904.87      1.07985      196.919
445      30.4614      1.3005      975.374      -2880.28      -1904.91      1.0774      196.915
446      30.5299      1.30569      979.266      -2884.21      -1904.94      1.07496      196.91
447      30.5983      1.3107      983.023      -2887.98      -1904.96      1.07253      196.906
448      30.6668      1.31506      986.296      -2891.26      -1904.97      1.07011      196.902
449      30.7352      1.3186      988.95      -2893.91      -1904.96      1.06771      196.898
450      30.8037      1.32138      991.037      -2895.98      -1904.95      1.06532      196.895
451      30.8721      1.32361      992.707      -2897.64      -1904.93      1.06294      196.892
452      30.9406      1.32548      994.106      -2899.04      -1904.93      1.06058      196.89
453      31.009      1.32707      995.301      -2900.23      -1904.93      1.05823      196.888
454      31.0775      1.32833      996.249      -2901.19      -1904.94      1.05589      196.887
455      31.1459      1.32911      996.83      -2901.78      -1904.95      1.05356      196.885
456      31.2144      1.32925      996.941      -2901.89      -1904.95      1.05125      196.884
457      31.2829      1.32878      996.584      -2901.52      -1904.94      1.04894      196.883
458      31.3513      1.32788      995.913      -2900.83      -1904.92      1.04664      196.882
459      31.4198      1.32697      995.225      -2900.12      -1904.89      1.04436      196.88
460      31.4882      1.32651      994.879      -2899.75      -1904.87      1.04208      196.879
461      31.5567      1.32691      995.181      -2900.04      -1904.86      1.03981      196.877
462      31.6251      1.32837      996.279      -2901.14      -1904.86      1.03755      196.876
463      31.6936      1.33082      998.118      -2902.99      -1904.87      1.0353      196.874
464      31.762      1.33392      1000.44      -2905.34      -1904.9      1.03306      196.873
465      31.8305      1.33709      1002.82      -2907.75      -1904.94      1.03083      196.871
466      31.8989      1.33959      1004.7      -2909.67      -1904.98      1.02861      196.87
467      31.9674      1.34064      1005.48      -2910.49      -1905.02      1.02641      196.869
468      32.0358      1.33945      1004.59      -2909.64      -1905.05      1.02421      196.869
469      32.1043      1.33542      1001.57      -2906.64      -1905.07      1.02203      196.869
470      32.1727      1.3282      996.149      -2901.22      -1905.07      1.01986      196.869
471      32.2412      1.31779      988.343      -2893.4      -1905.06      1.01769      196.87
472      32.3096      1.30461      978.455      -2883.48      -1905.02      1.01554      196.871
473      32.3781      1.28944      967.076      -2872.05      -1904.98      1.0134      196.872
474      32.4465      1.27336      955.022      -2859.94      -1904.92      1.01127      196.874
475      32.515      1.25761      943.207      -2848.08      -1904.87      1.00915      196.875
476      32.5835      1.24335      932.511      -2837.34      -1904.83      1.00704      196.877
477      32.6519      1.23154      923.654      -2828.46      -1904.8      1.00494      196.879
478      32.7204      1.22282      917.114      -2821.91      -1904.8      1.00285      196.881
479      32.7888      1.21747      913.101      -2817.9      -1904.8      1.00076      196.883
480      32.8573      1.21542      911.566      -2816.39      -1904.82      0.998692      196.886
481      32.9257      1.21633      912.248      -2817.1      -1904.85      0.996629      196.888
482      32.9942      1.21962      914.716      -2819.6      -1904.88      0.994576      196.891
483      33.0626      1.22458      918.438      -2823.36      -1904.92      0.992533      196.894
484      33.1311      1.23047      922.852      -2827.8      -1904.95      0.9905      196.898
485      33.1995      1.23659      927.44      -2832.41      -1904.97      0.988477      196.902
486      33.268      1.24236      931.769      -2836.76      -1904.99      0.986465      196.906
487      33.3364      1.24734      935.505      -2840.51      -1905.01      0.984462      196.911
488      33.4049      1.25117      938.379      -2843.4      -1905.02      0.982468      196.915
489      33.4733      1.25354      940.153      -2845.19      -1905.03      0.980484      196.92
490      33.5418      1.25416      940.618      -2845.66      -1905.04      0.978508      196.926
491      33.6102      1.25287      939.651      -2844.69      -1905.04      0.976542      196.931
492      33.6787      1.24973      937.299      -2842.32      -1905.02      0.974584      196.936
493      33.7471      1.24512      933.84      -2838.83      -1904.99      0.972634      196.942
494      33.8156      1.23968      929.758      -2834.71      -1904.96      0.970693      196.947
495      33.8841      1.23415      925.613      -2830.54      -1904.92      0.96876      196.953
496      33.9525      1.22921      921.908      -2826.81      -1904.9      0.966835      196.959
497      34.021      1.22533      918.998      -2823.88      -1904.89      0.964918      196.965
498      34.0894      1.22279      917.093      -2821.97      -1904.88      0.963009      196.971
499      34.1579      1.22174      916.308      -2821.18      -1904.88      0.961109      196.977
500      34.2263      1.22229      916.716      -2821.59      -1904.87      0.959217      196.983
501      34.2948      1.22449      918.368      -2823.24      -1904.87      0.957333      196.989
502      34.3632      1.22838      921.283      -2826.15      -1904.87      0.955456      196.995
503      34.4317      1.23389      925.419      -2830.29      -1904.87      0.953588      197.002
504      34.5001      1.24085      930.636      -2835.52      -1904.89      0.951726      197.008
505      34.5686      1.2489      936.675      -2841.58      -1904.91      0.949872      197.014
506      34.637      1.25754      943.157      -2848.09      -1904.93      0.948025      197.021
507      34.7055      1.26616      949.619      -2854.58      -1904.96      0.946184      197.027
508      34.7739      1.27409      955.57      -2860.56      -1904.99      0.944349      197.032
509      34.8424      1.28074      960.554      -2865.56      -1905.01      0.94252      197.038
510      34.9108      1.28563      964.224      -2869.25      -1905.02      0.940697      197.043
511      34.9793      1.28854      966.402      -2871.42      -1905.02      0.93888      197.048
512      35.0477      1.28948      967.106      -2872.11      -1905.01      0.937069      197.053
513      35.1162      1.28874      966.554      -2871.53      -1904.98      0.935264      197.058
514      35.1847      1.28683      965.119      -2870.07      -1904.95      0.933466      197.062
515      35.2531      1.28432      963.241      -2868.17      -1904.93      0.931673      197.066
516      35.3216      1.28177      961.327      -2866.24      -1904.91      0.929887      197.07
517      35.39      1.27954      959.654      -2864.56      -1904.9      0.928108      197.074
518      35.4585      1.27777      958.324      -2863.24      -1904.91      0.926335      197.079
519      35.5269      1.27638      957.285      -2862.21      -1904.93      0.92457      197.083
520      35.5954      1.27519      956.393      -2861.33      -1904.94      0.922811      197.087
521      35.6638      1.274      955.496      -2860.44      -1904.95      0.92106      197.091
522      35.7323      1.2727      954.526      -2859.47      -1904.95      0.919315      197.095
523      35.8007      1.2714      953.549      -2858.49      -1904.94      0.917577      197.1
524      35.8692      1.27034      952.754      -2857.67      -1904.92      0.915846      197.104
525      35.9376      1.26986      952.393      -2857.3      -1904.91      0.914122      197.108
526      36.0061      1.27025      952.687      -2857.59      -1904.9      0.912404      197.112
527      36.0745      1.27166      953.743      -2858.64      -1904.9      0.910692      197.117
528      36.143      1.27401      955.508      -2860.42      -1904.91      0.908987      197.121
529      36.2114      1.27708      957.808      -2862.73      -1904.92      0.907288      197.125
530      36.2799      1.28055      960.411      -2865.35      -1904.94      0.905595      197.129
531      36.3483      1.28414      963.102      -2868.05      -1904.94      0.903908      197.133
532      36.4168      1.28762      965.714      -2870.66      -1904.95      0.902228      197.138
533      36.4853      1.29085      968.134      -2873.08      -1904.95      0.900554      197.142
534      36.5537      1.29369      970.267      -2875.22      -1904.95      0.898887      197.146
535      36.6222      1.29604      972.028      -2876.99      -1904.96      0.897226      197.15
536      36.6906      1.29779      973.346      -2878.31      -1904.96      0.895572      197.155
537      36.7591      1.29891      974.18      -2879.14      -1904.96      0.893924      197.159
538      36.8275      1.29938      974.532      -2879.49      -1904.96      0.892283      197.163
539      36.896      1.29926      974.443      -2879.4      -1904.96      0.890647      197.168
540      36.9644      1.29861      973.961      -2878.92      -1904.96      0.889018      197.172
541      37.0329      1.29749      973.118      -2878.08      -1904.96      0.887393      197.176
542      37.1013      1.29592      971.94      -2876.9      -1904.96      0.885774      197.18
543      37.1698      1.29393      970.448      -2875.41      -1904.96      0.884159      197.184
544      37.2382      1.29158      968.683      -2873.64      -1904.96      0.882549      197.187
545      37.3067      1.28896      966.716      -2871.67      -1904.96      0.880943      197.19
546      37.3751      1.28616      964.621      -2869.57      -1904.95      0.879341      197.193
547      37.4436      1.28329      962.467      -2867.42      -1904.95      0.877745      197.195
548      37.512      1.28043      960.326      -2865.27      -1904.95      0.876152      197.198
549      37.5805      1.27773      958.296      -2863.23      -1904.94      0.874565      197.2
550      37.6489      1.27539      956.543      -2861.46      -1904.92      0.872984      197.202
551      37.7174      1.27379      955.339      -2860.24      -1904.9      0.871409      197.204
552      37.7859      1.27339      955.042      -2859.91      -1904.87      0.86984      197.206
553      37.8543      1.27471      956.03      -2860.88      -1904.85      0.868278      197.208
554      37.9228      1.27813      958.595      -2863.44      -1904.85      0.866723      197.211
555      37.9912      1.28377      962.827      -2867.68      -1904.86      0.865176      197.214
556      38.0597      1.29141      968.561      -2873.44      -1904.88      0.863636      197.218
557      38.1281      1.30055      975.41      -2880.32      -1904.91      0.862104      197.222
558      38.1966      1.31046      982.842      -2887.79      -1904.95      0.860579      197.227
559      38.265      1.32037      990.275      -2895.26      -1904.99      0.859061      197.232
560      38.3335      1.3295      997.127      -2902.15      -1905.02      0.857551      197.237
561      38.4019      1.33713      1002.85      -2907.9      -1905.05      0.856046      197.243
562      38.4704      1.34265      1006.99      -2912.06      -1905.07      0.854547      197.249
563      38.5388      1.34564      1009.23      -2914.31      -1905.08      0.853053      197.254
564      38.6073      1.34595      1009.46      -2914.54      -1905.07      0.851563      197.259
565      38.6757      1.34365      1007.74      -2912.8      -1905.07      0.850075      197.264
566      38.7442      1.33894      1004.21      -2909.26      -1905.06      0.84859      197.268
567      38.8126      1.33202      999.014      -2904.06      -1905.05      0.847106      197.271
568      38.8811      1.32309      992.319      -2897.36      -1905.04      0.845623      197.273
569      38.9495      1.31251      984.383      -2889.39      -1905.01      0.844141      197.274
570      39.018      1.30094      975.703      -2880.66      -1904.96      0.84266      197.273
571      39.0865      1.28943      967.074      -2871.97      -1904.9      0.841179      197.272
572      39.1549      1.27931      959.484      -2864.32      -1904.83      0.839699      197.27
573      39.2234      1.27182      953.862      -2858.65      -1904.79      0.838218      197.266
574      39.2918      1.26777      950.825      -2855.6      -1904.78      0.836739      197.262
575      39.3603      1.26734      950.506      -2855.31      -1904.8      0.83526      197.256
576      39.4287      1.27004      952.531      -2857.38      -1904.85      0.833783      197.25
577      39.4972      1.27486      956.147      -2861.05      -1904.9      0.832306      197.242
578      39.5656      1.28056      960.421      -2865.38      -1904.96      0.830831      197.234
579      39.6341      1.28591      964.433      -2869.44      -1905.01      0.829358      197.225
580      39.7025      1.28992      967.436      -2872.47      -1905.03      0.827888      197.215
581      39.771      1.29193      968.949      -2873.99      -1905.04      0.826419      197.205
582      39.8394      1.29171      968.783      -2873.81      -1905.03      0.824953      197.194
583      39.9079      1.28938      967.035      -2872.04      -1905.01      0.82349      197.182
584      39.9763      1.28535      964.014      -2868.99      -1904.98      0.82203      197.17
585      40.0448      1.28021      960.158      -2865.1      -1904.94      0.820572      197.158
586      40.1132      1.27459      955.941      -2860.86      -1904.92      0.819117      197.145
587      40.1817      1.26904      951.783      -2856.68      -1904.9      0.817664      197.131
588      40.2501      1.26397      947.979      -2852.87      -1904.89      0.816215      197.117
589      40.3186      1.25956      944.667      -2849.56      -1904.9      0.814768      197.102
590      40.3871      1.25576      941.818      -2846.73      -1904.91      0.813324      197.086
591      40.4555      1.25238      939.284      -2844.21      -1904.92      0.811883      197.071
592      40.524      1.24914      936.854      -2841.79      -1904.94      0.810445      197.055
593      40.5924      1.24577      934.324      -2839.28      -1904.95      0.80901      197.038
594      40.6609      1.24208      931.559      -2836.51      -1904.95      0.807578      197.021
595      40.7293      1.23804      928.531      -2833.48      -1904.95      0.80615      197.004
596      40.7978      1.23375      925.312      -2830.26      -1904.94      0.804726      196.986
597      40.8662      1.22941      922.061      -2826.99      -1904.93      0.803305      196.968
598      40.9347      1.22535      919.011      -2823.92      -1904.91      0.801888      196.95
599      41.0031      1.22193      916.448      -2821.34      -1904.89      0.800476      196.932
600      41.0716      1.21956      914.669      -2819.55      -1904.88      0.799068      196.914
601      41.14      1.21856      913.919      -2818.79      -1904.87      0.797665      196.896
602      41.2085      1.21912      914.342      -2819.22      -1904.87      0.796268      196.878
603      41.2769      1.22126      915.948      -2820.83      -1904.88      0.794877      196.86
604      41.3454      1.22481      918.606      -2823.51      -1904.9      0.793492      196.843
605      41.4138      1.22942      922.067      -2826.99      -1904.92      0.792113      196.827
606      41.4823      1.23468      926.013      -2830.96      -1904.95      0.790742      196.811
607      41.5507      1.24016      930.119      -2835.08      -1904.96      0.789377      196.795
608      41.6192      1.24548      934.11      -2839.08      -1904.98      0.788021      196.781
609      41.6877      1.25041      937.808      -2842.79      -1904.98      0.786671      196.767
610      41.7561      1.25486      941.145      -2846.12      -1904.98      0.78533      196.754
611      41.8246      1.25884      944.132      -2849.1      -1904.97      0.783997      196.742
612      41.893      1.26241      946.811      -2851.78      -1904.97      0.782671      196.731
613      41.9615      1.26561      949.209      -2854.17      -1904.97      0.781352      196.72
614      42.0299      1.26842      951.314      -2856.28      -1904.97      0.78004      196.71
615      42.0984      1.27074      953.058      -2858.03      -1904.97      0.778735      196.701
616      42.1668      1.27243      954.323      -2859.3      -1904.98      0.777435      196.692
617      42.2353      1.27331      954.979      -2859.97      -1904.99      0.776141      196.683
618      42.3037      1.27323      954.923      -2859.91      -1904.99      0.774853      196.675
619      42.3722      1.27215      954.114      -2859.09      -1904.98      0.773569      196.667
620      42.4406      1.27012      952.589      -2857.56      -1904.97      0.772289      196.659
621      42.5091      1.2673      950.475      -2855.43      -1904.95      0.771013      196.65
622      42.5775      1.26397      947.976      -2852.91      -1904.94      0.76974      196.642
623      42.646      1.26047      945.353      -2850.27      -1904.91      0.768472      196.633
624      42.7144      1.25721      942.909      -2847.8      -1904.89      0.767206      196.625
625      42.7829      1.25459      940.944      -2845.82      -1904.88      0.765944      196.616
626      42.8513      1.25294      939.704      -2844.57      -1904.87      0.764685      196.607
627      42.9198      1.25246      939.346      -2844.21      -1904.87      0.763429      196.597
628      42.9883      1.25318      939.885      -2844.76      -1904.88      0.762177      196.588
629      43.0567      1.25493      941.195      -2846.09      -1904.89      0.760929      196.579
630      43.1252      1.2574      943.051      -2847.96      -1904.91      0.759685      196.569
631      43.1936      1.26023      945.174      -2850.1      -1904.93      0.758445      196.56
632      43.2621      1.26304      947.277      -2852.22      -1904.94      0.757209      196.551
633      43.3305      1.26547      949.101      -2854.06      -1904.96      0.755978      196.541
634      43.399      1.26725      950.436      -2855.4      -1904.97      0.75475      196.532
635      43.4674      1.26817      951.128      -2856.1      -1904.97      0.753526      196.523
636      43.5359      1.26814      951.103      -2856.07      -1904.97      0.752307      196.514
637      43.6043      1.26716      950.373      -2855.34      -1904.97      0.751091      196.505
638      43.6728      1.26538      949.034      -2853.99      -1904.96      0.749879      196.496
639      43.7412      1.26298      947.233      -2852.18      -1904.95      0.748672      196.487
640      43.8097      1.26017      945.127      -2850.07      -1904.94      0.747469      196.478
641      43.8781      1.2571      942.829      -2847.77      -1904.94      0.74627      196.47
642      43.9466      1.25387      940.399      -2845.34      -1904.94      0.745075      196.461
643      44.015      1.2505      937.878      -2842.82      -1904.94      0.743886      196.453
644      44.0835      1.24714      935.352      -2840.28      -1904.93      0.742702      196.445
645      44.1519      1.24401      933.007      -2837.92      -1904.91      0.741522      196.438
646      44.2204      1.24152      931.141      -2836.03      -1904.89      0.740349      196.431
647      44.2889      1.24016      930.122      -2834.99      -1904.87      0.73918      196.425
648      44.3573      1.24041      930.307      -2835.16      -1904.85      0.738018      196.419
649      44.4258      1.24259      931.94      -2836.78      -1904.84      0.736861      196.414
650      44.4942      1.24676      935.073      -2839.93      -1904.85      0.735711      196.409
651      44.5627      1.25274      939.552      -2844.42      -1904.87      0.734566      196.405
652      44.6311      1.26008      945.062      -2849.96      -1904.9      0.733428      196.402
653      44.6996      1.26827      951.201      -2856.12      -1904.92      0.732296      196.4
654      44.768      1.27673      957.545      -2862.49      -1904.95      0.73117      196.398
655      44.8365      1.28494      963.707      -2868.67      -1904.97      0.730051      196.397
656      44.9049      1.29246      969.346      -2874.33      -1904.98      0.728939      196.398
657      44.9734      1.29888      974.162      -2879.16      -1905      0.727834      196.399
658      45.0418      1.30385      977.884      -2882.89      -1905.01      0.726736      196.401
659      45.1103      1.30707      980.305      -2885.32      -1905.02      0.725645      196.404
660      45.1787      1.30843      981.319      -2886.33      -1905.01      0.724562      196.409
661      45.2472      1.30797      980.977      -2885.97      -1904.99      0.723487      196.415
662      45.3156      1.30598      979.488      -2884.46      -1904.97      0.722421      196.422
663      45.3841      1.30289      977.169      -2882.12      -1904.95      0.721362      196.43
664      45.4525      1.29915      974.365      -2879.29      -1904.93      0.720312      196.44
665      45.521      1.29516      971.369      -2876.28      -1904.92      0.71927      196.451
666      45.5895      1.29115      968.36      -2873.27      -1904.91      0.718237      196.464
667      45.6579      1.2872      965.397      -2870.32      -1904.92      0.717212      196.478
668      45.7264      1.28325      962.437      -2867.37      -1904.93      0.716196      196.494
669      45.7948      1.27918      959.383      -2864.32      -1904.94      0.715188      196.511
670      45.8633      1.27486      956.148      -2861.09      -1904.94      0.714188      196.53
671      45.9317      1.27028      952.71      -2857.66      -1904.95      0.713196      196.55
672      46.0002      1.26552      949.142      -2854.08      -1904.94      0.712211      196.571
673      46.0686      1.26083      945.619      -2850.54      -1904.92      0.711234      196.593
674      46.1371      1.25652      942.394      -2847.3      -1904.91      0.710264      196.617
675      46.2055      1.253      939.751      -2844.64      -1904.89      0.709299      196.641
676      46.274      1.25063      937.975      -2842.85      -1904.88      0.708341      196.666
677      46.3424      1.24971      937.285      -2842.16      -1904.87      0.707387      196.692
678      46.4109      1.25039      937.79      -2842.66      -1904.87      0.706438      196.718
679      46.4793      1.25261      939.461      -2844.34      -1904.88      0.705493      196.745
680      46.5478      1.25618      942.139      -2847.04      -1904.9      0.704551      196.772
681      46.6162      1.26077      945.578      -2850.49      -1904.91      0.703612      196.799
682      46.6847      1.26601      949.506      -2854.43      -1904.93      0.702676      196.825
683      46.7531      1.27156      953.668      -2858.61      -1904.94      0.701742      196.852
684      46.8216      1.27711      957.833      -2862.78      -1904.95      0.700809      196.878
685      46.8901      1.28238      961.787      -2866.75      -1904.96      0.699877      196.904
686      46.9585      1.28709      965.32      -2870.29      -1904.97      0.698947      196.929
687      47.027      1.29097      968.23      -2873.21      -1904.98      0.698018      196.954
688      47.0954      1.2938      970.348      -2875.33      -1904.98      0.69709      196.978
689      47.1639      1.29542      971.563      -2876.54      -1904.98      0.696163      197.002
690      47.2323      1.29577      971.827      -2876.81      -1904.98      0.695236      197.026
691      47.3008      1.29489      971.164      -2876.14      -1904.98      0.694311      197.049
692      47.3692      1.29289      969.666      -2874.63      -1904.97      0.693387      197.071
693      47.4377      1.28999      967.493      -2872.44      -1904.95      0.692465      197.094
694      47.5061      1.28651      964.883      -2869.81      -1904.93      0.691544      197.115
695      47.5746      1.28287      962.149      -2867.06      -1904.91      0.690625      197.137
696      47.643      1.27953      959.649      -2864.53      -1904.89      0.689707      197.158
697      47.7115      1.27697      957.729      -2862.6      -1904.87      0.688791      197.18
698      47.7799      1.27557      956.676      -2861.53      -1904.85      0.687878      197.201
699      47.8484      1.27556      956.669      -2861.52      -1904.85      0.686966      197.221
700      47.9168      1.27703      957.77      -2862.62      -1904.85      0.686057      197.242
701      47.9853      1.2799      959.922      -2864.79      -1904.87      0.68515      197.263
702      48.0537      1.28392      962.944      -2867.83      -1904.89      0.684245      197.283
703      48.1222      1.28871      966.531      -2871.44      -1904.91      0.683342      197.304
704      48.1907      1.29371      970.282      -2875.22      -1904.94      0.682442      197.324
705      48.2591      1.29834      973.752      -2878.72      -1904.96      0.681543      197.344
706      48.3276      1.30205      976.539      -2881.52      -1904.98      0.680645      197.364
707      48.396      1.30452      978.387      -2883.37      -1904.98      0.679749      197.383
708      48.4645      1.30562      979.218      -2884.19      -1904.98      0.678853      197.402
709      48.5329      1.30548      979.108      -2884.07      -1904.97      0.677958      197.42
710      48.6014      1.30427      978.206      -2883.16      -1904.96      0.677062      197.437
711      48.6698      1.30219      976.644      -2881.6      -1904.95      0.676165      197.453
712      48.7383      1.29929      974.471      -2879.43      -1904.96      0.675268      197.468
713      48.8067      1.29552      971.643      -2876.61      -1904.97      0.674369      197.483
714      48.8752      1.29073      968.046      -2873.03      -1904.98      0.673469      197.496
715      48.9436      1.28473      963.548      -2868.54      -1904.99      0.672568      197.508
716      49.0121      1.27741      958.061      -2863.06      -1905      0.671666      197.518
717      49.0805      1.26878      951.586      -2856.58      -1905      0.670762      197.528
718      49.149      1.25901      944.255      -2849.24      -1904.99      0.669858      197.537
719      49.2174      1.24847      936.354      -2841.32      -1904.97      0.668952      197.545
720      49.2859      1.23779      928.346      -2833.28      -1904.93      0.668045      197.551
721      49.3543      1.22782      920.865      -2825.76      -1904.89      0.667138      197.557
722      49.4228      1.21958      914.682      -2819.53      -1904.84      0.66623      197.562
723      49.4913      1.21414      910.604      -2815.41      -1904.8      0.665322      197.566
724      49.5597      1.21239      909.289      -2814.08      -1904.79      0.664414      197.569
725      49.6282      1.21468      911.007      -2815.81      -1904.8      0.663506      197.571
726      49.6966      1.22067      915.5      -2820.35      -1904.85      0.662599      197.573
727      49.7651      1.22937      922.028      -2826.95      -1904.92      0.661693      197.575
728      49.8335      1.23946      929.592      -2834.57      -1904.98      0.660788      197.576
729      49.902      1.24961      937.206      -2842.23      -1905.03      0.659884      197.577
730      49.9704      1.25879      944.093      -2849.14      -1905.05      0.658982      197.578
731      50.0389      1.26638      949.786      -2854.84      -1905.06      0.658082      197.578
732      50.1073      1.27218      954.137      -2859.18      -1905.04      0.657183      197.578
733      50.1758      1.27636      957.269      -2862.29      -1905.02      0.656287      197.578
734      50.2442      1.27935      959.513      -2864.5      -1904.99      0.655392      197.578
735      50.3127      1.28173      961.298      -2866.26      -1904.96      0.6545      197.578
736      50.3811      1.28404      963.028      -2867.97      -1904.94      0.653609      197.578
737      50.4496      1.28659      964.944      -2869.88      -1904.94      0.652722      197.577
738      50.518      1.28945      967.088      -2872.03      -1904.94      0.651837      197.577
739      50.5865      1.29243      969.321      -2874.28      -1904.96      0.650955      197.577
740      50.6549      1.2952      971.399      -2876.37      -1904.97      0.650075      197.577
741      50.7234      1.29742      973.068      -2878.05      -1904.99      0.649199      197.578
742      50.7919      1.29882      974.115      -2879.11      -1904.99      0.648327      197.578
743      50.8603      1.29917      974.38      -2879.38      -1905      0.647458      197.579
744      50.9288      1.29834      973.755      -2878.76      -1905      0.646592      197.581
745      50.9972      1.29621      972.158      -2877.17      -1905.01      0.64573      197.583
746      51.0657      1.29268      969.513      -2874.53      -1905.01      0.644872      197.585
747      51.1341      1.28765      965.737      -2870.76      -1905.02      0.644017      197.587
748      51.2026      1.281      960.752      -2865.78      -1905.03      0.643165      197.59
749      51.271      1.27271      954.532      -2859.56      -1905.03      0.642316      197.593
750      51.3395      1.26288      947.161      -2852.18      -1905.01      0.641471      197.597
751      51.4079      1.25186      938.892      -2843.88      -1904.99      0.640627      197.6
752      51.4764      1.24023      930.175      -2835.13      -1904.95      0.639785      197.603
753      51.5448      1.22885      921.64      -2826.55      -1904.91      0.638944      197.606
754      51.6133      1.21869      914.019      -2818.88      -1904.86      0.638104      197.608
755      51.6817      1.21073      908.05      -2812.87      -1904.82      0.637265      197.61
756      51.7502      1.2058      904.347      -2809.15      -1904.8      0.636425      197.611
757      51.8186      1.20438      903.285      -2808.08      -1904.8      0.635585      197.611
758      51.8871      1.20659      904.942      -2809.75      -1904.81      0.634746      197.611
759      51.9555      1.21216      909.117      -2813.95      -1904.84      0.633905      197.609
760      52.024      1.22054      915.406      -2820.27      -1904.87      0.633065      197.607
761      52.0925      1.23102      923.265      -2828.17      -1904.91      0.632225      197.605
762      52.1609      1.24277      932.077      -2837.02      -1904.95      0.631385      197.602
763      52.2294      1.25492      941.19      -2846.17      -1904.98      0.630546      197.598
764      52.2978      1.26663      949.972      -2854.99      -1905.02      0.629708      197.594
765      52.3663      1.27717      957.878      -2862.92      -1905.04      0.628871      197.59
766      52.4347      1.28602      964.519      -2869.57      -1905.05      0.628037      197.586
767      52.5032      1.29292      969.692      -2874.74      -1905.05      0.627205      197.582
768      52.5716      1.29787      973.4      -2878.43      -1905.03      0.626376      197.578
769      52.6401      1.30107      975.799      -2880.82      -1905.02      0.62555      197.574
770      52.7085      1.30284      977.133      -2882.13      -1905      0.624727      197.571
771      52.777      1.30357      977.675      -2882.66      -1904.98      0.623908      197.568
772      52.8454      1.30362      977.715      -2882.68      -1904.97      0.623092      197.565
773      52.9139      1.30339      977.544      -2882.49      -1904.95      0.622281      197.564
774      52.9823      1.30328      977.463      -2882.39      -1904.93      0.621473      197.563
775      53.0508      1.3037      977.777      -2882.69      -1904.91      0.620669      197.562
776      53.1192      1.30506      978.792      -2883.68      -1904.89      0.61987      197.562
777      53.1877      1.30772      980.788      -2885.67      -1904.88      0.619074      197.563
778      53.2561      1.31193      983.944      -2888.82      -1904.88      0.618281      197.564
779      53.3246      1.31769      988.266      -2893.15      -1904.89      0.617492      197.565
780      53.3931      1.32467      993.505      -2898.43      -1904.92      0.616706      197.567
781      53.4615      1.3322      999.152      -2904.12      -1904.96      0.615923      197.569
782      53.53      1.33935      1004.51      -2909.52      -1905.01      0.615142      197.571
783      53.5984      1.34515      1008.86      -2913.91      -1905.05      0.614362      197.573
784      53.6669      1.34878      1011.59      -2916.66      -1905.07      0.613584      197.575
785      53.7353      1.34975      1012.31      -2917.38      -1905.07      0.612807      197.576
786      53.8038      1.34789      1010.92      -2915.98      -1905.06      0.612031      197.577
787      53.8722      1.34339      1007.54      -2912.59      -1905.04      0.611255      197.578
788      53.9407      1.33664      1002.48      -2907.5      -1905.02      0.610479      197.578
789      54.0091      1.32811      996.085      -2901.08      -1905      0.609703      197.577
790      54.0776      1.31834      988.756      -2893.73      -1904.97      0.608927      197.576
791      54.146      1.30785      980.889      -2885.84      -1904.95      0.608152      197.574
792      54.2145      1.29717      972.88      -2877.81      -1904.93      0.607376      197.572
793      54.2829      1.28679      965.094      -2870      -1904.91      0.606601      197.568
794      54.3514      1.27708      957.813      -2862.72      -1904.91      0.605826      197.565
795      54.4198      1.26824      951.183      -2856.09      -1904.91      0.605052      197.561
796      54.4883      1.26026      945.193      -2850.11      -1904.92      0.604278      197.556
797      54.5567      1.25299      939.74      -2844.67      -1904.93      0.603504      197.551
798      54.6252      1.24628      934.713      -2839.65      -1904.94      0.602731      197.546
799      54.6937      1.24011      930.084      -2835.02      -1904.94      0.601958      197.54
800      54.7621      1.23463      925.975      -2830.89      -1904.92      0.601184      197.533
801      54.8306      1.23024      922.681      -2827.57      -1904.89      0.600411      197.525
802      54.899      1.22751      920.632      -2825.5      -1904.86      0.599636      197.516
803      54.9675      1.22705      920.287      -2825.13      -1904.84      0.59886      197.507
804      55.0359      1.22932      921.993      -2826.83      -1904.84      0.598083      197.496
805      55.1044      1.23445      925.837      -2830.69      -1904.85      0.597305      197.485
806      55.1728      1.24212      931.588      -2836.47      -1904.89      0.596525      197.472
807      55.2413      1.25164      938.729      -2843.66      -1904.93      0.595743      197.458
808      55.3097      1.26211      946.58      -2851.55      -1904.97      0.594961      197.443
809      55.3782      1.27258      954.433      -2859.45      -1905.01      0.594177      197.427
810      55.4466      1.28223      961.676      -2866.71      -1905.04      0.593393      197.41
811      55.5151      1.2905      967.873      -2872.92      -1905.05      0.592609      197.393
812      55.5835      1.29706      972.791      -2877.84      -1905.05      0.591826      197.375
813      55.652      1.30185      976.389      -2881.43      -1905.04      0.591044      197.357
814      55.7204      1.30499      978.745      -2883.77      -1905.03      0.590263      197.338
815      55.7889      1.30663      979.975      -2884.99      -1905.02      0.589484      197.32
816      55.8573      1.30692      980.188      -2885.2      -1905.01      0.588707      197.302
817      55.9258      1.30599      979.494      -2884.49      -1905      0.587932      197.283
818      55.9943      1.30406      978.048      -2883.03      -1904.98      0.587159      197.265
819      56.0627      1.30144      976.077      -2881.04      -1904.96      0.586388      197.247
820      56.1312      1.29851      973.884      -2878.83      -1904.94      0.585618      197.228
821      56.1996      1.29575      971.814      -2876.73      -1904.92      0.58485      197.21
822      56.2681      1.29357      970.176      -2875.08      -1904.91      0.584083      197.191
823      56.3365      1.29223      969.172      -2874.08      -1904.91      0.583318      197.173
824      56.405      1.29177      968.825      -2873.75      -1904.92      0.582554      197.154
825      56.4734      1.29196      968.972      -2873.91      -1904.94      0.581792      197.135
826      56.5419      1.2924      969.301      -2874.27      -1904.97      0.58103      197.115
827      56.6103      1.29262      969.463      -2874.45      -1904.99      0.580271      197.096
828      56.6788      1.29224      969.18      -2874.17      -1904.99      0.579513      197.076
829      56.7472      1.29111      968.331      -2873.32      -1904.99      0.578757      197.057
830      56.8157      1.28933      966.994      -2871.97      -1904.97      0.578003      197.038
831      56.8841      1.28722      965.412      -2870.36      -1904.95      0.577251      197.018
832      56.9526      1.28524      963.933      -2868.85      -1904.92      0.576502      197
833      57.021      1.28391      962.93      -2867.83      -1904.9      0.575755      196.981
834      57.0895      1.28365      962.74      -2867.62      -1904.88      0.575012      196.963
835      57.1579      1.28482      963.619      -2868.49      -1904.87      0.574272      196.945
836      57.2264      1.28762      965.712      -2870.58      -1904.87      0.573535      196.928
837      57.2949      1.29205      969.036      -2873.91      -1904.87      0.572802      196.912
838      57.3633      1.29795      973.459      -2878.35      -1904.89      0.572073      196.896
839      57.4318      1.30491      978.681      -2883.6      -1904.92      0.571347      196.881
840      57.5002      1.31232      984.242      -2889.19      -1904.95      0.570624      196.866
841      57.5687      1.31944      989.577      -2894.57      -1904.99      0.569906      196.852
842      57.6371      1.32546      994.094      -2899.12      -1905.02      0.569191      196.839
843      57.7056      1.3297      997.277      -2902.32      -1905.04      0.568481      196.827
844      57.774      1.3317      998.774      -2903.83      -1905.05      0.567775      196.816
845      57.8425      1.33125      998.438      -2903.49      -1905.05      0.567073      196.806
846      57.9109      1.32844      996.333      -2901.37      -1905.03      0.566377      196.796
847      57.9794      1.32362      992.713      -2897.73      -1905.01      0.565685      196.788
848      58.0478      1.31728      987.958      -2892.95      -1904.99      0.564998      196.781
849      58.1163      1.31001      982.509      -2887.47      -1904.96      0.564316      196.776
850      58.1847      1.30239      976.795      -2881.74      -1904.95      0.563639      196.771
851      58.2532      1.29489      971.165      -2876.1      -1904.94      0.562966      196.767
852      58.3216      1.28777      965.827      -2870.77      -1904.94      0.562298      196.765
853      58.3901      1.28106      960.798      -2865.76      -1904.96      0.561635      196.763
854      58.4585      1.27453      955.896      -2860.88      -1904.99      0.560976      196.763
855      58.527      1.26772      950.789      -2855.81      -1905.02      0.560321      196.763
856      58.5955      1.26014      945.108      -2850.15      -1905.04      0.55967      196.765
857      58.6639      1.25144      938.583      -2843.63      -1905.05      0.559023      196.767
858      58.7324      1.24157      931.175      -2836.21      -1905.04      0.558379      196.77
859      58.8008      1.23086      923.148      -2828.15      -1905      0.557739      196.773
860      58.8693      1.22007      915.049      -2820.01      -1904.96      0.557102      196.777
861      58.9377      1.21016      907.618      -2812.53      -1904.91      0.556468      196.782
862      59.0062      1.20217      901.624      -2806.49      -1904.87      0.555838      196.787
863      59.0746      1.1969      897.678      -2802.52      -1904.84      0.55521      196.793
864      59.1431      1.19484      896.129      -2800.97      -1904.84      0.554584      196.799
865      59.2115      1.19605      897.037      -2801.89      -1904.85      0.553962      196.806
866      59.28      1.2003      900.223      -2805.09      -1904.87      0.553343      196.813
867      59.3484      1.20714      905.352      -2810.24      -1904.89      0.552727      196.821
868      59.4169      1.21598      911.985      -2816.9      -1904.92      0.552114      196.829
869      59.4853      1.22616      919.621      -2824.57      -1904.95      0.551504      196.838
870      59.5538      1.23697      927.725      -2832.7      -1904.98      0.550897      196.848
871      59.6222      1.24767      935.749      -2840.76      -1905.01      0.550292      196.858
872      59.6907      1.25755      943.161      -2848.2      -1905.04      0.549691      196.869
873      59.7591      1.26599      949.496      -2854.56      -1905.06      0.549092      196.88
874      59.8276      1.2725      954.375      -2859.45      -1905.08      0.548496      196.891
875      59.8961      1.27673      957.548      -2862.63      -1905.08      0.547901      196.903
876      59.9645      1.27858      958.936      -2864.01      -1905.08      0.547309      196.915
877      60.033      1.27823      958.671      -2863.73      -1905.06      0.546719      196.927
878      60.1014      1.27616      957.119      -2862.14      -1905.02      0.546132      196.94
879      60.1699      1.2731      954.826      -2859.81      -1904.98      0.545546      196.953
880      60.2383      1.26986      952.399      -2857.35      -1904.95      0.544962      196.966
881      60.3068      1.26712      950.341      -2855.27      -1904.93      0.54438      196.979
882      60.3752      1.26524      948.93      -2853.86      -1904.93      0.543799      196.992
883      60.4437      1.26426      948.196      -2853.14      -1904.95      0.543219      197.005
884      60.5121      1.26399      947.989      -2852.95      -1904.96      0.542639      197.017
885      60.5806      1.26411      948.08      -2853.05      -1904.98      0.542059      197.029
886      60.649      1.26433      948.249      -2853.23      -1904.98      0.541477      197.041
887      60.7175      1.26447      948.354      -2853.34      -1904.99      0.540895      197.051
888      60.7859      1.26447      948.353      -2853.33      -1904.98      0.540312      197.06
889      60.8544      1.26439      948.294      -2853.27      -1904.97      0.539728      197.069
890      60.9228      1.2644      948.302      -2853.26      -1904.96      0.539143      197.077
891      60.9913      1.2647      948.526      -2853.48      -1904.95      0.538558      197.084
892      61.0597      1.26544      949.083      -2854.03      -1904.95      0.537972      197.091
893      61.1282      1.26669      950.017      -2854.97      -1904.95      0.537386      197.097
894      61.1967      1.2684      951.302      -2856.26      -1904.96      0.536801      197.103
895      61.2651      1.27053      952.895      -2857.85      -1904.96      0.536217      197.108
896      61.3336      1.27305      954.788      -2859.74      -1904.95      0.535633      197.114
897      61.402      1.27607      957.051      -2861.99      -1904.94      0.535051      197.119
898      61.4705      1.27973      959.8      -2864.73      -1904.93      0.53447      197.125
899      61.5389      1.28415      963.116      -2868.04      -1904.93      0.533892      197.131
900      61.6074      1.28926      966.947      -2871.88      -1904.94      0.533315      197.137
901      61.6758      1.29476      971.07      -2876.03      -1904.96      0.532742      197.144
902      61.7443      1.30018      975.136      -2880.12      -1904.98      0.532171      197.151
903      61.8127      1.30502      978.764      -2883.76      -1905      0.531603      197.159
904      61.8812      1.30887      981.654      -2886.66      -1905.01      0.531038      197.167
905      61.9496      1.31153      983.651      -2888.65      -1905      0.530476      197.177
906      62.0181      1.31303      984.774      -2889.76      -1904.99      0.529917      197.187
907      62.0865      1.3136      985.2      -2890.17      -1904.97      0.52936      197.197
908      62.155      1.31362      985.215      -2890.16      -1904.95      0.528807      197.208
909      62.2234      1.3135      985.122      -2890.05      -1904.93      0.528255      197.219
910      62.2919      1.31354      985.155      -2890.08      -1904.92      0.527705      197.23
911      62.3603      1.31392      985.442      -2890.36      -1904.92      0.527157      197.242
912      62.4288      1.3147      986.028      -2890.95      -1904.92      0.52661      197.254
913      62.4973      1.31587      986.903      -2891.82      -1904.92      0.526064      197.265
914      62.5657      1.31738      988.035      -2892.96      -1904.93      0.525519      197.277
915      62.6342      1.31917      989.38      -2894.31      -1904.93      0.524975      197.288
916      62.7026      1.3212      990.902      -2895.83      -1904.93      0.524431      197.299
917      62.7711      1.32345      992.59      -2897.52      -1904.93      0.523888      197.31
918      62.8395      1.32598      994.483      -2899.41      -1904.92      0.523346      197.321
919      62.908      1.32889      996.669      -2901.58      -1904.91      0.522803      197.331
920      62.9764      1.33232      999.243      -2904.15      -1904.91      0.522261      197.341
921      63.0449      1.33632      1002.24      -2907.16      -1904.91      0.521718      197.35
922      63.1133      1.34078      1005.58      -2910.51      -1904.93      0.521175      197.359
923      63.1818      1.34537      1009.02      -2913.98      -1904.96      0.520632      197.367
924      63.2502      1.34956      1012.17      -2917.15      -1904.99      0.520087      197.374
925      63.3187      1.35271      1014.53      -2919.55      -1905.02      0.519542      197.38
926      63.3871      1.35418      1015.63      -2920.68      -1905.05      0.518996      197.386
927      63.4556      1.35347      1015.1      -2920.16      -1905.06      0.518449      197.391
928      63.524      1.35031      1012.73      -2917.79      -1905.06      0.517901      197.395
929      63.5925      1.34471      1008.53      -2913.58      -1905.05      0.517353      197.399
930      63.6609      1.33698      1002.74      -2907.76      -1905.02      0.516804      197.401
931      63.7294      1.32767      995.754      -2900.75      -1904.99      0.516255      197.404
932      63.7979      1.31744      988.078      -2893.04      -1904.96      0.515706      197.406
933      63.8663      1.30694      980.206      -2885.15      -1904.94      0.515157      197.407
934      63.9348      1.29672      972.542      -2877.47      -1904.93      0.514608      197.408
935      64.0032      1.28712      965.342      -2870.27      -1904.93      0.51406      197.409
936      64.0717      1.27829      958.715      -2863.64      -1904.93      0.513512      197.409
937      64.1401      1.27023      952.67      -2857.6      -1904.93      0.512964      197.409
938      64.2086      1.26292      947.189      -2852.13      -1904.94      0.512416      197.409
939      64.277      1.25639      942.291      -2847.23      -1904.93      0.511868      197.408
940      64.3455      1.25077      938.079      -2843      -1904.92      0.511321      197.407
941      64.4139      1.24633      934.75      -2839.66      -1904.91      0.510774      197.406
942      64.4824      1.24343      932.57      -2837.46      -1904.89      0.510227      197.404
943      64.5508      1.24241      931.811      -2836.69      -1904.88      0.50968      197.401
944      64.6193      1.24355      932.664      -2837.54      -1904.87      0.509133      197.399
945      64.6877      1.24688      935.159      -2840.04      -1904.88      0.508586      197.396
946      64.7562      1.25216      939.12      -2844.02      -1904.9      0.50804      197.392
947      64.8246      1.25892      944.192      -2849.13      -1904.93      0.507494      197.389
948      64.8931      1.26654      949.906      -2854.87      -1904.96      0.506949      197.385
949      64.9615      1.27432      955.743      -2860.74      -1905      0.506404      197.381
950      65.03      1.28157      961.177      -2866.2      -1905.03      0.50586      197.377
951      65.0985      1.28763      965.72      -2870.77      -1905.05      0.505317      197.372
952      65.1669      1.29197      968.98      -2874.05      -1905.07      0.504774      197.367
953      65.2354      1.2943      970.725      -2875.79      -1905.07      0.504232      197.362
954      65.3038      1.29457      970.93      -2875.99      -1905.06      0.50369      197.357
955      65.3723      1.29305      969.791      -2874.82      -1905.03      0.50315      197.352
956      65.4407      1.29021      967.655      -2872.66      -1905.01      0.50261      197.347
957      65.5092      1.28652      964.886      -2869.88      -1904.99      0.502071      197.341
958      65.5776      1.28231      961.73      -2866.72      -1904.99      0.501533      197.336
959      65.6461      1.27764      958.231      -2863.23      -1905      0.500997      197.331
960      65.7145      1.27233      954.244      -2859.26      -1905.02      0.500461      197.325
961      65.783      1.26603      949.524      -2854.56      -1905.03      0.499928      197.32
962      65.8514      1.25848      943.861      -2848.9      -1905.04      0.499396      197.316
963      65.9199      1.2496      937.202      -2842.23      -1905.03      0.498866      197.311
964      65.9883      1.23965      929.741      -2834.74      -1905      0.498339      197.307
965      66.0568      1.22923      921.921      -2826.88      -1904.96      0.497814      197.304
966      66.1252      1.21917      914.376      -2819.3      -1904.92      0.497293      197.302
967      66.1937      1.21042      907.814      -2812.69      -1904.88      0.496776      197.3
968      66.2621      1.20388      902.907      -2807.76      -1904.85      0.496262      197.3
969      66.3306      1.20024      900.18      -2805.02      -1904.84      0.495752      197.301
970      66.3991      1.19985      899.887      -2804.74      -1904.85      0.495247      197.304
971      66.4675      1.20254      901.904      -2806.79      -1904.89      0.494746      197.307
972      66.536      1.2076      905.703      -2810.65      -1904.94      0.494249      197.312
973      66.6044      1.21398      910.486      -2815.48      -1905      0.493755      197.318
974      66.6729      1.22058      915.434      -2820.47      -1905.04      0.493266      197.325
975      66.7413      1.22655      919.915      -2824.97      -1905.06      0.49278      197.333
976      66.8098      1.23141      923.559      -2828.62      -1905.06      0.492297      197.342
977      66.8782      1.23496      926.224      -2831.28      -1905.06      0.491817      197.351
978      66.9467      1.23726      927.943      -2832.98      -1905.04      0.491338      197.361
979      67.0151      1.23852      928.888      -2833.91      -1905.02      0.490861      197.371
980      67.0836      1.23912      929.339      -2834.33      -1904.99      0.490384      197.38
981      67.152      1.23954      929.652      -2834.62      -1904.97      0.489908      197.39
982      67.2205      1.24029      930.216      -2835.16      -1904.94      0.489433      197.399
983      67.2889      1.24187      931.403      -2836.32      -1904.92      0.488957      197.408
984      67.3574      1.24471      933.53      -2838.43      -1904.9      0.488481      197.417
985      67.4258      1.24909      936.818      -2841.71      -1904.9      0.488005      197.425
986      67.4943      1.25513      941.349      -2846.25      -1904.9      0.48753      197.433
987      67.5627      1.26275      947.061      -2851.98      -1904.91      0.487056      197.441
988      67.6312      1.27168      953.757      -2858.69      -1904.93      0.486582      197.449
989      67.6997      1.28151      961.134      -2866.09      -1904.95      0.48611      197.457
990      67.7681      1.29176      968.817      -2873.8      -1904.98      0.48564      197.465
991      67.8366      1.30183      976.374      -2881.38      -1905.01      0.485171      197.474
992      67.905      1.31114      983.356      -2888.39      -1905.03      0.484704      197.483
993      67.9735      1.31911      989.333      -2894.38      -1905.05      0.48424      197.493
994      68.0419      1.32528      993.962      -2899.02      -1905.06      0.483777      197.503
995      68.1104      1.32941      997.06      -2902.12      -1905.06      0.483317      197.513
996      68.1788      1.3315      998.627      -2903.67      -1905.04      0.482858      197.524
997      68.2473      1.33178      998.838      -2903.86      -1905.02      0.482402      197.536
998      68.3157      1.33061      997.959      -2902.96      -1905      0.481947      197.547
999      68.3842      1.32833      996.246      -2901.24      -1904.99      0.481494      197.559
1000      68.4526      1.32518      993.883      -2898.86      -1904.98      0.481042      197.572
1000      68.4526      1.32518      993.883      -2898.86      -1904.98      0.481042      197.572
Execution time in seconds: 1.83639
