Timestep Time Temperature KineticEnergy PotentialEnergy TotalEnergy DiffusionConstant MeanSquareDisplacement
1      0.1      2.43283      1824.62      -3730.19      -1905.57      328.576      197.146
2      0.2      2.39504      1796.28      -3716.01      -1919.73      164.301      197.161
3      0.3      2.31884      1739.13      -3673.24      -1934.11      109.543      197.177
4      0.4      2.20325      1652.44      -3601.23      -1948.79      82.1643      197.194
5      0.5      2.04788      1535.91      -3499.33      -1963.42      65.7372      197.211
6      0.6      1.855      1391.25      -3368.02      -1976.76      54.7857      197.229
7      0.7      1.63266      1224.49      -3210.89      -1986.4      46.9632      197.245
8      0.8      1.39746      1048.1      -3037.08      -1988.98      41.096      197.261
9      0.9      1.17415      880.612      -2862.43      -1981.81      36.5325      197.275
10      1      0.989228      741.921      -2706.99      -1965.07      32.8813      197.288
11      1.1      0.86105      645.787      -2588.45      -1942.67      29.8938      197.299
12      1.2      0.793584      595.188      -2515.39      -1920.2      27.4039      197.308
13      1.3      0.778144      583.608      -2485.55      -1901.94      25.2968      197.315
14      1.4      0.799955      599.966      -2489.49      -1889.52      23.4906      197.321
15      1.5      0.844198      633.149      -2515.65      -1882.5      21.9251      197.326
16      1.6      0.899005      674.254      -2553.87      -1879.62      20.5552      197.33
17      1.7      0.955936      716.952      -2596.55      -1879.59      19.3464      197.333
18      1.8      1.00924      756.933      -2638.44      -1881.5      18.2718      197.335
19      1.9      1.05488      791.161      -2675.94      -1884.78      17.3103      197.337
20      2      1.09005      817.538      -2706.5      -1888.96      16.4449      197.339
21      2.1      1.11336      835.019      -2728.5      -1893.49      15.6619      197.34
22      2.2      1.12522      843.917      -2741.58      -1897.66      14.9502      197.342
23      2.3      1.12785      845.889      -2746.74      -1900.85      14.3004      197.345
24      2.4      1.12448      843.362      -2746.14      -1902.77      13.7047      197.348
25      2.5      1.11823      838.673      -2742.24      -1903.56      13.1568      197.352
26      2.6      1.11142      833.562      -2737.11      -1903.55      12.6511      197.357
27      2.7      1.10583      829.376      -2732.25      -1902.88      12.1829      197.363
28      2.8      1.10347      827.606      -2729.04      -1901.43      11.7482      197.369
29      2.9      1.10639      829.796      -2729.07      -1899.28      11.3435      197.376
30      3      1.11538      836.536      -2733.56      -1897.02      10.9657      197.383
31      3.1      1.12906      846.794      -2742.28      -1895.48      10.6123      197.39
32      3.2      1.14488      858.661      -2753.59      -1894.93      10.281      197.395
33      3.3      1.16078      870.587      -2765.66      -1895.07      9.96969      197.4
34      3.4      1.17576      881.82      -2777.32      -1895.5      9.67661      197.403
35      3.5      1.18948      892.111      -2788.12      -1896.01      9.40017      197.404
36      3.6      1.20176      901.317      -2797.9      -1896.59      9.13896      197.402
37      3.7      1.2125      909.376      -2806.54      -1897.17      8.89174      197.397
38      3.8      1.22204      916.528      -2814.11      -1897.58      8.65738      197.388
39      3.9      1.2312      923.402      -2821.03      -1897.63      8.43491      197.377
40      4      1.2411      930.825      -2828.09      -1897.26      8.22345      197.363
41      4.1      1.25247      939.354      -2836.04      -1896.68      8.0222      197.346
42      4.2      1.26508      948.809      -2845.1      -1896.29      7.83047      197.328
43      4.3      1.27757      958.175      -2854.67      -1896.49      7.64762      197.309
44      4.4      1.28802      966.012      -2863.43      -1897.42      7.47307      197.289
45      4.5      1.29482      971.114      -2870      -1898.88      7.30629      197.27
46      4.6      1.29727      972.95      -2873.47      -1900.52      7.14681      197.252
47      4.7      1.29547      971.605      -2873.66      -1902.05      6.99419      197.236
48      4.8      1.29      967.499      -2870.84      -1903.34      6.848      197.222
49      4.9      1.28172      961.292      -2865.55      -1904.26      6.70787      197.211
50      5      1.27204      954.027      -2858.63      -1904.6      6.57343      197.203
51      5.1      1.26297      947.231      -2851.35      -1904.12      6.44433      197.197
52      5.2      1.25681      942.609      -2845.43      -1902.83      6.32027      197.193
53      5.3      1.25497      941.231      -2842.36      -1901.13      6.20096      197.191
54      5.4      1.25751      943.133      -2842.67      -1899.54      6.08613      197.191
55      5.5      1.26395      947.962      -2846.1      -1898.13      5.97555      197.193
56      5.6      1.27421      955.656      -2852.39      -1896.73      5.86899      197.198
57      5.7      1.28829      966.218      -2861.58      -1895.36      5.76624      197.205
58      5.8      1.30542      979.063      -2873.45      -1894.39      5.66711      197.215
59      5.9      1.32378      992.837      -2887      -1894.17      5.57141      197.228
60      6      1.34118      1005.88      -2900.64      -1894.75      5.47896      197.242
61      6.1      1.35589      1016.92      -2912.82      -1895.9      5.38959      197.259
62      6.2      1.36712      1025.34      -2922.61      -1897.26      5.30314      197.277
63      6.3      1.3747      1031.03      -2929.68      -1898.65      5.21947      197.296
64      6.4      1.37848      1033.86      -2933.97      -1900.11      5.13843      197.316
65      6.5      1.37812      1033.59      -2935.27      -1901.68      5.05988      197.335
66      6.6      1.37356      1030.17      -2933.39      -1903.22      4.98372      197.355
67      6.7      1.36557      1024.18      -2928.56      -1904.38      4.90981      197.374
68      6.8      1.35576      1016.82      -2921.7      -1904.88      4.83806      197.393
69      6.9      1.346      1009.5      -2914.2      -1904.7      4.76836      197.41
70      7      1.33753      1003.15      -2907.28      -1904.13      4.70062      197.426
71      7.1      1.3306      997.947      -2901.51      -1903.56      4.63477      197.441
72      7.2      1.32466      993.496      -2896.74      -1903.24      4.5707      197.454
73      7.3      1.31893      989.201      -2892.43      -1903.23      4.50836      197.466
74      7.4      1.31262      984.463      -2887.98      -1903.51      4.44765      197.476
75      7.5      1.30494      978.704      -2882.78      -1904.07      4.38852      197.483
76      7.6      1.29536      971.521      -2876.32      -1904.8      4.33088      197.488
77      7.7      1.28396      962.966      -2868.37      -1905.41      4.27468      197.49
78      7.8      1.27185      953.89      -2859.38      -1905.49      4.21986      197.49
79      7.9      1.26103      945.769      -2850.57      -1904.8      4.16636      197.486
80      8      1.25325      939.941      -2843.47      -1903.53      4.11414      197.479
81      8.1      1.24911      936.832      -2839      -1902.17      4.06316      197.469
82      8.2      1.24814      936.103      -2837.15      -1901.05      4.01336      197.458
83      8.3      1.24944      937.083      -2837.38      -1900.3      3.96473      197.443
84      8.4      1.25201      939.011      -2838.95      -1899.94      3.9172      197.427
85      8.5      1.25497      941.226      -2841.1      -1899.88      3.87076      197.409
86      8.6      1.2578      943.352      -2843.32      -1899.97      3.82537      197.389
87      8.7      1.26034      945.256      -2845.37      -1900.12      3.78099      197.368
88      8.8      1.26228      946.713      -2847.11      -1900.4      3.7376      197.345
89      8.9      1.26288      947.159      -2848.16      -1901      3.69518      197.322
90      9      1.26117      945.879      -2847.82      -1901.95      3.65368      197.299
91      9.1      1.25657      942.429      -2845.48      -1903.05      3.6131      197.275
92      9.2      1.24931      936.98      -2840.96      -1903.98      3.57341      197.252
93      9.3      1.24034      930.253      -2834.75      -1904.5      3.53458      197.23
94      9.4      1.23106      923.298      -2827.76      -1904.46      3.4966      197.208
95      9.5      1.22321      917.405      -2821.16      -1903.75      3.45944      197.188
96      9.6      1.21869      914.016      -2816.33      -1902.31      3.42306      197.169
97      9.7      1.21926      914.442      -2814.7      -1900.26      3.38747      197.15
98      9.8      1.22593      919.448      -2817.38      -1897.93      3.35261      197.134
99      9.9      1.23851      928.88      -2824.68      -1895.8      3.31848      197.118
100      10      1.25541      941.559      -2835.96      -1894.4      3.28505      197.103
101      10.1      1.27395      955.464      -2849.54      -1894.08      3.2523      197.089
102      10.2      1.29115      968.365      -2863.22      -1894.86      3.22021      197.077
103      10.3      1.30467      978.5      -2874.93      -1896.43      3.18874      197.064
104      10.4      1.31332      984.989      -2883.31      -1898.32      3.15789      197.053
105      10.5      1.3172      987.9      -2887.97      -1900.07      3.12764      197.041
106      10.6      1.31738      988.038      -2889.38      -1901.34      3.09796      197.03
107      10.7      1.31537      986.53      -2888.56      -1902.03      3.06885      197.02
108      10.8      1.31238      984.286      -2886.61      -1902.32      3.04028      197.01
109      10.9      1.30879      981.595      -2884.13      -1902.54      3.01224      197.001
110      11      1.30427      978.203      -2881.13      -1902.93      2.98473      196.992
111      11.1      1.29825      973.689      -2877.21      -1903.52      2.95774      196.986
112      11.2      1.29046      967.849      -2872.03      -1904.18      2.93127      196.981
113      11.3      1.28118      960.884      -2865.57      -1904.69      2.90529      196.978
114      11.4      1.27118      953.387      -2858.24      -1904.85      2.8798      196.978
115      11.5      1.26169      946.266      -2850.8      -1904.54      2.85479      196.981
116      11.6      1.25406      940.547      -2844.25      -1903.71      2.83025      196.985
117      11.7      1.24946      937.096      -2839.58      -1902.48      2.80616      196.992
118      11.8      1.2484      936.302      -2837.45      -1901.15      2.7825      197.001
119      11.9      1.25055      937.914      -2837.92      -1900      2.75926      197.011
120      12      1.25494      941.208      -2840.47      -1899.26      2.73642      197.022
121      12.1      1.26055      945.41      -2844.3      -1898.89      2.71397      197.034
122      12.2      1.26671      950.034      -2848.75      -1898.72      2.69189      197.046
123      12.3      1.27321      954.908      -2853.5      -1898.59      2.67017      197.059
124      12.4      1.28003      960.019      -2858.49      -1898.47      2.64881      197.071
125      12.5      1.28719      965.389      -2863.72      -1898.33      2.62779      197.085
126      12.6      1.2948      971.102      -2869.25      -1898.15      2.60712      197.098
127      12.7      1.30292      977.189      -2875.17      -1897.98      2.58678      197.113
128      12.8      1.31102      983.267      -2881.34      -1898.07      2.56677      197.128
129      12.9      1.31786      988.396      -2887.07      -1898.68      2.54709      197.145
130      13      1.32206      991.542      -2891.3      -1899.76      2.52772      197.162
131      13.1      1.3232      992.398      -2893.26      -1900.86      2.50867      197.181
132      13.2      1.32237      991.775      -2893.21      -1901.44      2.48991      197.201
133      13.3      1.32093      990.696      -2892.28      -1901.58      2.47145      197.222
134      13.4      1.31857      988.928      -2890.97      -1902.04      2.45328      197.243
135      13.5      1.31348      985.11      -2888.34      -1903.23      2.43537      197.265
136      13.6      1.30424      978.18      -2883.02      -1904.84      2.41773      197.287
137      13.7      1.29105      968.288      -2874.49      -1906.2      2.40034      197.308
138      13.8      1.2758      956.853      -2863.55      -1906.7      2.38319      197.328
139      13.9      1.2617      946.276      -2852.19      -1905.91      2.36627      197.347
140      14      1.25237      939.278      -2843.06      -1903.78      2.34957      197.364
141      14.1      1.25065      937.987      -2838.71      -1900.73      2.33308      197.379
142      14.2      1.25742      943.062      -2840.62      -1897.56      2.3168      197.391
143      14.3      1.27148      953.608      -2848.63      -1895.02      2.30071      197.401
144      14.4      1.29022      967.663      -2861.23      -1893.56      2.2848      197.407
145      14.5      1.31024      982.68      -2876.1      -1893.42      2.26908      197.41
146      14.6      1.32813      996.096      -2890.62      -1894.53      2.25355      197.411
147      14.7      1.34127      1005.96      -2902.45      -1896.49      2.23819      197.408
148      14.8      1.34855      1011.41      -2910.12      -1898.71      2.22302      197.404
149      14.9      1.35057      1012.92      -2913.47      -1900.54      2.20803      197.397
150      15      1.34934      1012      -2913.52      -1901.52      2.19322      197.39
151      15.1      1.34743      1010.58      -2912.11      -1901.54      2.17862      197.383
152      15.2      1.34663      1009.97      -2911.01      -1901.03      2.1642      197.375
153      15.3      1.34684      1010.13      -2910.88      -1900.75      2.14998      197.368
154      15.4      1.34651      1009.88      -2911.02      -1901.14      2.13595      197.362
155      15.5      1.34383      1007.87      -2910.06      -1902.19      2.12211      197.356
156      15.6      1.33757      1003.18      -2906.81      -1903.63      2.10844      197.35
157      15.7      1.32724      995.427      -2900.6      -1905.18      2.09495      197.344
158      15.8      1.31326      984.942      -2891.41      -1906.46      2.08163      197.338
159      15.9      1.29712      972.843      -2879.93      -1907.09      2.06847      197.332
160      16      1.28122      960.913      -2867.67      -1906.76      2.05548      197.326
161      16.1      1.26807      951.053      -2856.55      -1905.5      2.04265      197.32
162      16.2      1.25944      944.582      -2848.28      -1903.69      2.02998      197.314
163      16.3      1.25583      941.873      -2843.69      -1901.82      2.01748      197.309
164      16.4      1.25666      942.492      -2842.73      -1900.24      2.00514      197.306
165      16.5      1.26082      945.616      -2844.72      -1899.1      1.99296      197.304
166      16.6      1.26703      950.275      -2848.75      -1898.47      1.98095      197.303
167      16.7      1.27378      955.332      -2853.76      -1898.43      1.9691      197.303
168      16.8      1.27935      959.513      -2858.54      -1899.03      1.9574      197.306
169      16.9      1.28224      961.679      -2861.83      -1900.15      1.94586      197.31
170      17      1.28172      961.293      -2862.74      -1901.44      1.93446      197.315
171      17.1      1.27801      958.505      -2861.09      -1902.58      1.92322      197.322
172      17.2      1.27194      953.955      -2857.3      -1903.35      1.91212      197.331
173      17.3      1.26475      948.561      -2852.19      -1903.63      1.90116      197.341
174      17.4      1.25792      943.437      -2846.78      -1903.34      1.89034      197.351
175      17.5      1.25318      939.886      -2842.28      -1902.4      1.87965      197.363
176      17.6      1.25213      939.096      -2840.01      -1900.91      1.86908      197.375
177      17.7      1.25549      941.619      -2840.88      -1899.26      1.85864      197.387
178      17.8      1.26282      947.119      -2845.01      -1897.89      1.84831      197.399
179      17.9      1.27287      954.656      -2851.68      -1897.03      1.83809      197.411
180      18      1.28429      963.22      -2859.87      -1896.65      1.82799      197.423
181      18.1      1.29599      971.993      -2868.64      -1896.65      1.81799      197.433
182      18.2      1.30723      980.426      -2877.32      -1896.9      1.80808      197.442
183      18.3      1.3175      988.127      -2885.45      -1897.32      1.79827      197.45
184      18.4      1.32638      994.784      -2892.68      -1897.89      1.78854      197.455
185      18.5      1.33346      1000.1      -2898.71      -1898.61      1.77891      197.459
186      18.6      1.33817      1003.63      -2903.2      -1899.57      1.76935      197.46
187      18.7      1.33957      1004.68      -2905.57      -1900.9      1.75989      197.459
188      18.8      1.33674      1002.56      -2905.08      -1902.53      1.7505      197.457
189      18.9      1.3296      997.201      -2901.27      -1904.07      1.74121      197.453
190      19      1.31943      989.575      -2894.59      -1905.01      1.732      197.448
191      19.1      1.30861      981.455      -2886.46      -1905      1.72289      197.443
192      19.2      1.29967      974.756      -2878.82      -1904.07      1.71387      197.438
193      19.3      1.29441      970.808      -2873.39      -1902.58      1.70495      197.433
194      19.4      1.2932      969.899      -2871      -1901.11      1.69612      197.429
195      19.5      1.29478      971.082      -2871.34      -1900.26      1.6874      197.425
196      19.6      1.29652      972.39      -2872.87      -1900.48      1.67876      197.422
197      19.7      1.29536      971.523      -2873.37      -1901.85      1.67021      197.419
198      19.8      1.28892      966.688      -2870.69      -1904      1.66174      197.415
199      19.9      1.2763      957.226      -2863.54      -1906.31      1.65336      197.411
200      20      1.25845      943.834      -2851.94      -1908.1      1.64506      197.407
201      20.1      1.23788      928.411      -2837.22      -1908.81      1.63683      197.402
202      20.2      1.21826      913.694      -2821.77      -1908.08      1.62869      197.397
203      20.3      1.20351      902.63      -2808.52      -1905.89      1.62062      197.392
204      20.4      1.19672      897.537      -2800.22      -1902.68      1.61263      197.386
205      20.5      1.19911      899.332      -2798.55      -1899.22      1.60472      197.38
206      20.6      1.20969      907.27      -2803.6      -1896.33      1.59689      197.375
207      20.7      1.22573      919.296      -2813.88      -1894.59      1.58914      197.371
208      20.8      1.24389      932.919      -2827.01      -1894.1      1.58147      197.368
209      20.9      1.26151      946.132      -2840.64      -1894.51      1.57389      197.365
210      21      1.27724      957.93      -2853.23      -1895.3      1.56638      197.364
211      21.1      1.29095      968.216      -2864.28      -1896.06      1.55896      197.365
212      21.2      1.30303      977.27      -2873.94      -1896.67      1.55162      197.367
213      21.3      1.31374      985.308      -2882.49      -1897.18      1.54436      197.37
214      21.4      1.32317      992.374      -2890.06      -1897.68      1.53718      197.373
215      21.5      1.33109      998.314      -2896.6      -1898.29      1.53006      197.378
216      21.6      1.33699      1002.74      -2901.85      -1899.1      1.52302      197.383
217      21.7      1.34018      1005.13      -2905.32      -1900.18      1.51604      197.388
218      21.8      1.34006      1005.04      -2906.5      -1901.45      1.50913      197.394
219      21.9      1.33643      1002.32      -2905.08      -1902.75      1.50228      197.4
220      22      1.32959      997.192      -2901.09      -1903.9      1.4955      197.406
221      22.1      1.32013      990.094      -2894.9      -1904.8      1.48879      197.413
222      22.2      1.30879      981.591      -2887.01      -1905.41      1.48214      197.421
223      22.3      1.29634      972.258      -2877.99      -1905.74      1.47557      197.431
224      22.4      1.28353      962.649      -2868.43      -1905.78      1.46906      197.441
225      22.5      1.27124      953.429      -2858.88      -1905.45      1.46262      197.454
226      22.6      1.2608      945.603      -2850.17      -1904.57      1.45625      197.467
227      22.7      1.2542      940.648      -2843.55      -1902.91      1.44995      197.483
228      22.8      1.25356      940.172      -2840.65      -1900.48      1.44371      197.5
229      22.9      1.25988      944.911      -2842.78      -1897.87      1.43754      197.518
230      23      1.27196      953.967      -2849.89      -1895.93      1.43142      197.536
231      23.1      1.28688      965.164      -2860.33      -1895.17      1.42535      197.554
232      23.2      1.30159      976.19      -2871.71      -1895.52      1.41934      197.572
233      23.3      1.31381      985.354      -2881.99      -1896.63      1.41336      197.588
234      23.4      1.32225      991.69      -2889.83      -1898.14      1.40743      197.603
235      23.5      1.32651      994.88      -2894.61      -1899.73      1.40153      197.616
236      23.6      1.32678      995.081      -2896.27      -1901.19      1.39567      197.627
237      23.7      1.32361      992.707      -2895.13      -1902.42      1.38984      197.635
238      23.8      1.31769      988.271      -2891.66      -1903.39      1.38404      197.641
239      23.9      1.30986      982.395      -2886.42      -1904.02      1.37827      197.645
240      24      1.30133      975.994      -2880.15      -1904.16      1.37254      197.645
241      24.1      1.29364      970.23      -2873.93      -1903.7      1.36683      197.644
242      24.2      1.28824      966.182      -2868.93      -1902.75      1.36115      197.639
243      24.3      1.2858      964.353      -2865.99      -1901.64      1.3555      197.632
244      24.4      1.28581      964.36      -2865.19      -1900.83      1.34988      197.622
245      24.5      1.28676      965.073      -2865.72      -1900.65      1.34429      197.61
246      24.6      1.28663      964.975      -2866.22      -1901.24      1.33873      197.596
247      24.7      1.28355      962.662      -2865.16      -1902.5      1.3332      197.58
248      24.8      1.27639      957.293      -2861.37      -1904.08      1.3277      197.562
249      24.9      1.26528      948.957      -2854.44      -1905.48      1.32224      197.543
250      25      1.25161      938.71      -2844.97      -1906.26      1.31682      197.523
251      25.1      1.2375      928.122      -2834.35      -1906.23      1.31144      197.502
252      25.2      1.2249      918.678      -2824.18      -1905.5      1.30609      197.481
253      25.3      1.21508      911.311      -2815.69      -1904.38      1.30078      197.459
254      25.4      1.20848      906.357      -2809.51      -1903.15      1.29552      197.437
255      25.5      1.20511      903.829      -2805.78      -1901.95      1.29029      197.414
256      25.6      1.2049      903.676      -2804.44      -1900.77      1.2851      197.391
257      25.7      1.20795      905.963      -2805.5      -1899.54      1.27995      197.368
258      25.8      1.21448      910.857      -2809.09      -1898.23      1.27483      197.343
259      25.9      1.22457      918.425      -2815.35      -1896.92      1.26974      197.318
260      26      1.23781      928.361      -2824.2      -1895.84      1.26469      197.292
261      26.1      1.25297      939.729      -2835.02      -1895.29      1.25968      197.266
262      26.2      1.26809      951.068      -2846.59      -1895.53      1.2547      197.239
263      26.3      1.28103      960.776      -2857.31      -1896.54      1.24976      197.211
264      26.4      1.29022      967.661      -2865.72      -1898.06      1.24485      197.184
265      26.5      1.29514      971.357      -2870.99      -1899.64      1.23999      197.158
266      26.6      1.29663      972.47      -2873.26      -1900.79      1.23516      197.132
267      26.7      1.2964      972.3      -2873.55      -1901.25      1.23039      197.108
268      26.8      1.296      971.997      -2873.22      -1901.23      1.22566      197.086
269      26.9      1.29548      971.61      -2872.94      -1901.33      1.22098      197.066
270      27      1.29347      970.101      -2872.15      -1902.04      1.21635      197.049
271      27.1      1.28848      966.359      -2869.61      -1903.25      1.21177      197.034
272      27.2      1.28022      960.162      -2864.59      -1904.43      1.20725      197.023
273      27.3      1.26978      952.337      -2857.43      -1905.09      1.20278      197.015
274      27.4      1.259      944.253      -2849.3      -1905.05      1.19835      197.01
275      27.5      1.24952      937.138      -2841.57      -1904.44      1.19399      197.008
276      27.6      1.24221      931.654      -2835.23      -1903.57      1.18967      197.009
277      27.7      1.23724      927.932      -2830.63      -1902.7      1.18539      197.013
278      27.8      1.2345      925.879      -2827.76      -1901.88      1.18117      197.019
279      27.9      1.23385      925.387      -2826.51      -1901.13      1.17698      197.027
280      28      1.235      926.248      -2826.75      -1900.51      1.17284      197.037
281      28.1      1.23726      927.945      -2828.13      -1900.18      1.16872      197.047
282      28.2      1.23955      929.665      -2829.95      -1900.29      1.16464      197.057
283      28.3      1.2408      930.602      -2831.37      -1900.77      1.16058      197.066
284      28.4      1.2403      930.227      -2831.68      -1901.45      1.15653      197.073
285      28.5      1.23801      928.508      -2830.59      -1902.08      1.15251      197.079
286      28.6      1.23469      926.017      -2828.36      -1902.34      1.14849      197.082
287      28.7      1.2319      923.923      -2825.87      -1901.94      1.14449      197.081
288      28.8      1.23169      923.767      -2824.54      -1900.77      1.1405      197.078
289      28.9      1.23578      926.835      -2825.87      -1899.04      1.13652      197.072
290      29      1.24465      933.489      -2830.75      -1897.27      1.13254      197.063
291      29.1      1.25738      943.032      -2838.99      -1895.96      1.12858      197.051
292      29.2      1.27232      954.243      -2849.55      -1895.3      1.12464      197.037
293      29.3      1.28779      965.845      -2861.13      -1895.28      1.12072      197.023
294      29.4      1.30224      976.677      -2872.51      -1895.83      1.11682      197.008
295      29.5      1.31422      985.665      -2882.56      -1896.9      1.11295      196.993
296      29.6      1.32247      991.854      -2890.26      -1898.41      1.10911      196.978
297      29.7      1.32607      994.55      -2894.76      -1900.21      1.10531      196.965
298      29.8      1.32477      993.579      -2895.59      -1902.01      1.10153      196.954
299      29.9      1.31932      989.494      -2892.93      -1903.43      1.09779      196.943
300      30      1.31149      983.615      -2887.71      -1904.1      1.09408      196.934
301      30.1      1.30373      977.8      -2881.6      -1903.8      1.0904      196.926
302      30.2      1.29854      973.905      -2876.52      -1902.62      1.08674      196.918
303      30.3      1.29755      973.163      -2874.1      -1900.94      1.08312      196.911
304      30.4      1.30104      975.783      -2875.08      -1899.3      1.07952      196.904
305      30.5      1.30778      980.834      -2879.1      -1898.26      1.07594      196.897
306      30.6      1.31554      986.655      -2884.77      -1898.11      1.07239      196.891
307      30.7      1.3223      991.722      -2890.37      -1898.65      1.06887      196.886
308      30.8      1.32711      995.333      -2894.76      -1899.42      1.06538      196.882
309      30.9      1.33021      997.657      -2897.68      -1900.03      1.06191      196.878
310      31      1.33226      999.195      -2899.56      -1900.37      1.05847      196.876
311      31.1      1.33362      1000.22      -2900.84      -1900.63      1.05506      196.875
312      31.2      1.33408      1000.56      -2901.56      -1901      1.05168      196.874
313      31.3      1.33334      1000.01      -2901.45      -1901.45      1.04831      196.873
314      31.4      1.33181      998.856      -2900.53      -1901.68      1.04497      196.871
315      31.5      1.33065      997.986      -2899.4      -1901.42      1.04164      196.87
316      31.6      1.33117      998.379      -2899.08      -1900.7      1.03833      196.868
317      31.7      1.3339      1000.43      -2900.32      -1899.89      1.03505      196.866
318      31.8      1.3382      1003.65      -2903.07      -1899.43      1.03178      196.865
319      31.9      1.3424      1006.8      -2906.45      -1899.65      1.02854      196.863
320      32      1.34429      1008.22      -2908.95      -1900.73      1.02533      196.863
321      32.1      1.34159      1006.19      -2908.83      -1902.64      1.02213      196.863
322      32.2      1.33259      999.446      -2904.54      -1905.09      1.01896      196.864
323      32.3      1.31691      987.68      -2895.21      -1907.53      1.01582      196.865
324      32.4      1.29586      971.898      -2881.19      -1909.29      1.01269      196.867
325      32.5      1.27245      954.337      -2864.16      -1909.82      1.00959      196.869
326      32.6      1.25047      937.849      -2846.75      -1908.9      1.0065      196.872
327      32.7      1.23333      924.995      -2831.78      -1906.79      1.00344      196.875
328      32.8      1.22306      917.293      -2821.37      -1904.08      1.0004      196.878
329      32.9      1.21994      914.956      -2816.39      -1901.43      0.997373      196.881
330      33      1.22279      917.092      -2816.44      -1899.35      0.994373      196.886
331      33.1      1.22949      922.12      -2820.24      -1898.12      0.991395      196.891
332      33.2      1.23777      928.331      -2826.06      -1897.73      0.988439      196.897
333      33.3      1.24578      934.334      -2832.33      -1898      0.985504      196.904
334      33.4      1.25222      939.166      -2837.86      -1898.69      0.982591      196.911
335      33.5      1.25618      942.132      -2841.85      -1899.72      0.979698      196.919
336      33.6      1.25678      942.582      -2843.63      -1901.05      0.976825      196.928
337      33.7      1.25357      940.178      -2842.65      -1902.47      0.97397      196.937
338      33.8      1.24725      935.438      -2838.95      -1903.51      0.971133      196.946
339      33.9      1.23974      929.808      -2833.55      -1903.75      0.968314      196.955
340      34      1.23313      924.845      -2828.1      -1903.25      0.965512      196.965
341      34.1      1.22862      921.464      -2823.85      -1902.39      0.962728      196.974
342      34.2      1.22672      920.041      -2821.42      -1901.38      0.959962      196.984
343      34.3      1.22784      920.877      -2821.09      -1900.21      0.957212      196.994
344      34.4      1.23243      924.323      -2823.21      -1898.88      0.954479      197.004
345      34.5      1.24063      930.474      -2828.04      -1897.57      0.951761      197.015
346      34.6      1.25181      938.861      -2835.43      -1896.57      0.949058      197.024
347      34.7      1.2645      948.375      -2844.57      -1896.19      0.946368      197.034
348      34.8      1.2767      957.522      -2854.11      -1896.58      0.943691      197.043
349      34.9      1.28645      964.834      -2862.51      -1897.68      0.941026      197.051
350      35      1.29238      969.287      -2868.49      -1899.2      0.938374      197.058
351      35.1      1.29419      970.642      -2871.38      -1900.73      0.935734      197.066
352      35.2      1.29271      969.534      -2871.38      -1901.85      0.933107      197.072
353      35.3      1.28958      967.184      -2869.49      -1902.3      0.930493      197.078
354      35.4      1.28636      964.767      -2866.98      -1902.21      0.927893      197.084
355      35.5      1.28378      962.838      -2864.77      -1901.93      0.925307      197.09
356      35.6      1.2816      961.197      -2863.02      -1901.83      0.922736      197.096
357      35.7      1.27908      959.311      -2861.29      -1901.98      0.920179      197.102
358      35.8      1.27598      956.984      -2859.15      -1902.17      0.917635      197.108
359      35.9      1.27299      954.746      -2856.75      -1902.01      0.915106      197.114
360      36      1.27147      953.604      -2854.94      -1901.33      0.912589      197.119
361      36.1      1.27246      954.349      -2854.69      -1900.34      0.910086      197.125
362      36.2      1.27601      957.008      -2856.44      -1899.44      0.907595      197.13
363      36.3      1.28129      960.97      -2859.87      -1898.9      0.905117      197.135
364      36.4      1.28726      965.446      -2864.19      -1898.75      0.902652      197.139
365      36.5      1.29307      969.806      -2868.7      -1898.89      0.900201      197.144
366      36.6      1.29808      973.561      -2872.83      -1899.26      0.897763      197.149
367      36.7      1.30168      976.259      -2876.11      -1899.85      0.895339      197.154
368      36.8      1.30348      977.607      -2878.15      -1900.54      0.892929      197.159
369      36.9      1.30347      977.606      -2878.8      -1901.19      0.890533      197.164
370      37      1.30202      976.515      -2878.2      -1901.69      0.88815      197.169
371      37.1      1.29947      974.605      -2876.67      -1902.06      0.885779      197.174
372      37.2      1.29603      972.023      -2874.39      -1902.37      0.883419      197.179
373      37.3      1.29187      968.9      -2871.5      -1902.6      0.88107      197.184
374      37.4      1.28737      965.527      -2868.2      -1902.67      0.878733      197.188
375      37.5      1.28308      962.311      -2864.84      -1902.53      0.876406      197.191
376      37.6      1.27959      959.695      -2861.86      -1902.16      0.874092      197.195
377      37.7      1.27759      958.191      -2859.71      -1901.52      0.871791      197.199
378      37.8      1.27803      958.523      -2859.02      -1900.49      0.869504      197.204
379      37.9      1.28203      961.522      -2860.59      -1899.07      0.867233      197.209
380      38      1.29023      967.669      -2865.15      -1897.48      0.864976      197.215
381      38.1      1.30206      976.542      -2872.78      -1896.24      0.862736      197.221
382      38.2      1.31581      986.855      -2882.58      -1895.73      0.860511      197.229
383      38.3      1.32934      997.005      -2893.02      -1896.01      0.858301      197.238
384      38.4      1.34069      1005.52      -2902.53      -1897.01      0.856105      197.246
385      38.5      1.34819      1011.15      -2909.74      -1898.6      0.853919      197.255
386      38.6      1.3507      1013.02      -2913.56      -1900.54      0.851741      197.263
387      38.7      1.34791      1010.93      -2913.43      -1902.5      0.849569      197.27
388      38.8      1.34026      1005.2      -2909.45      -1904.26      0.8474      197.275
389      38.9      1.32832      996.238      -2902.04      -1905.8      0.845233      197.277
390      39      1.31278      984.582      -2891.61      -1907.03      0.843068      197.278
391      39.1      1.29544      971.576      -2879.03      -1907.46      0.840903      197.276
392      39.2      1.27963      959.723      -2866.25      -1906.52      0.838739      197.271
393      39.3      1.26905      951.788      -2856.06      -1904.28      0.836576      197.265
394      39.4      1.26573      949.3      -2850.8      -1901.5      0.834415      197.256
395      39.5      1.26899      951.741      -2850.97      -1899.23      0.832257      197.245
396      39.6      1.27591      956.934      -2855.14      -1898.2      0.830102      197.232
397      39.7      1.28289      962.166      -2860.69      -1898.52      0.827952      197.218
398      39.8      1.2871      965.324      -2865.09      -1899.77      0.825807      197.203
399      39.9      1.2874      965.55      -2866.83      -1901.28      0.823669      197.186
400      40      1.28435      963.266      -2865.71      -1902.44      0.821537      197.169
401      40.1      1.27956      959.667      -2862.61      -1902.94      0.819411      197.15
402      40.2      1.27471      956.031      -2858.86      -1902.83      0.817292      197.131
403      40.3      1.27079      953.094      -2855.53      -1902.44      0.815179      197.11
404      40.4      1.26771      950.781      -2852.95      -1902.17      0.813073      197.089
405      40.5      1.26458      948.431      -2850.72      -1902.29      0.810972      197.066
406      40.6      1.26031      945.229      -2848.03      -1902.8      0.808878      197.043
407      40.7      1.25422      940.665      -2844.16      -1903.5      0.80679      197.018
408      40.8      1.24639      934.792      -2838.89      -1904.1      0.804708      196.992
409      40.9      1.23759      928.195      -2832.54      -1904.35      0.802632      196.966
410      41      1.22917      921.88      -2825.92      -1904.04      0.800564      196.939
411      41.1      1.22282      917.118      -2820.21      -1903.09      0.798505      196.911
412      41.2      1.2201      915.075      -2816.68      -1901.6      0.796455      196.884
413      41.3      1.22177      916.331      -2816.25      -1899.92      0.794418      196.857
414      41.4      1.22746      920.594      -2819.09      -1898.5      0.792393      196.83
415      41.5      1.23577      926.829      -2824.49      -1897.66      0.790384      196.806
416      41.6      1.24498      933.737      -2831.21      -1897.47      0.78839      196.782
417      41.7      1.25373      940.298      -2838.05      -1897.75      0.786414      196.761
418      41.8      1.26136      946.022      -2844.22      -1898.2      0.784456      196.742
419      41.9      1.26785      950.889      -2849.52      -1898.63      0.782514      196.724
420      42      1.27338      955.038      -2854.02      -1898.99      0.780589      196.708
421      42.1      1.27798      958.488      -2857.85      -1899.36      0.778679      196.694
422      42.2      1.28134      961.006      -2860.9      -1899.89      0.776782      196.681
423      42.3      1.28284      962.127      -2862.8      -1900.67      0.774896      196.669
424      42.4      1.28184      961.377      -2863.05      -1901.67      0.773021      196.656
425      42.5      1.27811      958.584      -2861.28      -1902.7      0.771154      196.644
426      42.6      1.27223      954.173      -2857.6      -1903.43      0.769294      196.632
427      42.7      1.26554      949.151      -2852.74      -1903.59      0.767442      196.619
428      42.8      1.25978      944.832      -2847.9      -1903.07      0.765597      196.605
429      42.9      1.25654      942.405      -2844.41      -1902.01      0.763759      196.592
430      43      1.25663      942.474      -2843.21      -1900.73      0.761929      196.578
431      43.1      1.25976      944.82      -2844.49      -1899.67      0.760108      196.564
432      43.2      1.26461      948.46      -2847.63      -1899.17      0.758296      196.55
433      43.3      1.2695      952.123      -2851.44      -1899.32      0.756493      196.537
434      43.4      1.27297      954.73      -2854.69      -1899.96      0.754699      196.524
435      43.5      1.27423      955.672      -2856.51      -1900.84      0.752915      196.511
436      43.6      1.27308      954.813      -2856.54      -1901.73      0.75114      196.498
437      43.7      1.26984      952.376      -2854.85      -1902.47      0.749375      196.486
438      43.8      1.26507      948.803      -2851.77      -1902.97      0.747619      196.474
439      43.9      1.25935      944.514      -2847.78      -1903.27      0.745874      196.463
440      44      1.25305      939.787      -2843.23      -1903.44      0.744141      196.453
441      44.1      1.24657      934.927      -2838.36      -1903.43      0.742419      196.444
442      44.2      1.24086      930.648      -2833.65      -1903      0.740709      196.436
443      44.3      1.23764      928.233      -2830.13      -1901.89      0.739011      196.429
444      44.4      1.23877      929.081      -2829.2      -1900.12      0.737326      196.424
445      44.5      1.24532      933.987      -2832.05      -1898.06      0.735654      196.42
446      44.6      1.25694      942.707      -2838.97      -1896.27      0.733995      196.417
447      44.7      1.27205      954.037      -2849.21      -1895.17      0.73235      196.416
448      44.8      1.28827      966.202      -2861.21      -1895.01      0.730717      196.417
449      44.9      1.30301      977.257      -2873.07      -1895.81      0.729099      196.419
450      45      1.31406      985.544      -2882.93      -1897.39      0.727494      196.423
451      45.1      1.31998      989.985      -2889.39      -1899.41      0.725905      196.43
452      45.2      1.32038      990.285      -2891.76      -1901.48      0.724332      196.439
453      45.3      1.31598      986.982      -2890.15      -1903.16      0.722774      196.45
454      45.4      1.30848      981.357      -2885.5      -1904.15      0.721235      196.464
455      45.5      1.29984      974.876      -2879.28      -1904.41      0.719712      196.481
456      45.6      1.29146      968.591      -2872.81      -1904.22      0.718209      196.502
457      45.7      1.28376      962.821      -2866.76      -1903.94      0.716725      196.526
458      45.8      1.27646      957.343      -2861.16      -1903.82      0.715259      196.553
459      45.9      1.26906      951.796      -2855.66      -1903.86      0.713813      196.584
460      46      1.2615      946.127      -2850      -1903.87      0.712385      196.618
461      46.1      1.25444      940.829      -2844.4      -1903.57      0.710975      196.656
462      46.2      1.24914      936.857      -2839.62      -1902.76      0.709579      196.695
463      46.3      1.24701      935.258      -2836.71      -1901.45      0.708198      196.738
464      46.4      1.24894      936.704      -2836.59      -1899.89      0.706829      196.781
465      46.5      1.25486      941.148      -2839.6      -1898.45      0.70547      196.826
466      46.6      1.26377      947.825      -2845.31      -1897.48      0.704119      196.872
467      46.7      1.274      955.503      -2852.66      -1897.16      0.702774      196.917
468      46.8      1.28397      962.979      -2860.39      -1897.41      0.701432      196.962
469      46.9      1.2926      969.451      -2867.45      -1898      0.700093      197.006
470      47      1.29935      974.516      -2873.27      -1898.76      0.698756      197.049
471      47.1      1.30397      977.979      -2877.58      -1899.6      0.697419      197.09
472      47.2      1.30612      979.593      -2880.16      -1900.56      0.696081      197.13
473      47.3      1.30556      979.169      -2880.77      -1901.6      0.694743      197.168
474      47.4      1.30224      976.681      -2879.29      -1902.61      0.693406      197.205
475      47.5      1.29662      972.464      -2875.87      -1903.4      0.692068      197.239
476      47.6      1.2897      967.272      -2871.04      -1903.77      0.690731      197.273
477      47.7      1.28288      962.161      -2865.75      -1903.59      0.689396      197.305
478      47.8      1.27758      958.184      -2861.08      -1902.9      0.688063      197.336
479      47.9      1.27489      956.17      -2858      -1901.83      0.686732      197.367
480      48      1.27548      956.609      -2857.18      -1900.57      0.685404      197.396
481      48.1      1.27933      959.496      -2858.89      -1899.39      0.68408      197.425
482      48.2      1.28551      964.132      -2862.79      -1898.65      0.682758      197.454
483      48.3      1.29236      969.27      -2867.84      -1898.57      0.681439      197.481
484      48.4      1.29828      973.71      -2872.77      -1899.06      0.680122      197.507
485      48.5      1.30222      976.664      -2876.55      -1899.89      0.678805      197.532
486      48.6      1.30362      977.714      -2878.59      -1900.88      0.677487      197.555
487      48.7      1.30219      976.641      -2878.59      -1901.95      0.676167      197.576
488      48.8      1.29789      973.421      -2876.43      -1903.01      0.674845      197.595
489      48.9      1.29095      968.209      -2872.17      -1903.96      0.673519      197.611
490      49      1.28175      961.314      -2866.04      -1904.73      0.67219      197.624
491      49.1      1.2709      953.179      -2858.43      -1905.25      0.670857      197.635
492      49.2      1.25925      944.438      -2849.85      -1905.42      0.669521      197.643
493      49.3      1.24816      936.119      -2841.13      -1905.01      0.668183      197.649
494      49.4      1.23956      929.667      -2833.52      -1903.85      0.666844      197.653
495      49.5      1.23537      926.525      -2828.54      -1902.02      0.665504      197.655
496      49.6      1.23653      927.401      -2827.38      -1899.98      0.664164      197.655
497      49.7      1.24229      931.721      -2830.12      -1898.4      0.662825      197.654
498      49.8      1.25044      937.827      -2835.57      -1897.74      0.661488      197.653
499      49.9      1.25845      943.834      -2841.84      -1898      0.660155      197.65
500      50      1.26471      948.53      -2847.29      -1898.76      0.658824      197.647
501      50.1      1.2689      951.675      -2851.19      -1899.52      0.657499      197.644
502      50.2      1.27168      953.759      -2853.74      -1899.98      0.656178      197.641
503      50.3      1.27389      955.416      -2855.55      -1900.13      0.654862      197.637
504      50.4      1.27596      956.971      -2857.14      -1900.17      0.653552      197.634
505      50.5      1.2779      958.426      -2858.67      -1900.24      0.65225      197.632
506      50.6      1.27952      959.643      -2860.03      -1900.38      0.650954      197.63
507      50.7      1.28072      960.541      -2861.09      -1900.55      0.649667      197.629
508      50.8      1.28162      961.213      -2861.88      -1900.66      0.648388      197.629
509      50.9      1.28227      961.7      -2862.48      -1900.78      0.647118      197.63
510      51      1.28211      961.586      -2862.76      -1901.18      0.645858      197.633
511      51.1      1.27991      959.931      -2862.01      -1902.08      0.644607      197.636
512      51.2      1.27428      955.713      -2859.18      -1903.46      0.643364      197.641
513      51.3      1.26462      948.468      -2853.43      -1904.96      0.642128      197.647
514      51.4      1.25164      938.726      -2844.79      -1906.06      0.640897      197.653
515      51.5      1.23745      928.089      -2834.33      -1906.24      0.639671      197.658
516      51.6      1.22508      918.808      -2824.07      -1905.26      0.638446      197.663
517      51.7      1.21745      913.089      -2816.32      -1903.23      0.637222      197.666
518      51.8      1.21645      912.335      -2812.99      -1900.65      0.635998      197.668
519      51.9      1.22226      916.696      -2814.86      -1898.16      0.634774      197.669
520      52      1.23365      925.238      -2821.49      -1896.25      0.63355      197.668
521      52.1      1.24861      936.456      -2831.59      -1895.13      0.632326      197.665
522      52.2      1.26494      948.704      -2843.54      -1894.84      0.631103      197.661
523      52.3      1.28071      960.53      -2855.76      -1895.23      0.629882      197.657
524      52.4      1.29458      970.936      -2866.99      -1896.05      0.628663      197.652
525      52.5      1.30596      979.473      -2876.49      -1897.02      0.627447      197.646
526      52.6      1.31475      986.064      -2884.06      -1898      0.626236      197.64
527      52.7      1.3209      990.672      -2889.66      -1898.99      0.625028      197.634
528      52.8      1.32433      993.251      -2893.24      -1899.98      0.623824      197.628
529      52.9      1.32544      994.081      -2894.85      -1900.76      0.622625      197.621
530      53      1.32565      994.235      -2895.14      -1900.9      0.621432      197.615
531      53.1      1.32724      995.433      -2895.59      -1900.16      0.620243      197.609
532      53.2      1.33197      998.978      -2897.89      -1898.91      0.619059      197.604
533      53.3      1.33944      1004.58      -2902.61      -1898.02      0.61788      197.598
534      53.4      1.34749      1010.62      -2908.67      -1898.05      0.616705      197.592
535      53.5      1.35387      1015.4      -2914.27      -1898.87      0.615535      197.587
536      53.6      1.3572      1017.9      -2918.02      -1900.11      0.614368      197.581
537      53.7      1.35682      1017.61      -2919.18      -1901.57      0.613205      197.575
538      53.8      1.35237      1014.28      -2917.39      -1903.11      0.612044      197.568
539      53.9      1.34401      1008.01      -2912.54      -1904.53      0.610885      197.56
540      54      1.33259      999.445      -2905.02      -1905.57      0.609729      197.552
541      54.1      1.31939      989.542      -2895.65      -1906.11      0.608575      197.543
542      54.2      1.30574      979.307      -2885.47      -1906.16      0.607423      197.534
543      54.3      1.29262      969.464      -2875.35      -1905.89      0.606275      197.525
544      54.4      1.28045      960.339      -2865.84      -1905.5      0.605131      197.515
545      54.5      1.26924      951.93      -2857.07      -1905.14      0.60399      197.505
546      54.6      1.25883      944.12      -2848.95      -1904.83      0.602851      197.494
547      54.7      1.24927      936.953      -2841.42      -1904.47      0.601716      197.483
548      54.8      1.24096      930.717      -2834.66      -1903.94      0.600582      197.471
549      54.9      1.23452      925.89      -2829.05      -1903.16      0.599449      197.459
550      55      1.2307      923.026      -2825.12      -1902.1      0.598318      197.445
551      55.1      1.23013      922.6      -2823.42      -1900.82      0.597187      197.43
552      55.2      1.23296      924.721      -2824.28      -1899.56      0.596057      197.414
553      55.3      1.23861      928.958      -2827.54      -1898.58      0.594928      197.397
554      55.4      1.24599      934.495      -2832.53      -1898.04      0.593801      197.38
555      55.5      1.25409      940.567      -2838.42      -1897.86      0.592677      197.362
556      55.6      1.26221      946.66      -2844.57      -1897.91      0.591556      197.343
557      55.7      1.26989      952.416      -2850.55      -1898.13      0.590438      197.324
558      55.8      1.27675      957.565      -2856.04      -1898.48      0.589323      197.305
559      55.9      1.28262      961.966      -2860.85      -1898.88      0.588209      197.285
560      56      1.28735      965.513      -2864.86      -1899.34      0.587098      197.265
561      56.1      1.29068      968.012      -2867.92      -1899.91      0.585988      197.244
562      56.2      1.29218      969.132      -2869.78      -1900.65      0.584879      197.221
563      56.3      1.29133      968.501      -2870.07      -1901.57      0.583772      197.198
564      56.4      1.2879      965.922      -2868.46      -1902.54      0.582666      197.174
565      56.5      1.2822      961.65      -2864.97      -1903.32      0.581564      197.15
566      56.6      1.27525      956.438      -2860.1      -1903.66      0.580465      197.126
567      56.7      1.26865      951.486      -2854.85      -1903.36      0.579373      197.103
568      56.8      1.26425      948.184      -2850.56      -1902.37      0.578286      197.08
569      56.9      1.26361      947.704      -2848.57      -1900.86      0.577208      197.059
570      57      1.26743      950.569      -2849.75      -1899.18      0.576137      197.039
571      57.1      1.27541      956.561      -2854.26      -1897.7      0.575075      197.021
572      57.2      1.28647      964.849      -2861.55      -1896.7      0.574022      197.004
573      57.3      1.299      974.252      -2870.58      -1896.32      0.572976      196.989
574      57.4      1.31131      983.479      -2880.07      -1896.59      0.571938      196.975
575      57.5      1.32184      991.379      -2888.78      -1897.4      0.570906      196.962
576      57.6      1.32941      997.058      -2895.68      -1898.62      0.569879      196.95
577      57.7      1.33315      999.866      -2900      -1900.13      0.568857      196.938
578      57.8      1.33255      999.411      -2901.21      -1901.8      0.567841      196.927
579      57.9      1.32763      995.72      -2899.11      -1903.39      0.56683      196.917
580      58      1.31917      989.376      -2893.98      -1904.61      0.565825      196.907
581      58.1      1.3085      981.377      -2886.66      -1905.29      0.564826      196.898
582      58.2      1.29706      972.797      -2878.23      -1905.44      0.563834      196.891
583      58.3      1.28591      964.435      -2869.66      -1905.23      0.562848      196.884
584      58.4      1.27555      956.666      -2861.54      -1904.88      0.56187      196.879
585      58.5      1.26604      949.534      -2854.07      -1904.53      0.5609      196.876
586      58.6      1.25727      942.953      -2847.18      -1904.23      0.559938      196.874
587      58.7      1.24911      936.831      -2840.81      -1903.98      0.558983      196.874
588      58.8      1.24139      931.043      -2834.84      -1903.79      0.558036      196.875
589      58.9      1.23387      925.402      -2829.1      -1903.7      0.557096      196.878
590      59      1.22663      919.97      -2823.49      -1903.52      0.556163      196.882
591      59.1      1.22051      915.386      -2818.35      -1902.96      0.555235      196.886
592      59.2      1.21693      912.696      -2814.57      -1901.88      0.554312      196.892
593      59.3      1.21688      912.659      -2813.16      -1900.5      0.553396      196.898
594      59.4      1.22049      915.365      -2814.54      -1899.17      0.552485      196.906
595      59.5      1.2273      920.478      -2818.53      -1898.05      0.55158      196.914
596      59.6      1.23663      927.475      -2824.69      -1897.22      0.550683      196.924
597      59.7      1.24761      935.709      -2832.43      -1896.72      0.549793      196.936
598      59.8      1.2594      944.554      -2841.08      -1896.52      0.548909      196.949
599      59.9      1.27117      953.379      -2850.04      -1896.66      0.548033      196.963
600      60      1.28164      961.232      -2858.55      -1897.32      0.547163      196.979
601      60.1      1.28884      966.63      -2865.4      -1898.77      0.5463      196.996
602      60.2      1.29067      968.002      -2868.95      -1900.95      0.545443      197.014
603      60.3      1.28602      964.512      -2867.91      -1903.4      0.544594      197.034
604      60.4      1.27567      956.749      -2862.1      -1905.36      0.543752      197.056
605      60.5      1.26244      946.831      -2852.91      -1906.08      0.542915      197.078
606      60.6      1.25035      937.759      -2843.02      -1905.26      0.542084      197.102
607      60.7      1.24303      932.269      -2835.46      -1903.2      0.541256      197.125
608      60.8      1.24238      931.786      -2832.4      -1900.61      0.54043      197.149
609      60.9      1.24824      936.181      -2834.45      -1898.27      0.539604      197.171
610      61      1.25914      944.357      -2840.91      -1896.56      0.538778      197.193
611      61.1      1.27325      954.934      -2850.48      -1895.55      0.537949      197.212
612      61.2      1.2888      966.603      -2861.79      -1895.19      0.537118      197.23
613      61.3      1.30417      978.131      -2873.57      -1895.44      0.536283      197.245
614      61.4      1.31781      988.354      -2884.61      -1896.26      0.535445      197.258
615      61.5      1.32829      996.22      -2893.79      -1897.57      0.534605      197.269
616      61.6      1.33463      1000.97      -2900.17      -1899.2      0.533762      197.279
617      61.7      1.33657      1002.43      -2903.26      -1900.83      0.532919      197.287
618      61.8      1.33495      1001.21      -2903.25      -1902.04      0.532076      197.294
619      61.9      1.33148      998.613      -2901.17      -1902.55      0.531236      197.301
620      62      1.32795      995.962      -2898.4      -1902.44      0.530398      197.308
621      62.1      1.32538      994.032      -2896.05      -1902.02      0.529563      197.315
622      62.2      1.32385      992.885      -2894.52      -1901.64      0.528732      197.323
623      62.3      1.3228      992.102      -2893.61      -1901.51      0.527905      197.331
624      62.4      1.32155      991.163      -2892.79      -1901.62      0.527083      197.34
625      62.5      1.3197      989.776      -2891.61      -1901.84      0.526266      197.35
626      62.6      1.31747      988.106      -2890.02      -1901.91      0.525453      197.36
627      62.7      1.31569      986.769      -2888.41      -1901.64      0.524645      197.371
628      62.8      1.31528      986.46      -2887.51      -1901.05      0.523842      197.384
629      62.9      1.31652      987.393      -2887.84      -1900.45      0.523043      197.396
630      63      1.31886      989.147      -2889.28      -1900.13      0.522248      197.41
631      63.1      1.32138      991.034      -2891.19      -1900.16      0.521455      197.423
632      63.2      1.32346      992.597      -2892.97      -1900.37      0.520664      197.436
633      63.3      1.32488      993.66      -2894.3      -1900.64      0.519875      197.448
634      63.4      1.32557      994.177      -2895.11      -1900.93      0.519085      197.46
635      63.5      1.32538      994.032      -2895.33      -1901.29      0.518295      197.47
636      63.6      1.32393      992.947      -2894.75      -1901.81      0.517503      197.479
637      63.7      1.32078      990.587      -2893.06      -1902.47      0.516709      197.486
638      63.8      1.31569      986.764      -2889.96      -1903.2      0.515911      197.491
639      63.9      1.30883      981.623      -2885.43      -1903.81      0.515111      197.494
640      64      1.30076      975.568      -2879.76      -1904.19      0.514309      197.495
641      64.1      1.29223      969.169      -2873.45      -1904.28      0.513504      197.494
642      64.2      1.28395      962.965      -2867.08      -1904.11      0.512697      197.491
643      64.3      1.27638      957.281      -2861.1      -1903.82      0.511889      197.487
644      64.4      1.26954      952.158      -2855.7      -1903.54      0.511081      197.482
645      64.5      1.26327      947.454      -2850.81      -1903.35      0.510272      197.475
646      64.6      1.2573      942.976      -2846.23      -1903.26      0.509463      197.468
647      64.7      1.25152      938.64      -2841.82      -1903.18      0.508653      197.459
648      64.8      1.24618      934.632      -2837.61      -1902.98      0.507842      197.449
649      64.9      1.2419      931.427      -2833.94      -1902.51      0.507031      197.438
650      65      1.23943      929.574      -2831.36      -1901.79      0.506218      197.425
651      65.1      1.23909      929.319      -2830.32      -1901      0.505403      197.411
652      65.2      1.24048      930.358      -2830.78      -1900.42      0.504588      197.395
653      65.3      1.24273      932.051      -2832.25      -1900.19      0.503773      197.378
654      65.4      1.24496      933.718      -2834.01      -1900.29      0.502959      197.361
655      65.5      1.24644      934.83      -2835.46      -1900.63      0.502146      197.343
656      65.6      1.2466      934.946      -2836.13      -1901.18      0.501335      197.325
657      65.7      1.24499      933.743      -2835.6      -1901.86      0.500527      197.308
658      65.8      1.24156      931.169      -2833.69      -1902.52      0.499723      197.291
659      65.9      1.23672      927.54      -2830.52      -1902.98      0.498923      197.274
660      66      1.23119      923.39      -2826.55      -1903.16      0.498128      197.259
661      66.1      1.22575      919.312      -2822.35      -1903.04      0.497338      197.244
662      66.2      1.22116      915.868      -2818.52      -1902.65      0.496552      197.231
663      66.3      1.21816      913.619      -2815.61      -1901.99      0.495772      197.218
664      66.4      1.21741      913.061      -2814.16      -1901.1      0.494997      197.207
665      66.5      1.21918      914.385      -2814.55      -1900.17      0.494227      197.196
666      66.6      1.22321      917.406      -2816.78      -1899.38      0.493461      197.187
667      66.7      1.22884      921.633      -2820.49      -1898.85      0.492701      197.179
668      66.8      1.23529      926.468      -2825.1      -1898.63      0.491945      197.171
669      66.9      1.24185      931.384      -2830.04      -1898.65      0.491193      197.165
670      67      1.24776      935.817      -2834.8      -1898.98      0.490443      197.158
671      67.1      1.252      938.999      -2838.71      -1899.71      0.489696      197.151
672      67.2      1.25357      940.177      -2840.95      -1900.77      0.488948      197.144
673      67.3      1.25219      939.14      -2840.99      -1901.85      0.4882      197.135
674      67.4      1.2488      936.601      -2839.05      -1902.45      0.48745      197.125
675      67.5      1.24549      934.119      -2836.32      -1902.2      0.486697      197.112
676      67.6      1.24472      933.538      -2834.57      -1901.03      0.485941      197.098
677      67.7      1.24829      936.22      -2835.52      -1899.3      0.485183      197.081
678      67.8      1.25647      942.354      -2839.99      -1897.63      0.484423      197.063
679      67.9      1.26785      950.89      -2847.51      -1896.62      0.483663      197.044
680      68      1.28024      960.183      -2856.63      -1896.45      0.482904      197.025
681      68.1      1.29167      968.756      -2865.71      -1896.96      0.482147      197.005
682      68.2      1.30108      975.809      -2873.58      -1897.78      0.481392      196.986
683      68.3      1.30817      981.127      -2879.78      -1898.65      0.480641      196.967
684      68.4      1.3129      984.674      -2884.22      -1899.55      0.479893      196.948
685      68.5      1.31514      986.355      -2886.84      -1900.49      0.479151      196.931
686      68.6      1.31472      986.041      -2887.52      -1901.48      0.478412      196.915
687      68.7      1.3116      983.697      -2886.18      -1902.49      0.477679      196.899
688      68.8      1.30585      979.385      -2882.82      -1903.43      0.476949      196.885
689      68.9      1.29793      973.45      -2877.61      -1904.16      0.476224      196.871
690      69      1.28897      966.726      -2871.13      -1904.4      0.475501      196.857
691      69.1      1.28065      960.49      -2864.47      -1903.98      0.474781      196.844
692      69.2      1.2746      955.948      -2858.97      -1903.02      0.474065      196.832
693      69.3      1.27149      953.615      -2855.52      -1901.91      0.473352      196.82
694      69.4      1.271      953.249      -2854.24      -1900.99      0.472642      196.808
695      69.5      1.27239      954.293      -2854.65      -1900.35      0.471938      196.798
696      69.6      1.27517      956.381      -2856.25      -1899.87      0.471239      196.789
697      69.7      1.27921      959.409      -2858.82      -1899.41      0.470546      196.782
698      69.8      1.28433      963.245      -2862.29      -1899.05      0.469859      196.777
699      69.9      1.28988      967.413      -2866.38      -1898.97      0.469177      196.773
700      70      1.29474      971.054      -2870.4      -1899.35      0.468502      196.771
701      70.1      1.29765      973.237      -2873.41      -1900.17      0.467831      196.77
702      70.2      1.29794      973.455      -2874.62      -1901.17      0.467164      196.77
703      70.3      1.29587      971.905      -2873.89      -1901.98      0.466501      196.77
704      70.4      1.29246      969.346      -2871.71      -1902.37      0.465842      196.772
705      70.5      1.28895      966.715      -2869.01      -1902.3      0.465186      196.774
706      70.6      1.28635      964.759      -2866.64      -1901.88      0.464532      196.776
707      70.7      1.28517      963.877      -2865.2      -1901.32      0.46388      196.778
708      70.8      1.2854      964.052      -2864.87      -1900.81      0.46323      196.78
709      70.9      1.28658      964.936      -2865.45      -1900.51      0.462581      196.782
710      71      1.28806      966.043      -2866.5      -1900.46      0.461932      196.783
711      71.1      1.28921      966.907      -2867.53      -1900.62      0.461283      196.783
712      71.2      1.28972      967.286      -2868.16      -1900.88      0.460634      196.783
713      71.3      1.2896      967.2      -2868.29      -1901.09      0.459984      196.781
714      71.4      1.28925      966.938      -2868.06      -1901.12      0.459333      196.778
715      71.5      1.28922      966.914      -2867.86      -1900.95      0.458683      196.775
716      71.6      1.29      967.497      -2868.1      -1900.61      0.458035      196.772
717      71.7      1.29179      968.839      -2869.05      -1900.22      0.457388      196.768
718      71.8      1.29445      970.84      -2870.75      -1899.91      0.456744      196.766
719      71.9      1.29762      973.213      -2872.97      -1899.76      0.456105      196.764
720      72      1.30084      975.628      -2875.4      -1899.78      0.455472      196.764
721      72.1      1.30367      977.754      -2877.72      -1899.96      0.454845      196.766
722      72.2      1.30556      979.168      -2879.55      -1900.39      0.454225      196.77
723      72.3      1.30564      979.232      -2880.38      -1901.15      0.453613      196.777
724      72.4      1.30297      977.224      -2879.48      -1902.25      0.453008      196.787
725      72.5      1.29713      972.851      -2876.28      -1903.42      0.452412      196.799
726      72.6      1.28869      966.515      -2870.83      -1904.31      0.451822      196.814
727      72.7      1.27881      959.108      -2863.83      -1904.72      0.451239      196.831
728      72.8      1.26866      951.493      -2856.23      -1904.73      0.450661      196.849
729      72.9      1.25891      944.185      -2848.71      -1904.53      0.450087      196.868
730      73      1.25001      937.51      -2841.67      -1904.16      0.449517      196.888
731      73.1      1.24257      931.924      -2835.46      -1903.54      0.448949      196.909
732      73.2      1.23751      928.131      -2830.68      -1902.55      0.448383      196.93
733      73.3      1.23569      926.769      -2828.04      -1901.27      0.447818      196.95
734      73.4      1.23739      928.043      -2828      -1899.96      0.447254      196.971
735      73.5      1.24236      931.767      -2830.54      -1898.77      0.446691      196.991
736      73.6      1.25036      937.77      -2835.42      -1897.65      0.44613      197.011
737      73.7      1.2616      946.203      -2842.63      -1896.42      0.44557      197.031
738      73.8      1.27629      957.217      -2852.39      -1895.17      0.445013      197.052
739      73.9      1.29371      970.286      -2864.59      -1894.3      0.444458      197.073
740      74      1.31174      983.802      -2878.17      -1894.36      0.443906      197.094
741      74.1      1.32726      995.446      -2891.07      -1895.62      0.443356      197.116
742      74.2      1.33742      1003.07      -2900.94      -1897.88      0.442807      197.138
743      74.3      1.34066      1005.5      -2906.05      -1900.55      0.442261      197.16
744      74.4      1.33722      1002.92      -2905.88      -1902.96      0.441714      197.181
745      74.5      1.32902      996.766      -2901.28      -1904.51      0.441168      197.202
746      74.6      1.31898      989.236      -2894.14      -1904.9      0.440621      197.222
747      74.7      1.31013      982.595      -2886.79      -1904.2      0.440073      197.241
748      74.8      1.30446      978.345      -2881.22      -1902.87      0.439525      197.259
749      74.9      1.30231      976.732      -2878.31      -1901.58      0.438976      197.276
750      75      1.3027      977.022      -2877.76      -1900.74      0.438428      197.293
751      75.1      1.30426      978.192      -2878.61      -1900.42      0.437881      197.309
752      75.2      1.30573      979.299      -2879.86      -1900.56      0.437335      197.326
753      75.3      1.30584      979.378      -2880.59      -1901.21      0.436791      197.342
754      75.4      1.30312      977.34      -2879.75      -1902.41      0.436249      197.359
755      75.5      1.29632      972.24      -2876.27      -1904.03      0.435707      197.375
756      75.6      1.28506      963.794      -2869.49      -1905.69      0.435167      197.392
757      75.7      1.27002      952.511      -2859.51      -1907      0.434628      197.408
758      75.8      1.25248      939.362      -2847.15      -1907.79      0.43409      197.424
759      75.9      1.23393      925.45      -2833.44      -1908      0.433552      197.44
760      76      1.21609      912.065      -2819.58      -1907.51      0.433016      197.455
761      76.1      1.20134      901.007      -2807.07      -1906.06      0.43248      197.471
762      76.2      1.19284      894.632      -2798.03      -1903.39      0.431946      197.486
763      76.3      1.19352      895.139      -2794.88      -1899.74      0.431412      197.5
764      76.4      1.20431      903.231      -2799.24      -1896.01      0.430878      197.515
765      76.5      1.22319      917.395      -2810.7      -1893.3      0.430345      197.528
766      76.6      1.2461      934.576      -2826.81      -1892.24      0.429812      197.541
767      76.7      1.26873      951.544      -2844.28      -1892.74      0.429278      197.554
768      76.8      1.2878      965.852      -2860.19      -1894.33      0.428745      197.566
769      76.9      1.30153      976.15      -2872.61      -1896.46      0.428212      197.577
770      77      1.3096      982.203      -2880.76      -1898.56      0.427679      197.588
771      77.1      1.31302      984.762      -2884.93      -1900.17      0.427146      197.598
772      77.2      1.31347      985.101      -2886.21      -1901.11      0.426613      197.607
773      77.3      1.31257      984.428      -2885.92      -1901.49      0.426078      197.615
774      77.4      1.31121      983.404      -2885.01      -1901.6      0.425542      197.622
775      77.5      1.30961      982.209      -2883.88      -1901.67      0.425004      197.627
776      77.6      1.30771      980.781      -2882.58      -1901.8      0.424463      197.63
777      77.7      1.30519      978.889      -2880.95      -1902.06      0.42392      197.631
778      77.8      1.30142      976.061      -2878.65      -1902.59      0.423374      197.631
779      77.9      1.29576      971.823      -2875.14      -1903.32      0.422826      197.629
780      78      1.28822      966.169      -2870.16      -1903.99      0.422275      197.625
781      78.1      1.27948      959.61      -2863.96      -1904.35      0.421724      197.62
782      78.2      1.27035      952.76      -2857.2      -1904.44      0.421171      197.613
783      78.3      1.26131      945.983      -2850.34      -1904.36      0.420616      197.606
784      78.4      1.25286      939.645      -2843.72      -1904.07      0.420062      197.597
785      78.5      1.24597      934.48      -2837.84      -1903.36      0.419506      197.587
786      78.6      1.24227      931.703      -2833.7      -1902      0.41895      197.577
787      78.7      1.24339      932.54      -2832.63      -1900.09      0.418395      197.566
788      78.8      1.2498      937.347      -2835.5      -1898.15      0.417839      197.554
789      78.9      1.2603      945.226      -2842.04      -1896.81      0.417284      197.542
790      79      1.27267      954.5      -2850.86      -1896.36      0.41673      197.53
791      79.1      1.28443      963.325      -2860.15      -1896.83      0.416176      197.517
792      79.2      1.29333      970      -2868.1      -1898.1      0.415622      197.504
793      79.3      1.2977      973.275      -2873.19      -1899.92      0.415069      197.49
794      79.4      1.29681      972.609      -2874.51      -1901.9      0.414517      197.476
795      79.5      1.29091      968.18      -2871.89      -1903.71      0.413965      197.461
796      79.6      1.28097      960.724      -2865.81      -1905.08      0.413414      197.446
797      79.7      1.26841      951.305      -2857.19      -1905.88      0.412864      197.431
798      79.8      1.25505      941.284      -2847.25      -1905.97      0.412315      197.416
799      79.9      1.24312      932.336      -2837.52      -1905.19      0.411767      197.401
800      80      1.23493      926.199      -2829.77      -1903.57      0.411222      197.386
801      80.1      1.23205      924.035      -2825.52      -1901.49      0.410679      197.372
802      80.2      1.23451      925.885      -2825.43      -1899.54      0.410139      197.359
803      80.3      1.24098      930.735      -2828.94      -1898.21      0.409603      197.347
804      80.4      1.24952      937.141      -2834.74      -1897.6      0.409071      197.336
805      80.5      1.25857      943.924      -2841.46      -1897.54      0.408544      197.327
806      80.6      1.26719      950.394      -2848.16      -1897.77      0.408022      197.32
807      80.7      1.27474      956.058      -2854.3      -1898.24      0.407505      197.314
808      80.8      1.28038      960.282      -2859.34      -1899.06      0.406992      197.31
809      80.9      1.28314      962.356      -2862.56      -1900.21      0.406482      197.306
810      81      1.28281      962.108      -2863.44      -1901.33      0.405975      197.304
811      81.1      1.28051      960.385      -2862.29      -1901.9      0.40547      197.302
812      81.2      1.27861      958.961      -2860.47      -1901.51      0.404965      197.299
813      81.3      1.2797      959.775      -2859.97      -1900.19      0.404459      197.295
814      81.4      1.28517      963.879      -2862.4      -1898.52      0.403951      197.29
815      81.5      1.29413      970.598      -2868.02      -1897.42      0.40344      197.282
816      81.6      1.30353      977.646      -2875.26      -1897.62      0.402925      197.272
817      81.7      1.30982      982.365      -2881.45      -1899.09      0.402406      197.26
818      81.8      1.31083      983.124      -2884.33      -1901.2      0.401883      197.244
819      81.9      1.30633      979.749      -2882.98      -1903.23      0.401356      197.226
820      82      1.29761      973.208      -2877.86      -1904.65      0.400824      197.205
821      82.1      1.28679      965.09      -2870.32      -1905.23      0.400289      197.182
822      82.2      1.27622      957.162      -2862.08      -1904.92      0.399752      197.157
823      82.3      1.26798      950.988      -2854.86      -1903.87      0.399212      197.131
824      82.4      1.26357      947.68      -2850.01      -1902.33      0.398673      197.104
825      82.5      1.26376      947.822      -2848.39      -1900.57      0.398134      197.076
826      82.6      1.26853      951.401      -2850.3      -1898.9      0.397597      197.049
827      82.7      1.27709      957.816      -2855.42      -1897.6      0.397063      197.023
828      82.8      1.28804      966.028      -2862.9      -1896.87      0.396532      196.997
829      82.9      1.29972      974.79      -2871.56      -1896.77      0.396004      196.972
830      83      1.3105      982.877      -2880.16      -1897.28      0.39548      196.949
831      83.1      1.31892      989.19      -2887.51      -1898.32      0.394959      196.926
832      83.2      1.3237      992.777      -2892.57      -1899.79      0.394441      196.905
833      83.3      1.32399      992.993      -2894.53      -1901.54      0.393926      196.884
834      83.4      1.31949      989.614      -2892.95      -1903.34      0.393413      196.864
835      83.5      1.31053      982.901      -2887.83      -1904.93      0.392902      196.844
836      83.6      1.29817      973.625      -2879.69      -1906.06      0.392394      196.825
837      83.7      1.28402      963.014      -2869.55      -1906.53      0.391887      196.806
838      83.8      1.2701      952.573      -2858.8      -1906.22      0.391383      196.787
839      83.9      1.25836      943.769      -2848.98      -1905.21      0.390881      196.769
840      84      1.25016      937.622      -2841.38      -1903.76      0.390382      196.753
841      84.1      1.24589      934.414      -2836.68      -1902.26      0.389888      196.737
842      84.2      1.24499      933.744      -2834.78      -1901.04      0.389398      196.724
843      84.3      1.24659      934.944      -2835.09      -1900.14      0.388913      196.712
844      84.4      1.25023      937.676      -2837.04      -1899.37      0.388432      196.702
845      84.5      1.2561      942.077      -2840.58      -1898.5      0.387958      196.694
846      84.6      1.2641      948.078      -2845.84      -1897.77      0.387488      196.689
847      84.7      1.27312      954.841      -2852.38      -1897.54      0.387024      196.685
848      84.8      1.28169      961.265      -2859.11      -1897.85      0.386565      196.684
849      84.9      1.28888      966.657      -2865.09      -1898.43      0.386111      196.685
850      85      1.29445      970.836      -2869.89      -1899.05      0.385662      196.688
851      85.1      1.29866      973.992      -2873.52      -1899.53      0.385218      196.692
852      85.2      1.30213      976.597      -2876.34      -1899.74      0.384778      196.698
853      85.3      1.30562      979.212      -2878.88      -1899.67      0.384341      196.706
854      85.4      1.3098      982.347      -2881.71      -1899.37      0.383908      196.715
855      85.5      1.31488      986.16      -2885.2      -1899.04      0.383478      196.724
856      85.6      1.32043      990.325      -2889.26      -1898.94      0.383052      196.735
857      85.7      1.32548      994.111      -2893.35      -1899.23      0.382628      196.747
858      85.8      1.32896      996.722      -2896.64      -1899.92      0.382208      196.761
859      85.9      1.33009      997.57      -2898.43      -1900.86      0.381792      196.775
860      86      1.32835      996.26      -2898.24      -1901.98      0.381378      196.791
861      86.1      1.32364      992.728      -2895.8      -1903.07      0.380966      196.807
862      86.2      1.31661      987.457      -2891.3      -1903.84      0.380556      196.824
863      86.3      1.30853      981.395      -2885.51      -1904.12      0.380147      196.84
864      86.4      1.30052      975.389      -2879.41      -1904.02      0.379739      196.857
865      86.5      1.29301      969.756      -2873.59      -1903.83      0.37933      196.872
866      86.6      1.28593      964.448      -2868.13      -1903.68      0.378921      196.887
867      86.7      1.27929      959.47      -2862.97      -1903.5      0.37851      196.901
868      86.8      1.27354      955.154      -2858.26      -1903.1      0.378098      196.913
869      86.9      1.26955      952.164      -2854.51      -1902.35      0.377683      196.924
870      87      1.26826      951.198      -2852.47      -1901.27      0.377267      196.934
871      87.1      1.26992      952.437      -2852.63      -1900.19      0.37685      196.942
872      87.2      1.27373      955.298      -2854.8      -1899.5      0.376431      196.949
873      87.3      1.27822      958.665      -2858.06      -1899.4      0.376011      196.955
874      87.4      1.28192      961.442      -2861.26      -1899.81      0.375591      196.96
875      87.5      1.28395      962.965      -2863.46      -1900.49      0.375171      196.965
876      87.6      1.28419      963.143      -2864.28      -1901.14      0.374752      196.97
877      87.7      1.28339      962.539      -2863.96      -1901.42      0.374334      196.975
878      87.8      1.28291      962.18      -2863.34      -1901.16      0.373917      196.979
879      87.9      1.28411      963.081      -2863.51      -1900.43      0.373502      196.985
880      88      1.28751      965.633      -2865.24      -1899.61      0.373088      196.99
881      88.1      1.29235      969.262      -2868.45      -1899.19      0.372677      196.997
882      88.2      1.29685      972.634      -2872.12      -1899.48      0.372268      197.004
883      88.3      1.29907      974.304      -2874.77      -1900.47      0.371861      197.012
884      88.4      1.29782      973.368      -2875.16      -1901.79      0.371458      197.021
885      88.5      1.2934      970.053      -2872.9      -1902.84      0.371058      197.032
886      88.6      1.28782      965.867      -2868.88      -1903.02      0.370661      197.044
887      88.7      1.28382      962.861      -2865.04      -1902.18      0.370268      197.057
888      88.8      1.28308      962.313      -2863.19      -1900.88      0.369878      197.071
889      88.9      1.28519      963.89      -2863.84      -1899.95      0.36949      197.086
890      89      1.28816      966.117      -2865.96      -1899.84      0.369105      197.102
891      89.1      1.28992      967.44      -2867.91      -1900.47      0.36872      197.118
892      89.2      1.2893      966.978      -2868.42      -1901.44      0.368336      197.134
893      89.3      1.28617      964.626      -2867      -1902.38      0.367952      197.149
894      89.4      1.28099      960.741      -2863.84      -1903.1      0.367568      197.163
895      89.5      1.27422      955.663      -2859.32      -1903.66      0.367182      197.177
896      89.6      1.26607      949.556      -2853.7      -1904.14      0.366796      197.189
897      89.7      1.25718      942.885      -2847.2      -1904.31      0.366409      197.201
898      89.8      1.24925      936.941      -2840.67      -1903.73      0.366021      197.212
899      89.9      1.24489      933.667      -2835.82      -1902.15      0.365632      197.222
900      90      1.24632      934.737      -2834.58      -1899.84      0.365243      197.231
901      90.1      1.25415      940.611      -2838.11      -1897.5      0.364851      197.239
902      90.2      1.26699      950.245      -2846.09      -1895.84      0.364458      197.245
903      90.3      1.28204      961.53      -2856.86      -1895.34      0.364063      197.249
904      90.4      1.29609      972.069      -2868.08      -1896.01      0.363666      197.252
905      90.5      1.3065      979.879      -2877.47      -1897.59      0.363266      197.254
906      90.6      1.31173      983.799      -2883.43      -1899.63      0.362864      197.253
907      90.7      1.31152      983.644      -2885.27      -1901.63      0.362458      197.25
908      90.8      1.30693      980.195      -2883.31      -1903.11      0.362049      197.244
909      90.9      1.30002      975.016      -2878.76      -1903.74      0.361636      197.236
910      91      1.29324      969.927      -2873.4      -1903.47      0.361221      197.227
911      91.1      1.28829      966.219      -2868.88      -1902.66      0.360804      197.216
912      91.2      1.28554      964.157      -2866.02      -1901.86      0.360386      197.203
913      91.3      1.28412      963.09      -2864.56      -1901.47      0.359969      197.191
914      91.4      1.28264      961.977      -2863.59      -1901.61      0.359553      197.179
915      91.5      1.27999      959.994      -2862.11      -1902.12      0.359138      197.167
916      91.6      1.27571      956.782      -2859.52      -1902.73      0.358726      197.156
917      91.7      1.27003      952.524      -2855.72      -1903.2      0.358316      197.146
918      91.8      1.26376      947.818      -2851.13      -1903.32      0.357909      197.136
919      91.9      1.25794      943.456      -2846.49      -1903.03      0.357504      197.128
920      92      1.25366      940.245      -2842.6      -1902.35      0.357102      197.12
921      92.1      1.25178      938.834      -2840.21      -1901.37      0.356701      197.113
922      92.2      1.25297      939.73      -2839.89      -1900.16      0.356303      197.107
923      92.3      1.25774      943.305      -2842.1      -1898.79      0.355906      197.101
924      92.4      1.26604      949.529      -2847.06      -1897.53      0.35551      197.095
925      92.5      1.27662      957.465      -2854.34      -1896.88      0.355117      197.09
926      92.6      1.28707      965.304      -2862.5      -1897.19      0.354725      197.085
927      92.7      1.29491      971.185      -2869.58      -1898.39      0.354335      197.081
928      92.8      1.29865      973.988      -2874.02      -1900.03      0.353949      197.079
929      92.9      1.29795      973.463      -2875.15      -1901.69      0.353566      197.078
930      93      1.29344      970.077      -2873.1      -1903.03      0.353187      197.078
931      93.1      1.28647      964.856      -2868.65      -1903.79      0.352811      197.08
932      93.2      1.2788      959.096      -2862.98      -1903.89      0.352441      197.085
933      93.3      1.27194      953.953      -2857.41      -1903.45      0.352076      197.092
934      93.4      1.26679      950.094      -2852.84      -1902.75      0.351715      197.101
935      93.5      1.26364      947.732      -2849.72      -1901.99      0.351361      197.113
936      93.6      1.26253      946.9      -2848.12      -1901.22      0.351011      197.128
937      93.7      1.26331      947.484      -2848.02      -1900.54      0.350667      197.145
938      93.8      1.2655      949.124      -2849.21      -1900.08      0.350327      197.164
939      93.9      1.26808      951.06      -2851.11      -1900.05      0.34999      197.184
940      94      1.26963      952.22      -2852.8      -1900.58      0.349656      197.206
941      94.1      1.26873      951.55      -2853.16      -1901.61      0.349323      197.228
942      94.2      1.2647      948.524      -2851.33      -1902.8      0.34899      197.249
943      94.3      1.25792      943.439      -2847.19      -1903.75      0.348657      197.27
944      94.4      1.24972      937.293      -2841.43      -1904.14      0.348323      197.29
945      94.5      1.24183      931.374      -2835.24      -1903.87      0.347988      197.309
946      94.6      1.2358      926.847      -2829.9      -1903.05      0.34765      197.326
947      94.7      1.23276      924.57      -2826.41      -1901.84      0.347311      197.342
948      94.8      1.23339      925.04      -2825.48      -1900.44      0.346969      197.356
949      94.9      1.23774      928.303      -2827.38      -1899.07      0.346626      197.369
950      95      1.24523      933.92      -2831.91      -1897.99      0.346283      197.381
951      95.1      1.2547      941.029      -2838.41      -1897.38      0.345938      197.392
952      95.2      1.26474      948.552      -2845.87      -1897.32      0.345593      197.403
953      95.3      1.27407      955.554      -2853.24      -1897.69      0.345249      197.413
954      95.4      1.28202      961.513      -2859.77      -1898.26      0.344905      197.424
955      95.5      1.28855      966.412      -2865.18      -1898.77      0.344562      197.434
956      95.6      1.29413      970.596      -2869.68      -1899.08      0.344219      197.444
957      95.7      1.29919      974.395      -2873.65      -1899.26      0.343877      197.454
958      95.8      1.30349      977.619      -2877.22      -1899.61      0.343535      197.464
959      95.9      1.30591      979.434      -2879.85      -1900.42      0.343193      197.473
960      96      1.3053      978.978      -2880.59      -1901.61      0.34285      197.481
961      96.1      1.30155      976.161      -2878.89      -1902.73      0.342505      197.488
962      96.2      1.29583      971.876      -2875.18      -1903.31      0.342158      197.494
963      96.3      1.28992      967.439      -2870.67      -1903.23      0.34181      197.498
964      96.4      1.285      963.753      -2866.54      -1902.79      0.341458      197.499
965      96.5      1.28126      960.943      -2863.33      -1902.39      0.341104      197.499
966      96.6      1.27808      958.557      -2860.81      -1902.25      0.340747      197.497
967      96.7      1.27471      956.035      -2858.42      -1902.38      0.340387      197.493
968      96.8      1.27076      953.071      -2855.69      -1902.62      0.340025      197.486
969      96.9      1.26641      949.811      -2852.53      -1902.72      0.33966      197.478
970      97      1.26248      946.864      -2849.33      -1902.46      0.339293      197.468
971      97.1      1.26017      945.128      -2846.88      -1901.75      0.338923      197.456
972      97.2      1.26041      945.309      -2846.05      -1900.74      0.338551      197.443
973      97.3      1.26332      947.486      -2847.25      -1899.77      0.338176      197.427
974      97.4      1.26842      951.313      -2850.31      -1899      0.3378      197.411
975      97.5      1.27521      956.406      -2854.83      -1898.43      0.337423      197.393
976      97.6      1.28307      962.306      -2860.42      -1898.11      0.337045      197.374
977      97.7      1.29098      968.235      -2866.46      -1898.23      0.336667      197.354
978      97.8      1.29768      973.263      -2872.06      -1898.8      0.33629      197.335
979      97.9      1.30234      976.753      -2876.37      -1899.62      0.335914      197.316
980      98      1.30481      978.61      -2879.04      -1900.43      0.335539      197.297
981      98.1      1.30545      979.089      -2880.16      -1901.07      0.335167      197.279
982      98.2      1.30456      978.423      -2880.04      -1901.62      0.334796      197.262
983      98.3      1.3021      976.576      -2878.79      -1902.21      0.334426      197.245
984      98.4      1.29775      973.311      -2876.23      -1902.92      0.334058      197.228
985      98.5      1.29148      968.609      -2872.19      -1903.58      0.33369      197.211
986      98.6      1.2841      963.073      -2866.92      -1903.84      0.333323      197.194
987      98.7      1.27723      957.923      -2861.39      -1903.46      0.332957      197.177
988      98.8      1.27245      954.336      -2856.89      -1902.56      0.332589      197.159
989      98.9      1.27029      952.714      -2854.28      -1901.57      0.332222      197.14
990      99      1.27018      952.635      -2853.52      -1900.88      0.331853      197.121
991      99.1      1.27095      953.216      -2853.88      -1900.67      0.331483      197.1
992      99.2      1.27143      953.576      -2854.45      -1900.87      0.331111      197.077
993      99.3      1.2709      953.172      -2854.46      -1901.29      0.330739      197.054
994      99.4      1.2692      951.899      -2853.61      -1901.71      0.330365      197.03
995      99.5      1.26677      950.077      -2852      -1901.93      0.32999      197.004
996      99.6      1.26437      948.275      -2850.12      -1901.85      0.329616      196.978
997      99.7      1.26266      946.994      -2848.54      -1901.54      0.329241      196.952
998      99.8      1.26191      946.43      -2847.62      -1901.19      0.328867      196.925
999      99.9      1.26202      946.513      -2847.4      -1900.89      0.328493      196.899
1000      100      1.26278      947.085      -2847.75      -1900.67      0.32812      196.872
1000      100      1.26278      947.085      -2847.75      -1900.67      0.32812      196.872
Execution time in seconds: 1.81184
