Timestep Time Temperature KineticEnergy PotentialEnergy TotalEnergy DiffusionConstant MeanSquareDisplacement
1      0.0106158      2.43262      1824.46      -3730.03      -1905.57      3094.97      197.133
2      0.0212316      2.43198      1823.99      -3729.55      -1905.57      1547.49      197.135
3      0.0318474      2.43092      1823.19      -3728.76      -1905.57      1031.67      197.136
4      0.0424632      2.42943      1822.07      -3727.64      -1905.57      773.759      197.138
5      0.0530789      2.42752      1820.64      -3726.21      -1905.57      619.012      197.139
6      0.0636947      2.42518      1818.89      -3724.46      -1905.57      515.847      197.141
7      0.0743105      2.42242      1816.82      -3722.39      -1905.57      442.158      197.142
8      0.0849263      2.41924      1814.43      -3720      -1905.57      386.891      197.144
9      0.0955421      2.41562      1811.72      -3717.29      -1905.57      343.906      197.145
10      0.106158      2.41158      1808.69      -3714.26      -1905.57      309.518      197.147
11      0.116774      2.40712      1805.34      -3710.91      -1905.57      281.382      197.148
12      0.127389      2.40222      1801.67      -3707.24      -1905.57      257.936      197.15
13      0.138005      2.3969      1797.67      -3703.24      -1905.57      238.097      197.151
14      0.148621      2.39114      1793.35      -3698.92      -1905.57      221.091      197.153
15      0.159237      2.38495      1788.71      -3694.28      -1905.57      206.354      197.155
16      0.169853      2.37833      1783.75      -3689.32      -1905.57      193.458      197.156
17      0.180468      2.37127      1778.45      -3684.03      -1905.57      182.08      197.158
18      0.191084      2.36378      1772.84      -3678.41      -1905.57      171.966      197.16
19      0.2017      2.35585      1766.89      -3672.46      -1905.57      162.916      197.161
20      0.212316      2.34749      1760.62      -3666.19      -1905.57      154.772      197.163
21      0.222932      2.33868      1754.01      -3659.58      -1905.57      147.403      197.165
22      0.233547      2.32944      1747.08      -3652.65      -1905.57      140.704      197.166
23      0.244163      2.31975      1739.82      -3645.39      -1905.57      134.588      197.168
24      0.254779      2.30963      1732.22      -3637.79      -1905.57      128.981      197.17
25      0.265395      2.29905      1724.29      -3629.86      -1905.57      123.823      197.172
26      0.276011      2.28804      1716.03      -3621.6      -1905.57      119.061      197.173
27      0.286626      2.27657      1707.43      -3613      -1905.57      114.653      197.175
28      0.297242      2.26466      1698.5      -3604.07      -1905.57      110.559      197.177
29      0.307858      2.25231      1689.23      -3594.8      -1905.57      106.748      197.179
30      0.318474      2.2395      1679.62      -3585.2      -1905.57      103.19      197.18
31      0.329089      2.22625      1669.68      -3575.26      -1905.57      99.8625      197.182
32      0.339705      2.21254      1659.41      -3564.98      -1905.57      96.7426      197.184
33      0.350321      2.19839      1648.79      -3554.37      -1905.57      93.8119      197.186
34      0.360937      2.18379      1637.84      -3543.41      -1905.57      91.0536      197.187
35      0.371553      2.16874      1626.56      -3532.13      -1905.57      88.4528      197.189
36      0.382168      2.15324      1614.93      -3520.51      -1905.57      85.9966      197.191
37      0.392784      2.1373      1602.98      -3508.55      -1905.57      83.6731      197.193
38      0.4034      2.12091      1590.69      -3496.26      -1905.57      81.472      197.195
39      0.414016      2.10408      1578.06      -3483.64      -1905.57      79.3837      197.197
40      0.424632      2.08682      1565.11      -3470.68      -1905.57      77.3998      197.198
41      0.435247      2.06911      1551.83      -3457.41      -1905.57      75.5127      197.2
42      0.445863      2.05098      1538.23      -3443.81      -1905.57      73.7154      197.202
43      0.456479      2.03241      1524.31      -3429.88      -1905.57      72.0018      197.204
44      0.467095      2.01343      1510.07      -3415.65      -1905.57      70.366      197.206
45      0.477711      1.99403      1495.52      -3401.1      -1905.57      68.803      197.207
46      0.488326      1.97422      1480.67      -3386.24      -1905.57      67.3079      197.209
47      0.498942      1.95401      1465.51      -3371.08      -1905.57      65.8764      197.211
48      0.509558      1.93341      1450.06      -3355.63      -1905.57      64.5046      197.213
49      0.520174      1.91243      1434.32      -3339.89      -1905.57      63.1888      197.215
50      0.530789      1.89107      1418.31      -3323.88      -1905.57      61.9256      197.217
51      0.541405      1.86936      1402.02      -3307.59      -1905.57      60.7119      197.218
52      0.552021      1.84729      1385.47      -3291.04      -1905.57      59.5449      197.22
53      0.562637      1.82489      1368.67      -3274.24      -1905.57      58.422      197.222
54      0.573253      1.80218      1351.63      -3257.2      -1905.57      57.3406      197.224
55      0.583868      1.77916      1334.37      -3239.94      -1905.57      56.2986      197.226
56      0.594484      1.75585      1316.89      -3222.46      -1905.57      55.2937      197.228
57      0.6051      1.73228      1299.21      -3204.78      -1905.57      54.3242      197.229
58      0.615716      1.70846      1281.34      -3186.91      -1905.57      53.388      197.231
59      0.626332      1.68441      1263.31      -3168.87      -1905.57      52.4836      197.233
60      0.636947      1.66016      1245.12      -3150.68      -1905.56      51.6094      197.235
61      0.647563      1.63572      1226.79      -3132.36      -1905.56      50.7638      197.236
62      0.658179      1.61113      1208.35      -3113.91      -1905.56      49.9454      197.238
63      0.668795      1.58641      1189.81      -3095.37      -1905.56      49.1531      197.24
64      0.679411      1.56158      1171.19      -3076.75      -1905.56      48.3855      197.242
65      0.690026      1.53668      1152.51      -3058.07      -1905.56      47.6415      197.243
66      0.700642      1.51173      1133.8      -3039.36      -1905.56      46.9201      197.245
67      0.711258      1.48676      1115.07      -3020.63      -1905.56      46.2202      197.247
68      0.721874      1.4618      1096.35      -3001.91      -1905.55      45.5409      197.249
69      0.732489      1.43689      1077.67      -2983.22      -1905.55      44.8813      197.25
70      0.743105      1.41205      1059.04      -2964.59      -1905.55      44.2405      197.252
71      0.753721      1.38731      1040.49      -2946.04      -1905.55      43.6177      197.254
72      0.764337      1.36272      1022.04      -2927.59      -1905.55      43.0123      197.255
73      0.774953      1.3383      1003.73      -2909.27      -1905.55      42.4234      197.257
74      0.785568      1.31409      985.567      -2891.11      -1905.55      41.8505      197.259
75      0.796184      1.29012      967.586      -2873.13      -1905.54      41.2928      197.26
76      0.8068      1.26641      949.81      -2855.35      -1905.54      40.7498      197.262
77      0.817416      1.24302      932.263      -2837.8      -1905.54      40.2209      197.263
78      0.828032      1.21996      914.969      -2820.51      -1905.54      39.7056      197.265
79      0.838647      1.19727      897.951      -2803.49      -1905.54      39.2033      197.266
80      0.849263      1.17498      881.233      -2786.77      -1905.54      38.7136      197.268
81      0.859879      1.15312      864.838      -2770.37      -1905.54      38.2359      197.27
82      0.870495      1.13172      848.786      -2754.32      -1905.54      37.7699      197.271
83      0.881111      1.1108      833.1      -2738.63      -1905.53      37.3151      197.273
84      0.891726      1.0904      817.798      -2723.33      -1905.53      36.8712      197.274
85      0.902342      1.07053      802.899      -2708.43      -1905.53      36.4377      197.275
86      0.912958      1.05123      788.42      -2693.95      -1905.53      36.0142      197.277
87      0.923574      1.0325      774.378      -2679.91      -1905.53      35.6005      197.278
88      0.934189      1.01438      760.788      -2666.32      -1905.53      35.1962      197.28
89      0.944805      0.996885      747.664      -2653.19      -1905.53      34.801      197.281
90      0.955421      0.980022      735.016      -2640.54      -1905.53      34.4145      197.282
91      0.966037      0.963809      722.857      -2628.38      -1905.53      34.0366      197.284
92      0.976653      0.94826      711.195      -2616.72      -1905.53      33.6669      197.285
93      0.987268      0.933384      700.038      -2605.56      -1905.53      33.3051      197.286
94      0.997884      0.919189      689.392      -2594.92      -1905.53      32.951      197.287
95      1.0085      0.905683      679.262      -2584.79      -1905.53      32.6043      197.289
96      1.01912      0.892868      669.651      -2575.18      -1905.53      32.2649      197.29
97      1.02973      0.880748      660.561      -2566.09      -1905.53      31.9325      197.291
98      1.04035      0.869323      651.993      -2557.52      -1905.53      31.6068      197.292
99      1.05096      0.858592      643.944      -2549.47      -1905.53      31.2877      197.293
100      1.06158      0.848552      636.414      -2541.94      -1905.53      30.975      197.295
101      1.07219      0.839198      629.398      -2534.92      -1905.53      30.6685      197.296
102      1.08281      0.830523      622.892      -2528.42      -1905.53      30.368      197.297
103      1.09343      0.82252      616.89      -2522.42      -1905.53      30.0733      197.298
104      1.10404      0.81518      611.385      -2516.91      -1905.53      29.7843      197.299
105      1.11466      0.808491      606.369      -2511.9      -1905.53      29.5008      197.3
106      1.12527      0.802443      601.832      -2507.36      -1905.53      29.2227      197.301
107      1.13589      0.79702      597.765      -2503.3      -1905.53      28.9497      197.302
108      1.14651      0.792211      594.158      -2499.69      -1905.53      28.6818      197.303
109      1.15712      0.788      591      -2496.53      -1905.53      28.4188      197.304
110      1.16774      0.784371      588.278      -2493.81      -1905.53      28.1606      197.305
111      1.17835      0.781307      585.981      -2491.51      -1905.53      27.907      197.306
112      1.18897      0.778792      584.094      -2489.63      -1905.53      27.658      197.307
113      1.19958      0.776808      582.606      -2488.14      -1905.53      27.4133      197.308
114      1.2102      0.775337      581.503      -2487.04      -1905.54      27.173      197.309
115      1.22082      0.77436      580.77      -2486.31      -1905.54      26.9368      197.309
116      1.23143      0.773859      580.394      -2485.93      -1905.54      26.7047      197.31
117      1.24205      0.773816      580.362      -2485.9      -1905.54      26.4766      197.311
118      1.25266      0.774211      580.658      -2486.2      -1905.54      26.2523      197.312
119      1.26328      0.775025      581.269      -2486.81      -1905.54      26.0318      197.313
120      1.27389      0.77624      582.18      -2487.72      -1905.54      25.815      197.313
121      1.28451      0.777836      583.377      -2488.92      -1905.54      25.6017      197.314
122      1.29513      0.779796      584.847      -2490.39      -1905.54      25.392      197.315
123      1.30574      0.782102      586.576      -2492.12      -1905.54      25.1856      197.316
124      1.31636      0.784734      588.55      -2494.09      -1905.54      24.9826      197.316
125      1.32697      0.787675      590.756      -2496.3      -1905.54      24.7828      197.317
126      1.33759      0.790908      593.181      -2498.73      -1905.54      24.5862      197.318
127      1.34821      0.794416      595.812      -2501.36      -1905.55      24.3927      197.318
128      1.35882      0.798181      598.636      -2504.18      -1905.55      24.2022      197.319
129      1.36944      0.802188      601.641      -2507.19      -1905.55      24.0147      197.32
130      1.38005      0.806421      604.816      -2510.36      -1905.55      23.83      197.32
131      1.39067      0.810864      608.148      -2513.7      -1905.55      23.6482      197.321
132      1.40128      0.815502      611.627      -2517.18      -1905.55      23.4691      197.321
133      1.4119      0.820321      615.241      -2520.79      -1905.55      23.2927      197.322
134      1.42252      0.825307      618.98      -2524.53      -1905.55      23.119      197.322
135      1.43313      0.830446      622.834      -2528.38      -1905.55      22.9478      197.323
136      1.44375      0.835725      626.793      -2532.34      -1905.55      22.7791      197.324
137      1.45436      0.84113      630.848      -2536.4      -1905.55      22.6129      197.324
138      1.46498      0.84665      634.988      -2540.54      -1905.55      22.4491      197.325
139      1.47559      0.852274      639.205      -2544.76      -1905.55      22.2876      197.325
140      1.48621      0.857989      643.492      -2549.04      -1905.55      22.1285      197.326
141      1.49683      0.863785      647.839      -2553.39      -1905.55      21.9716      197.326
142      1.50744      0.869651      652.238      -2557.79      -1905.55      21.8169      197.326
143      1.51806      0.875577      656.683      -2562.24      -1905.55      21.6644      197.327
144      1.52867      0.881554      661.165      -2566.72      -1905.55      21.514      197.327
145      1.53929      0.887572      665.679      -2571.23      -1905.55      21.3657      197.328
146      1.54991      0.893623      670.217      -2575.77      -1905.55      21.2194      197.328
147      1.56052      0.899697      674.773      -2580.33      -1905.56      21.0751      197.329
148      1.57114      0.905787      679.34      -2584.9      -1905.56      20.9327      197.329
149      1.58175      0.911885      683.913      -2589.47      -1905.56      20.7923      197.329
150      1.59237      0.917983      688.487      -2594.04      -1905.56      20.6537      197.33
151      1.60298      0.924074      693.055      -2598.61      -1905.56      20.5169      197.33
152      1.6136      0.930152      697.614      -2603.17      -1905.56      20.382      197.33
153      1.62422      0.936209      702.156      -2607.71      -1905.56      20.2488      197.331
154      1.63483      0.942239      706.679      -2612.24      -1905.56      20.1174      197.331
155      1.64545      0.948237      711.178      -2616.73      -1905.56      19.9876      197.331
156      1.65606      0.954196      715.647      -2621.2      -1905.56      19.8595      197.332
157      1.66668      0.960111      720.083      -2625.64      -1905.56      19.7331      197.332
158      1.67729      0.965975      724.481      -2630.04      -1905.56      19.6082      197.332
159      1.68791      0.971784      728.838      -2634.4      -1905.56      19.4849      197.333
160      1.69853      0.977532      733.149      -2638.71      -1905.56      19.3631      197.333
161      1.70914      0.983215      737.412      -2642.97      -1905.56      19.2429      197.333
162      1.71976      0.988829      741.621      -2647.18      -1905.56      19.1242      197.333
163      1.73037      0.994367      745.775      -2651.33      -1905.56      19.0068      197.334
164      1.74099      0.999826      749.869      -2655.43      -1905.56      18.891      197.334
165      1.75161      1.0052      753.901      -2659.46      -1905.56      18.7765      197.334
166      1.76222      1.01049      757.867      -2663.43      -1905.56      18.6634      197.334
167      1.77284      1.01569      761.764      -2667.32      -1905.56      18.5517      197.335
168      1.78345      1.02079      765.589      -2671.15      -1905.56      18.4413      197.335
169      1.79407      1.02579      769.341      -2674.9      -1905.56      18.3322      197.335
170      1.80468      1.03069      773.015      -2678.57      -1905.56      18.2244      197.335
171      1.8153      1.03548      776.61      -2682.17      -1905.56      18.1178      197.336
172      1.82592      1.04016      780.123      -2685.68      -1905.56      18.0125      197.336
173      1.83653      1.04474      783.551      -2689.11      -1905.56      17.9084      197.336
174      1.84715      1.04919      786.894      -2692.45      -1905.56      17.8055      197.336
175      1.85776      1.05353      790.147      -2695.71      -1905.56      17.7038      197.336
176      1.86838      1.05775      793.311      -2698.87      -1905.56      17.6032      197.337
177      1.87899      1.06184      796.382      -2701.94      -1905.56      17.5038      197.337
178      1.88961      1.06581      799.359      -2704.92      -1905.56      17.4054      197.337
179      1.90023      1.06965      802.241      -2707.8      -1905.56      17.3082      197.337
180      1.91084      1.07337      805.026      -2710.59      -1905.56      17.2121      197.337
181      1.92146      1.07695      807.713      -2713.27      -1905.56      17.117      197.338
182      1.93207      1.0804      810.301      -2715.86      -1905.56      17.023      197.338
183      1.94269      1.08372      812.789      -2718.35      -1905.56      16.93      197.338
184      1.95331      1.0869      815.176      -2720.74      -1905.56      16.838      197.338
185      1.96392      1.08995      817.462      -2723.02      -1905.56      16.747      197.338
186      1.97454      1.09286      819.646      -2725.21      -1905.56      16.6569      197.338
187      1.98515      1.09564      821.728      -2727.29      -1905.56      16.5679      197.339
188      1.99577      1.09828      823.709      -2729.27      -1905.56      16.4798      197.339
189      2.00638      1.10078      825.587      -2731.15      -1905.56      16.3926      197.339
190      2.017      1.10315      827.365      -2732.93      -1905.56      16.3063      197.339
191      2.02762      1.10539      829.041      -2734.6      -1905.56      16.221      197.339
192      2.03823      1.10749      830.618      -2736.18      -1905.56      16.1365      197.339
193      2.04885      1.10946      832.095      -2737.66      -1905.56      16.0529      197.34
194      2.05946      1.1113      833.475      -2739.04      -1905.56      15.9702      197.34
195      2.07008      1.11301      834.757      -2740.32      -1905.56      15.8883      197.34
196      2.08069      1.11459      835.944      -2741.5      -1905.56      15.8072      197.34
197      2.09131      1.11605      837.037      -2742.6      -1905.56      15.727      197.34
198      2.10193      1.11738      838.037      -2743.6      -1905.56      15.6476      197.34
199      2.11254      1.1186      838.948      -2744.51      -1905.56      15.569      197.341
200      2.12316      1.11969      839.771      -2745.33      -1905.56      15.4911      197.341
201      2.13377      1.12068      840.508      -2746.07      -1905.56      15.4141      197.341
202      2.14439      1.12155      841.162      -2746.72      -1905.56      15.3378      197.341
203      2.15501      1.12231      841.735      -2747.29      -1905.56      15.2623      197.341
204      2.16562      1.12297      842.229      -2747.79      -1905.56      15.1875      197.342
205      2.17624      1.12353      842.648      -2748.21      -1905.56      15.1134      197.342
206      2.18685      1.12399      842.995      -2748.55      -1905.56      15.04      197.342
207      2.19747      1.12436      843.271      -2748.83      -1905.56      14.9674      197.342
208      2.20808      1.12464      843.48      -2749.04      -1905.56      14.8955      197.343
209      2.2187      1.12483      843.624      -2749.18      -1905.56      14.8242      197.343
210      2.22932      1.12494      843.708      -2749.27      -1905.56      14.7536      197.343
211      2.23993      1.12498      843.734      -2749.29      -1905.56      14.6837      197.343
212      2.25055      1.12494      843.705      -2749.26      -1905.56      14.6145      197.343
213      2.26116      1.12483      843.624      -2749.18      -1905.56      14.5459      197.344
214      2.27178      1.12466      843.495      -2749.05      -1905.56      14.4779      197.344
215      2.28239      1.12443      843.32      -2748.88      -1905.56      14.4106      197.344
216      2.29301      1.12414      843.101      -2748.66      -1905.56      14.3439      197.345
217      2.30363      1.12379      842.843      -2748.4      -1905.56      14.2778      197.345
218      2.31424      1.1234      842.548      -2748.11      -1905.56      14.2124      197.345
219      2.32486      1.12296      842.218      -2747.78      -1905.56      14.1475      197.345
220      2.33547      1.12248      841.857      -2747.41      -1905.56      14.0832      197.346
221      2.34609      1.12196      841.467      -2747.02      -1905.56      14.0195      197.346
222      2.35671      1.1214      841.051      -2746.61      -1905.56      13.9564      197.346
223      2.36732      1.12081      840.611      -2746.17      -1905.56      13.8938      197.347
224      2.37794      1.1202      840.15      -2745.71      -1905.56      13.8318      197.347
225      2.38855      1.11956      839.671      -2745.23      -1905.56      13.7704      197.348
226      2.39917      1.1189      839.174      -2744.73      -1905.56      13.7095      197.348
227      2.40978      1.11822      838.663      -2744.22      -1905.56      13.6491      197.348
228      2.4204      1.11752      838.14      -2743.7      -1905.56      13.5893      197.349
229      2.43102      1.11681      837.606      -2743.16      -1905.56      13.5299      197.349
230      2.44163      1.11608      837.063      -2742.62      -1905.56      13.4711      197.35
231      2.45225      1.11535      836.514      -2742.07      -1905.56      13.4129      197.35
232      2.46286      1.11461      835.96      -2741.52      -1905.56      13.3551      197.35
233      2.47348      1.11387      835.402      -2740.96      -1905.56      13.2978      197.351
234      2.48409      1.11312      834.843      -2740.4      -1905.56      13.241      197.351
235      2.49471      1.11238      834.284      -2739.84      -1905.56      13.1847      197.352
236      2.50533      1.11163      833.726      -2739.28      -1905.56      13.1288      197.352
237      2.51594      1.11089      833.171      -2738.73      -1905.56      13.0735      197.353
238      2.52656      1.11016      832.621      -2738.18      -1905.56      13.0186      197.353
239      2.53717      1.10943      832.076      -2737.63      -1905.55      12.9641      197.354
240      2.54779      1.10872      831.539      -2737.09      -1905.55      12.9102      197.354
241      2.55841      1.10802      831.012      -2736.57      -1905.55      12.8566      197.355
242      2.56902      1.10733      830.496      -2736.05      -1905.55      12.8035      197.355
243      2.57964      1.10666      829.993      -2735.55      -1905.55      12.7509      197.356
244      2.59025      1.10601      829.504      -2735.06      -1905.55      12.6987      197.356
245      2.60087      1.10537      829.031      -2734.59      -1905.55      12.6469      197.357
246      2.61148      1.10477      828.576      -2734.13      -1905.55      12.5955      197.357
247      2.6221      1.10419      828.14      -2733.69      -1905.55      12.5445      197.358
248      2.63272      1.10363      827.725      -2733.28      -1905.55      12.494      197.359
249      2.64333      1.10311      827.334      -2732.89      -1905.55      12.4438      197.359
250      2.65395      1.10262      826.968      -2732.52      -1905.55      12.3941      197.36
251      2.66456      1.10217      826.629      -2732.18      -1905.55      12.3448      197.36
252      2.67518      1.10176      826.32      -2731.87      -1905.55      12.2958      197.361
253      2.68579      1.10139      826.041      -2731.6      -1905.55      12.2473      197.362
254      2.69641      1.10106      825.796      -2731.35      -1905.55      12.1991      197.362
255      2.70703      1.10078      825.587      -2731.14      -1905.55      12.1513      197.363
256      2.71764      1.10055      825.414      -2730.97      -1905.55      12.1038      197.364
257      2.72826      1.10037      825.281      -2730.83      -1905.55      12.0568      197.364
258      2.73887      1.10025      825.189      -2730.74      -1905.55      12.0101      197.365
259      2.74949      1.10019      825.139      -2730.69      -1905.55      11.9638      197.366
260      2.76011      1.10018      825.134      -2730.69      -1905.55      11.9178      197.366
261      2.77072      1.10023      825.175      -2730.73      -1905.55      11.8722      197.367
262      2.78134      1.10035      825.263      -2730.82      -1905.55      11.8269      197.368
263      2.79195      1.10053      825.401      -2730.95      -1905.55      11.782      197.368
264      2.80257      1.10078      825.589      -2731.14      -1905.55      11.7374      197.369
265      2.81318      1.1011      825.827      -2731.38      -1905.55      11.6931      197.37
266      2.8238      1.10149      826.117      -2731.67      -1905.55      11.6492      197.37
267      2.83442      1.10195      826.459      -2732.01      -1905.55      11.6056      197.371
268      2.84503      1.10247      826.854      -2732.41      -1905.55      11.5624      197.372
269      2.85565      1.10307      827.301      -2732.85      -1905.55      11.5194      197.372
270      2.86626      1.10373      827.801      -2733.35      -1905.55      11.4768      197.373
271      2.87688      1.10447      828.352      -2733.91      -1905.55      11.4345      197.374
272      2.88749      1.10527      828.955      -2734.51      -1905.55      11.3925      197.375
273      2.89811      1.10615      829.609      -2735.16      -1905.55      11.3508      197.375
274      2.90873      1.10708      830.312      -2735.87      -1905.55      11.3094      197.376
275      2.91934      1.10808      831.063      -2736.62      -1905.55      11.2683      197.377
276      2.92996      1.10915      831.862      -2737.41      -1905.55      11.2276      197.378
277      2.94057      1.11027      832.704      -2738.26      -1905.55      11.1871      197.378
278      2.95119      1.11145      833.591      -2739.14      -1905.55      11.1469      197.379
279      2.96181      1.11269      834.518      -2740.07      -1905.55      11.1069      197.38
280      2.97242      1.11398      835.484      -2741.04      -1905.55      11.0673      197.38
281      2.98304      1.11532      836.487      -2742.04      -1905.55      11.028      197.381
282      2.99365      1.1167      837.525      -2743.08      -1905.55      10.9889      197.382
283      3.00427      1.11813      838.595      -2744.15      -1905.55      10.9501      197.382
284      3.01488      1.11959      839.695      -2745.25      -1905.55      10.9116      197.383
285      3.0255      1.1211      840.823      -2746.38      -1905.55      10.8733      197.384
286      3.03612      1.12263      841.975      -2747.53      -1905.55      10.8354      197.385
287      3.04673      1.1242      843.15      -2748.71      -1905.55      10.7977      197.385
288      3.05735      1.12579      844.346      -2749.9      -1905.55      10.7602      197.386
289      3.06796      1.12741      845.56      -2751.11      -1905.55      10.723      197.387
290      3.07858      1.12905      846.789      -2752.34      -1905.56      10.6861      197.387
291      3.08919      1.13071      848.032      -2753.59      -1905.56      10.6494      197.388
292      3.09981      1.13238      849.287      -2754.84      -1905.56      10.6129      197.389
293      3.11043      1.13407      850.55      -2756.11      -1905.56      10.5768      197.389
294      3.12104      1.13576      851.821      -2757.38      -1905.56      10.5408      197.39
295      3.13166      1.13746      853.098      -2758.65      -1905.56      10.5051      197.391
296      3.14227      1.13917      854.379      -2759.94      -1905.56      10.4697      197.391
297      3.15289      1.14088      855.663      -2761.22      -1905.56      10.4344      197.392
298      3.16351      1.1426      856.947      -2762.5      -1905.56      10.3995      197.392
299      3.17412      1.14431      858.231      -2763.79      -1905.56      10.3647      197.393
300      3.18474      1.14602      859.514      -2765.07      -1905.56      10.3302      197.394
301      3.19535      1.14772      860.793      -2766.35      -1905.56      10.2959      197.394
302      3.20597      1.14943      862.069      -2767.63      -1905.56      10.2618      197.395
303      3.21658      1.15112      863.341      -2768.9      -1905.56      10.228      197.395
304      3.2272      1.15281      864.607      -2770.16      -1905.56      10.1944      197.396
305      3.23782      1.15449      865.867      -2771.42      -1905.56      10.161      197.396
306      3.24843      1.15616      867.12      -2772.68      -1905.56      10.1278      197.397
307      3.25905      1.15782      868.365      -2773.92      -1905.56      10.0948      197.397
308      3.26966      1.15947      869.603      -2775.16      -1905.56      10.0621      197.398
309      3.28028      1.16111      870.832      -2776.39      -1905.56      10.0295      197.398
310      3.29089      1.16274      872.053      -2777.61      -1905.56      9.9972      197.398
311      3.30151      1.16435      873.265      -2778.82      -1905.56      9.96508      197.399
312      3.31213      1.16596      874.467      -2780.02      -1905.56      9.93316      197.399
313      3.32274      1.16755      875.659      -2781.22      -1905.56      9.90144      197.4
314      3.33336      1.16912      876.841      -2782.4      -1905.56      9.86993      197.4
315      3.34397      1.17068      878.013      -2783.57      -1905.56      9.83861      197.4
316      3.35459      1.17223      879.174      -2784.73      -1905.56      9.80749      197.401
317      3.36521      1.17377      880.325      -2785.88      -1905.56      9.77657      197.401
318      3.37582      1.17529      881.465      -2787.02      -1905.56      9.74584      197.401
319      3.38644      1.17679      882.594      -2788.15      -1905.56      9.7153      197.401
320      3.39705      1.17828      883.712      -2789.27      -1905.56      9.68495      197.402
321      3.40767      1.17976      884.819      -2790.38      -1905.56      9.65479      197.402
322      3.41828      1.18122      885.914      -2791.47      -1905.56      9.62481      197.402
323      3.4289      1.18266      886.998      -2792.55      -1905.56      9.59502      197.402
324      3.43952      1.18409      888.069      -2793.63      -1905.56      9.56541      197.402
325      3.45013      1.1855      889.128      -2794.69      -1905.56      9.53598      197.402
326      3.46075      1.1869      890.176      -2795.73      -1905.56      9.50673      197.402
327      3.47136      1.18828      891.21      -2796.77      -1905.56      9.47766      197.402
328      3.48198      1.18964      892.232      -2797.79      -1905.56      9.44877      197.402
329      3.49259      1.19099      893.241      -2798.8      -1905.56      9.42005      197.402
330      3.50321      1.19232      894.238      -2799.79      -1905.56      9.3915      197.402
331      3.51383      1.19363      895.221      -2800.78      -1905.56      9.36312      197.402
332      3.52444      1.19492      896.192      -2801.75      -1905.56      9.33492      197.402
333      3.53506      1.1962      897.149      -2802.71      -1905.56      9.30688      197.402
334      3.54567      1.19746      898.092      -2803.65      -1905.56      9.279      197.402
335      3.55629      1.1987      899.023      -2804.58      -1905.56      9.2513      197.402
336      3.56691      1.19992      899.94      -2805.5      -1905.56      9.22375      197.401
337      3.57752      1.20113      900.844      -2806.4      -1905.56      9.19637      197.401
338      3.58814      1.20231      901.735      -2807.29      -1905.56      9.16915      197.401
339      3.59875      1.20348      902.612      -2808.17      -1905.56      9.14208      197.401
340      3.60937      1.20464      903.477      -2809.03      -1905.56      9.11518      197.4
341      3.61998      1.20577      904.33      -2809.89      -1905.56      9.08843      197.4
342      3.6306      1.20689      905.171      -2810.73      -1905.56      9.06183      197.399
343      3.64122      1.208      906      -2811.56      -1905.56      9.03539      197.399
344      3.65183      1.20909      906.818      -2812.37      -1905.56      9.0091      197.398
345      3.66245      1.21017      907.625      -2813.18      -1905.56      8.98297      197.398
346      3.67306      1.21123      908.421      -2813.98      -1905.56      8.95698      197.397
347      3.68368      1.21228      909.208      -2814.76      -1905.56      8.93114      197.397
348      3.69429      1.21331      909.985      -2815.54      -1905.56      8.90544      197.396
349      3.70491      1.21434      910.754      -2816.31      -1905.56      8.8799      197.395
350      3.71553      1.21535      911.515      -2817.07      -1905.56      8.85449      197.395
351      3.72614      1.21636      912.27      -2817.83      -1905.56      8.82923      197.394
352      3.73676      1.21736      913.018      -2818.57      -1905.56      8.80411      197.393
353      3.74737      1.21835      913.761      -2819.32      -1905.56      8.77914      197.392
354      3.75799      1.21933      914.5      -2820.06      -1905.56      8.7543      197.391
355      3.76861      1.22031      915.236      -2820.79      -1905.56      8.7296      197.39
356      3.77922      1.22129      915.969      -2821.52      -1905.56      8.70504      197.39
357      3.78984      1.22227      916.702      -2822.26      -1905.56      8.68061      197.389
358      3.80045      1.22324      917.434      -2822.99      -1905.56      8.65632      197.388
359      3.81107      1.22422      918.166      -2823.72      -1905.56      8.63216      197.386
360      3.82168      1.2252      918.9      -2824.46      -1905.56      8.60813      197.385
361      3.8323      1.22618      919.638      -2825.19      -1905.56      8.58424      197.384
362      3.84292      1.22717      920.379      -2825.93      -1905.56      8.56048      197.383
363      3.85353      1.22817      921.125      -2826.68      -1905.56      8.53684      197.382
364      3.86415      1.22917      921.876      -2827.43      -1905.56      8.51334      197.381
365      3.87476      1.23018      922.634      -2828.19      -1905.56      8.48996      197.379
366      3.88538      1.2312      923.4      -2828.96      -1905.56      8.46671      197.378
367      3.89599      1.23223      924.175      -2829.73      -1905.55      8.44358      197.377
368      3.90661      1.23328      924.959      -2830.51      -1905.55      8.42058      197.376
369      3.91723      1.23434      925.754      -2831.31      -1905.55      8.3977      197.374
370      3.92784      1.23541      926.559      -2832.11      -1905.55      8.37494      197.373
371      3.93846      1.2365      927.376      -2832.93      -1905.55      8.35231      197.371
372      3.94907      1.23761      928.204      -2833.76      -1905.55      8.32979      197.37
373      3.95969      1.23873      929.045      -2834.6      -1905.55      8.3074      197.368
374      3.97031      1.23987      929.899      -2835.45      -1905.55      8.28512      197.367
375      3.98092      1.24102      930.766      -2836.32      -1905.55      8.26296      197.365
376      3.99154      1.24219      931.645      -2837.2      -1905.55      8.24092      197.364
377      4.00215      1.24338      932.538      -2838.09      -1905.55      8.21899      197.362
378      4.01277      1.24459      933.443      -2839      -1905.55      8.19718      197.36
379      4.02338      1.24582      934.362      -2839.92      -1905.55      8.17549      197.359
380      4.034      1.24706      935.292      -2840.85      -1905.55      8.1539      197.357
381      4.04462      1.24831      936.234      -2841.79      -1905.55      8.13243      197.355
382      4.05523      1.24958      937.188      -2842.74      -1905.55      8.11107      197.354
383      4.06585      1.25087      938.152      -2843.71      -1905.55      8.08982      197.352
384      4.07646      1.25217      939.126      -2844.68      -1905.55      8.06868      197.35
385      4.08708      1.25348      940.109      -2845.66      -1905.55      8.04765      197.348
386      4.09769      1.2548      941.1      -2846.66      -1905.55      8.02672      197.346
387      4.10831      1.25613      942.098      -2847.65      -1905.56      8.00591      197.345
388      4.11893      1.25747      943.101      -2848.66      -1905.56      7.9852      197.343
389      4.12954      1.25881      944.108      -2849.66      -1905.56      7.96459      197.341
390      4.14016      1.26016      945.118      -2850.67      -1905.56      7.9441      197.339
391      4.15077      1.26151      946.13      -2851.68      -1905.56      7.9237      197.337
392      4.16139      1.26285      947.141      -2852.7      -1905.56      7.90341      197.335
393      4.17201      1.2642      948.15      -2853.71      -1905.56      7.88322      197.333
394      4.18262      1.26554      949.156      -2854.71      -1905.56      7.86314      197.331
395      4.19324      1.26687      950.156      -2855.71      -1905.56      7.84315      197.329
396      4.20385      1.2682      951.15      -2856.71      -1905.56      7.82327      197.327
397      4.21447      1.26951      952.135      -2857.69      -1905.56      7.80348      197.325
398      4.22508      1.27081      953.109      -2858.67      -1905.56      7.7838      197.323
399      4.2357      1.27209      954.071      -2859.63      -1905.56      7.76421      197.321
400      4.24632      1.27336      955.019      -2860.58      -1905.56      7.74472      197.319
401      4.25693      1.2746      955.952      -2861.51      -1905.56      7.72533      197.317
402      4.26755      1.27582      956.866      -2862.42      -1905.56      7.70603      197.315
403      4.27816      1.27701      957.761      -2863.32      -1905.56      7.68683      197.313
404      4.28878      1.27818      958.635      -2864.19      -1905.56      7.66772      197.311
405      4.29939      1.27932      959.486      -2865.04      -1905.56      7.64871      197.309
406      4.31001      1.28042      960.313      -2865.87      -1905.56      7.62979      197.307
407      4.32063      1.28149      961.115      -2866.67      -1905.56      7.61096      197.305
408      4.33124      1.28252      961.889      -2867.45      -1905.56      7.59223      197.303
409      4.34186      1.28351      962.635      -2868.19      -1905.56      7.57359      197.301
410      4.35247      1.28447      963.352      -2868.91      -1905.56      7.55504      197.299
411      4.36309      1.28538      964.037      -2869.59      -1905.56      7.53658      197.297
412      4.37371      1.28625      964.69      -2870.25      -1905.56      7.5182      197.294
413      4.38432      1.28708      965.311      -2870.87      -1905.56      7.49992      197.292
414      4.39494      1.28786      965.898      -2871.46      -1905.56      7.48173      197.29
415      4.40555      1.2886      966.45      -2872.01      -1905.56      7.46362      197.288
416      4.41617      1.28929      966.968      -2872.53      -1905.56      7.4456      197.286
417      4.42678      1.28993      967.45      -2873.01      -1905.56      7.42767      197.284
418      4.4374      1.29053      967.895      -2873.45      -1905.56      7.40983      197.282
419      4.44802      1.29107      968.304      -2873.86      -1905.56      7.39207      197.28
420      4.45863      1.29157      968.676      -2874.23      -1905.56      7.37439      197.278
421      4.46925      1.29201      969.011      -2874.57      -1905.56      7.3568      197.276
422      4.47986      1.29241      969.308      -2874.87      -1905.56      7.33929      197.274
423      4.49048      1.29276      969.568      -2875.13      -1905.56      7.32187      197.272
424      4.50109      1.29305      969.791      -2875.35      -1905.56      7.30453      197.27
425      4.51171      1.2933      969.977      -2875.53      -1905.56      7.28727      197.268
426      4.52233      1.2935      970.125      -2875.68      -1905.56      7.27009      197.266
427      4.53294      1.29365      970.237      -2875.79      -1905.56      7.25299      197.264
428      4.54356      1.29375      970.312      -2875.87      -1905.56      7.23598      197.263
429      4.55417      1.2938      970.351      -2875.91      -1905.56      7.21904      197.261
430      4.56479      1.29381      970.354      -2875.91      -1905.56      7.20218      197.259
431      4.57541      1.29376      970.321      -2875.88      -1905.56      7.18541      197.257
432      4.58602      1.29367      970.254      -2875.81      -1905.56      7.16871      197.255
433      4.59664      1.29353      970.151      -2875.71      -1905.56      7.15208      197.253
434      4.60725      1.29335      970.014      -2875.57      -1905.56      7.13554      197.251
435      4.61787      1.29313      969.844      -2875.4      -1905.56      7.11907      197.25
436      4.62848      1.29285      969.64      -2875.2      -1905.56      7.10268      197.248
437      4.6391      1.29254      969.404      -2874.96      -1905.56      7.08637      197.246
438      4.64972      1.29218      969.135      -2874.69      -1905.56      7.07013      197.244
439      4.66033      1.29178      968.835      -2874.39      -1905.56      7.05396      197.243
440      4.67095      1.29134      968.504      -2874.06      -1905.56      7.03787      197.241
441      4.68156      1.29086      968.143      -2873.7      -1905.56      7.02185      197.239
442      4.69218      1.29034      967.752      -2873.31      -1905.56      7.00591      197.238
443      4.70279      1.28978      967.333      -2872.89      -1905.56      6.99004      197.236
444      4.71341      1.28918      966.886      -2872.44      -1905.56      6.97424      197.235
445      4.72403      1.28855      966.411      -2871.97      -1905.56      6.95851      197.233
446      4.73464      1.28788      965.911      -2871.47      -1905.56      6.94286      197.232
447      4.74526      1.28718      965.385      -2870.94      -1905.56      6.92727      197.23
448      4.75587      1.28644      964.834      -2870.39      -1905.56      6.91176      197.229
449      4.76649      1.28568      964.259      -2869.82      -1905.56      6.89632      197.227
450      4.77711      1.28488      963.661      -2869.22      -1905.56      6.88094      197.226
451      4.78772      1.28406      963.041      -2868.6      -1905.56      6.86564      197.225
452      4.79834      1.2832      962.401      -2867.96      -1905.56      6.8504      197.223
453      4.80895      1.28232      961.741      -2867.3      -1905.56      6.83523      197.222
454      4.81957      1.28142      961.063      -2866.62      -1905.56      6.82013      197.221
455      4.83018      1.28049      960.369      -2865.93      -1905.56      6.8051      197.219
456      4.8408      1.27954      959.658      -2865.22      -1905.56      6.79013      197.218
457      4.85142      1.27858      958.934      -2864.49      -1905.56      6.77524      197.217
458      4.86203      1.2776      958.197      -2863.75      -1905.56      6.7604      197.216
459      4.87265      1.2766      957.449      -2863.01      -1905.56      6.74563      197.215
460      4.88326      1.27559      956.691      -2862.25      -1905.56      6.73093      197.213
461      4.89388      1.27457      955.925      -2861.48      -1905.56      6.71629      197.212
462      4.90449      1.27354      955.153      -2860.71      -1905.56      6.70172      197.211
463      4.91511      1.2725      954.376      -2859.93      -1905.56      6.68721      197.21
464      4.92573      1.27146      953.597      -2859.15      -1905.56      6.67277      197.209
465      4.93634      1.27042      952.817      -2858.37      -1905.56      6.65838      197.208
466      4.94696      1.26938      952.038      -2857.59      -1905.56      6.64406      197.207
467      4.95757      1.26835      951.263      -2856.82      -1905.56      6.62981      197.207
468      4.96819      1.26732      950.493      -2856.05      -1905.56      6.61561      197.206
469      4.97881      1.26631      949.731      -2855.29      -1905.56      6.60148      197.205
470      4.98942      1.2653      948.978      -2854.53      -1905.56      6.5874      197.204
471      5.00004      1.26432      948.238      -2853.79      -1905.56      6.57339      197.203
472      5.01065      1.26335      947.511      -2853.07      -1905.56      6.55944      197.202
473      5.02127      1.2624      946.801      -2852.36      -1905.56      6.54554      197.202
474      5.03188      1.26148      946.109      -2851.66      -1905.56      6.53171      197.201
475      5.0425      1.26058      945.437      -2850.99      -1905.55      6.51794      197.2
476      5.05312      1.25972      944.788      -2850.34      -1905.55      6.50422      197.2
477      5.06373      1.25888      944.162      -2849.72      -1905.55      6.49057      197.199
478      5.07435      1.25808      943.563      -2849.12      -1905.55      6.47697      197.198
479      5.08496      1.25732      942.992      -2848.55      -1905.55      6.46342      197.198
480      5.09558      1.2566      942.45      -2848      -1905.55      6.44994      197.197
481      5.10619      1.25592      941.94      -2847.49      -1905.55      6.43651      197.197
482      5.11681      1.25528      941.462      -2847.02      -1905.55      6.42314      197.196
483      5.12743      1.25469      941.018      -2846.57      -1905.55      6.40983      197.196
484      5.13804      1.25415      940.61      -2846.16      -1905.55      6.39657      197.195
485      5.14866      1.25365      940.237      -2845.79      -1905.55      6.38337      197.195
486      5.15927      1.2532      939.9      -2845.45      -1905.55      6.37022      197.194
487      5.16989      1.2528      939.602      -2845.16      -1905.55      6.35712      197.194
488      5.18051      1.25245      939.341      -2844.9      -1905.55      6.34408      197.193
489      5.19112      1.25216      939.118      -2844.67      -1905.55      6.3311      197.193
490      5.20174      1.25191      938.934      -2844.49      -1905.55      6.31817      197.193
491      5.21235      1.25172      938.789      -2844.34      -1905.55      6.30529      197.192
492      5.22297      1.25158      938.682      -2844.24      -1905.55      6.29246      197.192
493      5.23358      1.25148      938.613      -2844.17      -1905.55      6.27969      197.192
494      5.2442      1.25144      938.583      -2844.14      -1905.55      6.26697      197.192
495      5.25482      1.25145      938.59      -2844.14      -1905.55      6.25431      197.191
496      5.26543      1.25151      938.635      -2844.19      -1905.55      6.24169      197.191
497      5.27605      1.25162      938.717      -2844.27      -1905.55      6.22913      197.191
498      5.28666      1.25178      938.836      -2844.39      -1905.55      6.21661      197.191
499      5.29728      1.25199      938.991      -2844.55      -1905.55      6.20415      197.191
500      5.30789      1.25224      939.182      -2844.74      -1905.55      6.19174      197.191
501      5.31851      1.25254      939.408      -2844.96      -1905.55      6.17938      197.19
502      5.32913      1.25289      939.669      -2845.22      -1905.55      6.16707      197.19
503      5.33974      1.25328      939.963      -2845.52      -1905.55      6.1548      197.19
504      5.35036      1.25372      940.292      -2845.85      -1905.55      6.14259      197.19
505      5.36097      1.2542      940.653      -2846.21      -1905.55      6.13043      197.19
506      5.37159      1.25473      941.048      -2846.6      -1905.55      6.11831      197.19
507      5.38221      1.2553      941.475      -2847.03      -1905.55      6.10625      197.19
508      5.39282      1.25591      941.935      -2847.49      -1905.55      6.09423      197.191
509      5.40344      1.25657      942.427      -2847.98      -1905.55      6.08226      197.191
510      5.41405      1.25727      942.951      -2848.51      -1905.55      6.07034      197.191
511      5.42467      1.25801      943.507      -2849.06      -1905.55      6.05847      197.191
512      5.43528      1.25879      944.095      -2849.65      -1905.55      6.04664      197.191
513      5.4459      1.25962      944.715      -2850.27      -1905.55      6.03486      197.191
514      5.45652      1.26049      945.367      -2850.92      -1905.55      6.02312      197.192
515      5.46713      1.2614      946.052      -2851.61      -1905.55      6.01144      197.192
516      5.47775      1.26236      946.768      -2852.32      -1905.55      5.9998      197.192
517      5.48836      1.26336      947.518      -2853.07      -1905.55      5.9882      197.193
518      5.49898      1.2644      948.3      -2853.85      -1905.55      5.97665      197.193
519      5.50959      1.26549      949.115      -2854.67      -1905.55      5.96515      197.193
520      5.52021      1.26662      949.963      -2855.52      -1905.55      5.95369      197.194
521      5.53083      1.26779      950.843      -2856.4      -1905.55      5.94227      197.194
522      5.54144      1.26901      951.756      -2857.31      -1905.55      5.9309      197.195
523      5.55206      1.27027      952.702      -2858.26      -1905.55      5.91958      197.195
524      5.56267      1.27157      953.681      -2859.24      -1905.55      5.9083      197.196
525      5.57329      1.27292      954.692      -2860.25      -1905.55      5.89706      197.196
526      5.58391      1.27431      955.735      -2861.29      -1905.55      5.88587      197.197
527      5.59452      1.27575      956.809      -2862.36      -1905.55      5.87472      197.197
528      5.60514      1.27722      957.915      -2863.47      -1905.55      5.86361      197.198
529      5.61575      1.27873      959.051      -2864.61      -1905.55      5.85254      197.199
530      5.62637      1.28029      960.217      -2865.77      -1905.55      5.84152      197.199
531      5.63698      1.28188      961.412      -2866.97      -1905.55      5.83054      197.2
532      5.6476      1.28351      962.636      -2868.19      -1905.55      5.8196      197.201
533      5.65822      1.28518      963.886      -2869.44      -1905.55      5.80871      197.202
534      5.66883      1.28688      965.163      -2870.72      -1905.55      5.79786      197.202
535      5.67945      1.28862      966.463      -2872.02      -1905.55      5.78704      197.203
536      5.69006      1.29038      967.787      -2873.34      -1905.55      5.77627      197.204
537      5.70068      1.29218      969.132      -2874.69      -1905.55      5.76554      197.205
538      5.71129      1.294      970.498      -2876.05      -1905.56      5.75485      197.206
539      5.72191      1.29584      971.882      -2877.44      -1905.56      5.7442      197.207
540      5.73253      1.29771      973.283      -2878.84      -1905.56      5.73359      197.208
541      5.74314      1.2996      974.699      -2880.25      -1905.56      5.72302      197.209
542      5.75376      1.3015      976.128      -2881.68      -1905.56      5.7125      197.21
543      5.76437      1.30343      977.569      -2883.12      -1905.56      5.70201      197.211
544      5.77499      1.30536      979.019      -2884.57      -1905.56      5.69156      197.212
545      5.78561      1.3073      980.476      -2886.03      -1905.56      5.68114      197.213
546      5.79622      1.30925      981.938      -2887.49      -1905.56      5.67077      197.214
547      5.80684      1.3112      983.404      -2888.96      -1905.56      5.66044      197.215
548      5.81745      1.31316      984.87      -2890.43      -1905.56      5.65014      197.217
549      5.82807      1.31511      986.335      -2891.89      -1905.56      5.63989      197.218
550      5.83868      1.31706      987.797      -2893.35      -1905.56      5.62967      197.219
551      5.8493      1.31901      989.255      -2894.81      -1905.56      5.61949      197.22
552      5.85992      1.32094      990.706      -2896.26      -1905.56      5.60935      197.222
553      5.87053      1.32286      992.148      -2897.7      -1905.56      5.59924      197.223
554      5.88115      1.32477      993.58      -2899.14      -1905.56      5.58917      197.224
555      5.89176      1.32667      994.999      -2900.56      -1905.56      5.57914      197.226
556      5.90238      1.32854      996.404      -2901.96      -1905.56      5.56915      197.227
557      5.91299      1.33039      997.794      -2903.35      -1905.56      5.55919      197.229
558      5.92361      1.33222      999.167      -2904.72      -1905.56      5.54927      197.23
559      5.93423      1.33403      1000.52      -2906.08      -1905.56      5.53938      197.232
560      5.94484      1.33581      1001.85      -2907.41      -1905.56      5.52953      197.233
561      5.95546      1.33756      1003.17      -2908.72      -1905.56      5.51972      197.235
562      5.96607      1.33928      1004.46      -2910.01      -1905.56      5.50994      197.236
563      5.97669      1.34096      1005.72      -2911.28      -1905.56      5.5002      197.238
564      5.98731      1.34262      1006.96      -2912.52      -1905.56      5.49049      197.239
565      5.99792      1.34424      1008.18      -2913.73      -1905.56      5.48082      197.241
566      6.00854      1.34582      1009.37      -2914.92      -1905.56      5.47118      197.243
567      6.01915      1.34737      1010.53      -2916.08      -1905.56      5.46157      197.244
568      6.02977      1.34888      1011.66      -2917.22      -1905.56      5.45201      197.246
569      6.04038      1.35035      1012.76      -2918.32      -1905.56      5.44247      197.248
570      6.051      1.35179      1013.84      -2919.4      -1905.56      5.43297      197.249
571      6.06162      1.35318      1014.89      -2920.44      -1905.56      5.4235      197.251
572      6.07223      1.35453      1015.9      -2921.46      -1905.56      5.41407      197.253
573      6.08285      1.35585      1016.89      -2922.44      -1905.56      5.40467      197.255
574      6.09346      1.35712      1017.84      -2923.4      -1905.56      5.3953      197.256
575      6.10408      1.35836      1018.77      -2924.32      -1905.56      5.38597      197.258
576      6.11469      1.35955      1019.66      -2925.22      -1905.56      5.37667      197.26
577      6.12531      1.3607      1020.52      -2926.08      -1905.56      5.3674      197.262
578      6.13593      1.36181      1021.36      -2926.91      -1905.56      5.35816      197.264
579      6.14654      1.36288      1022.16      -2927.72      -1905.56      5.34896      197.266
580      6.15716      1.36391      1022.93      -2928.49      -1905.56      5.33979      197.268
581      6.16777      1.36489      1023.67      -2929.23      -1905.56      5.33065      197.269
582      6.17839      1.36584      1024.38      -2929.93      -1905.56      5.32154      197.271
583      6.18901      1.36674      1025.05      -2930.61      -1905.56      5.31247      197.273
584      6.19962      1.3676      1025.7      -2931.26      -1905.56      5.30342      197.275
585      6.21024      1.36842      1026.31      -2931.87      -1905.56      5.29441      197.277
586      6.22085      1.36919      1026.89      -2932.45      -1905.56      5.28543      197.279
587      6.23147      1.36993      1027.45      -2933      -1905.56      5.27648      197.281
588      6.24208      1.37062      1027.96      -2933.52      -1905.56      5.26756      197.283
589      6.2527      1.37127      1028.45      -2934.01      -1905.56      5.25867      197.285
590      6.26332      1.37187      1028.91      -2934.46      -1905.56      5.24981      197.287
591      6.27393      1.37244      1029.33      -2934.88      -1905.56      5.24098      197.289
592      6.28455      1.37296      1029.72      -2935.27      -1905.56      5.23218      197.291
593      6.29516      1.37343      1030.07      -2935.63      -1905.56      5.22341      197.293
594      6.30578      1.37386      1030.4      -2935.95      -1905.56      5.21467      197.295
595      6.31639      1.37425      1030.68      -2936.24      -1905.56      5.20596      197.297
596      6.32701      1.37459      1030.94      -2936.5      -1905.56      5.19728      197.299
597      6.33763      1.37488      1031.16      -2936.72      -1905.56      5.18863      197.301
598      6.34824      1.37513      1031.34      -2936.9      -1905.56      5.18      197.304
599      6.35886      1.37533      1031.49      -2937.05      -1905.56      5.17141      197.306
600      6.36947      1.37548      1031.61      -2937.17      -1905.56      5.16285      197.308
601      6.38009      1.37558      1031.69      -2937.25      -1905.56      5.15431      197.31
602      6.39071      1.37564      1031.73      -2937.29      -1905.56      5.1458      197.312
603      6.40132      1.37565      1031.74      -2937.3      -1905.56      5.13732      197.314
604      6.41194      1.37562      1031.71      -2937.27      -1905.56      5.12887      197.316
605      6.42255      1.37553      1031.65      -2937.21      -1905.56      5.12045      197.318
606      6.43317      1.3754      1031.55      -2937.1      -1905.56      5.11205      197.32
607      6.44378      1.37521      1031.41      -2936.97      -1905.56      5.10369      197.322
608      6.4544      1.37498      1031.24      -2936.79      -1905.56      5.09535      197.324
609      6.46502      1.3747      1031.03      -2936.58      -1905.56      5.08703      197.327
610      6.47563      1.37438      1030.78      -2936.34      -1905.56      5.07875      197.329
611      6.48625      1.374      1030.5      -2936.06      -1905.56      5.07049      197.331
612      6.49686      1.37358      1030.18      -2935.74      -1905.56      5.06226      197.333
613      6.50748      1.37311      1029.84      -2935.39      -1905.56      5.05405      197.335
614      6.51809      1.3726      1029.45      -2935.01      -1905.56      5.04588      197.337
615      6.52871      1.37205      1029.04      -2934.59      -1905.56      5.03773      197.339
616      6.53933      1.37145      1028.59      -2934.14      -1905.56      5.0296      197.341
617      6.54994      1.37081      1028.11      -2933.66      -1905.56      5.0215      197.343
618      6.56056      1.37013      1027.6      -2933.15      -1905.56      5.01343      197.345
619      6.57117      1.36941      1027.06      -2932.62      -1905.56      5.00538      197.347
620      6.58179      1.36865      1026.49      -2932.05      -1905.56      4.99736      197.35
621      6.59241      1.36786      1025.9      -2931.45      -1905.56      4.98937      197.352
622      6.60302      1.36704      1025.28      -2930.83      -1905.56      4.9814      197.354
623      6.61364      1.36618      1024.64      -2930.19      -1905.56      4.97345      197.356
624      6.62425      1.36529      1023.97      -2929.53      -1905.56      4.96554      197.358
625      6.63487      1.36438      1023.28      -2928.84      -1905.56      4.95764      197.36
626      6.64548      1.36344      1022.58      -2928.14      -1905.56      4.94977      197.362
627      6.6561      1.36248      1021.86      -2927.41      -1905.56      4.94193      197.364
628      6.66672      1.36149      1021.12      -2926.67      -1905.56      4.93411      197.366
629      6.67733      1.36049      1020.37      -2925.92      -1905.56      4.92632      197.368
630      6.68795      1.35947      1019.6      -2925.16      -1905.56      4.91855      197.37
631      6.69856      1.35843      1018.83      -2924.38      -1905.56      4.9108      197.372
632      6.70918      1.35739      1018.04      -2923.6      -1905.56      4.90308      197.374
633      6.71979      1.35633      1017.25      -2922.8      -1905.56      4.89538      197.376
634      6.73041      1.35527      1016.45      -2922.01      -1905.56      4.88771      197.378
635      6.74103      1.3542      1015.65      -2921.21      -1905.56      4.88006      197.38
636      6.75164      1.35313      1014.85      -2920.4      -1905.55      4.87244      197.382
637      6.76226      1.35206      1014.05      -2919.6      -1905.55      4.86484      197.384
638      6.77287      1.35099      1013.24      -2918.8      -1905.55      4.85726      197.386
639      6.78349      1.34992      1012.44      -2918      -1905.55      4.84971      197.388
640      6.79411      1.34886      1011.65      -2917.2      -1905.55      4.84217      197.389
641      6.80472      1.34781      1010.86      -2916.41      -1905.55      4.83467      197.391
642      6.81534      1.34676      1010.07      -2915.63      -1905.55      4.82718      197.393
643      6.82595      1.34573      1009.29      -2914.85      -1905.55      4.81972      197.395
644      6.83657      1.3447      1008.53      -2914.08      -1905.55      4.81228      197.397
645      6.84718      1.34369      1007.77      -2913.32      -1905.55      4.80487      197.399
646      6.8578      1.34269      1007.02      -2912.57      -1905.55      4.79747      197.401
647      6.86842      1.34171      1006.28      -2911.84      -1905.55      4.7901      197.402
648      6.87903      1.34074      1005.55      -2911.11      -1905.55      4.78275      197.404
649      6.88965      1.33979      1004.84      -2910.4      -1905.55      4.77543      197.406
650      6.90026      1.33885      1004.14      -2909.7      -1905.55      4.76812      197.408
651      6.91088      1.33794      1003.45      -2909.01      -1905.55      4.76084      197.41
652      6.92149      1.33704      1002.78      -2908.33      -1905.55      4.75358      197.411
653      6.93211      1.33616      1002.12      -2907.67      -1905.55      4.74634      197.413
654      6.94273      1.33529      1001.47      -2907.03      -1905.55      4.73913      197.415
655      6.95334      1.33445      1000.84      -2906.39      -1905.55      4.73193      197.417
656      6.96396      1.33362      1000.22      -2905.77      -1905.55      4.72476      197.418
657      6.97457      1.33281      999.607      -2905.16      -1905.55      4.71761      197.42
658      6.98519      1.33202      999.012      -2904.57      -1905.55      4.71048      197.422
659      6.99581      1.33124      998.43      -2903.98      -1905.55      4.70337      197.423
660      7.00642      1.33048      997.86      -2903.41      -1905.55      4.69629      197.425
661      7.01704      1.32974      997.302      -2902.86      -1905.56      4.68922      197.427
662      7.02765      1.32901      996.754      -2902.31      -1905.56      4.68217      197.428
663      7.03827      1.32829      996.217      -2901.77      -1905.56      4.67515      197.43
664      7.04888      1.32759      995.69      -2901.24      -1905.56      4.66815      197.431
665      7.0595      1.3269      995.172      -2900.73      -1905.56      4.66116      197.433
666      7.07012      1.32622      994.662      -2900.22      -1905.56      4.6542      197.434
667      7.08073      1.32555      994.161      -2899.72      -1905.56      4.64726      197.436
668      7.09135      1.32489      993.666      -2899.22      -1905.56      4.64034      197.438
669      7.10196      1.32424      993.178      -2898.73      -1905.56      4.63344      197.439
670      7.11258      1.3236      992.696      -2898.25      -1905.56      4.62656      197.441
671      7.12319      1.32296      992.219      -2897.78      -1905.56      4.6197      197.442
672      7.13381      1.32233      991.747      -2897.3      -1905.56      4.61286      197.443
673      7.14443      1.3217      991.278      -2896.83      -1905.56      4.60604      197.445
674      7.15504      1.32108      990.812      -2896.37      -1905.56      4.59923      197.446
675      7.16566      1.32046      990.349      -2895.9      -1905.56      4.59245      197.448
676      7.17627      1.31985      989.887      -2895.44      -1905.56      4.58569      197.449
677      7.18689      1.31923      989.425      -2894.98      -1905.56      4.57895      197.45
678      7.19751      1.31862      988.964      -2894.52      -1905.56      4.57223      197.452
679      7.20812      1.318      988.502      -2894.06      -1905.56      4.56552      197.453
680      7.21874      1.31738      988.038      -2893.59      -1905.56      4.55884      197.454
681      7.22935      1.31676      987.572      -2893.13      -1905.56      4.55218      197.456
682      7.23997      1.31614      987.103      -2892.66      -1905.56      4.54553      197.457
683      7.25058      1.31551      986.631      -2892.19      -1905.56      4.5389      197.458
684      7.2612      1.31487      986.155      -2891.71      -1905.56      4.5323      197.46
685      7.27182      1.31423      985.674      -2891.23      -1905.56      4.52571      197.461
686      7.28243      1.31358      985.187      -2890.74      -1905.56      4.51914      197.462
687      7.29305      1.31293      984.694      -2890.25      -1905.56      4.51259      197.463
688      7.30366      1.31226      984.194      -2889.75      -1905.56      4.50606      197.464
689      7.31428      1.31158      983.686      -2889.24      -1905.56      4.49954      197.465
690      7.32489      1.31089      983.17      -2888.73      -1905.56      4.49305      197.466
691      7.33551      1.31019      982.645      -2888.2      -1905.56      4.48657      197.468
692      7.34613      1.30948      982.11      -2887.67      -1905.56      4.48011      197.469
693      7.35674      1.30875      981.564      -2887.12      -1905.56      4.47367      197.47
694      7.36736      1.30801      981.008      -2886.56      -1905.56      4.46724      197.471
695      7.37797      1.30725      980.439      -2886      -1905.56      4.46084      197.472
696      7.38859      1.30648      979.858      -2885.42      -1905.56      4.45445      197.473
697      7.39921      1.30569      979.264      -2884.82      -1905.56      4.44808      197.474
698      7.40982      1.30488      978.657      -2884.21      -1905.56      4.44173      197.475
699      7.42044      1.30405      978.036      -2883.59      -1905.56      4.4354      197.475
700      7.43105      1.3032      977.4      -2882.96      -1905.56      4.42908      197.476
701      7.44167      1.30233      976.75      -2882.31      -1905.56      4.42278      197.477
702      7.45228      1.30145      976.084      -2881.64      -1905.56      4.4165      197.478
703      7.4629      1.30054      975.403      -2880.96      -1905.56      4.41023      197.479
704      7.47352      1.29961      974.706      -2880.26      -1905.56      4.40399      197.48
705      7.48413      1.29866      973.993      -2879.55      -1905.56      4.39776      197.48
706      7.49475      1.29768      973.263      -2878.82      -1905.56      4.39154      197.481
707      7.50536      1.29669      972.516      -2878.07      -1905.56      4.38535      197.482
708      7.51598      1.29567      971.752      -2877.31      -1905.56      4.37917      197.482
709      7.52659      1.29463      970.972      -2876.53      -1905.56      4.373      197.483
710      7.53721      1.29357      970.176      -2875.73      -1905.56      4.36686      197.484
711      7.54783      1.29248      969.363      -2874.92      -1905.56      4.36073      197.484
712      7.55844      1.29138      968.534      -2874.09      -1905.56      4.35462      197.485
713      7.56906      1.29025      967.689      -2873.25      -1905.56      4.34852      197.485
714      7.57967      1.28911      966.83      -2872.39      -1905.56      4.34244      197.486
715      7.59029      1.28794      965.955      -2871.51      -1905.56      4.33638      197.486
716      7.60091      1.28676      965.067      -2870.62      -1905.56      4.33033      197.487
717      7.61152      1.28556      964.166      -2869.72      -1905.56      4.3243      197.487
718      7.62214      1.28434      963.254      -2868.81      -1905.56      4.31828      197.487
719      7.63275      1.28311      962.331      -2867.89      -1905.56      4.31228      197.488
720      7.64337      1.28186      961.398      -2866.95      -1905.56      4.3063      197.488
721      7.65398      1.28061      960.456      -2866.01      -1905.56      4.30033      197.488
722      7.6646      1.27934      959.508      -2865.06      -1905.56      4.29438      197.488
723      7.67522      1.27807      958.554      -2864.11      -1905.56      4.28845      197.489
724      7.68583      1.2768      957.597      -2863.15      -1905.56      4.28253      197.489
725      7.69645      1.27552      956.637      -2862.19      -1905.56      4.27662      197.489
726      7.70706      1.27424      955.677      -2861.23      -1905.56      4.27073      197.489
727      7.71768      1.27296      954.718      -2860.27      -1905.56      4.26486      197.489
728      7.72829      1.27168      953.762      -2859.32      -1905.56      4.259      197.489
729      7.73891      1.27041      952.811      -2858.37      -1905.56      4.25316      197.489
730      7.74953      1.26916      951.867      -2857.42      -1905.56      4.24733      197.489
731      7.76014      1.26791      950.932      -2856.49      -1905.56      4.24152      197.489
732      7.77076      1.26668      950.007      -2855.56      -1905.56      4.23573      197.489
733      7.78137      1.26546      949.095      -2854.65      -1905.56      4.22994      197.489
734      7.79199      1.26426      948.197      -2853.75      -1905.56      4.22418      197.488
735      7.80261      1.26309      947.316      -2852.87      -1905.55      4.21843      197.488
736      7.81322      1.26194      946.453      -2852.01      -1905.55      4.21269      197.488
737      7.82384      1.26081      945.61      -2851.16      -1905.55      4.20697      197.488
738      7.83445      1.25972      944.788      -2850.34      -1905.55      4.20126      197.487
739      7.84507      1.25865      943.989      -2849.54      -1905.55      4.19557      197.487
740      7.85568      1.25762      943.215      -2848.77      -1905.55      4.18989      197.487
741      7.8663      1.25662      942.466      -2848.02      -1905.55      4.18423      197.486
742      7.87692      1.25566      941.744      -2847.3      -1905.55      4.17858      197.486
743      7.88753      1.25473      941.049      -2846.6      -1905.55      4.17294      197.485
744      7.89815      1.25384      940.382      -2845.94      -1905.55      4.16732      197.485
745      7.90876      1.25299      939.745      -2845.3      -1905.55      4.16172      197.484
746      7.91938      1.25218      939.138      -2844.69      -1905.55      4.15613      197.484
747      7.92999      1.25141      938.56      -2844.11      -1905.55      4.15055      197.483
748      7.94061      1.25068      938.013      -2843.57      -1905.55      4.14499      197.482
749      7.95123      1.25      937.497      -2843.05      -1905.55      4.13944      197.482
750      7.96184      1.24935      937.012      -2842.57      -1905.55      4.13391      197.481
751      7.97246      1.24874      936.557      -2842.11      -1905.55      4.12839      197.48
752      7.98307      1.24818      936.133      -2841.69      -1905.55      4.12288      197.48
753      7.99369      1.24765      935.739      -2841.29      -1905.55      4.11739      197.479
754      8.00431      1.24717      935.376      -2840.93      -1905.55      4.11191      197.478
755      8.01492      1.24672      935.042      -2840.6      -1905.55      4.10645      197.477
756      8.02554      1.24632      934.738      -2840.29      -1905.55      4.101      197.476
757      8.03615      1.24595      934.463      -2840.02      -1905.55      4.09556      197.475
758      8.04677      1.24562      934.217      -2839.77      -1905.55      4.09014      197.474
759      8.05738      1.24533      933.998      -2839.55      -1905.55      4.08473      197.473
760      8.068      1.24507      933.806      -2839.36      -1905.55      4.07933      197.472
761      8.07862      1.24485      933.641      -2839.2      -1905.55      4.07395      197.471
762      8.08923      1.24467      933.502      -2839.06      -1905.55      4.06858      197.47
763      8.09985      1.24452      933.387      -2838.94      -1905.55      4.06323      197.469
764      8.11046      1.2444      933.297      -2838.85      -1905.55      4.05789      197.468
765      8.12108      1.24431      933.23      -2838.79      -1905.55      4.05256      197.467
766      8.13169      1.24425      933.186      -2838.74      -1905.56      4.04724      197.466
767      8.14231      1.24422      933.164      -2838.72      -1905.56      4.04194      197.464
768      8.15293      1.24422      933.162      -2838.72      -1905.56      4.03665      197.463
769      8.16354      1.24424      933.181      -2838.74      -1905.56      4.03138      197.462
770      8.17416      1.24429      933.219      -2838.77      -1905.56      4.02612      197.461
771      8.18477      1.24437      933.276      -2838.83      -1905.56      4.02087      197.459
772      8.19539      1.24447      933.349      -2838.9      -1905.56      4.01563      197.458
773      8.20601      1.24459      933.44      -2838.99      -1905.56      4.01041      197.457
774      8.21662      1.24473      933.546      -2839.1      -1905.56      4.0052      197.455
775      8.22724      1.24489      933.666      -2839.22      -1905.56      4      197.454
776      8.23785      1.24507      933.8      -2839.36      -1905.56      3.99482      197.452
777      8.24847      1.24526      933.948      -2839.5      -1905.56      3.98965      197.451
778      8.25908      1.24548      934.107      -2839.66      -1905.56      3.98449      197.449
779      8.2697      1.2457      934.277      -2839.83      -1905.56      3.97934      197.448
780      8.28032      1.24594      934.458      -2840.01      -1905.56      3.97421      197.446
781      8.29093      1.2462      934.648      -2840.2      -1905.56      3.96909      197.445
782      8.30155      1.24646      934.846      -2840.4      -1905.56      3.96398      197.443
783      8.31216      1.24674      935.052      -2840.61      -1905.56      3.95889      197.442
784      8.32278      1.24702      935.265      -2840.82      -1905.56      3.95381      197.44
785      8.33339      1.24731      935.484      -2841.04      -1905.56      3.94874      197.438
786      8.34401      1.24761      935.708      -2841.26      -1905.56      3.94368      197.437
787      8.35463      1.24792      935.937      -2841.49      -1905.56      3.93863      197.435
788      8.36524      1.24823      936.169      -2841.72      -1905.56      3.9336      197.433
789      8.37586      1.24854      936.405      -2841.96      -1905.56      3.92858      197.431
790      8.38647      1.24886      936.643      -2842.2      -1905.56      3.92357      197.43
791      8.39709      1.24918      936.883      -2842.44      -1905.56      3.91858      197.428
792      8.40771      1.2495      937.125      -2842.68      -1905.56      3.91359      197.426
793      8.41832      1.24982      937.368      -2842.92      -1905.56      3.90862      197.424
794      8.42894      1.25015      937.612      -2843.17      -1905.56      3.90366      197.422
795      8.43955      1.25047      937.856      -2843.41      -1905.56      3.89871      197.42
796      8.45017      1.2508      938.099      -2843.65      -1905.56      3.89378      197.419
797      8.46078      1.25112      938.341      -2843.9      -1905.56      3.88886      197.417
798      8.4714      1.25144      938.583      -2844.14      -1905.56      3.88394      197.415
799      8.48202      1.25177      938.824      -2844.38      -1905.56      3.87904      197.413
800      8.49263      1.25208      939.064      -2844.62      -1905.56      3.87416      197.411
801      8.50325      1.2524      939.302      -2844.86      -1905.56      3.86928      197.409
802      8.51386      1.25272      939.539      -2845.09      -1905.56      3.86442      197.407
803      8.52448      1.25303      939.774      -2845.33      -1905.56      3.85956      197.405
804      8.53509      1.25334      940.008      -2845.56      -1905.56      3.85472      197.403
805      8.54571      1.25365      940.239      -2845.8      -1905.56      3.8499      197.401
806      8.55633      1.25396      940.469      -2846.02      -1905.56      3.84508      197.398
807      8.56694      1.25426      940.696      -2846.25      -1905.56      3.84027      197.396
808      8.57756      1.25456      940.921      -2846.48      -1905.56      3.83548      197.394
809      8.58817      1.25486      941.142      -2846.7      -1905.56      3.8307      197.392
810      8.59879      1.25515      941.361      -2846.92      -1905.56      3.82592      197.39
811      8.60941      1.25544      941.577      -2847.13      -1905.56      3.82117      197.388
812      8.62002      1.25572      941.788      -2847.34      -1905.56      3.81642      197.386
813      8.63064      1.256      941.997      -2847.55      -1905.56      3.81168      197.383
814      8.64125      1.25627      942.201      -2847.76      -1905.56      3.80695      197.381
815      8.65187      1.25653      942.401      -2847.96      -1905.56      3.80224      197.379
816      8.66248      1.25679      942.596      -2848.15      -1905.56      3.79754      197.377
817      8.6731      1.25705      942.786      -2848.34      -1905.56      3.79285      197.374
818      8.68372      1.25729      942.97      -2848.53      -1905.56      3.78817      197.372
819      8.69433      1.25753      943.148      -2848.7      -1905.56      3.7835      197.37
820      8.70495      1.25776      943.319      -2848.88      -1905.56      3.77884      197.368
821      8.71556      1.25798      943.483      -2849.04      -1905.56      3.77419      197.365
822      8.72618      1.25818      943.638      -2849.19      -1905.56      3.76955      197.363
823      8.73679      1.25838      943.784      -2849.34      -1905.56      3.76493      197.361
824      8.74741      1.25856      943.92      -2849.48      -1905.56      3.76032      197.358
825      8.75803      1.25873      944.045      -2849.6      -1905.56      3.75571      197.356
826      8.76864      1.25888      944.159      -2849.72      -1905.56      3.75112      197.353
827      8.77926      1.25901      944.261      -2849.82      -1905.56      3.74654      197.351
828      8.78987      1.25913      944.349      -2849.91      -1905.56      3.74197      197.349
829      8.80049      1.25923      944.424      -2849.98      -1905.56      3.73741      197.346
830      8.81111      1.25931      944.483      -2850.04      -1905.56      3.73286      197.344
831      8.82172      1.25937      944.526      -2850.08      -1905.56      3.72832      197.341
832      8.83234      1.2594      944.552      -2850.11      -1905.56      3.7238      197.339
833      8.84295      1.25941      944.561      -2850.12      -1905.56      3.71928      197.337
834      8.85357      1.2594      944.55      -2850.11      -1905.56      3.71477      197.334
835      8.86418      1.25936      944.52      -2850.08      -1905.56      3.71028      197.332
836      8.8748      1.25929      944.47      -2850.03      -1905.56      3.7058      197.329
837      8.88542      1.2592      944.399      -2849.96      -1905.56      3.70132      197.327
838      8.89603      1.25907      944.306      -2849.86      -1905.56      3.69686      197.324
839      8.90665      1.25892      944.191      -2849.75      -1905.56      3.69241      197.322
840      8.91726      1.25874      944.052      -2849.61      -1905.56      3.68796      197.319
841      8.92788      1.25852      943.89      -2849.45      -1905.56      3.68353      197.317
842      8.93849      1.25827      943.704      -2849.26      -1905.56      3.67911      197.314
843      8.94911      1.25799      943.494      -2849.05      -1905.56      3.6747      197.312
844      8.95973      1.25768      943.258      -2848.81      -1905.56      3.6703      197.309
845      8.97034      1.25733      942.997      -2848.55      -1905.56      3.66591      197.307
846      8.98096      1.25695      942.711      -2848.27      -1905.56      3.66153      197.304
847      8.99157      1.25653      942.4      -2847.96      -1905.56      3.65716      197.302
848      9.00219      1.25609      942.064      -2847.62      -1905.56      3.6528      197.299
849      9.01281      1.2556      941.703      -2847.26      -1905.56      3.64845      197.297
850      9.02342      1.25509      941.317      -2846.87      -1905.56      3.64412      197.294
851      9.03404      1.25454      940.906      -2846.46      -1905.56      3.63979      197.292
852      9.04465      1.25396      940.471      -2846.03      -1905.56      3.63547      197.289
853      9.05527      1.25335      940.012      -2845.57      -1905.56      3.63116      197.287
854      9.06588      1.25271      939.53      -2845.09      -1905.56      3.62686      197.284
855      9.0765      1.25203      939.026      -2844.58      -1905.56      3.62258      197.282
856      9.08712      1.25133      938.5      -2844.06      -1905.56      3.6183      197.279
857      9.09773      1.2506      937.952      -2843.51      -1905.56      3.61403      197.277
858      9.10835      1.24985      937.384      -2842.94      -1905.56      3.60977      197.274
859      9.11896      1.24906      936.797      -2842.35      -1905.56      3.60553      197.272
860      9.12958      1.24826      936.191      -2841.75      -1905.56      3.60129      197.269
861      9.14019      1.24742      935.568      -2841.12      -1905.56      3.59706      197.267
862      9.15081      1.24657      934.928      -2840.48      -1905.56      3.59284      197.264
863      9.16143      1.2457      934.273      -2839.83      -1905.56      3.58863      197.262
864      9.17204      1.2448      933.603      -2839.16      -1905.56      3.58444      197.26
865      9.18266      1.24389      932.92      -2838.48      -1905.56      3.58025      197.257
866      9.19327      1.24297      932.226      -2837.78      -1905.56      3.57607      197.255
867      9.20389      1.24203      931.52      -2837.08      -1905.56      3.5719      197.252
868      9.21451      1.24107      930.805      -2836.36      -1905.56      3.56774      197.25
869      9.22512      1.24011      930.082      -2835.64      -1905.56      3.56359      197.247
870      9.23574      1.23914      929.352      -2834.91      -1905.56      3.55945      197.245
871      9.24635      1.23815      928.616      -2834.17      -1905.56      3.55532      197.243
872      9.25697      1.23717      927.876      -2833.43      -1905.56      3.5512      197.24
873      9.26758      1.23618      927.133      -2832.69      -1905.56      3.54709      197.238
874      9.2782      1.23519      926.389      -2831.94      -1905.56      3.54299      197.235
875      9.28882      1.23419      925.645      -2831.2      -1905.56      3.5389      197.233
876      9.29943      1.2332      924.902      -2830.46      -1905.56      3.53482      197.231
877      9.31005      1.23222      924.163      -2829.72      -1905.56      3.53074      197.228
878      9.32066      1.23124      923.428      -2828.98      -1905.56      3.52668      197.226
879      9.33128      1.23027      922.699      -2828.25      -1905.56      3.52263      197.224
880      9.34189      1.2293      921.979      -2827.53      -1905.55      3.51858      197.221
881      9.35251      1.22836      921.267      -2826.82      -1905.55      3.51455      197.219
882      9.36313      1.22742      920.567      -2826.12      -1905.55      3.51052      197.217
883      9.37374      1.22651      919.879      -2825.43      -1905.55      3.50651      197.215
884      9.38436      1.22561      919.205      -2824.76      -1905.55      3.5025      197.212
885      9.39497      1.22473      918.548      -2824.1      -1905.55      3.4985      197.21
886      9.40559      1.22388      917.908      -2823.46      -1905.55      3.49451      197.208
887      9.41621      1.22305      917.288      -2822.84      -1905.55      3.49053      197.206
888      9.42682      1.22225      916.689      -2822.24      -1905.55      3.48656      197.203
889      9.43744      1.22148      916.112      -2821.67      -1905.55      3.4826      197.201
890      9.44805      1.22075      915.56      -2821.11      -1905.55      3.47865      197.199
891      9.45867      1.22005      915.035      -2820.59      -1905.55      3.47471      197.197
892      9.46928      1.21938      914.537      -2820.09      -1905.55      3.47077      197.195
893      9.4799      1.21876      914.07      -2819.62      -1905.55      3.46685      197.192
894      9.49052      1.21818      913.634      -2819.19      -1905.55      3.46293      197.19
895      9.50113      1.21764      913.232      -2818.78      -1905.55      3.45903      197.188
896      9.51175      1.21715      912.864      -2818.42      -1905.55      3.45513      197.186
897      9.52236      1.21671      912.533      -2818.09      -1905.55      3.45124      197.184
898      9.53298      1.21632      912.24      -2817.79      -1905.55      3.44736      197.182
899      9.54359      1.21598      911.986      -2817.54      -1905.55      3.44349      197.18
900      9.55421      1.2157      911.773      -2817.33      -1905.55      3.43963      197.178
901      9.56483      1.21547      911.603      -2817.16      -1905.55      3.43577      197.176
902      9.57544      1.2153      911.476      -2817.03      -1905.55      3.43193      197.173
903      9.58606      1.21519      911.395      -2816.95      -1905.55      3.42809      197.171
904      9.59667      1.21515      911.359      -2816.91      -1905.55      3.42427      197.169
905      9.60729      1.21516      911.37      -2816.92      -1905.55      3.42045      197.167
906      9.61791      1.21524      911.43      -2816.98      -1905.55      3.41664      197.165
907      9.62852      1.21539      911.539      -2817.09      -1905.55      3.41284      197.163
908      9.63914      1.2156      911.698      -2817.25      -1905.55      3.40905      197.162
909      9.64975      1.21588      911.908      -2817.46      -1905.55      3.40526      197.16
910      9.66037      1.21622      912.169      -2817.72      -1905.55      3.40149      197.158
911      9.67098      1.21664      912.481      -2818.03      -1905.55      3.39772      197.156
912      9.6816      1.21713      912.845      -2818.4      -1905.55      3.39396      197.154
913      9.69222      1.21768      913.262      -2818.81      -1905.55      3.39021      197.152
914      9.70283      1.21831      913.73      -2819.28      -1905.55      3.38647      197.15
915      9.71345      1.219      914.251      -2819.8      -1905.55      3.38274      197.148
916      9.72406      1.21977      914.824      -2820.38      -1905.55      3.37901      197.146
917      9.73468      1.2206      915.449      -2821      -1905.55      3.3753      197.145
918      9.74529      1.2215      916.125      -2821.68      -1905.55      3.37159      197.143
919      9.75591      1.22247      916.853      -2822.41      -1905.55      3.36789      197.141
920      9.76653      1.22351      917.631      -2823.18      -1905.55      3.3642      197.139
921      9.77714      1.22461      918.457      -2824.01      -1905.55      3.36051      197.137
922      9.78776      1.22578      919.333      -2824.89      -1905.55      3.35684      197.136
923      9.79837      1.22701      920.256      -2825.81      -1905.55      3.35317      197.134
924      9.80899      1.2283      921.225      -2826.78      -1905.55      3.34951      197.132
925      9.81961      1.22965      922.239      -2827.79      -1905.55      3.34586      197.13
926      9.83022      1.23106      923.297      -2828.85      -1905.55      3.34222      197.129
927      9.84084      1.23253      924.396      -2829.95      -1905.55      3.33859      197.127
928      9.85145      1.23405      925.535      -2831.09      -1905.55      3.33496      197.125
929      9.86207      1.23562      926.713      -2832.27      -1905.55      3.33134      197.124
930      9.87268      1.23724      927.927      -2833.48      -1905.55      3.32773      197.122
931      9.8833      1.2389      929.175      -2834.73      -1905.55      3.32413      197.12
932      9.89392      1.24061      930.454      -2836.01      -1905.55      3.32053      197.119
933      9.90453      1.24235      931.764      -2837.32      -1905.55      3.31695      197.117
934      9.91515      1.24413      933.101      -2838.66      -1905.55      3.31337      197.115
935      9.92576      1.24595      934.463      -2840.02      -1905.55      3.3098      197.114
936      9.93638      1.2478      935.847      -2841.4      -1905.55      3.30624      197.112
937      9.94699      1.24967      937.251      -2842.81      -1905.55      3.30268      197.111
938      9.95761      1.25156      938.672      -2844.23      -1905.55      3.29913      197.109
939      9.96823      1.25348      940.107      -2845.66      -1905.55      3.29559      197.107
940      9.97884      1.2554      941.553      -2847.11      -1905.55      3.29206      197.106
941      9.98946      1.25735      943.009      -2848.56      -1905.56      3.28854      197.104
942      10.0001      1.25929      944.471      -2850.03      -1905.56      3.28502      197.103
943      10.0107      1.26125      945.936      -2851.49      -1905.56      3.28151      197.101
944      10.0213      1.2632      947.402      -2852.96      -1905.56      3.27801      197.1
945      10.0319      1.26515      948.866      -2854.42      -1905.56      3.27452      197.098
946      10.0425      1.2671      950.325      -2855.88      -1905.56      3.27103      197.097
947      10.0532      1.26904      951.776      -2857.33      -1905.56      3.26755      197.095
948      10.0638      1.27096      953.218      -2858.77      -1905.56      3.26408      197.094
949      10.0744      1.27286      954.648      -2860.2      -1905.56      3.26062      197.092
950      10.085      1.27475      956.062      -2861.62      -1905.56      3.25716      197.091
951      10.0956      1.27661      957.459      -2863.02      -1905.56      3.25371      197.09
952      10.1062      1.27845      958.837      -2864.39      -1905.56      3.25027      197.088
953      10.1168      1.28026      960.193      -2865.75      -1905.56      3.24684      197.087
954      10.1275      1.28203      961.524      -2867.08      -1905.56      3.24341      197.085
955      10.1381      1.28377      962.83      -2868.39      -1905.56      3.23999      197.084
956      10.1487      1.28548      964.107      -2869.66      -1905.56      3.23658      197.082
957      10.1593      1.28714      965.355      -2870.91      -1905.56      3.23318      197.081
958      10.1699      1.28876      966.571      -2872.13      -1905.56      3.22978      197.08
959      10.1805      1.29034      967.755      -2873.31      -1905.56      3.22639      197.078
960      10.1912      1.29187      968.904      -2874.46      -1905.56      3.22301      197.077
961      10.2018      1.29336      970.017      -2875.57      -1905.56      3.21963      197.076
962      10.2124      1.29479      971.093      -2876.65      -1905.56      3.21626      197.074
963      10.223      1.29617      972.131      -2877.69      -1905.56      3.2129      197.073
964      10.2336      1.29751      973.131      -2878.69      -1905.56      3.20955      197.072
965      10.2442      1.29879      974.09      -2879.65      -1905.56      3.2062      197.07
966      10.2549      1.30001      975.009      -2880.57      -1905.56      3.20286      197.069
967      10.2655      1.30118      975.887      -2881.44      -1905.56      3.19953      197.068
968      10.2761      1.3023      976.723      -2882.28      -1905.56      3.1962      197.066
969      10.2867      1.30336      977.518      -2883.08      -1905.56      3.19288      197.065
970      10.2973      1.30436      978.271      -2883.83      -1905.56      3.18957      197.064
971      10.3079      1.30531      978.982      -2884.54      -1905.56      3.18626      197.063
972      10.3185      1.3062      979.65      -2885.21      -1905.56      3.18296      197.061
973      10.3292      1.30704      980.277      -2885.83      -1905.56      3.17967      197.06
974      10.3398      1.30782      980.863      -2886.42      -1905.56      3.17639      197.059
975      10.3504      1.30854      981.407      -2886.96      -1905.56      3.17311      197.058
976      10.361      1.30921      981.911      -2887.47      -1905.56      3.16984      197.056
977      10.3716      1.30983      982.375      -2887.93      -1905.56      3.16657      197.055
978      10.3822      1.3104      982.799      -2888.36      -1905.56      3.16332      197.054
979      10.3929      1.31091      983.184      -2888.74      -1905.56      3.16007      197.053
980      10.4035      1.31138      983.532      -2889.09      -1905.56      3.15682      197.051
981      10.4141      1.31179      983.843      -2889.4      -1905.56      3.15358      197.05
982      10.4247      1.31216      984.118      -2889.68      -1905.56      3.15035      197.049
983      10.4353      1.31248      984.358      -2889.92      -1905.56      3.14713      197.048
984      10.4459      1.31275      984.565      -2890.12      -1905.56      3.14391      197.047
985      10.4566      1.31299      984.739      -2890.3      -1905.56      3.1407      197.045
986      10.4672      1.31318      984.882      -2890.44      -1905.56      3.1375      197.044
987      10.4778      1.31333      984.996      -2890.55      -1905.56      3.1343      197.043
988      10.4884      1.31344      985.081      -2890.64      -1905.56      3.13111      197.042
989      10.499      1.31352      985.139      -2890.7      -1905.56      3.12792      197.041
990      10.5096      1.31356      985.171      -2890.73      -1905.56      3.12475      197.04
991      10.5202      1.31357      985.178      -2890.73      -1905.56      3.12157      197.038
992      10.5309      1.31355      985.163      -2890.72      -1905.56      3.11841      197.037
993      10.5415      1.3135      985.126      -2890.68      -1905.56      3.11525      197.036
994      10.5521      1.31343      985.069      -2890.63      -1905.56      3.1121      197.035
995      10.5627      1.31332      984.994      -2890.55      -1905.56      3.10895      197.034
996      10.5733      1.3132      984.9      -2890.46      -1905.56      3.10581      197.033
997      10.5839      1.31305      984.791      -2890.35      -1905.56      3.10268      197.031
998      10.5946      1.31289      984.667      -2890.22      -1905.56      3.09955      197.03
999      10.6052      1.31271      984.529      -2890.09      -1905.56      3.09643      197.029
1000      10.6158      1.31251      984.379      -2889.94      -1905.56      3.09332      197.028
1000      10.6158      1.31251      984.379      -2889.94      -1905.56      3.09332      197.028
Execution time in seconds: 1.89156
