Timestep Time Temperature KineticEnergy PotentialEnergy TotalEnergy DiffusionConstant MeanSquareDisplacement
1      0.0737105      2.43283      1824.62      -3730.19      -1905.57      445.757      197.142
2      0.147421      2.41233      1809.25      -3722.5      -1913.25      222.891      197.153
3      0.221132      2.37117      1778.38      -3699.37      -1921      148.603      197.164
4      0.294842      2.30898      1731.73      -3660.6      -1928.87      111.459      197.176
5      0.368553      2.22536      1669.02      -3605.88      -1936.86      89.1726      197.189
6      0.442263      2.1201      1590.07      -3534.95      -1944.88      74.3153      197.201
7      0.515974      1.99359      1495.19      -3447.84      -1952.65      63.7029      197.214
8      0.589684      1.8475      1385.63      -3345.26      -1959.63      55.7436      197.227
9      0.663395      1.68548      1264.11      -3229.15      -1965.03      49.553      197.239
10      0.737105      1.51378      1135.33      -3103.18      -1967.85      44.6004      197.251
11      0.810816      1.34128      1005.96      -2973.09      -1967.12      40.5482      197.263
12      0.884526      1.1787      884.027      -2846.34      -1962.32      37.1711      197.273
13      0.958237      1.03666      777.493      -2731.16      -1953.66      34.3135      197.283
14      1.03195      0.923384      692.538      -2634.79      -1942.25      31.8639      197.291
15      1.10566      0.843055      632.291      -2562      -1929.71      29.7409      197.299
16      1.17937      0.795419      596.565      -2514.23      -1917.66      27.883      197.306
17      1.25308      0.776714      582.536      -2489.83      -1907.3      26.2436      197.312
18      1.32679      0.78121      585.908      -2485.11      -1899.2      24.7863      197.317
19      1.4005      0.80268      602.01      -2495.45      -1893.44      23.4822      197.321
20      1.47421      0.835392      626.544      -2516.32      -1889.77      22.3086      197.325
21      1.54792      0.874573      655.93      -2543.73      -1887.8      21.2466      197.328
22      1.62163      0.916491      687.368      -2574.49      -1887.12      20.2811      197.331
23      1.69534      0.958331      718.749      -2606.18      -1887.43      19.3995      197.333
24      1.76905      0.997978      748.483      -2636.95      -1888.47      18.5914      197.335
25      1.84276      1.03378      775.337      -2665.42      -1890.08      17.8478      197.336
26      1.91647      1.06448      798.357      -2690.48      -1892.12      17.1615      197.337
27      1.99018      1.08915      816.86      -2711.33      -1894.47      16.526      197.339
28      2.06389      1.10734      830.504      -2727.43      -1896.93      15.9359      197.34
29      2.13761      1.11913      839.35      -2738.65      -1899.3      15.3865      197.341
30      2.21132      1.12517      843.879      -2745.25      -1901.38      14.8737      197.343
31      2.28503      1.12655      844.91      -2747.92      -1903.01      14.394      197.344
32      2.35874      1.12459      843.446      -2747.57      -1904.12      13.9444      197.347
33      2.43245      1.1206      840.451      -2745.21      -1904.76      13.522      197.349
34      2.50616      1.11566      836.743      -2741.76      -1905.02      13.1245      197.352
35      2.57987      1.11058      832.938      -2737.92      -1904.98      12.7497      197.356
36      2.65358      1.10609      829.571      -2734.25      -1904.68      12.3958      197.36
37      2.72729      1.10295      827.209      -2731.29      -1904.08      12.0611      197.364
38      2.801      1.10201      826.507      -2729.67      -1903.16      11.744      197.369
39      2.87471      1.10407      828.053      -2730.02      -1901.97      11.4431      197.374
40      2.94842      1.10947      832.104      -2732.82      -1900.71      11.1573      197.379
41      3.02213      1.11789      838.415      -2738.06      -1899.64      10.8855      197.384
42      3.09584      1.12843      846.324      -2745.27      -1898.94      10.6266      197.389
43      3.16955      1.14006      855.048      -2753.68      -1898.64      10.3797      197.393
44      3.24326      1.15191      863.935      -2762.57      -1898.63      10.144      197.397
45      3.31697      1.16345      872.585      -2771.38      -1898.79      9.91868      197.4
46      3.39068      1.17441      880.806      -2779.84      -1899.04      9.70316      197.402
47      3.46439      1.18468      888.512      -2787.82      -1899.31      9.49676      197.403
48      3.53811      1.19419      895.645      -2795.26      -1899.61      9.29889      197.403
49      3.61182      1.20287      902.156      -2802.09      -1899.94      9.10902      197.401
50      3.68553      1.21073      908.046      -2808.29      -1900.24      8.92668      197.397
51      3.75924      1.2179      913.423      -2813.91      -1900.49      8.75141      197.392
52      3.83295      1.22469      918.517      -2819.11      -1900.6      8.5828      197.385
53      3.90666      1.23153      923.649      -2824.19      -1900.54      8.42049      197.376
54      3.98037      1.23886      929.147      -2829.47      -1900.32      8.26412      197.366
55      4.05408      1.24698      935.237      -2835.25      -1900.01      8.11339      197.354
56      4.12779      1.2559      941.921      -2841.65      -1899.73      7.96799      197.341
57      4.2015      1.26526      948.948      -2848.55      -1899.6      7.82766      197.328
58      4.27521      1.27445      955.839      -2855.57      -1899.73      7.69215      197.313
59      4.34892      1.28268      962.008      -2862.17      -1900.16      7.56123      197.299
60      4.42263      1.28922      966.913      -2867.76      -1900.85      7.43467      197.285
61      4.49634      1.29358      970.186      -2871.87      -1901.69      7.31227      197.271
62      4.57005      1.29556      971.671      -2874.25      -1902.58      7.19385      197.258
63      4.64376      1.2952      971.398      -2874.84      -1903.44      7.07921      197.245
64      4.71747      1.29267      969.505      -2873.72      -1904.22      6.9682      197.234
65      4.79118      1.28826      966.199      -2871.08      -1904.88      6.86065      197.224
66      4.86489      1.28234      961.752      -2867.15      -1905.4      6.7564      197.215
67      4.93861      1.27542      956.566      -2862.26      -1905.7      6.65532      197.208
68      5.01232      1.26823      951.174      -2856.89      -1905.71      6.55725      197.202
69      5.08603      1.26167      946.252      -2851.63      -1905.38      6.46207      197.197
70      5.15974      1.25665      942.484      -2847.2      -1904.72      6.36964      197.194
71      5.23345      1.25385      940.385      -2844.22      -1903.83      6.27985      197.192
72      5.30716      1.2535      940.126      -2843.04      -1902.91      6.1926      197.191
73      5.38087      1.25551      941.631      -2843.68      -1902.05      6.10776      197.19
74      5.45458      1.25966      944.742      -2846.01      -1901.27      6.02526      197.192
75      5.52829      1.26586      949.396      -2849.91      -1900.51      5.945      197.194
76      5.602      1.27417      955.628      -2855.37      -1899.74      5.86689      197.198
77      5.67571      1.28454      963.406      -2862.4      -1899      5.79085      197.203
78      5.74942      1.29667      972.506      -2870.91      -1898.4      5.7168      197.21
79      5.82313      1.30994      982.458      -2880.52      -1898.06      5.64466      197.218
80      5.89684      1.32348      992.613      -2890.67      -1898.05      5.57437      197.227
81      5.97055      1.33642      1002.32      -2900.68      -1898.37      5.50584      197.237
82      6.04426      1.34805      1011.03      -2909.96      -1898.93      5.43901      197.249
83      6.11797      1.35791      1018.43      -2918.05      -1899.62      5.37382      197.261
84      6.19168      1.36582      1024.37      -2924.74      -1900.37      5.3102      197.275
85      6.26539      1.37174      1028.81      -2929.93      -1901.13      5.2481      197.288
86      6.33911      1.37562      1031.71      -2933.62      -1901.9      5.18745      197.303
87      6.41282      1.37733      1033      -2935.72      -1902.73      5.1282      197.317
88      6.48653      1.37676      1032.57      -2936.16      -1903.59      5.0703      197.332
89      6.56024      1.37388      1030.41      -2934.85      -1904.44      5.0137      197.346
90      6.63395      1.36895      1026.71      -2931.88      -1905.17      4.95836      197.361
91      6.70766      1.36248      1021.86      -2927.54      -1905.69      4.90422      197.375
92      6.78137      1.35519      1016.4      -2922.31      -1905.92      4.85124      197.388
93      6.85508      1.34785      1010.89      -2916.76      -1905.87      4.7994      197.401
94      6.92879      1.34103      1005.77      -2911.4      -1905.63      4.74864      197.414
95      7.0025      1.33503      1001.27      -2906.58      -1905.31      4.69893      197.426
96      7.07621      1.32986      997.396      -2902.4      -1905      4.65024      197.437
97      7.14992      1.3253      993.973      -2898.77      -1904.8      4.60254      197.447
98      7.22363      1.32103      990.776      -2895.48      -1904.71      4.55579      197.456
99      7.29734      1.31674      987.557      -2892.3      -1904.75      4.50997      197.465
100      7.37105      1.31211      984.085      -2888.98      -1904.9      4.46504      197.472
101      7.44476      1.30683      980.123      -2885.29      -1905.17      4.42097      197.478
102      7.51847      1.30064      975.477      -2881      -1905.52      4.37774      197.484
103      7.59218      1.29338      970.034      -2875.95      -1905.92      4.33532      197.487
104      7.66589      1.28512      963.844      -2870.1      -1906.26      4.29368      197.489
105      7.73961      1.27627      957.205      -2863.63      -1906.42      4.2528      197.49
106      7.81332      1.26752      950.641      -2856.94      -1906.3      4.21265      197.489
107      7.88703      1.25971      944.782      -2850.65      -1905.87      4.17322      197.486
108      7.96074      1.25353      940.147      -2845.35      -1905.2      4.13449      197.482
109      8.03445      1.2493      936.976      -2841.43      -1904.46      4.09644      197.476
110      8.10816      1.24699      935.244      -2839      -1903.75      4.05905      197.468
111      8.18187      1.24634      934.756      -2837.92      -1903.16      4.0223      197.46
112      8.25558      1.24699      935.24      -2837.96      -1902.72      3.98619      197.45
113      8.32929      1.24852      936.393      -2838.82      -1902.43      3.95069      197.439
114      8.403      1.25056      937.92      -2840.2      -1902.28      3.9158      197.427
115      8.47671      1.25277      939.577      -2841.83      -1902.25      3.88149      197.414
116      8.55042      1.25494      941.208      -2843.49      -1902.28      3.84775      197.399
117      8.62413      1.257      942.752      -2845.09      -1902.34      3.81458      197.384
118      8.69784      1.25886      944.144      -2846.58      -1902.43      3.78195      197.369
119      8.77155      1.26037      945.279      -2847.87      -1902.59      3.74986      197.352
120      8.84526      1.26125      945.934      -2848.8      -1902.86      3.71829      197.336
121      8.91897      1.26109      945.815      -2849.1      -1903.29      3.68724      197.318
122      8.99268      1.25954      944.655      -2848.49      -1903.84      3.6567      197.301
123      9.06639      1.2564      942.301      -2846.74      -1904.44      3.62665      197.284
124      9.14011      1.25172      938.794      -2843.79      -1905      3.59709      197.267
125      9.21382      1.24581      934.357      -2839.78      -1905.43      3.568      197.25
126      9.28753      1.23913      929.344      -2835.01      -1905.66      3.53939      197.233
127      9.36124      1.23224      924.183      -2829.86      -1905.67      3.51123      197.217
128      9.43495      1.22584      919.381      -2824.81      -1905.42      3.48353      197.201
129      9.50866      1.22066      915.493      -2820.39      -1904.89      3.45626      197.186
130      9.58237      1.21747      913.105      -2817.17      -1904.07      3.42942      197.172
131      9.65608      1.21698      912.735      -2815.74      -1903      3.40301      197.158
132      9.72979      1.21968      914.758      -2816.53      -1901.77      3.37701      197.145
133      9.8035      1.22574      919.302      -2819.82      -1900.51      3.35141      197.133
134      9.87721      1.23494      926.207      -2825.58      -1899.37      3.3262      197.121
135      9.95092      1.24667      935.001      -2833.51      -1898.51      3.30137      197.11
136      10.0246      1.25993      944.945      -2842.99      -1898.05      3.27692      197.1
137      10.0983      1.27352      955.143      -2853.18      -1898.04      3.25284      197.09
138      10.1721      1.28629      964.714      -2863.18      -1898.46      3.22911      197.08
139      10.2458      1.29723      972.924      -2872.15      -1899.23      3.20573      197.071
140      10.3195      1.30573      979.301      -2879.5      -1900.19      3.18268      197.062
141      10.3932      1.31154      983.655      -2884.87      -1901.22      3.15997      197.053
142      10.4669      1.31477      986.075      -2888.24      -1902.17      3.13759      197.045
143      10.5406      1.31582      986.862      -2889.81      -1902.94      3.11552      197.037
144      10.6143      1.31527      986.454      -2889.94      -1903.49      3.09376      197.029
145      10.688      1.31374      985.304      -2889.11      -1903.81      3.0723      197.021
146      10.7617      1.31168      983.758      -2887.73      -1903.97      3.05114      197.013
147      10.8354      1.3093      981.973      -2886.06      -1904.08      3.03028      197.006
148      10.9092      1.30656      979.919      -2884.15      -1904.23      3.0097      197
149      10.9829      1.30325      977.44      -2881.9      -1904.46      2.98941      196.994
150      11.0566      1.29914      974.357      -2879.14      -1904.78      2.9694      196.988
151      11.1303      1.29407      970.552      -2875.7      -1905.15      2.94967      196.984
152      11.204      1.28803      966.022      -2871.52      -1905.5      2.93022      196.981
153      11.2777      1.28119      960.892      -2866.67      -1905.77      2.91103      196.979
154      11.3514      1.27387      955.4      -2861.32      -1905.92      2.89212      196.978
155      11.4251      1.26651      949.886      -2855.76      -1905.88      2.87347      196.979
156      11.4988      1.25968      944.757      -2850.39      -1905.63      2.85508      196.98
157      11.5726      1.25391      940.433      -2845.61      -1905.18      2.83694      196.984
158      11.6463      1.2497      937.272      -2841.83      -1904.55      2.81904      196.988
159      11.72      1.24735      935.51      -2839.34      -1903.83      2.80139      196.993
160      11.7937      1.24692      935.191      -2838.31      -1903.12      2.78398      197
161      11.8674      1.24825      936.184      -2838.67      -1902.48      2.76679      197.007
162      11.9411      1.25094      938.204      -2840.21      -1902.01      2.74982      197.015
163      12.0148      1.25457      940.926      -2842.62      -1901.69      2.73306      197.024
164      12.0885      1.25876      944.067      -2845.58      -1901.51      2.71652      197.032
165      12.1622      1.26326      947.444      -2848.86      -1901.41      2.70018      197.041
166      12.2359      1.26796      950.973      -2852.31      -1901.34      2.68404      197.05
167      12.3097      1.27285      954.64      -2855.91      -1901.27      2.66809      197.06
168      12.3834      1.27792      958.441      -2859.64      -1901.2      2.65234      197.069
169      12.4571      1.28318      962.384      -2863.51      -1901.13      2.63677      197.079
170      12.5308      1.28866      966.498      -2867.54      -1901.04      2.62139      197.089
171      12.6045      1.29443      970.819      -2871.76      -1900.94      2.6062      197.099
172      12.6782      1.30045      975.336      -2876.19      -1900.85      2.59119      197.11
173      12.7519      1.30653      979.895      -2880.75      -1900.86      2.57635      197.121
174      12.8256      1.31222      984.166      -2885.22      -1901.05      2.5617      197.132
175      12.8993      1.31695      987.709      -2889.18      -1901.47      2.54722      197.145
176      12.9731      1.32017      990.126      -2892.19      -1902.06      2.53291      197.158
177      13.0468      1.32167      991.256      -2893.96      -1902.7      2.51877      197.171
178      13.1205      1.32172      991.288      -2894.49      -1903.2      2.5048      197.185
179      13.1942      1.32091      990.683      -2894.13      -1903.45      2.49099      197.2
180      13.2679      1.31979      989.846      -2893.38      -1903.53      2.47735      197.215
181      13.3416      1.31836      988.771      -2892.45      -1903.68      2.46385      197.231
182      13.4153      1.31602      987.014      -2891.1      -1904.09      2.45051      197.247
183      13.489      1.31198      983.987      -2888.77      -1904.78      2.43732      197.263
184      13.5627      1.30571      979.284      -2884.93      -1905.64      2.42427      197.279
185      13.6364      1.29716      972.87      -2879.34      -1906.47      2.41136      197.295
186      13.7102      1.28679      965.095      -2872.17      -1907.07      2.39859      197.31
187      13.7839      1.27555      956.664      -2863.95      -1907.29      2.38594      197.325
188      13.8576      1.26474      948.555      -2855.54      -1906.98      2.37342      197.339
189      13.9313      1.25582      941.861      -2847.99      -1906.13      2.36102      197.352
190      14.005      1.25017      937.625      -2842.41      -1904.78      2.34874      197.365
191      14.0787      1.24879      936.59      -2839.7      -1903.11      2.33657      197.376
192      14.1524      1.25205      939.036      -2840.4      -1901.36      2.32452      197.385
193      14.2261      1.25968      944.763      -2844.54      -1899.77      2.31257      197.394
194      14.2998      1.27091      953.186      -2851.7      -1898.52      2.30073      197.4
195      14.3736      1.28459      963.442      -2861.17      -1897.72      2.28899      197.406
196      14.4473      1.29936      974.517      -2871.97      -1897.45      2.27735      197.409
197      14.521      1.3138      985.349      -2883.05      -1897.71      2.26581      197.411
198      14.5947      1.32663      994.969      -2893.39      -1898.42      2.25437      197.411
199      14.6684      1.33686      1002.64      -2902.11      -1899.47      2.24303      197.41
200      14.7421      1.34395      1007.96      -2908.63      -1900.67      2.23178      197.407
201      14.8158      1.34789      1010.91      -2912.74      -1901.83      2.22064      197.403
202      14.8895      1.34913      1011.84      -2914.62      -1902.77      2.20959      197.399
203      14.9632      1.34852      1011.39      -2914.76      -1903.37      2.19865      197.393
204      15.0369      1.34711      1010.33      -2913.91      -1903.57      2.18781      197.388
205      15.1107      1.34585      1009.39      -2912.83      -1903.44      2.17708      197.382
206      15.1844      1.34525      1008.94      -2912.11      -1903.17      2.16645      197.377
207      15.2581      1.34527      1008.95      -2911.92      -1902.97      2.15592      197.371
208      15.3318      1.34535      1009.01      -2912.03      -1903.01      2.1455      197.367
209      15.4055      1.34474      1008.56      -2911.9      -1903.35      2.13519      197.362
210      15.4792      1.34274      1007.05      -2910.99      -1903.93      2.12497      197.358
211      15.5529      1.33885      1004.14      -2908.82      -1904.69      2.11486      197.353
212      15.6266      1.33278      999.585      -2905.11      -1905.52      2.10484      197.349
213      15.7003      1.32451      993.382      -2899.73      -1906.35      2.09491      197.345
214      15.7741      1.31429      985.715      -2892.76      -1907.04      2.08507      197.34
215      15.8478      1.30269      977.019      -2884.51      -1907.49      2.07533      197.336
216      15.9215      1.29059      967.946      -2875.53      -1907.59      2.06567      197.331
217      15.9952      1.27903      959.27      -2866.56      -1907.29      2.0561      197.326
218      16.0689      1.269      951.749      -2858.37      -1906.62      2.04662      197.322
219      16.1426      1.26128      945.959      -2851.66      -1905.7      2.03724      197.318
220      16.2163      1.25626      942.194      -2846.86      -1904.67      2.02794      197.314
221      16.29      1.25396      940.467      -2844.13      -1903.66      2.01872      197.31
222      16.3637      1.2541      940.573      -2843.35      -1902.78      2.0096      197.307
223      16.4374      1.25626      942.194      -2844.26      -1902.06      2.00057      197.305
224      16.5112      1.25995      944.962      -2846.5      -1901.54      1.99162      197.304
225      16.5849      1.26464      948.477      -2849.7      -1901.22      1.98276      197.303
226      16.6586      1.26971      952.281      -2853.42      -1901.14      1.97399      197.303
227      16.7323      1.27449      955.869      -2857.19      -1901.32      1.9653      197.304
228      16.806      1.2783      958.723      -2860.47      -1901.75      1.9567      197.306
229      16.8797      1.28056      960.423      -2862.79      -1902.36      1.94818      197.309
230      16.9534      1.28099      960.739      -2863.81      -1903.07      1.93975      197.312
231      17.0271      1.27954      959.654      -2863.41      -1903.76      1.9314      197.317
232      17.1008      1.27644      957.327      -2861.67      -1904.34      1.92312      197.322
233      17.1746      1.27206      954.046      -2858.82      -1904.78      1.91493      197.328
234      17.2483      1.2669      950.175      -2855.19      -1905.02      1.90681      197.335
235      17.322      1.26153      946.151      -2851.18      -1905.03      1.89876      197.342
236      17.3957      1.25661      942.457      -2847.26      -1904.8      1.89079      197.35
237      17.4694      1.25284      939.629      -2843.93      -1904.31      1.88289      197.358
238      17.5431      1.25089      938.164      -2841.74      -1903.57      1.87506      197.367
239      17.6168      1.2512      938.401      -2841.1      -1902.7      1.8673      197.375
240      17.6905      1.25391      940.431      -2842.25      -1901.82      1.8596      197.384
241      17.7642      1.25878      944.084      -2845.14      -1901.05      1.85197      197.393
242      17.8379      1.26533      948.997      -2849.48      -1900.48      1.8444      197.402
243      17.9117      1.27301      954.76      -2854.88      -1900.12      1.83689      197.411
244      17.9854      1.28133      960.994      -2860.93      -1899.94      1.82944      197.419
245      18.0591      1.28984      967.383      -2867.28      -1899.9      1.82205      197.427
246      18.1328      1.29826      973.692      -2873.67      -1899.97      1.81471      197.435
247      18.2065      1.30633      979.749      -2879.87      -1900.13      1.80742      197.441
248      18.2802      1.31388      985.411      -2885.76      -1900.35      1.80019      197.447
249      18.3539      1.32074      990.555      -2891.18      -1900.62      1.793      197.451
250      18.4276      1.32675      995.06      -2896.02      -1900.96      1.78586      197.455
251      18.5013      1.33172      998.79      -2900.16      -1901.37      1.77877      197.457
252      18.5751      1.3354      1001.55      -2903.43      -1901.88      1.77172      197.459
253      18.6488      1.3374      1003.05      -2905.6      -1902.55      1.76472      197.459
254      18.7225      1.33731      1002.98      -2906.35      -1903.36      1.75776      197.458
255      18.7962      1.33483      1001.13      -2905.39      -1904.27      1.75085      197.456
256      18.8699      1.33      997.498      -2902.62      -1905.13      1.74399      197.453
257      18.9436      1.32324      992.432      -2898.21      -1905.78      1.73717      197.45
258      19.0173      1.3154      986.547      -2892.64      -1906.09      1.73041      197.446
259      19.091      1.3075      980.621      -2886.63      -1906.01      1.72369      197.443
260      19.1647      1.30057      975.425      -2880.98      -1905.55      1.71703      197.439
261      19.2384      1.29542      971.565      -2876.39      -1904.82      1.71042      197.435
262      19.3122      1.29249      969.368      -2873.34      -1903.97      1.70386      197.432
263      19.3859      1.29174      968.807      -2871.98      -1903.18      1.69736      197.428
264      19.4596      1.29266      969.493      -2872.12      -1902.63      1.6909      197.426
265      19.5333      1.29428      970.708      -2873.18      -1902.47      1.6845      197.423
266      19.607      1.29539      971.54      -2874.32      -1902.78      1.67815      197.421
267      19.6807      1.29475      971.06      -2874.61      -1903.55      1.67184      197.418
268      19.7544      1.29137      968.524      -2873.18      -1904.65      1.66558      197.416
269      19.8281      1.28467      963.506      -2869.43      -1905.93      1.65937      197.413
270      19.9018      1.27462      955.968      -2863.13      -1907.16      1.6532      197.41
271      19.9756      1.2617      946.275      -2854.44      -1908.17      1.64707      197.407
272      20.0493      1.24687      935.156      -2843.92      -1908.77      1.64099      197.404
273      20.123      1.23149      923.618      -2832.45      -1908.83      1.63495      197.4
274      20.1967      1.21712      912.841      -2821.14      -1908.3      1.62895      197.397
275      20.2704      1.20536      904.022      -2811.2      -1907.17      1.623      197.393
276      20.3441      1.19756      898.173      -2803.75      -1905.58      1.61708      197.389
277      20.4178      1.19459      895.941      -2799.66      -1903.72      1.61121      197.384
278      20.4915      1.19664      897.483      -2799.32      -1901.84      1.60538      197.38
279      20.5652      1.20327      902.451      -2802.64      -1900.19      1.5996      197.377
280      20.6389      1.21344      910.081      -2809.05      -1898.97      1.59386      197.373
281      20.7127      1.22586      919.395      -2817.65      -1898.26      1.58816      197.37
282      20.7864      1.23921      929.406      -2827.43      -1898.03      1.58251      197.367
283      20.8601      1.25243      939.321      -2837.49      -1898.16      1.5769      197.365
284      20.9338      1.26485      948.639      -2847.15      -1898.51      1.57133      197.364
285      21.0075      1.27624      957.177      -2856.1      -1898.92      1.56582      197.363
286      21.0812      1.28661      964.957      -2864.26      -1899.3      1.56034      197.363
287      21.1549      1.29612      972.09      -2871.72      -1899.63      1.55491      197.364
288      21.2286      1.30488      978.663      -2878.57      -1899.91      1.54953      197.366
289      21.3023      1.31295      984.71      -2884.89      -1900.18      1.54418      197.368
290      21.3761      1.32028      990.212      -2890.67      -1900.46      1.53888      197.371
291      21.4498      1.32679      995.092      -2895.88      -1900.79      1.53361      197.374
292      21.5235      1.33226      999.198      -2900.4      -1901.2      1.52839      197.377
293      21.5972      1.33643      1002.33      -2904.04      -1901.71      1.5232      197.381
294      21.6709      1.339      1004.25      -2906.59      -1902.34      1.51805      197.385
295      21.7446      1.33973      1004.8      -2907.84      -1903.04      1.51293      197.389
296      21.8183      1.33848      1003.86      -2907.65      -1903.79      1.50785      197.393
297      21.892      1.33529      1001.47      -2905.97      -1904.5      1.50281      197.398
298      21.9657      1.33031      997.734      -2902.88      -1905.14      1.4978      197.402
299      22.0394      1.32382      992.864      -2898.54      -1905.68      1.49283      197.407
300      22.1132      1.31612      987.091      -2893.18      -1906.09      1.4879      197.412
301      22.1869      1.30753      980.646      -2887.04      -1906.39      1.483      197.418
302      22.2606      1.29835      973.764      -2880.34      -1906.58      1.47813      197.425
303      22.3343      1.28888      966.657      -2873.31      -1906.65      1.47331      197.432
304      22.408      1.2794      959.547      -2866.16      -1906.61      1.46852      197.44
305      22.4817      1.27029      952.714      -2859.13      -1906.42      1.46377      197.449
306      22.5554      1.26208      946.559      -2852.57      -1906.01      1.45906      197.458
307      22.6291      1.2555      941.624      -2846.94      -1905.31      1.45439      197.469
308      22.7028      1.25143      938.575      -2842.85      -1904.28      1.44975      197.48
309      22.7766      1.25072      938.042      -2840.99      -1902.95      1.44515      197.493
310      22.8503      1.25382      940.367      -2841.87      -1901.5      1.44058      197.505
311      22.924      1.26056      945.421      -2845.61      -1900.19      1.43604      197.519
312      22.9977      1.27008      952.563      -2851.81      -1899.25      1.43154      197.532
313      23.0714      1.28114      960.855      -2859.65      -1898.8      1.42706      197.546
314      23.1451      1.29245      969.34      -2868.16      -1898.82      1.42261      197.559
315      23.2188      1.30296      977.22      -2876.43      -1899.21      1.41819      197.572
316      23.2925      1.31191      983.93      -2883.79      -1899.86      1.41379      197.584
317      23.3662      1.31881      989.109      -2889.78      -1900.67      1.40941      197.595
318      23.4399      1.32345      992.587      -2894.12      -1901.54      1.40505      197.606
319      23.5137      1.32579      994.346      -2896.74      -1902.39      1.40071      197.615
320      23.5874      1.32599      994.49      -2897.67      -1903.18      1.39639      197.623
321      23.6611      1.32425      993.187      -2897.07      -1903.88      1.39209      197.63
322      23.7348      1.32085      990.635      -2895.12      -1904.49      1.3878      197.636
323      23.8085      1.31607      987.05      -2892.02      -1904.97      1.38354      197.64
324      23.8822      1.31027      982.7      -2888.02      -1905.32      1.37929      197.642
325      23.9559      1.30394      977.951      -2883.42      -1905.47      1.37505      197.644
326      24.0296      1.29769      973.268      -2878.65      -1905.38      1.37083      197.644
327      24.1033      1.29219      969.142      -2874.19      -1905.05      1.36663      197.642
328      24.1771      1.28801      966.004      -2870.51      -1904.51      1.36245      197.64
329      24.2508      1.28546      964.096      -2867.98      -1903.89      1.35828      197.635
330      24.3245      1.28452      963.388      -2866.7      -1903.31      1.35412      197.63
331      24.3982      1.28478      963.582      -2866.5      -1902.91      1.34998      197.623
332      24.4719      1.28556      964.173      -2866.96      -1902.79      1.34586      197.614
333      24.5456      1.28605      964.535      -2867.52      -1902.98      1.34175      197.605
334      24.6193      1.28541      964.055      -2867.53      -1903.48      1.33766      197.594
335      24.693      1.28294      962.202      -2866.42      -1904.21      1.33359      197.582
336      24.7667      1.27822      958.668      -2863.74      -1905.08      1.32953      197.569
337      24.8404      1.27122      953.418      -2859.34      -1905.92      1.3255      197.556
338      24.9142      1.2623      946.723      -2853.31      -1906.59      1.32148      197.541
339      24.9879      1.25213      939.099      -2846.08      -1906.98      1.31748      197.527
340      25.0616      1.24159      931.194      -2838.23      -1907.03      1.31351      197.511
341      25.1353      1.23153      923.644      -2830.43      -1906.78      1.30955      197.496
342      25.209      1.22259      916.944      -2823.25      -1906.3      1.30562      197.48
343      25.2827      1.21522      911.413      -2817.1      -1905.69      1.3017      197.464
344      25.3564      1.20957      907.178      -2812.21      -1905.03      1.29781      197.447
345      25.4301      1.20567      904.255      -2808.63      -1904.38      1.29394      197.431
346      25.5038      1.20349      902.616      -2806.36      -1903.74      1.29009      197.414
347      25.5776      1.20298      902.237      -2805.35      -1903.11      1.28626      197.397
348      25.6513      1.2042      903.149      -2805.61      -1902.46      1.28246      197.38
349      25.725      1.20724      905.432      -2807.2      -1901.77      1.27867      197.362
350      25.7987      1.21223      909.175      -2810.21      -1901.04      1.2749      197.344
351      25.8724      1.21922      914.415      -2814.71      -1900.3      1.27115      197.325
352      25.9461      1.2281      921.075      -2820.69      -1899.62      1.26741      197.307
353      26.0198      1.23852      928.891      -2827.98      -1899.09      1.2637      197.287
354      26.0935      1.24986      937.396      -2836.22      -1898.82      1.26      197.268
355      26.1672      1.26131      945.983      -2844.85      -1898.87      1.25633      197.248
356      26.2409      1.27197      953.979      -2853.23      -1899.25      1.25267      197.228
357      26.3147      1.28105      960.786      -2860.7      -1899.91      1.24904      197.208
358      26.3884      1.28798      965.987      -2866.74      -1900.75      1.24542      197.188
359      26.4621      1.29257      969.43      -2871.07      -1901.64      1.24183      197.168
360      26.5358      1.29501      971.257      -2873.67      -1902.41      1.23826      197.149
361      26.6095      1.29584      971.88      -2874.83      -1902.95      1.23471      197.13
362      26.6832      1.2958      971.85      -2875.05      -1903.2      1.23119      197.113
363      26.7569      1.29553      971.649      -2874.89      -1903.24      1.22769      197.096
364      26.8306      1.29527      971.452      -2874.69      -1903.24      1.22422      197.08
365      26.9043      1.29472      971.042      -2874.43      -1903.39      1.22078      197.066
366      26.9781      1.29328      969.959      -2873.74      -1903.78      1.21736      197.053
367      27.0518      1.29032      967.742      -2872.13      -1904.39      1.21398      197.041
368      27.1255      1.28558      964.182      -2869.25      -1905.07      1.21062      197.031
369      27.1992      1.27918      959.386      -2865.04      -1905.65      1.20729      197.023
370      27.2729      1.27169      953.765      -2859.76      -1906      1.20398      197.017
371      27.3466      1.26385      947.885      -2853.94      -1906.05      1.20071      197.012
372      27.4203      1.25639      942.295      -2848.14      -1905.84      1.19746      197.009
373      27.494      1.24986      937.396      -2842.85      -1905.46      1.19424      197.007
374      27.5677      1.24452      933.388      -2838.39      -1905      1.19105      197.008
375      27.6414      1.2404      930.298      -2834.84      -1904.54      1.18789      197.01
376      27.7152      1.23743      928.069      -2832.19      -1904.12      1.18475      197.013
377      27.7889      1.23551      926.629      -2830.37      -1903.74      1.18164      197.018
378      27.8626      1.23457      925.931      -2829.31      -1903.37      1.17855      197.024
379      27.9363      1.23457      925.926      -2828.97      -1903.04      1.17548      197.031
380      28.01      1.23533      926.499      -2829.28      -1902.78      1.17243      197.038
381      28.0837      1.23657      927.431      -2830.06      -1902.63      1.1694      197.046
382      28.1574      1.23791      928.436      -2831.07      -1902.64      1.16638      197.054
383      28.2311      1.23895      929.211      -2832      -1902.79      1.16338      197.061
384      28.3048      1.23933      929.496      -2832.56      -1903.06      1.16039      197.069
385      28.3786      1.23885      929.135      -2832.53      -1903.39      1.15742      197.075
386      28.4523      1.23747      928.105      -2831.82      -1903.71      1.15445      197.08
387      28.526      1.23541      926.557      -2830.5      -1903.94      1.15149      197.084
388      28.5997      1.23306      924.796      -2828.78      -1903.99      1.14854      197.087
389      28.6734      1.23107      923.306      -2827.08      -1903.78      1.14559      197.088
390      28.7471      1.23024      922.677      -2825.94      -1903.27      1.14265      197.087
391      28.8208      1.23131      923.483      -2825.97      -1902.48      1.13971      197.085
392      28.8945      1.23481      926.11      -2827.64      -1901.53      1.13678      197.081
393      28.9682      1.24087      930.649      -2831.24      -1900.59      1.13386      197.075
394      29.0419      1.24917      936.88      -2836.66      -1899.78      1.13094      197.068
395      29.1157      1.25916      944.373      -2843.59      -1899.22      1.12803      197.06
396      29.1894      1.27017      952.625      -2851.53      -1898.91      1.12512      197.05
397      29.2631      1.28151      961.135      -2859.98      -1898.85      1.12223      197.04
398      29.3368      1.29257      969.431      -2868.45      -1899.02      1.11935      197.029
399      29.4105      1.30275      977.066      -2876.48      -1899.42      1.11649      197.018
400      29.4842      1.31148      983.61      -2883.63      -1900.02      1.11363      197.008
401      29.5579      1.31823      988.672      -2889.49      -1900.81      1.1108      196.997
402      29.6316      1.32257      991.927      -2893.68      -1901.75      1.10798      196.987
403      29.7053      1.32423      993.175      -2895.94      -1902.77      1.10518      196.978
404      29.7791      1.3232      992.401      -2896.16      -1903.76      1.10239      196.969
405      29.8528      1.31975      989.812      -2894.43      -1904.62      1.09963      196.961
406      29.9265      1.31447      985.853      -2891.08      -1905.23      1.09688      196.954
407      30.0002      1.30824      981.178      -2886.66      -1905.48      1.09415      196.948
408      30.0739      1.3021      976.574      -2881.91      -1905.34      1.09143      196.941
409      30.1476      1.29709      972.82      -2877.63      -1904.81      1.08873      196.936
410      30.2213      1.29408      970.556      -2874.55      -1904      1.08604      196.93
411      30.295      1.29354      970.152      -2873.19      -1903.04      1.08337      196.925
412      30.3687      1.29551      971.632      -2873.75      -1902.12      1.08071      196.92
413      30.4424      1.29955      974.662      -2876.06      -1901.4      1.07807      196.915
414      30.5162      1.30484      978.632      -2879.65      -1901.02      1.07544      196.91
415      30.5899      1.31045      982.834      -2883.83      -1900.99      1.07282      196.905
416      30.6636      1.31557      986.679      -2887.91      -1901.24      1.07022      196.901
417      30.7373      1.31977      989.827      -2891.44      -1901.61      1.06763      196.897
418      30.811      1.32299      992.245      -2894.22      -1901.98      1.06506      196.894
419      30.8847      1.32546      994.094      -2896.34      -1902.24      1.06251      196.891
420      30.9584      1.32744      995.582      -2897.99      -1902.41      1.05996      196.889
421      31.0321      1.32912      996.84      -2899.35      -1902.51      1.05744      196.887
422      31.1058      1.33046      997.845      -2900.5      -1902.65      1.05492      196.885
423      31.1796      1.33127      998.453      -2901.32      -1902.87      1.05242      196.884
424      31.2533      1.33137      998.526      -2901.67      -1903.15      1.04993      196.883
425      31.327      1.33075      998.065      -2901.47      -1903.4      1.04746      196.882
426      31.4007      1.32971      997.28      -2900.81      -1903.53      1.04499      196.881
427      31.4744      1.32876      996.571      -2900.01      -1903.44      1.04254      196.879
428      31.5481      1.3285      996.377      -2899.51      -1903.13      1.04009      196.877
429      31.6218      1.32938      997.035      -2899.72      -1902.68      1.03766      196.876
430      31.6955      1.3315      998.621      -2900.85      -1902.23      1.03524      196.874
431      31.7692      1.33459      1000.95      -2902.85      -1901.91      1.03282      196.872
432      31.8429      1.33808      1003.56      -2905.39      -1901.84      1.03043      196.871
433      31.9167      1.34109      1005.81      -2907.92      -1902.1      1.02804      196.87
434      31.9904      1.34266      1006.99      -2909.73      -1902.73      1.02567      196.869
435      32.0641      1.34181      1006.36      -2910.08      -1903.72      1.02331      196.868
436      32.1378      1.33774      1003.31      -2908.29      -1904.98      1.02096      196.869
437      32.2115      1.32998      997.481      -2903.87      -1906.39      1.01863      196.869
438      32.2852      1.31853      988.895      -2896.62      -1907.73      1.01631      196.87
439      32.3589      1.30393      977.95      -2886.77      -1908.82      1.014      196.871
440      32.4326      1.28726      965.442      -2874.92      -1909.47      1.0117      196.873
441      32.5063      1.26991      952.435      -2862      -1909.57      1.00941      196.874
442      32.5801      1.25344      940.081      -2849.17      -1909.09      1.00714      196.876
443      32.6538      1.23923      929.426      -2837.54      -1908.11      1.00488      196.878
444      32.7275      1.22832      921.237      -2828.03      -1906.8      1.00262      196.88
445      32.8012      1.22124      915.927      -2821.25      -1905.32      1.00038      196.882
446      32.8749      1.21806      913.546      -2817.41      -1903.87      0.998152      196.885
447      32.9486      1.21844      913.831      -2816.41      -1902.58      0.995933      196.888
448      33.0223      1.22171      916.282      -2817.85      -1901.57      0.993726      196.891
449      33.096      1.22698      920.232      -2821.14      -1900.91      0.991531      196.894
450      33.1697      1.23331      924.981      -2825.58      -1900.6      0.989347      196.898
451      33.2434      1.23985      929.89      -2830.48      -1900.59      0.987175      196.903
452      33.3172      1.24592      934.438      -2835.27      -1900.84      0.985015      196.907
453      33.3909      1.25098      938.237      -2839.49      -1901.26      0.982866      196.913
454      33.4646      1.25463      940.969      -2842.8      -1901.83      0.980728      196.918
455      33.5383      1.25647      942.349      -2844.89      -1902.54      0.9786      196.923
456      33.612      1.25619      942.142      -2845.5      -1903.36      0.976483      196.929
457      33.6857      1.25369      940.269      -2844.45      -1904.18      0.974375      196.935
458      33.7594      1.24925      936.94      -2841.8      -1904.86      0.972277      196.941
459      33.8331      1.24357      932.681      -2837.93      -1905.25      0.970189      196.947
460      33.9068      1.23758      928.187      -2833.46      -1905.28      0.968111      196.953
461      33.9806      1.23216      924.116      -2829.11      -1904.99      0.966042      196.96
462      34.0543      1.2279      920.926      -2825.44      -1904.51      0.963982      196.966
463      34.128      1.22517      918.876      -2822.8      -1903.92      0.961932      196.973
464      34.2017      1.22414      918.104      -2821.37      -1903.27      0.959892      196.98
465      34.2754      1.22494      918.703      -2821.28      -1902.58      0.957861      196.986
466      34.3491      1.22767      920.75      -2822.6      -1901.85      0.955839      196.993
467      34.4228      1.23235      924.266      -2825.39      -1901.12      0.953826      197
468      34.4965      1.2389      929.175      -2829.63      -1900.45      0.951822      197.007
469      34.5702      1.247      935.253      -2835.17      -1899.91      0.949825      197.014
470      34.6439      1.25612      942.093      -2841.69      -1899.6      0.947837      197.021
471      34.7177      1.26553      949.151      -2848.72      -1899.57      0.945856      197.027
472      34.7914      1.27441      955.809      -2855.66      -1899.85      0.943882      197.034
473      34.8651      1.28197      961.475      -2861.9      -1900.42      0.941915      197.04
474      34.9388      1.28756      965.671      -2866.88      -1901.21      0.939955      197.045
475      35.0125      1.29085      968.139      -2870.23      -1902.09      0.938002      197.051
476      35.0862      1.29184      968.881      -2871.82      -1902.94      0.936055      197.056
477      35.1599      1.2909      968.176      -2871.79      -1903.62      0.934116      197.061
478      35.2336      1.28868      966.507      -2870.54      -1904.03      0.932183      197.065
479      35.3073      1.28591      964.435      -2868.6      -1904.17      0.930259      197.07
480      35.3811      1.28325      962.437      -2866.51      -1904.07      0.928342      197.074
481      35.4548      1.28104      960.782      -2864.66      -1903.88      0.926432      197.079
482      35.5285      1.27935      959.511      -2863.2      -1903.69      0.924531      197.083
483      35.6022      1.27797      958.477      -2862.06      -1903.58      0.922638      197.088
484      35.6759      1.27664      957.477      -2861.06      -1903.58      0.920753      197.092
485      35.7496      1.27517      956.375      -2860.01      -1903.63      0.918875      197.097
486      35.8233      1.27362      955.217      -2858.85      -1903.64      0.917006      197.101
487      35.897      1.27231      954.232      -2857.74      -1903.51      0.915144      197.106
488      35.9707      1.27167      953.751      -2856.96      -1903.21      0.91329      197.11
489      36.0444      1.27209      954.066      -2856.85      -1902.79      0.911443      197.115
490      36.1182      1.27374      955.307      -2857.63      -1902.33      0.909604      197.119
491      36.1919      1.2765      957.378      -2859.32      -1901.94      0.907772      197.124
492      36.2656      1.28004      960.033      -2861.72      -1901.69      0.905947      197.128
493      36.3393      1.28396      962.97      -2864.56      -1901.59      0.904129      197.132
494      36.413      1.28791      965.932      -2867.54      -1901.61      0.902319      197.137
495      36.4867      1.29165      968.738      -2870.45      -1901.71      0.900516      197.141
496      36.5604      1.29502      971.262      -2873.14      -1901.87      0.89872      197.145
497      36.6341      1.29784      973.383      -2875.48      -1902.09      0.896932      197.15
498      36.7078      1.29999      974.993      -2877.35      -1902.36      0.895152      197.154
499      36.7816      1.30136      976.02      -2878.68      -1902.66      0.893378      197.159
500      36.8553      1.30194      976.456      -2879.4      -1902.95      0.891613      197.164
501      36.929      1.3018      976.35      -2879.55      -1903.2      0.889854      197.168
502      37.0027      1.30103      975.775      -2879.2      -1903.43      0.888101      197.173
503      37.0764      1.2997      974.778      -2878.4      -1903.63      0.886355      197.177
504      37.1501      1.29786      973.396      -2877.2      -1903.81      0.884614      197.181
505      37.2238      1.29554      971.657      -2875.63      -1903.98      0.882879      197.185
506      37.2975      1.29284      969.628      -2873.73      -1904.11      0.881149      197.188
507      37.3712      1.28988      967.413      -2871.59      -1904.18      0.879424      197.191
508      37.4449      1.28681      965.109      -2869.32      -1904.21      0.877704      197.193
509      37.5187      1.28376      962.817      -2867      -1904.19      0.87599      197.196
510      37.5924      1.28085      960.639      -2864.75      -1904.11      0.874282      197.198
511      37.6661      1.27832      958.737      -2862.68      -1903.94      0.872581      197.2
512      37.7398      1.27653      957.4      -2861.01      -1903.61      0.870887      197.203
513      37.8135      1.27605      957.04      -2860.11      -1903.07      0.869201      197.205
514      37.8872      1.27749      958.116      -2860.41      -1902.29      0.867522      197.208
515      37.9609      1.28133      960.997      -2862.36      -1901.36      0.865853      197.211
516      38.0346      1.28771      965.781      -2866.2      -1900.42      0.864192      197.215
517      38.1083      1.29629      972.217      -2871.87      -1899.65      0.86254      197.22
518      38.1821      1.30638      979.783      -2878.95      -1899.17      0.860896      197.225
519      38.2558      1.31705      987.79      -2886.83      -1899.04      0.859261      197.23
520      38.3295      1.32736      995.519      -2894.79      -1899.27      0.857634      197.236
521      38.4032      1.33638      1002.28      -2902.12      -1899.84      0.856015      197.242
522      38.4769      1.34328      1007.46      -2908.16      -1900.7      0.854401      197.248
523      38.5506      1.34745      1010.59      -2912.36      -1901.77      0.852793      197.254
524      38.6243      1.34858      1011.44      -2914.36      -1902.92      0.851189      197.26
525      38.698      1.34669      1010.02      -2914.05      -1904.04      0.849588      197.264
526      38.7717      1.34199      1006.49      -2911.55      -1905.06      0.847989      197.268
527      38.8454      1.33473      1001.04      -2907.04      -1905.99      0.846392      197.271
528      38.9192      1.32513      993.845      -2900.68      -1906.84      0.844796      197.272
529      38.9929      1.3136      985.201      -2892.7      -1907.5      0.8432      197.273
530      39.0666      1.301      975.748      -2883.54      -1907.79      0.841606      197.272
531      39.1403      1.2887      966.529      -2874.06      -1907.53      0.840011      197.27
532      39.214      1.27839      958.793      -2865.43      -1906.64      0.838417      197.266
533      39.2877      1.2715      953.628      -2858.88      -1905.25      0.836824      197.261
534      39.3614      1.2688      951.6      -2855.26      -1903.66      0.835232      197.255
535      39.4351      1.27012      952.59      -2854.8      -1902.21      0.833641      197.248
536      39.5088      1.27448      955.859      -2857.06      -1901.2      0.832051      197.24
537      39.5826      1.28041      960.307      -2861.07      -1900.76      0.830464      197.231
538      39.6563      1.28634      964.751      -2865.66      -1900.91      0.828878      197.221
539      39.73      1.29092      968.193      -2869.72      -1901.53      0.827296      197.211
540      39.8037      1.2933      969.975      -2872.4      -1902.42      0.825716      197.199
541      39.8774      1.29312      969.84      -2873.24      -1903.4      0.82414      197.187
542      39.9511      1.29055      967.913      -2872.18      -1904.26      0.822566      197.175
543      40.0248      1.28614      964.607      -2869.5      -1904.89      0.820996      197.161
544      40.0985      1.28065      960.488      -2865.72      -1905.23      0.819429      197.147
545      40.1722      1.27485      956.141      -2861.42      -1905.28      0.817865      197.133
546      40.2459      1.26938      952.032      -2857.14      -1905.11      0.816305      197.118
547      40.3197      1.26458      948.433      -2853.27      -1904.83      0.814747      197.102
548      40.3934      1.26051      945.383      -2849.95      -1904.56      0.813193      197.086
549      40.4671      1.25697      942.726      -2847.12      -1904.39      0.811643      197.069
550      40.5408      1.25359      940.195      -2844.56      -1904.36      0.810096      197.052
551      40.6145      1.25001      937.507      -2841.97      -1904.47      0.808552      197.034
552      40.6882      1.24596      934.472      -2839.12      -1904.65      0.807013      197.015
553      40.7619      1.24139      931.045      -2835.88      -1904.84      0.805477      196.997
554      40.8356      1.23643      927.325      -2832.28      -1904.96      0.803945      196.978
555      40.9093      1.23138      923.532      -2828.49      -1904.96      0.802418      196.958
556      40.9831      1.22666      919.992      -2824.77      -1904.78      0.800895      196.939
557      41.0568      1.22281      917.105      -2821.51      -1904.4      0.799378      196.919
558      41.1305      1.22036      915.268      -2819.09      -1903.83      0.797866      196.9
559      41.2042      1.2197      914.775      -2817.9      -1903.12      0.79636      196.88
560      41.2779      1.22102      915.765      -2818.14      -1902.37      0.794861      196.861
561      41.3516      1.22421      918.159      -2819.85      -1901.69      0.79337      196.843
562      41.4253      1.22893      921.699      -2822.86      -1901.16      0.791886      196.825
563      41.499      1.23464      925.983      -2826.82      -1900.84      0.79041      196.807
564      41.5727      1.24077      930.574      -2831.31      -1900.73      0.788942      196.791
565      41.6464      1.24678      935.087      -2835.9      -1900.81      0.787484      196.775
566      41.7202      1.25236      939.27      -2840.27      -1901      0.786035      196.761
567      41.7939      1.25736      943.023      -2844.24      -1901.22      0.784594      196.747
568      41.8676      1.26182      946.365      -2847.79      -1901.42      0.783163      196.735
569      41.9413      1.2658      949.349      -2850.95      -1901.6      0.78174      196.723
570      42.015      1.26934      952.006      -2853.78      -1901.77      0.780326      196.712
571      42.0887      1.2724      954.302      -2856.27      -1901.96      0.778919      196.702
572      42.1624      1.27482      956.111      -2858.35      -1902.23      0.77752      196.693
573      42.2361      1.27635      957.266      -2859.86      -1902.59      0.776127      196.684
574      42.3098      1.27679      957.592      -2860.63      -1903.03      0.77474      196.675
575      42.3836      1.27598      956.983      -2860.5      -1903.52      0.773358      196.666
576      42.4573      1.27392      955.437      -2859.42      -1903.98      0.771981      196.657
577      42.531      1.27078      953.084      -2857.45      -1904.36      0.770609      196.648
578      42.6047      1.2669      950.175      -2854.78      -1904.61      0.76924      196.639
579      42.6784      1.26273      947.05      -2851.72      -1904.67      0.767875      196.63
580      42.7521      1.25883      944.122      -2848.65      -1904.52      0.766515      196.621
581      42.8258      1.25573      941.795      -2845.97      -1904.18      0.765157      196.611
582      42.8995      1.25387      940.399      -2844.08      -1903.68      0.763804      196.601
583      42.9732      1.2535      940.125      -2843.23      -1903.11      0.762455      196.591
584      43.0469      1.2546      940.95      -2843.52      -1902.57      0.76111      196.581
585      43.1207      1.25688      942.663      -2844.82      -1902.16      0.75977      196.571
586      43.1944      1.2599      944.922      -2846.86      -1901.94      0.758434      196.56
587      43.2681      1.26312      947.341      -2849.24      -1901.9      0.757103      196.55
588      43.3418      1.26606      949.548      -2851.6      -1902.05      0.755776      196.54
589      43.4155      1.26833      951.248      -2853.59      -1902.34      0.754455      196.53
590      43.4892      1.26963      952.22      -2854.94      -1902.72      0.753138      196.52
591      43.5629      1.26981      952.357      -2855.5      -1903.15      0.751825      196.51
592      43.6366      1.26889      951.668      -2855.22      -1903.55      0.750518      196.5
593      43.7103      1.26703      950.273      -2854.15      -1903.88      0.749215      196.491
594      43.7841      1.26448      948.362      -2852.47      -1904.11      0.747917      196.481
595      43.8578      1.2615      946.123      -2850.37      -1904.25      0.746624      196.472
596      43.9315      1.25823      943.675      -2848.01      -1904.33      0.745337      196.462
597      44.0052      1.25477      941.076      -2845.47      -1904.4      0.744055      196.454
598      44.0789      1.25116      938.369      -2842.8      -1904.44      0.742779      196.445
599      44.1526      1.24761      935.71      -2840.09      -1904.38      0.74151      196.438
600      44.2263      1.24456      933.418      -2837.56      -1904.14      0.740247      196.43
601      44.3      1.24261      931.956      -2835.62      -1903.66      0.73899      196.424
602      44.3737      1.24243      931.823      -2834.77      -1902.94      0.73774      196.418
603      44.4474      1.24452      933.389      -2835.46      -1902.07      0.736497      196.413
604      44.5212      1.24903      936.772      -2837.94      -1901.17      0.735261      196.408
605      44.5949      1.25571      941.779      -2842.18      -1900.4      0.734033      196.405
606      44.6686      1.26399      947.99      -2847.85      -1899.86      0.732811      196.402
607      44.7423      1.27316      954.869      -2854.47      -1899.6      0.731597      196.4
608      44.816      1.28248      961.861      -2861.48      -1899.62      0.730391      196.399
609      44.8897      1.29129      968.468      -2868.34      -1899.87      0.729192      196.399
610      44.9634      1.29902      974.267      -2874.59      -1900.33      0.728001      196.401
611      45.0371      1.30519      978.894      -2879.85      -1900.96      0.726819      196.403
612      45.1108      1.3094      982.05      -2883.78      -1901.73      0.725645      196.407
613      45.1846      1.3114      983.547      -2886.13      -1902.58      0.72448      196.412
614      45.2583      1.31118      983.383      -2886.78      -1903.4      0.723325      196.418
615      45.332      1.30904      981.78      -2885.86      -1904.09      0.722178      196.427
616      45.4057      1.3055      979.124      -2883.69      -1904.56      0.721041      196.436
617      45.4794      1.30115      975.863      -2880.68      -1904.81      0.719914      196.448
618      45.5531      1.29649      972.37      -2877.26      -1904.89      0.718797      196.461
619      45.6268      1.29184      968.878      -2873.75      -1904.87      0.71769      196.476
620      45.7005      1.28726      965.446      -2870.28      -1904.84      0.716593      196.492
621      45.7742      1.28267      962.004      -2866.85      -1904.85      0.715506      196.51
622      45.8479      1.27792      958.439      -2863.36      -1904.92      0.714428      196.53
623      45.9217      1.27289      954.669      -2859.68      -1905.01      0.71336      196.552
624      45.9954      1.26765      950.736      -2855.81      -1905.07      0.7123      196.575
625      46.0691      1.26241      946.804      -2851.84      -1905.03      0.711249      196.6
626      46.1428      1.25757      943.175      -2848.01      -1904.83      0.710206      196.625
627      46.2165      1.25363      940.22      -2844.66      -1904.44      0.70917      196.652
628      46.2902      1.25107      938.305      -2842.18      -1903.88      0.708141      196.68
629      46.3639      1.25031      937.73      -2840.91      -1903.18      0.707118      196.709
630      46.4376      1.25151      938.631      -2841.06      -1902.43      0.7061      196.738
631      46.5113      1.2546      940.947      -2842.69      -1901.75      0.705086      196.767
632      46.5851      1.25923      944.426      -2845.64      -1901.21      0.704075      196.796
633      46.6588      1.26493      948.698      -2849.57      -1900.87      0.703068      196.826
634      46.7325      1.27117      953.374      -2854.09      -1900.72      0.702064      196.855
635      46.8062      1.27749      958.119      -2858.85      -1900.73      0.701061      196.884
636      46.8799      1.28354      962.653      -2863.53      -1900.88      0.70006      196.912
637      46.9536      1.28898      966.735      -2867.87      -1901.14      0.69906      196.94
638      47.0273      1.29351      970.135      -2871.65      -1901.52      0.698062      196.968
639      47.101      1.29686      972.645      -2874.64      -1901.99      0.697064      196.995
640      47.1747      1.29881      974.109      -2876.64      -1902.53      0.696067      197.021
641      47.2484      1.29927      974.452      -2877.55      -1903.1      0.695071      197.046
642      47.3222      1.29824      973.678      -2877.33      -1903.65      0.694077      197.071
643      47.3959      1.29586      971.893      -2876.04      -1904.14      0.693083      197.096
644      47.4696      1.2924      969.299      -2873.81      -1904.51      0.692091      197.12
645      47.5433      1.28827      966.201      -2870.92      -1904.72      0.691101      197.143
646      47.617      1.284      963.003      -2867.72      -1904.72      0.690112      197.166
647      47.6907      1.28021      960.16      -2864.64      -1904.48      0.689125      197.189
648      47.7644      1.27747      958.103      -2862.14      -1904.04      0.68814      197.212
649      47.8381      1.27622      957.162      -2860.61      -1903.45      0.687158      197.234
650      47.9118      1.27669      957.518      -2860.31      -1902.79      0.686178      197.256
651      47.9856      1.27894      959.201      -2861.33      -1902.13      0.6852      197.278
652      48.0593      1.28279      962.09      -2863.65      -1901.56      0.684224      197.3
653      48.133      1.28783      965.876      -2867.03      -1901.16      0.683251      197.322
654      48.2067      1.29344      970.082      -2871.1      -1901.02      0.682281      197.343
655      48.2804      1.29885      974.135      -2875.3      -1901.17      0.681312      197.364
656      48.3541      1.30332      977.487      -2879.07      -1901.58      0.680345      197.385
657      48.4278      1.30636      979.768      -2881.92      -1902.15      0.679378      197.405
658      48.5015      1.30781      980.854      -2883.61      -1902.75      0.678413      197.424
659      48.5752      1.30777      980.826      -2884.12      -1903.29      0.677447      197.443
660      48.6489      1.30647      979.849      -2883.6      -1903.75      0.676481      197.46
661      48.7227      1.30407      978.05      -2882.2      -1904.15      0.675514      197.477
662      48.7964      1.30061      975.461      -2880      -1904.54      0.674545      197.492
663      48.8701      1.29601      972.008      -2876.99      -1904.98      0.673575      197.506
664      48.9438      1.29009      967.566      -2873.05      -1905.48      0.672604      197.519
665      49.0175      1.28271      962.033      -2868.06      -1906.02      0.671631      197.53
666      49.0912      1.27387      955.402      -2861.95      -1906.55      0.670657      197.54
667      49.1649      1.26375      947.812      -2854.8      -1906.99      0.669682      197.549
668      49.2386      1.25277      939.578      -2846.82      -1907.24      0.668705      197.557
669      49.3123      1.24163      931.219      -2838.42      -1907.2      0.667727      197.563
670      49.3861      1.23128      923.459      -2830.24      -1906.78      0.666749      197.569
671      49.4598      1.22292      917.187      -2823.09      -1905.91      0.66577      197.573
672      49.5335      1.21777      913.329      -2817.91      -1904.58      0.664791      197.576
673      49.6072      1.21683      912.619      -2815.55      -1902.93      0.663812      197.579
674      49.6809      1.22037      915.274      -2816.54      -1901.26      0.662834      197.581
675      49.7546      1.22775      920.812      -2820.73      -1899.92      0.661857      197.583
676      49.8283      1.23758      928.185      -2827.34      -1899.16      0.660881      197.583
677      49.902      1.24818      936.133      -2835.16      -1899.03      0.659906      197.584
678      49.9757      1.25807      943.553      -2842.97      -1899.42      0.658934      197.584
679      50.0494      1.26629      949.717      -2849.84      -1900.12      0.657963      197.584
680      50.1232      1.27245      954.34      -2855.25      -1900.91      0.656994      197.584
681      50.1969      1.27672      957.541      -2859.13      -1901.59      0.656028      197.583
682      50.2706      1.27964      959.732      -2861.77      -1902.04      0.655063      197.583
683      50.3443      1.28197      961.479      -2863.68      -1902.2      0.654102      197.582
684      50.418      1.2844      963.298      -2865.42      -1902.12      0.653143      197.581
685      50.4917      1.28728      965.461      -2867.4      -1901.94      0.652188      197.58
686      50.5654      1.2906      967.948      -2869.74      -1901.8      0.651235      197.58
687      50.6391      1.29401      970.506      -2872.31      -1901.81      0.650287      197.58
688      50.7128      1.29705      972.788      -2874.78      -1901.99      0.649342      197.58
689      50.7866      1.2993      974.474      -2876.81      -1902.33      0.648401      197.58
690      50.8603      1.30044      975.333      -2878.11      -1902.77      0.647464      197.581
691      50.934      1.30028      975.206      -2878.49      -1903.29      0.646532      197.583
692      51.0077      1.29864      973.978      -2877.83      -1903.86      0.645604      197.585
693      51.0814      1.29536      971.523      -2876.01      -1904.49      0.644681      197.587
694      51.1551      1.29027      967.706      -2872.89      -1905.18      0.643762      197.59
695      51.2288      1.28318      962.381      -2868.33      -1905.94      0.642847      197.594
696      51.3025      1.27398      955.487      -2862.21      -1906.72      0.641935      197.597
697      51.3762      1.26286      947.146      -2854.55      -1907.4      0.641027      197.601
698      51.4499      1.25032      937.741      -2845.6      -1907.85      0.640121      197.605
699      51.5237      1.23729      927.969      -2835.9      -1907.93      0.639216      197.609
700      51.5974      1.22501      918.757      -2826.27      -1907.52      0.638314      197.612
701      51.6711      1.21483      911.123      -2817.72      -1906.6      0.637411      197.614
702      51.7448      1.20795      905.963      -2811.23      -1905.26      0.636509      197.616
703      51.8185      1.20516      903.869      -2807.55      -1903.68      0.635607      197.617
704      51.8922      1.20671      905.031      -2807.08      -1902.05      0.634705      197.617
705      51.9659      1.21232      909.24      -2809.82      -1900.58      0.633802      197.617
706      52.0396      1.22133      915.999      -2815.38      -1899.38      0.6329      197.615
707      52.1133      1.23287      924.655      -2823.17      -1898.52      0.631997      197.613
708      52.1871      1.24594      934.456      -2832.51      -1898.05      0.631095      197.61
709      52.2608      1.25951      944.63      -2842.6      -1897.97      0.630195      197.607
710      52.3345      1.27256      954.419      -2852.67      -1898.25      0.629295      197.603
711      52.4082      1.28427      963.2      -2862.03      -1898.83      0.628398      197.599
712      52.4819      1.29406      970.546      -2870.14      -1899.59      0.627503      197.595
713      52.5556      1.30168      976.262      -2876.68      -1900.42      0.626611      197.591
714      52.6293      1.30716      980.372      -2881.59      -1901.22      0.625721      197.588
715      52.703      1.31073      983.045      -2884.96      -1901.91      0.624836      197.584
716      52.7767      1.31266      984.497      -2886.99      -1902.49      0.623953      197.581
717      52.8504      1.31331      984.984      -2887.92      -1902.94      0.623075      197.579
718      52.9242      1.31306      984.798      -2888.03      -1903.23      0.622201      197.577
719      52.9979      1.3124      984.301      -2887.63      -1903.33      0.621331      197.575
720      53.0716      1.31191      983.933      -2887.13      -1903.2      0.620465      197.574
721      53.1453      1.31225      984.184      -2887.01      -1902.83      0.619603      197.574
722      53.219      1.31403      985.52      -2887.75      -1902.23      0.618745      197.574
723      53.2927      1.31767      988.256      -2889.77      -1901.51      0.617891      197.575
724      53.3664      1.32323      992.42      -2893.24      -1900.82      0.617041      197.576
725      53.4401      1.33022      997.663      -2898.01      -1900.35      0.616193      197.577
726      53.5138      1.33773      1003.3      -2903.56      -1900.26      0.615349      197.578
727      53.5876      1.34458      1008.43      -2909.06      -1900.63      0.614506      197.579
728      53.6613      1.34962      1012.22      -2913.63      -1901.41      0.613665      197.58
729      53.735      1.35197      1013.98      -2916.47      -1902.49      0.612826      197.581
730      53.8087      1.3512      1013.4      -2917.08      -1903.68      0.611987      197.581
731      53.8824      1.34735      1010.51      -2915.33      -1904.82      0.611149      197.581
732      53.9561      1.3408      1005.6      -2911.39      -1905.79      0.610311      197.58
733      54.0298      1.33209      999.07      -2905.61      -1906.54      0.609473      197.578
734      54.1035      1.32187      991.399      -2898.45      -1907.05      0.608636      197.576
735      54.1772      1.31072      983.042      -2890.37      -1907.33      0.607799      197.573
736      54.2509      1.29928      974.464      -2881.84      -1907.38      0.606963      197.57
737      54.3247      1.28814      966.107      -2873.32      -1907.21      0.606127      197.566
738      54.3984      1.27778      958.333      -2865.21      -1906.88      0.605292      197.561
739      54.4721      1.26844      951.33      -2857.8      -1906.48      0.604458      197.557
740      54.5458      1.2601      945.075      -2851.18      -1906.1      0.603625      197.551
741      54.6195      1.25257      939.424      -2845.24      -1905.81      0.602792      197.545
742      54.6932      1.24563      934.224      -2839.81      -1905.59      0.601959      197.538
743      54.7669      1.23928      929.462      -2834.81      -1905.35      0.601126      197.531
744      54.8406      1.23379      925.343      -2830.33      -1904.98      0.600292      197.522
745      54.9143      1.22973      922.297      -2826.67      -1904.38      0.599458      197.513
746      54.9881      1.22786      920.892      -2824.37      -1903.48      0.598622      197.502
747      55.0618      1.22885      921.637      -2823.99      -1902.35      0.597785      197.491
748      55.1355      1.23303      924.77      -2825.92      -1901.15      0.596946      197.477
749      55.2092      1.24018      930.138      -2830.21      -1900.08      0.596106      197.463
750      55.2829      1.24959      937.193      -2836.51      -1899.32      0.595264      197.447
751      55.3566      1.26021      945.156      -2844.12      -1898.97      0.594421      197.431
752      55.4303      1.27092      953.188      -2852.22      -1899.04      0.593577      197.413
753      55.504      1.28076      960.57      -2860.01      -1899.44      0.592734      197.395
754      55.5777      1.28909      966.817      -2866.88      -1900.07      0.591892      197.376
755      55.6514      1.29558      971.682      -2872.46      -1900.78      0.591051      197.357
756      55.7252      1.30018      975.133      -2876.63      -1901.5      0.590211      197.338
757      55.7989      1.30297      977.226      -2879.4      -1902.17      0.589374      197.319
758      55.8726      1.30408      978.058      -2880.86      -1902.8      0.58854      197.299
759      55.9463      1.3037      977.771      -2881.11      -1903.34      0.587707      197.28
760      56.02      1.30212      976.588      -2880.35      -1903.76      0.586876      197.261
761      56.0937      1.29975      974.816      -2878.83      -1904.01      0.586048      197.242
762      56.1674      1.29713      972.85      -2876.91      -1904.06      0.585221      197.222
763      56.2411      1.29482      971.118      -2875.01      -1903.89      0.584396      197.203
764      56.3148      1.2933      969.974      -2873.53      -1903.56      0.583573      197.183
765      56.3886      1.29279      969.592      -2872.76      -1903.17      0.582751      197.163
766      56.4623      1.2932      969.897      -2872.74      -1902.85      0.58193      197.143
767      56.536      1.29411      970.581      -2873.28      -1902.7      0.581111      197.122
768      56.6097      1.29496      971.22      -2874      -1902.78      0.580294      197.102
769      56.6834      1.29527      971.452      -2874.47      -1903.02      0.579479      197.081
770      56.7571      1.2948      971.101      -2874.42      -1903.32      0.578666      197.06
771      56.8308      1.29365      970.237      -2873.79      -1903.55      0.577855      197.04
772      56.9045      1.2922      969.15      -2872.78      -1903.63      0.577048      197.02
773      56.9782      1.29098      968.233      -2871.73      -1903.49      0.576243      197
774      57.0519      1.29053      967.897      -2871.06      -1903.16      0.575443      196.981
775      57.1257      1.29132      968.487      -2871.15      -1902.66      0.574646      196.962
776      57.1994      1.29367      970.25      -2872.31      -1902.06      0.573853      196.944
777      57.2731      1.29773      973.298      -2874.72      -1901.42      0.573064      196.927
778      57.3468      1.30343      977.57      -2878.41      -1900.84      0.572279      196.91
779      57.4205      1.31039      982.792      -2883.2      -1900.41      0.571499      196.894
780      57.4942      1.31798      988.482      -2888.74      -1900.26      0.570722      196.879
781      57.5679      1.32533      994      -2894.43      -1900.43      0.569949      196.865
782      57.6416      1.33155      998.662      -2899.61      -1900.95      0.569181      196.851
783      57.7153      1.3358      1001.85      -2903.6      -1901.76      0.568417      196.838
784      57.7891      1.3375      1003.13      -2905.88      -1902.75      0.567658      196.826
785      57.8628      1.33642      1002.32      -2906.12      -1903.8      0.566903      196.816
786      57.9365      1.33268      999.509      -2904.28      -1904.77      0.566154      196.806
787      58.0102      1.3267      995.029      -2900.58      -1905.55      0.56541      196.797
788      58.0839      1.31913      989.35      -2895.43      -1906.08      0.564671      196.79
789      58.1576      1.31064      982.981      -2889.33      -1906.35      0.563937      196.783
790      58.2313      1.30183      976.372      -2882.78      -1906.41      0.563209      196.778
791      58.305      1.2931      969.823      -2876.17      -1906.34      0.562486      196.775
792      58.3787      1.28464      963.479      -2869.7      -1906.22      0.561768      196.772
793      58.4524      1.27638      957.285      -2863.43      -1906.14      0.561055      196.77
794      58.5262      1.26802      951.013      -2857.22      -1906.2      0.560346      196.769
795      58.5999      1.25912      944.338      -2850.77      -1906.43      0.559643      196.77
796      58.6736      1.24927      936.953      -2843.75      -1906.8      0.558943      196.771
797      58.7473      1.23831      928.73      -2835.93      -1907.2      0.558248      196.773
798      58.821      1.22648      919.857      -2827.33      -1907.47      0.557558      196.777
799      58.8947      1.21454      910.907      -2818.32      -1907.41      0.556871      196.78
800      58.9684      1.20366      902.746      -2809.64      -1906.89      0.556187      196.785
801      59.0421      1.19516      896.371      -2802.25      -1905.88      0.555507      196.79
802      59.1158      1.19014      892.606      -2797.1      -1904.49      0.55483      196.796
803      59.1896      1.18922      891.917      -2794.85      -1902.93      0.554157      196.802
804      59.2633      1.19246      894.349      -2795.74      -1901.39      0.553487      196.809
805      59.337      1.19946      899.594      -2799.64      -1900.05      0.552821      196.816
806      59.4107      1.20946      907.094      -2806.1      -1899.01      0.552159      196.825
807      59.4844      1.22152      916.137      -2814.48      -1898.34      0.5515      196.834
808      59.5581      1.23459      925.945      -2824.02      -1898.07      0.550846      196.844
809      59.6318      1.24764      935.727      -2833.91      -1898.19      0.550194      196.854
810      59.7055      1.2597      944.773      -2843.42      -1898.65      0.549546      196.866
811      59.7792      1.26997      952.479      -2851.87      -1899.39      0.5489      196.877
812      59.8529      1.27786      958.397      -2858.73      -1900.34      0.548258      196.889
813      59.9267      1.28297      962.229      -2863.64      -1901.41      0.547618      196.901
814      60.0004      1.28515      963.863      -2866.37      -1902.51      0.54698      196.914
815      60.0741      1.28456      963.42      -2866.93      -1903.51      0.546345      196.927
816      60.1478      1.28175      961.313      -2865.59      -1904.27      0.545712      196.94
817      60.2215      1.27764      958.228      -2862.89      -1904.66      0.545082      196.954
818      60.2952      1.27332      954.993      -2859.62      -1904.63      0.544453      196.968
819      60.3689      1.26981      952.357      -2856.61      -1904.25      0.543827      196.981
820      60.4426      1.26768      950.763      -2854.46      -1903.7      0.543201      196.995
821      60.5163      1.267      950.25      -2853.42      -1903.17      0.542576      197.008
822      60.5901      1.2674      950.547      -2853.36      -1902.81      0.541952      197.021
823      60.6638      1.26832      951.242      -2853.91      -1902.66      0.541326      197.033
824      60.7375      1.26931      951.986      -2854.66      -1902.68      0.5407      197.045
825      60.8112      1.27008      952.558      -2855.34      -1902.78      0.540074      197.055
826      60.8849      1.27057      952.931      -2855.81      -1902.88      0.539446      197.065
827      60.9586      1.27095      953.212      -2856.12      -1902.91      0.538817      197.073
828      61.0323      1.27144      953.582      -2856.43      -1902.84      0.538188      197.081
829      61.106      1.27227      954.205      -2856.91      -1902.7      0.537559      197.089
830      61.1797      1.27359      955.193      -2857.71      -1902.51      0.536931      197.096
831      61.2534      1.27541      956.56      -2858.89      -1902.33      0.536303      197.102
832      61.3272      1.2777      958.278      -2860.43      -1902.16      0.535676      197.109
833      61.4009      1.28044      960.333      -2862.32      -1901.99      0.53505      197.115
834      61.4746      1.28371      962.785      -2864.57      -1901.78      0.534427      197.122
835      61.5483      1.28763      965.721      -2867.26      -1901.54      0.533805      197.129
836      61.622      1.29219      969.144      -2870.46      -1901.32      0.533186      197.136
837      61.6957      1.29711      972.833      -2874.07      -1901.23      0.53257      197.144
838      61.7694      1.30184      976.377      -2877.75      -1901.37      0.531957      197.152
839      61.8431      1.30579      979.341      -2881.06      -1901.72      0.531348      197.161
840      61.9168      1.30857      981.427      -2883.61      -1902.18      0.530742      197.171
841      61.9906      1.31008      982.561      -2885.22      -1902.66      0.53014      197.182
842      62.0643      1.31055      982.914      -2885.93      -1903.02      0.529541      197.193
843      62.138      1.31045      982.838      -2886.03      -1903.19      0.528945      197.205
844      62.2117      1.31035      982.763      -2885.9      -1903.14      0.528352      197.218
845      62.2854      1.31073      983.047      -2885.97      -1902.92      0.527761      197.231
846      62.3591      1.31188      983.912      -2886.53      -1902.62      0.527172      197.244
847      62.4328      1.3139      985.424      -2887.72      -1902.3      0.526586      197.257
848      62.5065      1.31669      987.52      -2889.54      -1902.02      0.526      197.271
849      62.5802      1.32011      990.083      -2891.88      -1901.8      0.525417      197.284
850      62.6539      1.32395      992.961      -2894.62      -1901.66      0.524835      197.298
851      62.7277      1.32801      996.01      -2897.6      -1901.59      0.524254      197.311
852      62.8014      1.33217      999.129      -2900.69      -1901.56      0.523673      197.324
853      62.8751      1.33641      1002.31      -2903.84      -1901.53      0.523094      197.337
854      62.9488      1.34081      1005.61      -2907.07      -1901.46      0.522515      197.35
855      63.0225      1.34546      1009.09      -2910.46      -1901.37      0.521936      197.362
856      63.0962      1.35029      1012.72      -2914.03      -1901.32      0.521358      197.374
857      63.1699      1.35502      1016.26      -2917.66      -1901.4      0.520778      197.385
858      63.2436      1.35909      1019.32      -2921.02      -1901.7      0.520199      197.396
859      63.3173      1.36181      1021.36      -2923.63      -1902.27      0.519618      197.405
860      63.3911      1.3625      1021.87      -2924.96      -1903.09      0.519037      197.414
861      63.4648      1.36061      1020.46      -2924.54      -1904.09      0.518455      197.422
862      63.5385      1.35594      1016.95      -2922.09      -1905.13      0.517871      197.429
863      63.6122      1.34863      1011.47      -2917.55      -1906.08      0.517287      197.435
864      63.6859      1.3392      1004.4      -2911.21      -1906.81      0.516702      197.44
865      63.7596      1.32847      996.349      -2903.56      -1907.21      0.516116      197.444
866      63.8333      1.31734      988.005      -2895.28      -1907.27      0.515529      197.448
867      63.907      1.30661      979.956      -2887.01      -1907.06      0.514942      197.45
868      63.9807      1.29673      972.546      -2879.25      -1906.71      0.514354      197.452
869      64.0544      1.28774      965.802      -2872.18      -1906.38      0.513765      197.454
870      64.1282      1.27936      959.521      -2865.69      -1906.17      0.513176      197.454
871      64.2019      1.27124      953.426      -2859.53      -1906.1      0.512586      197.454
872      64.2756      1.26315      947.361      -2853.45      -1906.08      0.511995      197.453
873      64.3493      1.2552      941.397      -2847.4      -1906      0.511404      197.451
874      64.423      1.24782      935.863      -2841.59      -1905.73      0.510812      197.448
875      64.4967      1.24171      931.284      -2836.46      -1905.18      0.51022      197.445
876      64.5704      1.23767      928.25      -2832.59      -1904.34      0.509628      197.441
877      64.6441      1.23632      927.239      -2830.52      -1903.28      0.509036      197.437
878      64.7178      1.23796      928.472      -2830.63      -1902.15      0.508444      197.432
879      64.7916      1.24243      931.825      -2832.96      -1901.13      0.507852      197.427
880      64.8653      1.24914      936.855      -2837.23      -1900.37      0.507261      197.422
881      64.939      1.25717      942.876      -2842.85      -1899.98      0.50667      197.416
882      65.0127      1.2654      949.051      -2849.06      -1900.01      0.50608      197.41
883      65.0864      1.27272      954.54      -2854.99      -1900.45      0.505491      197.404
884      65.1601      1.27815      958.614      -2859.86      -1901.24      0.504903      197.397
885      65.2338      1.28104      960.778      -2863.02      -1902.24      0.504315      197.39
886      65.3075      1.28116      960.874      -2864.15      -1903.27      0.503728      197.384
887      65.3812      1.27884      959.131      -2863.27      -1904.14      0.503143      197.377
888      65.4549      1.27476      956.073      -2860.79      -1904.72      0.502559      197.37
889      65.5287      1.26978      952.332      -2857.32      -1904.99      0.501976      197.363
890      65.6024      1.26454      948.405      -2853.44      -1905.04      0.501394      197.356
891      65.6761      1.25931      944.484      -2849.51      -1905.03      0.500814      197.349
892      65.7498      1.25397      940.481      -2845.57      -1905.09      0.500236      197.342
893      65.8235      1.24826      936.195      -2841.44      -1905.25      0.499659      197.336
894      65.8972      1.24205      931.541      -2836.97      -1905.43      0.499084      197.33
895      65.9709      1.23562      926.711      -2832.18      -1905.47      0.498512      197.324
896      66.0446      1.22955      922.161      -2827.42      -1905.26      0.497943      197.319
897      66.1183      1.22465      918.487      -2823.23      -1904.74      0.497377      197.314
898      66.1921      1.22165      916.24      -2820.21      -1903.97      0.496814      197.311
899      66.2658      1.221      915.754      -2818.81      -1903.06      0.496256      197.309
900      66.3395      1.22273      917.05      -2819.23      -1902.18      0.495701      197.307
901      66.4132      1.2264      919.802      -2821.3      -1901.5      0.495151      197.307
902      66.4869      1.23119      923.391      -2824.55      -1901.16      0.494605      197.309
903      66.5606      1.23605      927.037      -2828.26      -1901.23      0.494063      197.311
904      66.6343      1.24      930.001      -2831.64      -1901.64      0.493526      197.315
905      66.708      1.24237      931.776      -2834.04      -1902.27      0.492992      197.319
906      66.7817      1.24301      932.26      -2835.16      -1902.9      0.492462      197.325
907      66.8554      1.24231      931.732      -2835.08      -1903.35      0.491935      197.331
908      66.9292      1.24089      930.668      -2834.23      -1903.56      0.491411      197.338
909      67.0029      1.23936      929.521      -2833.07      -1903.55      0.490888      197.346
910      67.0766      1.23812      928.593      -2832.01      -1903.42      0.490368      197.353
911      67.1503      1.2374      928.047      -2831.26      -1903.21      0.489848      197.361
912      67.224      1.23733      927.995      -2830.95      -1902.95      0.489329      197.368
913      67.2977      1.23811      928.584      -2831.19      -1902.61      0.48881      197.375
914      67.3714      1.24      930.002      -2832.18      -1902.17      0.488292      197.381
915      67.4451      1.24322      932.416      -2834.08      -1901.66      0.487774      197.388
916      67.5188      1.24786      935.898      -2837.02      -1901.12      0.487257      197.394
917      67.5926      1.25387      940.401      -2841.03      -1900.63      0.486741      197.4
918      67.6663      1.26104      945.779      -2846      -1900.22      0.486227      197.407
919      67.74      1.2691      951.824      -2851.74      -1899.92      0.485716      197.414
920      67.8137      1.2777      958.274      -2858.03      -1899.75      0.485208      197.423
921      67.8874      1.28644      964.834      -2864.57      -1899.74      0.484703      197.432
922      67.9611      1.29491      971.181      -2871.07      -1899.89      0.484202      197.441
923      68.0348      1.30269      977.02      -2877.2      -1900.18      0.483704      197.452
924      68.1085      1.30956      982.168      -2882.72      -1900.55      0.48321      197.464
925      68.1822      1.31545      986.585      -2887.51      -1900.92      0.482718      197.477
926      68.2559      1.32048      990.36      -2891.6      -1901.24      0.482229      197.49
927      68.3297      1.32479      993.594      -2895.11      -1901.52      0.481741      197.503
928      68.4034      1.32838      996.286      -2898.09      -1901.81      0.481255      197.517
929      68.4771      1.33102      998.263      -2900.47      -1902.21      0.480771      197.531
930      68.5508      1.33232      999.24      -2901.99      -1902.75      0.480288      197.545
931      68.6245      1.33198      998.982      -2902.38      -1903.39      0.479806      197.559
932      68.6982      1.32987      997.405      -2901.46      -1904.05      0.479325      197.573
933      68.7719      1.32619      994.646      -2899.26      -1904.61      0.478844      197.586
934      68.8456      1.32143      991.07      -2896.04      -1904.97      0.478365      197.6
935      68.9193      1.31631      987.231      -2892.25      -1905.02      0.477885      197.613
936      68.9931      1.31179      983.842      -2888.54      -1904.7      0.477406      197.626
937      69.0668      1.30888      981.661      -2885.67      -1904      0.476927      197.639
938      69.1405      1.30845      981.334      -2884.35      -1903.02      0.476448      197.651
939      69.2142      1.31089      983.169      -2885.1      -1901.93      0.475968      197.662
940      69.2879      1.31597      986.979      -2887.98      -1901      0.475488      197.673
941      69.3616      1.32281      992.11      -2892.56      -1900.45      0.475008      197.684
942      69.4353      1.3302      997.652      -2898.01      -1900.36      0.474527      197.693
943      69.509      1.33691      1002.68      -2903.41      -1900.73      0.474045      197.702
944      69.5827      1.34195      1006.46      -2907.9      -1901.44      0.473562      197.71
945      69.6564      1.34469      1008.52      -2910.87      -1902.35      0.473078      197.718
946      69.7302      1.34483      1008.62      -2911.96      -1903.34      0.472593      197.724
947      69.8039      1.3424      1006.8      -2911.09      -1904.29      0.472107      197.729
948      69.8776      1.33765      1003.24      -2908.36      -1905.12      0.471619      197.734
949      69.9513      1.33101      998.261      -2904.04      -1905.78      0.471129      197.737
950      70.025      1.32302      992.265      -2898.5      -1906.23      0.470637      197.738
951      70.0987      1.31425      985.688      -2892.15      -1906.46      0.470144      197.739
952      70.1724      1.30527      978.954      -2885.44      -1906.48      0.469648      197.738
953      70.2461      1.29658      972.434      -2878.76      -1906.33      0.469149      197.736
954      70.3198      1.28851      966.382      -2872.44      -1906.06      0.468649      197.732
955      70.3936      1.28122      960.914      -2866.67      -1905.75      0.468146      197.727
956      70.4673      1.27469      956.018      -2861.48      -1905.46      0.467642      197.721
957      70.541      1.26877      951.578      -2856.82      -1905.24      0.467136      197.713
958      70.6147      1.26326      947.442      -2852.53      -1905.09      0.466628      197.705
959      70.6884      1.25802      943.517      -2848.5      -1904.98      0.466119      197.695
960      70.7621      1.25312      939.841      -2844.68      -1904.84      0.46561      197.685
961      70.8358      1.24878      936.587      -2841.18      -1904.59      0.465101      197.675
962      70.9095      1.24538      934.034      -2838.23      -1904.2      0.464593      197.664
963      70.9832      1.24328      932.462      -2836.14      -1903.67      0.464085      197.654
964      71.0569      1.24277      932.079      -2835.14      -1903.06      0.46358      197.643
965      71.1307      1.24403      933.019      -2835.4      -1902.38      0.463077      197.634
966      71.2044      1.24708      935.312      -2837.02      -1901.71      0.462576      197.625
967      71.2781      1.25188      938.912      -2839.98      -1901.07      0.462079      197.617
968      71.3518      1.25826      943.697      -2844.2      -1900.5      0.461585      197.609
969      71.4255      1.26593      949.448      -2849.51      -1900.06      0.461095      197.604
970      71.4992      1.27445      955.838      -2855.63      -1899.8      0.460609      197.599
971      71.5729      1.28326      962.445      -2862.2      -1899.75      0.460128      197.596
972      71.6466      1.29175      968.814      -2868.75      -1899.93      0.45965      197.594
973      71.7203      1.29939      974.543      -2874.85      -1900.31      0.459177      197.594
974      71.7941      1.30576      979.317      -2880.15      -1900.83      0.458708      197.595
975      71.8678      1.31051      982.886      -2884.36      -1901.47      0.458243      197.597
976      71.9415      1.31333      985.001      -2887.24      -1902.23      0.457781      197.601
977      72.0152      1.31383      985.374      -2888.52      -1903.14      0.457323      197.605
978      72.0889      1.31167      983.756      -2887.92      -1904.17      0.456867      197.61
979      72.1626      1.3067      980.021      -2885.25      -1905.22      0.456414      197.616
980      72.2363      1.29903      974.276      -2880.47      -1906.19      0.455963      197.622
981      72.31      1.28924      966.927      -2873.85      -1906.92      0.455513      197.629
982      72.3837      1.27822      958.664      -2865.94      -1907.28      0.455065      197.636
983      72.4574      1.26716      950.373      -2857.55      -1907.17      0.454617      197.643
984      72.5312      1.25728      942.959      -2849.59      -1906.63      0.454171      197.649
985      72.6049      1.24951      937.131      -2842.9      -1905.77      0.453724      197.655
986      72.6786      1.24433      933.244      -2838.03      -1904.78      0.453278      197.661
987      72.7523      1.24166      931.242      -2835.11      -1903.87      0.452832      197.667
988      72.826      1.241      930.751      -2833.92      -1903.17      0.452385      197.673
989      72.8997      1.24163      931.222      -2833.99      -1902.77      0.451939      197.678
990      72.9734      1.24281      932.107      -2834.73      -1902.62      0.451493      197.682
991      73.0471      1.24398      932.988      -2835.66      -1902.67      0.451047      197.686
992      73.1208      1.24486      933.644      -2836.44      -1902.8      0.450601      197.69
993      73.1946      1.2454      934.053      -2836.97      -1902.92      0.450155      197.693
994      73.2683      1.24581      934.358      -2837.3      -1902.94      0.449708      197.696
995      73.342      1.24641      934.805      -2837.65      -1902.84      0.449261      197.698
996      73.4157      1.24757      935.674      -2838.27      -1902.6      0.448813      197.7
997      73.4894      1.24962      937.215      -2839.45      -1902.24      0.448365      197.7
998      73.5631      1.25277      939.575      -2841.4      -1901.82      0.447916      197.701
999      73.6368      1.25702      942.764      -2844.18      -1901.42      0.447466      197.7
1000      73.7105      1.26218      946.634      -2847.74      -1901.11      0.447016      197.699
1000      73.7105      1.26218      946.634      -2847.74      -1901.11      0.447016      197.699
Execution time in seconds: 1.81905
