Timestep Time Temperature KineticEnergy PotentialEnergy TotalEnergy DiffusionConstant MeanSquareDisplacement
1      0.0421632      2.42948      1822.11      -3727.68      -1905.57      779.264      197.137
2      0.0843263      2.41942      1814.56      -3720.14      -1905.57      389.644      197.143
3      0.126489      2.40263      1801.97      -3707.55      -1905.58      259.771      197.15
4      0.168653      2.37905      1784.29      -3689.87      -1905.58      194.835      197.156
5      0.210816      2.34862      1761.46      -3667.06      -1905.59      155.873      197.163
6      0.252979      2.31126      1733.44      -3639.05      -1905.6      129.899      197.17
7      0.295142      2.2669      1700.17      -3605.79      -1905.61      111.346      197.176
8      0.337305      2.21548      1661.61      -3567.23      -1905.62      97.4308      197.184
9      0.379468      2.15697      1617.73      -3523.36      -1905.63      86.6083      197.191
10      0.421632      2.09143      1568.57      -3474.21      -1905.63      77.9503      197.198
11      0.463795      2.01901      1514.26      -3419.89      -1905.63      70.8665      197.205
12      0.505958      1.94003      1455.02      -3360.64      -1905.62      64.9634      197.212
13      0.548121      1.85497      1391.23      -3296.82      -1905.59      59.9684      197.22
14      0.590284      1.7646      1323.45      -3229.01      -1905.56      55.687      197.227
15      0.632447      1.66993      1252.45      -3157.95      -1905.51      51.9764      197.234
16      0.674611      1.57228      1179.21      -3084.65      -1905.44      48.7296      197.241
17      0.716774      1.47325      1104.94      -3010.3      -1905.36      45.8647      197.248
18      0.758937      1.3747      1031.02      -2936.29      -1905.27      43.3182      197.255
19      0.8011      1.27863      958.975      -2864.15      -1905.18      41.0396      197.261
20      0.843263      1.18711      890.334      -2795.42      -1905.09      38.9889      197.267
21      0.885426      1.1021      826.573      -2731.58      -1905.01      37.1334      197.273
22      0.927589      1.02531      768.982      -2673.93      -1904.95      35.4465      197.279
23      0.969753      0.958099      718.574      -2623.48      -1904.91      33.9063      197.284
24      1.01192      0.901367      676.025      -2580.91      -1904.89      32.4943      197.289
25      1.05408      0.855526      641.644      -2546.54      -1904.89      31.1953      197.294
26      1.09624      0.820521      615.391      -2520.3      -1904.91      29.9961      197.298
27      1.13841      0.795887      596.915      -2501.87      -1904.95      28.8858      197.302
28      1.18057      0.780837      585.628      -2490.63      -1905      27.8547      197.306
29      1.22273      0.774362      580.772      -2485.82      -1905.05      26.8946      197.31
30      1.26489      0.77533      581.497      -2486.6      -1905.1      25.9986      197.313
31      1.30706      0.782566      586.924      -2492.08      -1905.15      25.1603      197.316
32      1.34922      0.794923      596.192      -2501.39      -1905.2      24.3744      197.318
33      1.39138      0.811324      608.493      -2513.73      -1905.24      23.636      197.321
34      1.43355      0.830794      623.096      -2528.37      -1905.28      22.9411      197.323
35      1.47571      0.852467      639.35      -2544.66      -1905.31      22.2859      197.325
36      1.51787      0.875588      656.691      -2562.02      -1905.33      21.667      197.327
37      1.56004      0.899514      674.635      -2579.99      -1905.35      21.0816      197.329
38      1.6022      0.923698      692.774      -2598.14      -1905.37      20.527      197.33
39      1.64436      0.947678      710.758      -2616.14      -1905.38      20.0008      197.331
40      1.68653      0.971057      728.293      -2633.69      -1905.4      19.5009      197.333
41      1.72869      0.993496      745.122      -2650.53      -1905.41      19.0254      197.334
42      1.77085      1.0147      761.023      -2666.44      -1905.41      18.5725      197.335
43      1.81302      1.03441      775.805      -2681.23      -1905.42      18.1406      197.336
44      1.85518      1.05241      789.305      -2694.73      -1905.43      17.7284      197.336
45      1.89734      1.06852      801.388      -2706.82      -1905.43      17.3345      197.337
46      1.93951      1.0826      811.952      -2717.39      -1905.44      16.9577      197.338
47      1.98167      1.09458      820.935      -2726.37      -1905.44      16.597      197.338
48      2.02383      1.10442      828.315      -2733.75      -1905.43      16.2513      197.339
49      2.06599      1.11216      834.117      -2739.55      -1905.43      15.9197      197.34
50      2.10816      1.11788      838.409      -2743.83      -1905.42      15.6013      197.341
51      2.15032      1.12174      841.306      -2746.72      -1905.41      15.2955      197.341
52      2.19248      1.12394      842.953      -2748.35      -1905.4      15.0014      197.342
53      2.23465      1.1247      843.525      -2748.91      -1905.39      14.7184      197.343
54      2.27681      1.12428      843.21      -2748.59      -1905.38      14.446      197.344
55      2.31897      1.12293      842.196      -2747.56      -1905.37      14.1834      197.345
56      2.36114      1.12088      840.662      -2746.02      -1905.36      13.9302      197.347
57      2.4033      1.11836      838.771      -2744.12      -1905.35      13.6859      197.348
58      2.44546      1.11555      836.664      -2742.01      -1905.34      13.4501      197.35
59      2.48763      1.11261      834.46      -2739.8      -1905.34      13.2222      197.351
60      2.52979      1.10969      832.265      -2737.6      -1905.34      13.002      197.353
61      2.57195      1.1069      830.178      -2735.51      -1905.33      12.7889      197.355
62      2.61412      1.1044      828.3      -2733.63      -1905.33      12.5828      197.358
63      2.65628      1.10232      826.74      -2732.06      -1905.32      12.3832      197.36
64      2.69844      1.10083      825.62      -2730.93      -1905.31      12.1899      197.362
65      2.74061      1.10008      825.064      -2730.37      -1905.31      12.0025      197.365
66      2.78277      1.10025      825.187      -2730.49      -1905.3      11.8208      197.368
67      2.82493      1.10144      826.08      -2731.38      -1905.3      11.6446      197.371
68      2.86709      1.10372      827.791      -2733.09      -1905.3      11.4735      197.373
69      2.90926      1.10709      830.316      -2735.62      -1905.3      11.3074      197.376
70      2.95142      1.11146      833.592      -2738.9      -1905.31      11.146      197.379
71      2.99358      1.11668      837.511      -2742.83      -1905.32      10.9892      197.382
72      3.03575      1.12258      841.934      -2747.26      -1905.33      10.8367      197.385
73      3.07791      1.12895      846.714      -2752.05      -1905.33      10.6884      197.387
74      3.12007      1.13561      851.708      -2757.05      -1905.34      10.5441      197.39
75      3.16224      1.14239      856.794      -2762.14      -1905.35      10.4036      197.392
76      3.2044      1.14917      861.878      -2767.23      -1905.35      10.2669      197.395
77      3.24656      1.15585      866.891      -2772.24      -1905.35      10.1336      197.397
78      3.28873      1.16239      871.789      -2777.14      -1905.35      10.0038      197.399
79      3.33089      1.16873      876.544      -2781.9      -1905.35      9.87725      197.4
80      3.37305      1.17485      881.137      -2786.49      -1905.35      9.75384      197.401
81      3.41522      1.18074      885.558      -2790.91      -1905.35      9.63346      197.402
82      3.45738      1.18639      889.794      -2795.15      -1905.35      9.516      197.403
83      3.49954      1.19178      893.834      -2799.19      -1905.35      9.40135      197.403
84      3.54171      1.19689      897.671      -2803.02      -1905.35      9.28941      197.402
85      3.58387      1.20173      901.298      -2806.65      -1905.35      9.18008      197.401
86      3.62603      1.2063      904.724      -2810.07      -1905.35      9.07327      197.4
87      3.66819      1.21062      907.963      -2813.31      -1905.35      8.96888      197.398
88      3.71036      1.21473      911.047      -2816.39      -1905.34      8.86685      197.395
89      3.75252      1.21869      914.019      -2819.36      -1905.34      8.76708      197.392
90      3.79468      1.22258      916.934      -2822.27      -1905.33      8.66951      197.388
91      3.83685      1.22647      919.854      -2825.18      -1905.33      8.57405      197.384
92      3.87901      1.23046      922.843      -2828.17      -1905.33      8.48065      197.379
93      3.92117      1.23461      925.959      -2831.28      -1905.32      8.38923      197.374
94      3.96334      1.239      929.249      -2834.57      -1905.32      8.29973      197.368
95      4.0055      1.24365      932.739      -2838.06      -1905.32      8.21211      197.362
96      4.04766      1.24857      936.429      -2841.75      -1905.32      8.12629      197.355
97      4.08983      1.25372      940.291      -2845.62      -1905.33      8.04222      197.348
98      4.13199      1.25903      944.269      -2849.6      -1905.33      7.95986      197.34
99      4.17415      1.26438      948.281      -2853.62      -1905.34      7.87915      197.333
100      4.21632      1.26964      952.23      -2857.58      -1905.35      7.80005      197.325
101      4.25848      1.27467      956.006      -2861.36      -1905.35      7.72251      197.317
102      4.30064      1.27933      959.498      -2864.86      -1905.36      7.64648      197.309
103      4.34281      1.28347      962.605      -2867.97      -1905.37      7.57193      197.3
104      4.38497      1.28699      965.242      -2870.61      -1905.37      7.49881      197.292
105      4.42713      1.2898      967.348      -2872.72      -1905.38      7.42709      197.284
106      4.46929      1.29185      968.885      -2874.26      -1905.38      7.35672      197.276
107      4.51146      1.29311      969.834      -2875.21      -1905.38      7.28768      197.268
108      4.55362      1.2936      970.201      -2875.58      -1905.38      7.21992      197.261
109      4.59578      1.29334      970.001      -2875.38      -1905.38      7.15341      197.253
110      4.63795      1.29235      969.261      -2874.64      -1905.38      7.08813      197.246
111      4.68011      1.29069      968.015      -2873.39      -1905.37      7.02404      197.24
112      4.72227      1.28841      966.304      -2871.68      -1905.37      6.9611      197.233
113      4.76444      1.28557      964.176      -2869.55      -1905.37      6.89929      197.227
114      4.8066      1.28225      961.687      -2867.05      -1905.37      6.83859      197.222
115      4.84876      1.27855      958.91      -2864.27      -1905.36      6.77895      197.217
116      4.89093      1.27457      955.93      -2861.29      -1905.36      6.72036      197.213
117      4.93309      1.27046      952.848      -2858.2      -1905.35      6.66278      197.209
118      4.97525      1.26638      949.781      -2855.13      -1905.34      6.6062      197.205
119      5.01742      1.26248      946.862      -2852.2      -1905.34      6.55058      197.202
120      5.05958      1.25896      944.221      -2849.55      -1905.33      6.4959      197.199
121      5.10174      1.25598      941.983      -2847.31      -1905.32      6.44214      197.197
122      5.14391      1.25366      940.248      -2845.57      -1905.32      6.38927      197.195
123      5.18607      1.25211      939.085      -2844.4      -1905.32      6.33727      197.193
124      5.22823      1.25137      938.526      -2843.84      -1905.32      6.28613      197.192
125      5.27039      1.25142      938.568      -2843.89      -1905.32      6.23581      197.191
126      5.31256      1.25225      939.191      -2844.51      -1905.32      6.1863      197.191
127      5.35472      1.25382      940.364      -2845.69      -1905.32      6.13759      197.19
128      5.39688      1.25608      942.06      -2847.38      -1905.32      6.08964      197.191
129      5.43905      1.25902      944.266      -2849.59      -1905.32      6.04246      197.191
130      5.48121      1.26264      946.979      -2852.3      -1905.32      5.99601      197.192
131      5.52337      1.26694      950.206      -2855.52      -1905.32      5.95028      197.194
132      5.56554      1.27193      953.95      -2859.27      -1905.32      5.90526      197.196
133      5.6077      1.2776      958.201      -2863.52      -1905.31      5.86093      197.198
134      5.64986      1.2839      962.927      -2868.24      -1905.32      5.81728      197.201
135      5.69203      1.29076      968.071      -2873.39      -1905.32      5.77429      197.204
136      5.73419      1.29806      973.548      -2878.87      -1905.33      5.73194      197.208
137      5.77635      1.30567      979.252      -2884.59      -1905.33      5.69022      197.212
138      5.81852      1.31342      985.062      -2890.4      -1905.34      5.64912      197.217
139      5.86068      1.32113      990.85      -2896.2      -1905.35      5.60862      197.222
140      5.90284      1.32866      996.497      -2901.85      -1905.35      5.56871      197.227
141      5.94501      1.33586      1001.89      -2907.25      -1905.36      5.52938      197.233
142      5.98717      1.3426      1006.95      -2912.31      -1905.36      5.49062      197.24
143      6.02933      1.34881      1011.6      -2916.97      -1905.36      5.4524      197.246
144      6.07149      1.35441      1015.81      -2921.17      -1905.36      5.41473      197.253
145      6.11366      1.35938      1019.53      -2924.9      -1905.36      5.37758      197.26
146      6.15582      1.3637      1022.77      -2928.14      -1905.36      5.34095      197.268
147      6.19798      1.36737      1025.52      -2930.89      -1905.36      5.30482      197.275
148      6.24015      1.37037      1027.78      -2933.14      -1905.37      5.26919      197.283
149      6.28231      1.3727      1029.53      -2934.89      -1905.37      5.23404      197.291
150      6.32447      1.37434      1030.75      -2936.12      -1905.37      5.19936      197.299
151      6.36664      1.37525      1031.44      -2936.81      -1905.37      5.16514      197.307
152      6.4088      1.37542      1031.56      -2936.93      -1905.37      5.13137      197.316
153      6.45096      1.37483      1031.12      -2936.49      -1905.37      5.09805      197.324
154      6.49313      1.37348      1030.11      -2935.48      -1905.37      5.06516      197.332
155      6.53529      1.37141      1028.56      -2933.92      -1905.37      5.0327      197.341
156      6.57745      1.36868      1026.51      -2931.87      -1905.36      5.00064      197.349
157      6.61962      1.36539      1024.04      -2929.4      -1905.36      4.969      197.357
158      6.66178      1.36165      1021.24      -2926.59      -1905.35      4.93775      197.365
159      6.70394      1.35761      1018.21      -2923.55      -1905.34      4.9069      197.373
160      6.74611      1.3534      1015.05      -2920.39      -1905.34      4.87642      197.381
161      6.78827      1.34916      1011.87      -2917.2      -1905.33      4.84632      197.389
162      6.83043      1.34502      1008.77      -2914.1      -1905.33      4.81659      197.396
163      6.87259      1.34107      1005.81      -2911.13      -1905.33      4.78722      197.404
164      6.91476      1.33737      1003.03      -2908.35      -1905.32      4.7582      197.411
165      6.95692      1.33395      1000.46      -2905.79      -1905.33      4.72952      197.418
166      6.99908      1.3308      998.102      -2903.43      -1905.33      4.70119      197.424
167      7.04125      1.3279      995.928      -2901.26      -1905.33      4.67319      197.431
168      7.08341      1.3252      993.904      -2899.24      -1905.33      4.64552      197.437
169      7.12557      1.32265      991.989      -2897.33      -1905.34      4.61817      197.443
170      7.16774      1.32019      990.139      -2895.48      -1905.34      4.59114      197.448
171      7.2099      1.31774      988.308      -2893.65      -1905.34      4.56441      197.454
172      7.25206      1.31527      986.45      -2891.8      -1905.35      4.53799      197.459
173      7.29423      1.3127      984.523      -2889.87      -1905.35      4.51187      197.464
174      7.33639      1.30997      982.481      -2887.83      -1905.35      4.48604      197.468
175      7.37855      1.30704      980.281      -2885.64      -1905.36      4.4605      197.472
176      7.42072      1.30384      977.883      -2883.24      -1905.36      4.43524      197.476
177      7.46288      1.30034      975.257      -2880.62      -1905.36      4.41025      197.479
178      7.50504      1.2965      972.378      -2877.74      -1905.36      4.38554      197.482
179      7.54721      1.29232      969.237      -2874.6      -1905.36      4.36109      197.484
180      7.58937      1.28779      965.845      -2871.21      -1905.36      4.33691      197.486
181      7.63153      1.28299      962.239      -2867.6      -1905.36      4.31298      197.488
182      7.67369      1.27798      958.486      -2863.84      -1905.35      4.2893      197.489
183      7.71586      1.2729      954.673      -2860.02      -1905.35      4.26587      197.489
184      7.75802      1.26788      950.91      -2856.25      -1905.34      4.24269      197.489
185      7.80018      1.26309      947.316      -2852.65      -1905.34      4.21974      197.489
186      7.84235      1.25867      944.004      -2849.33      -1905.33      4.19703      197.487
187      7.88451      1.25476      941.071      -2846.4      -1905.33      4.17455      197.486
188      7.92667      1.25144      938.583      -2843.91      -1905.32      4.1523      197.483
189      7.96884      1.24877      936.574      -2841.9      -1905.32      4.13027      197.481
190      8.011      1.24673      935.047      -2840.37      -1905.33      4.10847      197.477
191      8.05316      1.24531      933.985      -2839.31      -1905.33      4.08688      197.474
192      8.09533      1.24447      933.353      -2838.68      -1905.33      4.06551      197.47
193      8.13749      1.24414      933.106      -2838.44      -1905.33      4.04435      197.465
194      8.17965      1.24426      933.194      -2838.53      -1905.34      4.0234      197.46
195      8.22182      1.24475      933.561      -2838.9      -1905.34      4.00265      197.455
196      8.26398      1.24553      934.15      -2839.49      -1905.34      3.98211      197.449
197      8.30614      1.24654      934.904      -2840.25      -1905.35      3.96178      197.442
198      8.34831      1.2477      935.772      -2841.12      -1905.35      3.94164      197.436
199      8.39047      1.24894      936.705      -2842.06      -1905.35      3.92169      197.429
200      8.43263      1.25022      937.665      -2843.02      -1905.35      3.90194      197.422
201      8.47479      1.2515      938.625      -2843.98      -1905.35      3.88237      197.414
202      8.51696      1.25276      939.567      -2844.92      -1905.35      3.863      197.406
203      8.55912      1.25398      940.482      -2845.83      -1905.35      3.84381      197.398
204      8.60128      1.25514      941.358      -2846.71      -1905.35      3.8248      197.389
205      8.64345      1.25624      942.181      -2847.53      -1905.35      3.80598      197.381
206      8.68561      1.25724      942.933      -2848.29      -1905.35      3.78733      197.372
207      8.72777      1.25811      943.58      -2848.94      -1905.36      3.76886      197.362
208      8.76994      1.25877      944.081      -2849.44      -1905.36      3.75056      197.353
209      8.8121      1.25918      944.382      -2849.74      -1905.36      3.73243      197.343
210      8.85426      1.25924      944.429      -2849.79      -1905.36      3.71448      197.334
211      8.89643      1.25889      944.166      -2849.53      -1905.37      3.69669      197.324
212      8.93859      1.25807      943.55      -2848.92      -1905.37      3.67907      197.314
213      8.98075      1.25673      942.548      -2847.92      -1905.37      3.66161      197.304
214      9.02292      1.25487      941.151      -2846.52      -1905.37      3.64432      197.294
215      9.06508      1.25249      939.369      -2844.74      -1905.37      3.62719      197.284
216      9.10724      1.24965      937.234      -2842.6      -1905.37      3.61021      197.274
217      9.14941      1.24639      934.793      -2840.16      -1905.36      3.5934      197.265
218      9.19157      1.24281      932.111      -2837.47      -1905.36      3.57674      197.255
219      9.23373      1.23901      929.259      -2834.61      -1905.35      3.56023      197.245
220      9.27589      1.23509      926.318      -2831.67      -1905.35      3.54388      197.236
221      9.31806      1.23117      923.377      -2828.72      -1905.34      3.52768      197.226
222      9.36022      1.22738      920.532      -2825.87      -1905.34      3.51162      197.217
223      9.40238      1.22384      917.883      -2823.21      -1905.33      3.49571      197.208
224      9.44455      1.22071      915.535      -2820.86      -1905.32      3.47995      197.199
225      9.48671      1.21813      913.599      -2818.92      -1905.32      3.46434      197.191
226      9.52887      1.21624      912.182      -2817.49      -1905.31      3.44886      197.182
227      9.57104      1.21518      911.382      -2816.69      -1905.31      3.43352      197.174
228      9.6132      1.21505      911.285      -2816.59      -1905.3      3.41833      197.166
229      9.65536      1.21594      911.958      -2817.26      -1905.3      3.40326      197.159
230      9.69753      1.21792      913.441      -2818.74      -1905.3      3.38834      197.151
231      9.73969      1.221      915.747      -2821.05      -1905.3      3.37354      197.144
232      9.78185      1.22514      918.859      -2824.16      -1905.3      3.35888      197.137
233      9.82402      1.2303      922.723      -2828.03      -1905.31      3.34435      197.13
234      9.86618      1.23634      927.256      -2832.57      -1905.32      3.32994      197.123
235      9.90834      1.24312      932.342      -2837.67      -1905.32      3.31566      197.116
236      9.95051      1.25045      937.837      -2843.17      -1905.33      3.30151      197.11
237      9.99267      1.25811      943.58      -2848.92      -1905.34      3.28748      197.104
238      10.0348      1.26587      949.4      -2854.76      -1905.35      3.27356      197.098
239      10.077      1.27351      955.13      -2860.49      -1905.36      3.25977      197.092
240      10.1192      1.28081      960.611      -2865.98      -1905.37      3.24609      197.086
241      10.1613      1.2876      965.703      -2871.08      -1905.38      3.23254      197.081
242      10.2035      1.29373      970.294      -2875.68      -1905.38      3.21909      197.076
243      10.2456      1.29907      974.299      -2879.68      -1905.39      3.20576      197.07
244      10.2878      1.30355      977.665      -2883.05      -1905.39      3.19254      197.065
245      10.33      1.30716      980.371      -2885.76      -1905.39      3.17942      197.06
246      10.3721      1.3099      982.425      -2887.81      -1905.38      3.16642      197.055
247      10.4143      1.31181      983.86      -2889.24      -1905.38      3.15352      197.05
248      10.4565      1.31298      984.733      -2890.11      -1905.37      3.14073      197.046
249      10.4986      1.31349      985.116      -2890.48      -1905.37      3.12804      197.041
250      10.5408      1.31346      985.094      -2890.46      -1905.36      3.11546      197.036
251      10.583      1.31301      984.754      -2890.11      -1905.36      3.10297      197.032
252      10.6251      1.31224      984.178      -2889.53      -1905.35      3.09059      197.027
253      10.6673      1.31125      983.438      -2888.79      -1905.35      3.0783      197.023
254      10.7094      1.31011      982.586      -2887.93      -1905.35      3.06612      197.018
255      10.7516      1.30887      981.651      -2887      -1905.35      3.05403      197.014
256      10.7938      1.30752      980.643      -2885.99      -1905.35      3.04203      197.01
257      10.8359      1.30607      979.551      -2884.9      -1905.35      3.03013      197.006
258      10.8781      1.30447      978.351      -2883.7      -1905.35      3.01833      197.002
259      10.9203      1.30268      977.01      -2882.37      -1905.36      3.00662      196.998
260      10.9624      1.30066      975.492      -2880.85      -1905.36      2.995      196.995
261      11.0046      1.29835      973.765      -2879.13      -1905.36      2.98348      196.992
262      11.0467      1.29574      971.807      -2877.17      -1905.36      2.97205      196.989
263      11.0889      1.2928      969.602      -2874.96      -1905.36      2.96071      196.986
264      11.1311      1.28954      967.153      -2872.51      -1905.36      2.94946      196.984
265      11.1732      1.28597      964.477      -2869.84      -1905.36      2.9383      196.982
266      11.2154      1.28213      961.6      -2866.96      -1905.36      2.92723      196.98
267      11.2576      1.27809      958.566      -2863.92      -1905.35      2.91625      196.979
268      11.2997      1.2739      955.427      -2860.78      -1905.35      2.90535      196.978
269      11.3419      1.26966      952.248      -2857.59      -1905.35      2.89455      196.978
270      11.3841      1.26547      949.1      -2854.44      -1905.34      2.88383      196.978
271      11.4262      1.26142      946.061      -2851.4      -1905.33      2.87319      196.978
272      11.4684      1.25762      943.212      -2848.54      -1905.33      2.86264      196.979
273      11.5105      1.25417      940.631      -2845.96      -1905.33      2.85218      196.981
274      11.5527      1.25118      938.387      -2843.71      -1905.32      2.84179      196.982
275      11.5949      1.24872      936.542      -2841.86      -1905.32      2.83149      196.984
276      11.637      1.24686      935.141      -2840.46      -1905.32      2.82127      196.987
277      11.6792      1.24562      934.213      -2839.53      -1905.32      2.81112      196.99
278      11.7214      1.24501      933.76      -2839.08      -1905.32      2.80106      196.993
279      11.7635      1.24502      933.768      -2839.09      -1905.32      2.79107      196.997
280      11.8057      1.24561      934.204      -2839.53      -1905.33      2.78116      197.001
281      11.8478      1.24669      935.018      -2840.35      -1905.33      2.77132      197.005
282      11.89      1.2482      936.149      -2841.48      -1905.33      2.76155      197.009
283      11.9322      1.25005      937.538      -2842.88      -1905.34      2.75186      197.014
284      11.9743      1.25217      939.125      -2844.47      -1905.34      2.74223      197.019
285      12.0165      1.25448      940.859      -2846.2      -1905.34      2.73268      197.023
286      12.0587      1.25693      942.699      -2848.04      -1905.34      2.72319      197.028
287      12.1008      1.25949      944.616      -2849.96      -1905.35      2.71377      197.033
288      12.143      1.26212      946.59      -2851.94      -1905.35      2.70442      197.039
289      12.1852      1.26482      948.612      -2853.96      -1905.35      2.69514      197.044
290      12.2273      1.26757      950.681      -2856.03      -1905.35      2.68591      197.049
291      12.2695      1.27039      952.795      -2858.14      -1905.35      2.67676      197.054
292      12.3116      1.27327      954.955      -2860.3      -1905.35      2.66766      197.06
293      12.3538      1.27622      957.161      -2862.51      -1905.35      2.65863      197.065
294      12.396      1.27922      959.417      -2864.76      -1905.35      2.64966      197.071
295      12.4381      1.2823      961.724      -2867.07      -1905.35      2.64075      197.076
296      12.4803      1.28546      964.091      -2869.44      -1905.35      2.63191      197.082
297      12.5225      1.2887      966.525      -2871.87      -1905.35      2.62312      197.087
298      12.5646      1.29204      969.027      -2874.37      -1905.34      2.61439      197.093
299      12.6068      1.29546      971.595      -2876.94      -1905.35      2.60573      197.099
300      12.6489      1.29894      974.208      -2879.56      -1905.35      2.59712      197.105
301      12.6911      1.30244      976.831      -2882.18      -1905.35      2.58858      197.111
302      12.7333      1.30587      979.406      -2884.76      -1905.36      2.58009      197.118
303      12.7754      1.30914      981.858      -2887.22      -1905.36      2.57166      197.124
304      12.8176      1.31214      984.105      -2889.47      -1905.37      2.56329      197.131
305      12.8598      1.31475      986.063      -2891.44      -1905.37      2.55497      197.138
306      12.9019      1.31688      987.659      -2893.04      -1905.38      2.54671      197.145
307      12.9441      1.31846      988.845      -2894.22      -1905.38      2.53851      197.152
308      12.9863      1.31947      989.604      -2894.98      -1905.38      2.53037      197.16
309      13.0284      1.31995      989.962      -2895.33      -1905.37      2.52228      197.168
310      13.0706      1.31997      989.979      -2895.35      -1905.37      2.51424      197.175
311      13.1127      1.31966      989.744      -2895.11      -1905.36      2.50626      197.184
312      13.1549      1.31913      989.348      -2894.71      -1905.36      2.49833      197.192
313      13.1971      1.31849      988.866      -2894.22      -1905.35      2.49046      197.2
314      13.2392      1.31777      988.327      -2893.68      -1905.36      2.48263      197.209
315      13.2814      1.31694      987.708      -2893.07      -1905.36      2.47486      197.218
316      13.3236      1.31592      986.939      -2892.31      -1905.37      2.46714      197.227
317      13.3657      1.31455      985.914      -2891.29      -1905.38      2.45947      197.236
318      13.4079      1.3127      984.523      -2889.91      -1905.38      2.45185      197.245
319      13.45      1.31022      982.666      -2888.05      -1905.39      2.44428      197.254
320      13.4922      1.30703      980.272      -2885.66      -1905.39      2.43675      197.263
321      13.5344      1.30308      977.311      -2882.7      -1905.39      2.42927      197.272
322      13.5765      1.29839      973.796      -2879.19      -1905.39      2.42184      197.281
323      13.6187      1.29304      969.779      -2875.16      -1905.38      2.41445      197.29
324      13.6609      1.28714      965.355      -2870.73      -1905.38      2.40711      197.299
325      13.703      1.28087      960.651      -2866.02      -1905.37      2.39981      197.308
326      13.7452      1.27444      955.833      -2861.19      -1905.36      2.39256      197.317
327      13.7874      1.26812      951.088      -2856.43      -1905.34      2.38534      197.325
328      13.8295      1.26215      946.615      -2851.95      -1905.33      2.37817      197.333
329      13.8717      1.25683      942.622      -2847.94      -1905.32      2.37103      197.341
330      13.9138      1.25241      939.31      -2844.62      -1905.31      2.36394      197.349
331      13.956      1.24914      936.857      -2842.16      -1905.3      2.35689      197.356
332      13.9982      1.24721      935.408      -2840.7      -1905.3      2.34987      197.363
333      14.0403      1.24674      935.056      -2840.35      -1905.29      2.34289      197.37
334      14.0825      1.24779      935.843      -2841.14      -1905.29      2.33595      197.376
335      14.1247      1.25034      937.759      -2843.06      -1905.3      2.32904      197.382
336      14.1668      1.25432      940.742      -2846.05      -1905.3      2.32217      197.387
337      14.209      1.25959      944.693      -2850.01      -1905.31      2.31534      197.392
338      14.2511      1.26597      949.478      -2854.8      -1905.32      2.30854      197.396
339      14.2933      1.27325      954.937      -2860.27      -1905.33      2.30177      197.4
340      14.3355      1.28118      960.888      -2866.23      -1905.35      2.29504      197.403
341      14.3776      1.28952      967.138      -2872.5      -1905.36      2.28834      197.406
342      14.4198      1.29798      973.487      -2878.86      -1905.37      2.28167      197.408
343      14.462      1.30632      979.739      -2885.12      -1905.38      2.27504      197.409
344      14.5041      1.31428      985.707      -2891.1      -1905.39      2.26844      197.41
345      14.5463      1.32163      991.224      -2896.62      -1905.4      2.26187      197.411
346      14.5885      1.3282      996.153      -2901.56      -1905.41      2.25533      197.411
347      14.6306      1.33385      1000.39      -2905.8      -1905.41      2.24883      197.411
348      14.6728      1.33848      1003.86      -2909.27      -1905.41      2.24236      197.41
349      14.7149      1.34205      1006.54      -2911.95      -1905.41      2.23592      197.408
350      14.7571      1.3446      1008.45      -2913.86      -1905.41      2.22951      197.407
351      14.7993      1.34619      1009.65      -2915.05      -1905.4      2.22313      197.404
352      14.8414      1.34695      1010.21      -2915.61      -1905.4      2.21679      197.402
353      14.8836      1.34703      1010.27      -2915.66      -1905.39      2.21048      197.399
354      14.9258      1.34661      1009.96      -2915.33      -1905.38      2.2042      197.396
355      14.9679      1.3459      1009.42      -2914.79      -1905.37      2.19796      197.393
356      15.0101      1.34508      1008.81      -2914.17      -1905.36      2.19175      197.39
357      15.0522      1.34432      1008.24      -2913.6      -1905.36      2.18557      197.387
358      15.0944      1.34374      1007.8      -2913.15      -1905.35      2.17943      197.384
359      15.1366      1.34338      1007.54      -2912.89      -1905.35      2.17333      197.38
360      15.1787      1.34324      1007.43      -2912.79      -1905.36      2.16726      197.377
361      15.2209      1.34326      1007.44      -2912.81      -1905.36      2.16122      197.374
362      15.2631      1.34331      1007.48      -2912.85      -1905.37      2.15522      197.371
363      15.3052      1.34326      1007.45      -2912.82      -1905.38      2.14925      197.368
364      15.3474      1.34297      1007.23      -2912.61      -1905.38      2.14331      197.366
365      15.3896      1.3423      1006.72      -2912.11      -1905.39      2.13741      197.363
366      15.4317      1.34112      1005.84      -2911.23      -1905.39      2.13154      197.36
367      15.4739      1.33936      1004.52      -2909.91      -1905.39      2.12571      197.358
368      15.516      1.33693      1002.7      -2908.09      -1905.4      2.11991      197.355
369      15.5582      1.33379      1000.34      -2905.74      -1905.4      2.11413      197.353
370      15.6004      1.32992      997.443      -2902.84      -1905.39      2.10839      197.35
371      15.6425      1.32534      994.002      -2899.4      -1905.39      2.10268      197.348
372      15.6847      1.32007      990.052      -2895.44      -1905.39      2.09701      197.345
373      15.7269      1.3142      985.649      -2891.03      -1905.38      2.09136      197.343
374      15.769      1.30783      980.873      -2886.25      -1905.38      2.08574      197.34
375      15.8112      1.30111      975.832      -2881.2      -1905.37      2.08015      197.338
376      15.8533      1.2942      970.653      -2876.01      -1905.36      2.07459      197.335
377      15.8955      1.2873      965.479      -2870.83      -1905.35      2.06906      197.333
378      15.9377      1.28061      960.456      -2865.8      -1905.34      2.06356      197.33
379      15.9798      1.27431      955.731      -2861.06      -1905.33      2.05809      197.327
380      16.022      1.26858      951.436      -2856.76      -1905.33      2.05264      197.325
381      16.0642      1.26357      947.679      -2853      -1905.32      2.04723      197.322
382      16.1063      1.25938      944.537      -2849.86      -1905.32      2.04184      197.32
383      16.1485      1.25608      942.059      -2847.38      -1905.32      2.03649      197.317
384      16.1907      1.25368      940.26      -2845.58      -1905.32      2.03116      197.315
385      16.2328      1.25217      939.128      -2844.45      -1905.32      2.02586      197.313
386      16.275      1.2515      938.626      -2843.95      -1905.32      2.0206      197.311
387      16.3171      1.25161      938.706      -2844.03      -1905.33      2.01536      197.309
388      16.3593      1.25241      939.308      -2844.64      -1905.33      2.01015      197.308
389      16.4015      1.25382      940.366      -2845.7      -1905.34      2.00496      197.306
390      16.4436      1.25574      941.809      -2847.15      -1905.34      1.99981      197.305
391      16.4858      1.25809      943.564      -2848.91      -1905.35      1.99469      197.304
392      16.528      1.26074      945.555      -2850.91      -1905.35      1.98959      197.303
393      16.5701      1.2636      947.699      -2853.06      -1905.36      1.98453      197.303
394      16.6123      1.26654      949.905      -2855.27      -1905.36      1.97949      197.303
395      16.6544      1.26944      952.078      -2857.45      -1905.37      1.97448      197.303
396      16.6966      1.27216      954.119      -2859.49      -1905.38      1.96949      197.303
397      16.7388      1.27457      955.93      -2861.31      -1905.38      1.96454      197.304
398      16.7809      1.27656      957.423      -2862.81      -1905.39      1.95961      197.305
399      16.8231      1.27804      958.528      -2863.92      -1905.39      1.95471      197.306
400      16.8653      1.27893      959.195      -2864.59      -1905.39      1.94984      197.308
401      16.9074      1.2792      959.396      -2864.79      -1905.39      1.945      197.309
402      16.9496      1.27884      959.13      -2864.52      -1905.39      1.94018      197.311
403      16.9918      1.27788      958.412      -2863.8      -1905.39      1.93539      197.314
404      17.0339      1.27637      957.277      -2862.66      -1905.39      1.93062      197.316
405      17.0761      1.27436      955.773      -2861.16      -1905.38      1.92588      197.319
406      17.1182      1.27195      953.959      -2859.34      -1905.38      1.92117      197.322
407      17.1604      1.2692      951.902      -2857.28      -1905.37      1.91648      197.326
408      17.2026      1.26624      949.677      -2855.05      -1905.37      1.91182      197.329
409      17.2447      1.26316      947.368      -2852.73      -1905.36      1.90718      197.333
410      17.2869      1.26008      945.063      -2850.42      -1905.36      1.90257      197.337
411      17.3291      1.25714      942.855      -2848.21      -1905.35      1.89798      197.341
412      17.3712      1.25446      940.845      -2846.19      -1905.34      1.89341      197.346
413      17.4134      1.25218      939.133      -2844.47      -1905.34      1.88887      197.35
414      17.4555      1.25042      937.815      -2843.15      -1905.33      1.88436      197.355
415      17.4977      1.2493      936.975      -2842.3      -1905.33      1.87986      197.36
416      17.5399      1.2489      936.675      -2842      -1905.33      1.87539      197.364
417      17.582      1.24927      936.952      -2842.28      -1905.32      1.87094      197.369
418      17.6242      1.25042      937.815      -2843.14      -1905.32      1.86651      197.374
419      17.6664      1.25232      939.242      -2844.57      -1905.33      1.8621      197.38
420      17.7085      1.25492      941.187      -2846.52      -1905.33      1.85772      197.385
421      17.7507      1.25812      943.586      -2848.92      -1905.33      1.85335      197.39
422      17.7929      1.26182      946.366      -2851.7      -1905.34      1.84901      197.395
423      17.835      1.26593      949.448      -2854.79      -1905.34      1.84468      197.4
424      17.8772      1.27035      952.76      -2858.1      -1905.34      1.84038      197.405
425      17.9193      1.27498      956.232      -2861.58      -1905.35      1.8361      197.41
426      17.9615      1.27974      959.802      -2865.15      -1905.35      1.83183      197.415
427      18.0037      1.28456      963.417      -2868.77      -1905.35      1.82758      197.419
428      18.0458      1.28938      967.034      -2872.39      -1905.35      1.82336      197.424
429      18.088      1.29415      970.615      -2875.97      -1905.36      1.81915      197.428
430      18.1302      1.29884      974.129      -2879.49      -1905.36      1.81495      197.432
431      18.1723      1.3034      977.548      -2882.91      -1905.36      1.81078      197.436
432      18.2145      1.30779      980.846      -2886.2      -1905.36      1.80662      197.44
433      18.2566      1.312      983.999      -2889.36      -1905.36      1.80248      197.443
434      18.2988      1.31598      986.986      -2892.35      -1905.36      1.79835      197.446
435      18.341      1.31971      989.781      -2895.14      -1905.36      1.79424      197.449
436      18.3831      1.32315      992.363      -2897.73      -1905.36      1.79015      197.451
437      18.4253      1.32627      994.706      -2900.07      -1905.37      1.78607      197.453
438      18.4675      1.32904      996.778      -2902.15      -1905.37      1.78201      197.455
439      18.5096      1.33138      998.538      -2903.91      -1905.37      1.77796      197.456
440      18.5518      1.33325      999.937      -2905.31      -1905.38      1.77392      197.457
441      18.594      1.33455      1000.91      -2906.29      -1905.38      1.76991      197.457
442      18.6361      1.33522      1001.41      -2906.8      -1905.38      1.7659      197.457
443      18.6783      1.33516      1001.37      -2906.76      -1905.39      1.76191      197.457
444      18.7204      1.33434      1000.76      -2906.15      -1905.39      1.75794      197.456
445      18.7626      1.33272      999.542      -2904.93      -1905.39      1.75398      197.456
446      18.8048      1.33032      997.743      -2903.13      -1905.39      1.75004      197.454
447      18.8469      1.32721      995.405      -2900.79      -1905.38      1.74611      197.453
448      18.8891      1.32348      992.608      -2897.99      -1905.38      1.7422      197.451
449      18.9313      1.31929      989.464      -2894.83      -1905.37      1.7383      197.449
450      18.9734      1.31481      986.107      -2891.47      -1905.36      1.73442      197.447
451      19.0156      1.31025      982.684      -2888.04      -1905.35      1.73056      197.445
452      19.0577      1.3058      979.347      -2884.69      -1905.34      1.72671      197.443
453      19.0999      1.30165      976.237      -2881.57      -1905.33      1.72288      197.441
454      19.1421      1.29797      973.481      -2878.81      -1905.33      1.71906      197.439
455      19.1842      1.2949      971.178      -2876.5      -1905.32      1.71527      197.436
456      19.2264      1.29253      969.399      -2874.72      -1905.32      1.71149      197.434
457      19.2686      1.2909      968.176      -2873.5      -1905.32      1.70772      197.432
458      19.3107      1.29001      967.505      -2872.83      -1905.32      1.70398      197.43
459      19.3529      1.28978      967.339      -2872.67      -1905.33      1.70025      197.428
460      19.3951      1.29013      967.595      -2872.93      -1905.34      1.69654      197.427
461      19.4372      1.29087      968.151      -2873.5      -1905.35      1.69284      197.425
462      19.4794      1.29181      968.858      -2874.22      -1905.36      1.68916      197.423
463      19.5215      1.29273      969.545      -2874.91      -1905.37      1.6855      197.422
464      19.5637      1.29338      970.035      -2875.41      -1905.38      1.68186      197.42
465      19.6059      1.29354      970.154      -2875.54      -1905.39      1.67823      197.419
466      19.648      1.29299      969.741      -2875.14      -1905.4      1.67462      197.418
467      19.6902      1.29155      968.663      -2874.07      -1905.4      1.67102      197.416
468      19.7324      1.28909      966.82      -2872.23      -1905.41      1.66744      197.415
469      19.7745      1.28554      964.152      -2869.56      -1905.41      1.66387      197.413
470      19.8167      1.28085      960.641      -2866.05      -1905.41      1.66032      197.412
471      19.8588      1.27508      956.312      -2861.71      -1905.4      1.65678      197.41
472      19.901      1.26831      951.235      -2856.63      -1905.4      1.65325      197.409
473      19.9432      1.26069      945.52      -2850.91      -1905.39      1.64975      197.407
474      19.9853      1.25242      939.312      -2844.69      -1905.38      1.64625      197.405
475      20.0275      1.24371      932.786      -2838.15      -1905.36      1.64277      197.403
476      20.0697      1.23486      926.147      -2831.5      -1905.35      1.6393      197.401
477      20.1118      1.22615      919.615      -2824.95      -1905.34      1.63585      197.399
478      20.154      1.21789      913.417      -2818.74      -1905.32      1.63241      197.397
479      20.1962      1.21037      907.78      -2813.09      -1905.31      1.62898      197.395
480      20.2383      1.20389      902.918      -2808.21      -1905.3      1.62557      197.393
481      20.2805      1.19868      899.014      -2804.3      -1905.29      1.62217      197.391
482      20.3226      1.19495      896.211      -2801.49      -1905.28      1.61879      197.388
483      20.3648      1.19281      894.609      -2799.89      -1905.28      1.61542      197.386
484      20.407      1.19233      894.25      -2799.53      -1905.28      1.61206      197.384
485      20.4491      1.1935      895.122      -2800.41      -1905.28      1.60872      197.381
486      20.4913      1.19621      897.156      -2802.45      -1905.29      1.60539      197.379
487      20.5335      1.20032      900.237      -2805.54      -1905.3      1.60208      197.377
488      20.5756      1.20561      904.211      -2809.52      -1905.31      1.59878      197.375
489      20.6178      1.21187      908.9      -2814.23      -1905.32      1.59549      197.373
490      20.6599      1.21882      914.115      -2819.45      -1905.34      1.59222      197.371
491      20.7021      1.22622      919.667      -2825.01      -1905.35      1.58896      197.369
492      20.7443      1.23385      925.385      -2830.74      -1905.36      1.58572      197.367
493      20.7864      1.2415      931.122      -2836.48      -1905.36      1.58249      197.366
494      20.8286      1.24902      936.763      -2842.13      -1905.37      1.57927      197.365
495      20.8708      1.2563      942.226      -2847.59      -1905.37      1.57608      197.363
496      20.9129      1.26329      947.465      -2852.83      -1905.37      1.57289      197.363
497      20.9551      1.26995      952.462      -2857.83      -1905.37      1.56972      197.362
498      20.9973      1.27629      957.218      -2862.58      -1905.37      1.56657      197.362
499      21.0394      1.28233      961.749      -2867.11      -1905.36      1.56343      197.361
500      21.0816      1.2881      966.073      -2871.43      -1905.36      1.5603      197.362
501      21.1237      1.29361      970.207      -2875.57      -1905.36      1.55719      197.362
502      21.1659      1.29888      974.163      -2879.52      -1905.36      1.55409      197.362
503      21.2081      1.30393      977.948      -2883.31      -1905.36      1.55101      197.363
504      21.2502      1.30875      981.561      -2886.92      -1905.36      1.54794      197.364
505      21.2924      1.31333      984.995      -2890.35      -1905.36      1.54488      197.366
506      21.3346      1.31765      988.238      -2893.6      -1905.36      1.54184      197.367
507      21.3767      1.3217      991.272      -2896.63      -1905.36      1.53881      197.368
508      21.4189      1.32543      994.069      -2899.43      -1905.36      1.5358      197.37
509      21.461      1.32879      996.596      -2901.96      -1905.36      1.53279      197.372
510      21.5032      1.33175      998.812      -2904.18      -1905.37      1.5298      197.374
511      21.5454      1.33423      1000.68      -2906.04      -1905.37      1.52682      197.376
512      21.5875      1.33619      1002.14      -2907.52      -1905.37      1.52386      197.378
513      21.6297      1.33757      1003.18      -2908.55      -1905.37      1.5209      197.38
514      21.6719      1.33832      1003.74      -2909.12      -1905.38      1.51796      197.383
515      21.714      1.33842      1003.82      -2909.19      -1905.38      1.51503      197.385
516      21.7562      1.33785      1003.39      -2908.76      -1905.38      1.51212      197.387
517      21.7984      1.33661      1002.45      -2907.83      -1905.38      1.50921      197.39
518      21.8405      1.33472      1001.04      -2906.41      -1905.38      1.50631      197.392
519      21.8827      1.33221      999.16      -2904.53      -1905.37      1.50343      197.395
520      21.9248      1.32915      996.859      -2902.23      -1905.37      1.50056      197.397
521      21.967      1.32557      994.177      -2899.55      -1905.37      1.4977      197.4
522      22.0092      1.32154      991.157      -2896.52      -1905.37      1.49485      197.403
523      22.0513      1.31713      987.847      -2893.21      -1905.36      1.49202      197.406
524      22.0935      1.31239      984.294      -2889.66      -1905.36      1.48919      197.409
525      22.1357      1.30739      980.544      -2885.91      -1905.36      1.48638      197.412
526      22.1778      1.30219      976.642      -2882      -1905.36      1.48358      197.415
527      22.22      1.29684      972.627      -2877.99      -1905.36      1.48079      197.419
528      22.2621      1.29139      968.54      -2873.9      -1905.36      1.47801      197.422
529      22.3043      1.28589      964.42      -2869.78      -1905.36      1.47525      197.426
530      22.3465      1.28041      960.309      -2865.66      -1905.35      1.4725      197.431
531      22.3886      1.27501      956.255      -2861.61      -1905.35      1.46976      197.435
532      22.4308      1.26976      952.316      -2857.66      -1905.35      1.46703      197.44
533      22.473      1.26476      948.567      -2853.91      -1905.34      1.46432      197.445
534      22.5151      1.26013      945.096      -2850.43      -1905.34      1.46161      197.45
535      22.5573      1.25601      942.005      -2847.33      -1905.33      1.45892      197.456
536      22.5995      1.25255      939.412      -2844.73      -1905.32      1.45624      197.462
537      22.6416      1.24993      937.448      -2842.76      -1905.32      1.45358      197.468
538      22.6838      1.24831      936.233      -2841.54      -1905.31      1.45092      197.475
539      22.7259      1.24783      935.875      -2841.18      -1905.31      1.44828      197.481
540      22.7681      1.24859      936.444      -2841.75      -1905.3      1.44565      197.488
541      22.8103      1.25061      937.961      -2843.27      -1905.31      1.44303      197.496
542      22.8524      1.25386      940.391      -2845.7      -1905.31      1.44042      197.503
543      22.8946      1.25819      943.645      -2848.97      -1905.32      1.43782      197.51
544      22.9368      1.26344      947.581      -2852.91      -1905.33      1.43524      197.518
545      22.9789      1.26937      952.028      -2857.37      -1905.34      1.43266      197.526
546      23.0211      1.27573      956.8      -2862.15      -1905.35      1.43009      197.533
547      23.0632      1.28229      961.715      -2867.08      -1905.36      1.42753      197.541
548      23.1054      1.28881      966.604      -2871.98      -1905.37      1.42498      197.549
549      23.1476      1.29509      971.321      -2876.7      -1905.38      1.42244      197.556
550      23.1897      1.30099      975.745      -2881.13      -1905.39      1.41991      197.564
551      23.2319      1.30637      979.781      -2885.17      -1905.39      1.41738      197.571
552      23.2741      1.31114      983.353      -2888.75      -1905.39      1.41487      197.578
553      23.3162      1.31521      986.408      -2891.8      -1905.39      1.41236      197.585
554      23.3584      1.31855      988.913      -2894.31      -1905.4      1.40985      197.591
555      23.4006      1.32114      990.853      -2896.25      -1905.39      1.40736      197.598
556      23.4427      1.32297      992.226      -2897.62      -1905.39      1.40487      197.603
557      23.4849      1.32406      993.045      -2898.44      -1905.39      1.40238      197.609
558      23.527      1.32444      993.333      -2898.72      -1905.39      1.39991      197.614
559      23.5692      1.32416      993.119      -2898.51      -1905.39      1.39744      197.619
560      23.6114      1.32325      992.44      -2897.82      -1905.38      1.39497      197.623
561      23.6535      1.32178      991.332      -2896.71      -1905.38      1.39251      197.627
562      23.6957      1.31977      989.831      -2895.21      -1905.38      1.39006      197.631
563      23.7379      1.3173      987.977      -2893.35      -1905.38      1.38761      197.634
564      23.78      1.31442      985.816      -2891.19      -1905.37      1.38517      197.636
565      23.8222      1.3112      983.401      -2888.77      -1905.37      1.38274      197.639
566      23.8643      1.30773      980.796      -2886.16      -1905.36      1.3803      197.64
567      23.9065      1.3041      978.077      -2883.44      -1905.36      1.37788      197.642
568      23.9487      1.30044      975.331      -2880.68      -1905.35      1.37546      197.642
569      23.9908      1.29687      972.651      -2878      -1905.35      1.37304      197.643
570      24.033      1.29351      970.134      -2875.47      -1905.34      1.37063      197.643
571      24.0752      1.29049      967.868      -2873.2      -1905.33      1.36823      197.642
572      24.1173      1.28791      965.931      -2871.26      -1905.33      1.36583      197.641
573      24.1595      1.28584      964.381      -2869.71      -1905.33      1.36344      197.64
574      24.2017      1.28433      963.246      -2868.57      -1905.33      1.36105      197.638
575      24.2438      1.28337      962.524      -2867.85      -1905.33      1.35866      197.635
576      24.286      1.28291      962.183      -2867.51      -1905.33      1.35628      197.632
577      24.3281      1.28288      962.16      -2867.5      -1905.34      1.35391      197.629
578      24.3703      1.28316      962.372      -2867.72      -1905.34      1.35154      197.625
579      24.4125      1.28362      962.713      -2868.06      -1905.35      1.34918      197.621
580      24.4546      1.28409      963.069      -2868.43      -1905.36      1.34682      197.616
581      24.4968      1.28442      963.317      -2868.68      -1905.37      1.34447      197.611
582      24.539      1.28445      963.34      -2868.71      -1905.37      1.34212      197.606
583      24.5811      1.28403      963.025      -2868.4      -1905.38      1.33978      197.6
584      24.6233      1.28303      962.276      -2867.66      -1905.38      1.33744      197.593
585      24.6654      1.28136      961.019      -2866.41      -1905.39      1.33511      197.587
586      24.7076      1.27894      959.206      -2864.59      -1905.39      1.33279      197.58
587      24.7498      1.27576      956.818      -2862.21      -1905.39      1.33047      197.573
588      24.7919      1.27183      953.872      -2859.26      -1905.39      1.32816      197.565
589      24.8341      1.26722      950.414      -2855.79      -1905.38      1.32585      197.558
590      24.8763      1.26203      946.522      -2851.9      -1905.37      1.32355      197.549
591      24.9184      1.2564      942.299      -2847.67      -1905.37      1.32125      197.541
592      24.9606      1.25048      937.859      -2843.22      -1905.36      1.31896      197.533
593      25.0028      1.24443      933.326      -2838.68      -1905.35      1.31668      197.524
594      25.0449      1.23843      928.823      -2834.17      -1905.34      1.31441      197.515
595      25.0871      1.23262      924.463      -2829.8      -1905.34      1.31214      197.507
596      25.1292      1.22712      920.342      -2825.68      -1905.33      1.30988      197.498
597      25.1714      1.22205      916.537      -2821.87      -1905.33      1.30762      197.489
598      25.2136      1.21747      913.105      -2818.43      -1905.33      1.30538      197.479
599      25.2557      1.21344      910.081      -2815.41      -1905.33      1.30314      197.47
600      25.2979      1.20998      907.483      -2812.81      -1905.33      1.3009      197.461
601      25.3401      1.20708      905.312      -2810.64      -1905.33      1.29868      197.451
602      25.3822      1.20476      903.569      -2808.9      -1905.33      1.29646      197.442
603      25.4244      1.20299      902.246      -2807.57      -1905.33      1.29425      197.432
604      25.4665      1.20178      901.333      -2806.66      -1905.33      1.29204      197.423
605      25.5087      1.2011      900.826      -2806.15      -1905.33      1.28984      197.413
606      25.5509      1.20097      900.728      -2806.06      -1905.33      1.28765      197.403
607      25.593      1.2014      901.047      -2806.37      -1905.33      1.28546      197.393
608      25.6352      1.2024      901.8      -2807.12      -1905.32      1.28328      197.384
609      25.6774      1.20401      903.005      -2808.33      -1905.32      1.28111      197.374
610      25.7195      1.20624      904.683      -2810      -1905.32      1.27895      197.363
611      25.7617      1.20913      906.848      -2812.17      -1905.32      1.27679      197.353
612      25.8039      1.21268      909.512      -2814.83      -1905.32      1.27463      197.343
613      25.846      1.21689      912.669      -2817.99      -1905.32      1.27249      197.332
614      25.8882      1.22173      916.3      -2821.62      -1905.32      1.27035      197.322
615      25.9303      1.22715      920.366      -2825.69      -1905.33      1.26821      197.311
616      25.9725      1.23307      924.803      -2830.13      -1905.33      1.26608      197.3
617      26.0147      1.23937      929.527      -2834.86      -1905.34      1.26396      197.289
618      26.0568      1.24591      934.434      -2839.78      -1905.34      1.26184      197.278
619      26.099      1.25254      939.408      -2844.76      -1905.35      1.25973      197.267
620      26.1412      1.2591      944.322      -2849.68      -1905.36      1.25763      197.255
621      26.1833      1.2654      949.049      -2854.41      -1905.36      1.25553      197.244
622      26.2255      1.27129      953.469      -2858.84      -1905.37      1.25344      197.232
623      26.2676      1.27664      957.479      -2862.86      -1905.38      1.25136      197.221
624      26.3098      1.28133      960.997      -2866.38      -1905.38      1.24928      197.21
625      26.352      1.28529      963.966      -2869.35      -1905.38      1.24721      197.198
626      26.3941      1.28848      966.359      -2871.74      -1905.38      1.24514      197.187
627      26.4363      1.29091      968.181      -2873.56      -1905.38      1.24309      197.176
628      26.4785      1.29263      969.47      -2874.84      -1905.37      1.24104      197.164
629      26.5206      1.29372      970.29      -2875.66      -1905.37      1.23899      197.154
630      26.5628      1.29431      970.734      -2876.1      -1905.36      1.23696      197.143
631      26.605      1.29454      970.903      -2876.26      -1905.36      1.23493      197.132
632      26.6471      1.29453      970.899      -2876.25      -1905.35      1.23292      197.122
633      26.6893      1.29442      970.813      -2876.16      -1905.35      1.23091      197.112
634      26.7314      1.29426      970.698      -2876.05      -1905.35      1.2289      197.102
635      26.7736      1.2941      970.574      -2875.92      -1905.35      1.22691      197.093
636      26.8158      1.29388      970.412      -2875.77      -1905.35      1.22493      197.084
637      26.8579      1.29353      970.151      -2875.51      -1905.36      1.22295      197.075
638      26.9001      1.29294      969.707      -2875.07      -1905.37      1.22098      197.067
639      26.9423      1.29198      968.987      -2874.36      -1905.37      1.21902      197.059
640      26.9844      1.29055      967.911      -2873.29      -1905.38      1.21707      197.052
641      27.0266      1.28856      966.421      -2871.8      -1905.38      1.21513      197.046
642      27.0687      1.286      964.497      -2869.88      -1905.38      1.2132      197.039
643      27.1109      1.28286      962.149      -2867.52      -1905.38      1.21128      197.034
644      27.1531      1.27923      959.424      -2864.8      -1905.37      1.20937      197.029
645      27.1952      1.2752      956.402      -2861.77      -1905.36      1.20747      197.024
646      27.2374      1.27091      953.182      -2858.54      -1905.36      1.20557      197.02
647      27.2796      1.2665      949.876      -2855.23      -1905.35      1.20369      197.017
648      27.3217      1.26212      946.592      -2851.94      -1905.34      1.20181      197.014
649      27.3639      1.25791      943.429      -2848.77      -1905.34      1.19995      197.011
650      27.4061      1.25395      940.465      -2845.8      -1905.34      1.19809      197.01
651      27.4482      1.25034      937.756      -2843.09      -1905.33      1.19624      197.009
652      27.4904      1.24712      935.336      -2840.67      -1905.33      1.19441      197.008
653      27.5325      1.24429      933.217      -2838.55      -1905.33      1.19258      197.008
654      27.5747      1.24186      931.393      -2836.73      -1905.33      1.19076      197.008
655      27.6169      1.2398      929.852      -2835.19      -1905.34      1.18894      197.009
656      27.659      1.2381      928.574      -2833.91      -1905.34      1.18714      197.011
657      27.7012      1.23672      927.542      -2832.88      -1905.34      1.18535      197.013
658      27.7434      1.23565      926.741      -2832.08      -1905.34      1.18356      197.015
659      27.7855      1.23488      926.161      -2831.5      -1905.34      1.18178      197.018
660      27.8277      1.23439      925.794      -2831.13      -1905.34      1.18001      197.021
661      27.8698      1.23417      925.631      -2830.97      -1905.34      1.17825      197.025
662      27.912      1.23421      925.656      -2831      -1905.34      1.17649      197.029
663      27.9542      1.23446      925.847      -2831.19      -1905.34      1.17474      197.033
664      27.9963      1.23489      926.169      -2831.52      -1905.35      1.173      197.038
665      28.0385      1.23544      926.58      -2831.93      -1905.35      1.17126      197.042
666      28.0807      1.23604      927.031      -2832.38      -1905.35      1.16953      197.047
667      28.1228      1.23662      927.469      -2832.82      -1905.36      1.1678      197.051
668      28.165      1.23712      927.842      -2833.2      -1905.36      1.16608      197.056
669      28.2072      1.23747      928.104      -2833.46      -1905.36      1.16437      197.061
670      28.2493      1.23762      928.215      -2833.58      -1905.36      1.16265      197.065
671      28.2915      1.23753      928.144      -2833.51      -1905.36      1.16095      197.07
672      28.3336      1.23717      927.874      -2833.24      -1905.37      1.15924      197.074
673      28.3758      1.23654      927.404      -2832.77      -1905.37      1.15754      197.077
674      28.418      1.23566      926.747      -2832.11      -1905.36      1.15585      197.081
675      28.4601      1.23458      925.933      -2831.29      -1905.36      1.15415      197.084
676      28.5023      1.23335      925.01      -2830.37      -1905.36      1.15246      197.087
677      28.5445      1.23206      924.041      -2829.39      -1905.35      1.15077      197.089
678      28.5866      1.23081      923.11      -2828.46      -1905.35      1.14909      197.091
679      28.6288      1.22975      922.315      -2827.66      -1905.34      1.1474      197.092
680      28.6709      1.22902      921.762      -2827.1      -1905.33      1.14572      197.093
681      28.7131      1.22875      921.559      -2826.89      -1905.33      1.14404      197.093
682      28.7553      1.22908      921.809      -2827.13      -1905.32      1.14236      197.093
683      28.7974      1.23012      922.593      -2827.91      -1905.32      1.14068      197.092
684      28.8396      1.23196      923.969      -2829.29      -1905.32      1.139      197.091
685      28.8818      1.23462      925.963      -2831.28      -1905.32      1.13733      197.089
686      28.9239      1.23809      928.565      -2833.89      -1905.32      1.13566      197.086
687      28.9661      1.24231      931.735      -2837.06      -1905.33      1.13399      197.083
688      29.0083      1.24721      935.408      -2840.74      -1905.33      1.13232      197.079
689      29.0504      1.25267      939.5      -2844.84      -1905.34      1.13065      197.075
690      29.0926      1.25856      943.92      -2849.26      -1905.34      1.12899      197.071
691      29.1347      1.26476      948.573      -2853.92      -1905.35      1.12732      197.066
692      29.1769      1.27115      953.365      -2858.72      -1905.35      1.12567      197.061
693      29.2191      1.2776      958.203      -2863.56      -1905.35      1.12401      197.055
694      29.2612      1.284      963      -2868.36      -1905.36      1.12236      197.049
695      29.3034      1.29023      967.669      -2873.03      -1905.36      1.12071      197.044
696      29.3456      1.29617      972.128      -2877.5      -1905.37      1.11906      197.038
697      29.3877      1.30172      976.292      -2881.66      -1905.37      1.11742      197.031
698      29.4299      1.30678      980.082      -2885.46      -1905.38      1.11579      197.025
699      29.472      1.31123      983.423      -2888.8      -1905.38      1.11416      197.019
700      29.5142      1.31499      986.244      -2891.63      -1905.38      1.11253      197.013
701      29.5564      1.31798      988.484      -2893.87      -1905.39      1.11091      197.007
702      29.5985      1.32012      990.094      -2895.48      -1905.39      1.1093      197.002
703      29.6407      1.32139      991.042      -2896.43      -1905.39      1.10769      196.996
704      29.6829      1.32175      991.314      -2896.71      -1905.39      1.10609      196.991
705      29.725      1.32123      990.921      -2896.31      -1905.39      1.10449      196.986
706      29.7672      1.31986      989.896      -2895.28      -1905.39      1.1029      196.981
707      29.8094      1.31773      988.297      -2893.68      -1905.38      1.10131      196.976
708      29.8515      1.31494      986.207      -2891.59      -1905.38      1.09973      196.972
709      29.8937      1.31165      983.736      -2889.11      -1905.37      1.09816      196.968
710      29.9358      1.30802      981.014      -2886.38      -1905.36      1.09659      196.964
711      29.978      1.30425      978.185      -2883.54      -1905.35      1.09502      196.96
712      30.0202      1.30054      975.403      -2880.75      -1905.34      1.09347      196.956
713      30.0623      1.29709      972.819      -2878.15      -1905.34      1.09191      196.953
714      30.1045      1.2941      970.574      -2875.9      -1905.33      1.09036      196.949
715      30.1467      1.29172      968.793      -2874.12      -1905.32      1.08882      196.946
716      30.1888      1.2901      967.573      -2872.89      -1905.32      1.08728      196.943
717      30.231      1.2893      966.974      -2872.29      -1905.32      1.08575      196.94
718      30.2731      1.28936      967.019      -2872.34      -1905.32      1.08422      196.937
719      30.3153      1.29026      967.692      -2873.02      -1905.32      1.0827      196.934
720      30.3575      1.29191      968.934      -2874.26      -1905.33      1.08118      196.931
721      30.3996      1.2942      970.652      -2875.99      -1905.34      1.07966      196.928
722      30.4418      1.29697      972.727      -2878.07      -1905.34      1.07815      196.925
723      30.484      1.30003      975.026      -2880.38      -1905.35      1.07664      196.922
724      30.5261      1.30322      977.414      -2882.77      -1905.36      1.07514      196.919
725      30.5683      1.30636      979.773      -2885.14      -1905.37      1.07364      196.916
726      30.6105      1.30934      982.007      -2887.38      -1905.37      1.07215      196.914
727      30.6526      1.31207      984.05      -2889.42      -1905.37      1.07066      196.911
728      30.6948      1.31449      985.871      -2891.24      -1905.37      1.06918      196.909
729      30.7369      1.31662      987.467      -2892.83      -1905.37      1.0677      196.907
730      30.7791      1.31848      988.859      -2894.22      -1905.36      1.06622      196.904
731      30.8213      1.32011      990.085      -2895.44      -1905.36      1.06475      196.903
732      30.8634      1.32158      991.183      -2896.54      -1905.36      1.06329      196.901
733      30.9056      1.32292      992.187      -2897.54      -1905.36      1.06183      196.899
734      30.9478      1.32416      993.121      -2898.48      -1905.36      1.06038      196.898
735      30.9899      1.32532      993.993      -2899.35      -1905.36      1.05893      196.897
736      31.0321      1.32639      994.792      -2900.15      -1905.36      1.05748      196.895
737      31.0742      1.32732      995.493      -2900.85      -1905.36      1.05604      196.894
738      31.1164      1.32808      996.058      -2901.42      -1905.36      1.05461      196.894
739      31.1586      1.32861      996.454      -2901.82      -1905.36      1.05318      196.893
740      31.2007      1.32888      996.658      -2902.02      -1905.36      1.05175      196.892
741      31.2429      1.32888      996.662      -2902.03      -1905.36      1.05032      196.891
742      31.2851      1.32864      996.48      -2901.84      -1905.36      1.0489      196.89
743      31.3272      1.32821      996.154      -2901.51      -1905.36      1.04749      196.889
744      31.3694      1.32766      995.747      -2901.1      -1905.35      1.04608      196.889
745      31.4116      1.32712      995.34      -2900.69      -1905.35      1.04467      196.888
746      31.4537      1.32669      995.021      -2900.36      -1905.34      1.04326      196.887
747      31.4959      1.3265      994.877      -2900.21      -1905.33      1.04186      196.886
748      31.538      1.32664      994.979      -2900.31      -1905.33      1.04046      196.885
749      31.5802      1.32717      995.376      -2900.7      -1905.33      1.03907      196.884
750      31.6224      1.32812      996.088      -2901.42      -1905.33      1.03768      196.883
751      31.6645      1.32947      997.103      -2902.43      -1905.33      1.03629      196.882
752      31.7067      1.33117      998.377      -2903.71      -1905.34      1.0349      196.88
753      31.7489      1.33312      999.837      -2905.18      -1905.34      1.03353      196.879
754      31.791      1.33518      1001.38      -2906.73      -1905.35      1.03215      196.878
755      31.8332      1.33719      1002.89      -2908.25      -1905.36      1.03078      196.878
756      31.8753      1.33898      1004.23      -2909.6      -1905.37      1.02941      196.877
757      31.9175      1.34035      1005.26      -2910.64      -1905.38      1.02805      196.876
758      31.9597      1.3411      1005.83      -2911.21      -1905.38      1.02669      196.875
759      32.0018      1.34106      1005.8      -2911.19      -1905.39      1.02533      196.875
760      32.044      1.34006      1005.04      -2910.44      -1905.4      1.02398      196.875
761      32.0862      1.33796      1003.47      -2908.87      -1905.41      1.02263      196.875
762      32.1283      1.33466      1001      -2906.4      -1905.41      1.02129      196.875
763      32.1705      1.33012      997.592      -2903      -1905.41      1.01995      196.875
764      32.2127      1.32435      993.264      -2898.67      -1905.41      1.01862      196.875
765      32.2548      1.31742      988.063      -2893.46      -1905.4      1.01729      196.875
766      32.297      1.30944      982.078      -2887.47      -1905.39      1.01597      196.876
767      32.3391      1.30059      975.446      -2880.83      -1905.38      1.01465      196.877
768      32.3813      1.29112      968.338      -2873.71      -1905.37      1.01333      196.877
769      32.4235      1.28126      960.948      -2866.31      -1905.36      1.01202      196.878
770      32.4656      1.27132      953.49      -2858.84      -1905.35      1.01071      196.879
771      32.5078      1.26157      946.18      -2851.52      -1905.34      1.0094      196.88
772      32.55      1.2523      939.222      -2844.55      -1905.32      1.0081      196.881
773      32.5921      1.24374      932.802      -2838.12      -1905.32      1.0068      196.882
774      32.6343      1.23611      927.079      -2832.39      -1905.31      1.0055      196.883
775      32.6764      1.22956      922.173      -2827.48      -1905.3      1.00421      196.885
776      32.7186      1.22423      918.169      -2823.47      -1905.3      1.00292      196.886
777      32.7608      1.22015      915.113      -2820.41      -1905.3      1.00164      196.887
778      32.8029      1.21735      913.016      -2818.32      -1905.3      1.00036      196.888
779      32.8451      1.21581      911.855      -2817.16      -1905.31      0.999082      196.89
780      32.8873      1.21544      911.58      -2816.89      -1905.31      0.997809      196.891
781      32.9294      1.21615      912.114      -2817.43      -1905.32      0.99654      196.893
782      32.9716      1.21781      913.356      -2818.68      -1905.33      0.995274      196.895
783      33.0138      1.22025      915.189      -2820.52      -1905.33      0.994012      196.896
784      33.0559      1.22331      917.483      -2822.83      -1905.34      0.992754      196.898
785      33.0981      1.22681      920.106      -2825.46      -1905.35      0.991499      196.9
786      33.1402      1.23057      922.925      -2828.28      -1905.36      0.990249      196.902
787      33.1824      1.23442      925.818      -2831.18      -1905.36      0.989002      196.905
788      33.2246      1.23823      928.675      -2834.05      -1905.37      0.987759      196.907
789      33.2667      1.24187      931.401      -2836.77      -1905.37      0.986519      196.91
790      33.3089      1.24521      933.911      -2839.29      -1905.38      0.985283      196.912
791      33.3511      1.24818      936.137      -2841.52      -1905.38      0.984051      196.915
792      33.3932      1.25069      938.015      -2843.4      -1905.38      0.982823      196.918
793      33.4354      1.25265      939.488      -2844.88      -1905.39      0.981597      196.921
794      33.4775      1.254      940.501      -2845.89      -1905.39      0.980376      196.923
795      33.5197      1.25468      941.006      -2846.4      -1905.39      0.979157      196.926
796      33.5619      1.25462      940.968      -2846.36      -1905.39      0.977942      196.929
797      33.604      1.25382      940.367      -2845.76      -1905.39      0.97673      196.933
798      33.6462      1.25229      939.214      -2844.61      -1905.39      0.975522      196.936
799      33.6884      1.25007      937.553      -2842.94      -1905.39      0.974317      196.939
800      33.7305      1.24728      935.463      -2840.84      -1905.38      0.973114      196.942
801      33.7727      1.24407      933.055      -2838.43      -1905.37      0.971915      196.945
802      33.8149      1.24061      930.459      -2835.82      -1905.36      0.970719      196.948
803      33.857      1.23708      927.813      -2833.17      -1905.35      0.969526      196.952
804      33.8992      1.23366      925.245      -2830.59      -1905.35      0.968337      196.955
805      33.9413      1.23049      922.869      -2828.21      -1905.34      0.96715      196.958
806      33.9835      1.2277      920.776      -2826.11      -1905.34      0.965966      196.962
807      34.0257      1.22538      919.036      -2824.37      -1905.33      0.964786      196.965
808      34.0678      1.2236      917.698      -2823.03      -1905.33      0.963609      196.968
809      34.11      1.22239      916.796      -2822.13      -1905.33      0.962434      196.972
810      34.1522      1.2218      916.351      -2821.68      -1905.33      0.961263      196.975
811      34.1943      1.22184      916.378      -2821.71      -1905.33      0.960096      196.979
812      34.2365      1.22251      916.884      -2822.21      -1905.33      0.958931      196.982
813      34.2786      1.22383      917.873      -2823.2      -1905.33      0.957769      196.986
814      34.3208      1.22579      919.343      -2824.67      -1905.33      0.95661      196.99
815      34.363      1.22838      921.285      -2826.61      -1905.33      0.955454      196.994
816      34.4051      1.23158      923.683      -2829.01      -1905.33      0.954302      196.997
817      34.4473      1.23535      926.511      -2831.84      -1905.33      0.953152      197.001
818      34.4895      1.23964      929.728      -2835.06      -1905.34      0.952005      197.005
819      34.5316      1.24437      933.274      -2838.61      -1905.34      0.95086      197.008
820      34.5738      1.24944      937.077      -2842.42      -1905.35      0.949718      197.012
821      34.616      1.25473      941.045      -2846.4      -1905.35      0.948579      197.016
822      34.6581      1.2601      945.075      -2850.43      -1905.36      0.947443      197.02
823      34.7003      1.2654      949.052      -2854.42      -1905.36      0.946309      197.023
824      34.7424      1.27048      952.861      -2858.23      -1905.37      0.945177      197.027
825      34.7846      1.27519      956.39      -2861.77      -1905.38      0.944048      197.03
826      34.8268      1.27938      959.535      -2864.92      -1905.38      0.942921      197.033
827      34.8689      1.28294      962.205      -2867.59      -1905.39      0.941797      197.037
828      34.9111      1.28578      964.333      -2869.72      -1905.39      0.940674      197.04
829      34.9533      1.28784      965.882      -2871.27      -1905.39      0.939554      197.043
830      34.9954      1.28912      966.841      -2872.23      -1905.39      0.938437      197.046
831      35.0376      1.28964      967.229      -2872.61      -1905.38      0.937321      197.049
832      35.0797      1.28946      967.096      -2872.47      -1905.38      0.936208      197.052
833      35.1219      1.28869      966.52      -2871.89      -1905.37      0.935098      197.054
834      35.1641      1.28746      965.597      -2870.96      -1905.36      0.933989      197.057
835      35.2062      1.28591      964.434      -2869.79      -1905.36      0.932883      197.06
836      35.2484      1.28418      963.138      -2868.49      -1905.35      0.93178      197.062
837      35.2906      1.28242      961.811      -2867.16      -1905.34      0.930678      197.065
838      35.3327      1.28072      960.538      -2865.88      -1905.34      0.92958      197.068
839      35.3749      1.27917      959.377      -2864.72      -1905.34      0.928484      197.07
840      35.4171      1.27782      958.365      -2863.7      -1905.34      0.927391      197.073
841      35.4592      1.27668      957.509      -2862.85      -1905.34      0.9263      197.075
842      35.5014      1.27574      956.801      -2862.15      -1905.34      0.925212      197.078
843      35.5435      1.27495      956.214      -2861.56      -1905.35      0.924126      197.08
844      35.5857      1.27428      955.712      -2861.06      -1905.35      0.923044      197.083
845      35.6279      1.27368      955.261      -2860.61      -1905.35      0.921964      197.086
846      35.67      1.2731      954.828      -2860.18      -1905.35      0.920886      197.088
847      35.7122      1.27253      954.398      -2859.75      -1905.35      0.919812      197.091
848      35.7544      1.27196      953.971      -2859.32      -1905.35      0.91874      197.094
849      35.7965      1.27142      953.565      -2858.92      -1905.35      0.91767      197.096
850      35.8387      1.27096      953.217      -2858.57      -1905.35      0.916604      197.099
851      35.8808      1.27063      952.972      -2858.32      -1905.35      0.915539      197.102
852      35.923      1.27051      952.881      -2858.22      -1905.34      0.914478      197.105
853      35.9652      1.27066      952.993      -2858.33      -1905.34      0.913419      197.108
854      36.0073      1.27113      953.348      -2858.69      -1905.34      0.912362      197.11
855      36.0495      1.27195      953.965      -2859.3      -1905.34      0.911308      197.113
856      36.0917      1.27312      954.844      -2860.18      -1905.34      0.910257      197.116
857      36.1338      1.27462      955.962      -2861.3      -1905.34      0.909208      197.119
858      36.176      1.27638      957.285      -2862.63      -1905.34      0.908161      197.122
859      36.2182      1.27835      958.761      -2864.11      -1905.35      0.907117      197.125
860      36.2603      1.28045      960.338      -2865.69      -1905.35      0.906075      197.127
861      36.3025      1.28262      961.964      -2867.32      -1905.35      0.905035      197.13
862      36.3446      1.28479      963.595      -2868.95      -1905.35      0.903998      197.133
863      36.3868      1.28692      965.194      -2870.55      -1905.35      0.902964      197.136
864      36.429      1.28898      966.732      -2872.09      -1905.36      0.901932      197.139
865      36.4711      1.29092      968.187      -2873.54      -1905.36      0.900902      197.142
866      36.5133      1.29272      969.54      -2874.9      -1905.36      0.899875      197.144
867      36.5555      1.29437      970.776      -2876.13      -1905.36      0.89885      197.147
868      36.5976      1.29583      971.876      -2877.23      -1905.36      0.897828      197.15
869      36.6398      1.2971      972.826      -2878.18      -1905.36      0.896808      197.153
870      36.6819      1.29815      973.612      -2878.97      -1905.36      0.895791      197.156
871      36.7241      1.29897      974.227      -2879.59      -1905.36      0.894776      197.159
872      36.7663      1.29956      974.669      -2880.03      -1905.36      0.893764      197.162
873      36.8084      1.29992      974.94      -2880.3      -1905.36      0.892754      197.165
874      36.8506      1.30006      975.046      -2880.41      -1905.36      0.891746      197.168
875      36.8928      1.3      974.999      -2880.36      -1905.36      0.89074      197.171
876      36.9349      1.29975      974.809      -2880.17      -1905.36      0.889737      197.174
877      36.9771      1.29931      974.484      -2879.84      -1905.36      0.888735      197.177
878      37.0193      1.29871      974.032      -2879.39      -1905.36      0.887735      197.18
879      37.0614      1.29795      973.46      -2878.82      -1905.36      0.886737      197.182
880      37.1036      1.29703      972.773      -2878.13      -1905.36      0.885741      197.185
881      37.1457      1.29597      971.978      -2877.34      -1905.36      0.884747      197.187
882      37.1879      1.29478      971.087      -2876.45      -1905.36      0.883754      197.19
883      37.2301      1.29348      970.114      -2875.47      -1905.36      0.882762      197.192
884      37.2722      1.29209      969.071      -2874.43      -1905.36      0.881773      197.194
885      37.3144      1.29063      967.973      -2873.33      -1905.36      0.880784      197.196
886      37.3566      1.2891      966.828      -2872.19      -1905.36      0.879797      197.197
887      37.3987      1.28752      965.643      -2871      -1905.36      0.878812      197.199
888      37.4409      1.2859      964.422      -2869.78      -1905.36      0.877828      197.2
889      37.483      1.28422      963.167      -2868.52      -1905.36      0.876846      197.201
890      37.5252      1.28251      961.883      -2867.24      -1905.36      0.875866      197.202
891      37.5674      1.28078      960.588      -2865.94      -1905.35      0.874887      197.203
892      37.6095      1.27908      959.308      -2864.66      -1905.35      0.873911      197.204
893      37.6517      1.27746      958.093      -2863.44      -1905.35      0.872936      197.205
894      37.6939      1.27601      957.011      -2862.35      -1905.34      0.871964      197.206
895      37.736      1.27486      956.145      -2861.48      -1905.34      0.870994      197.207
896      37.7782      1.27413      955.596      -2860.92      -1905.33      0.870027      197.208
897      37.8204      1.27396      955.467      -2860.79      -1905.32      0.869062      197.209
898      37.8625      1.27447      955.856      -2861.17      -1905.32      0.868099      197.211
899      37.9047      1.27579      956.844      -2862.16      -1905.31      0.86714      197.212
900      37.9468      1.27798      958.483      -2863.79      -1905.31      0.866183      197.213
901      37.989      1.28105      960.787      -2866.1      -1905.31      0.865229      197.215
902      38.0312      1.28497      963.731      -2869.05      -1905.32      0.864278      197.217
903      38.0733      1.28967      967.251      -2872.57      -1905.32      0.863329      197.219
904      38.1155      1.295      971.253      -2876.58      -1905.33      0.862384      197.221
905      38.1577      1.30082      975.616      -2880.95      -1905.34      0.861441      197.224
906      38.1998      1.30694      980.202      -2885.55      -1905.35      0.860502      197.226
907      38.242      1.31316      984.867      -2890.22      -1905.36      0.859565      197.229
908      38.2841      1.31928      989.463      -2894.83      -1905.37      0.858631      197.232
909      38.3263      1.32512      993.84      -2899.22      -1905.38      0.857699      197.235
910      38.3685      1.33047      997.853      -2903.24      -1905.38      0.85677      197.238
911      38.4106      1.33516      1001.37      -2906.76      -1905.39      0.855843      197.241
912      38.4528      1.33904      1004.28      -2909.68      -1905.4      0.854918      197.244
913      38.495      1.34198      1006.49      -2911.89      -1905.4      0.853996      197.247
914      38.5371      1.34392      1007.94      -2913.34      -1905.4      0.853075      197.25
915      38.5793      1.3448      1008.6      -2914      -1905.4      0.852155      197.253
916      38.6215      1.34465      1008.49      -2913.89      -1905.4      0.851237      197.256
917      38.6636      1.34349      1007.62      -2913.02      -1905.4      0.85032      197.259
918      38.7058      1.34139      1006.04      -2911.44      -1905.4      0.849404      197.261
919      38.7479      1.33839      1003.79      -2909.19      -1905.39      0.848489      197.263
920      38.7901      1.33456      1000.92      -2906.31      -1905.39      0.847575      197.265
921      38.8323      1.32994      997.457      -2902.85      -1905.39      0.846661      197.267
922      38.8744      1.3246      993.447      -2898.83      -1905.39      0.845748      197.268
923      38.9166      1.3186      988.948      -2894.33      -1905.38      0.844835      197.269
924      38.9588      1.31207      984.052      -2889.43      -1905.37      0.843922      197.269
925      39.0009      1.30519      978.892      -2884.25      -1905.36      0.84301      197.269
926      39.0431      1.2982      973.647      -2878.99      -1905.35      0.842098      197.269
927      39.0852      1.29138      968.534      -2873.87      -1905.33      0.841186      197.268
928      39.1274      1.28506      963.792      -2869.11      -1905.32      0.840274      197.266
929      39.1696      1.27955      959.659      -2864.96      -1905.3      0.839362      197.265
930      39.2117      1.27512      956.34      -2861.63      -1905.29      0.838451      197.263
931      39.2539      1.27198      953.987      -2859.27      -1905.29      0.83754      197.26
932      39.2961      1.27024      952.682      -2857.97      -1905.29      0.836629      197.257
933      39.3382      1.2699      952.426      -2857.72      -1905.29      0.835719      197.254
934      39.3804      1.27086      953.144      -2858.44      -1905.3      0.834808      197.25
935      39.4226      1.27292      954.694      -2860      -1905.31      0.833899      197.247
936      39.4647      1.27584      956.882      -2862.21      -1905.32      0.83299      197.242
937      39.5069      1.27932      959.49      -2864.83      -1905.34      0.832081      197.238
938      39.549      1.28305      962.284      -2867.64      -1905.35      0.831173      197.233
939      39.5912      1.28672      965.04      -2870.4      -1905.36      0.830266      197.227
940      39.6334      1.29007      967.553      -2872.93      -1905.37      0.829359      197.222
941      39.6755      1.29287      969.651      -2875.03      -1905.38      0.828454      197.216
942      39.7177      1.29493      971.2      -2876.59      -1905.39      0.827549      197.21
943      39.7599      1.29615      972.11      -2877.5      -1905.39      0.826645      197.204
944      39.802      1.29644      972.331      -2877.72      -1905.39      0.825742      197.197
945      39.8442      1.29581      971.86      -2877.25      -1905.39      0.824841      197.191
946      39.8863      1.2943      970.728      -2876.11      -1905.38      0.82394      197.184
947      39.9285      1.292      968.999      -2874.37      -1905.37      0.82304      197.177
948      39.9707      1.28902      966.762      -2872.13      -1905.37      0.822141      197.169
949      40.0128      1.2855      964.122      -2869.48      -1905.36      0.821243      197.162
950      40.055      1.28159      961.192      -2866.54      -1905.35      0.820346      197.154
951      40.0972      1.27745      958.089      -2863.43      -1905.35      0.81945      197.146
952      40.1393      1.27323      954.921      -2860.26      -1905.34      0.818556      197.138
953      40.1815      1.26905      951.786      -2857.12      -1905.33      0.817662      197.129
954      40.2237      1.26502      948.764      -2854.09      -1905.33      0.816769      197.121
955      40.2658      1.26122      945.915      -2851.24      -1905.33      0.815877      197.112
956      40.308      1.2577      943.276      -2848.6      -1905.33      0.814987      197.103
957      40.3501      1.25448      940.862      -2846.19      -1905.33      0.814097      197.094
958      40.3923      1.25156      938.669      -2844      -1905.33      0.813209      197.084
959      40.4345      1.2489      936.671      -2842.01      -1905.33      0.812321      197.075
960      40.4766      1.24645      934.834      -2840.17      -1905.34      0.811435      197.065
961      40.5188      1.24416      933.117      -2838.46      -1905.34      0.81055      197.055
962      40.561      1.24197      931.476      -2836.82      -1905.34      0.809666      197.045
963      40.6031      1.23984      929.876      -2835.22      -1905.35      0.808784      197.035
964      40.6453      1.23772      928.289      -2833.64      -1905.35      0.807903      197.025
965      40.6874      1.2356      926.697      -2832.05      -1905.35      0.807023      197.014
966      40.7296      1.23346      925.097      -2830.45      -1905.35      0.806145      197.004
967      40.7718      1.23133      923.497      -2828.84      -1905.35      0.805268      196.993
968      40.8139      1.22922      921.914      -2827.26      -1905.35      0.804393      196.983
969      40.8561      1.22717      920.376      -2825.72      -1905.34      0.803519      196.972
970      40.8983      1.22523      918.919      -2824.26      -1905.34      0.802647      196.961
971      40.9404      1.22345      917.586      -2822.92      -1905.34      0.801776      196.95
972      40.9826      1.2219      916.428      -2821.76      -1905.33      0.800908      196.94
973      41.0248      1.22066      915.498      -2820.83      -1905.33      0.800041      196.929
974      41.0669      1.2198      914.846      -2820.17      -1905.33      0.799176      196.918
975      41.1091      1.21936      914.517      -2819.84      -1905.33      0.798313      196.907
976      41.1512      1.21939      914.546      -2819.87      -1905.33      0.797452      196.897
977      41.1934      1.21994      914.955      -2820.28      -1905.33      0.796593      196.886
978      41.2356      1.221      915.749      -2821.08      -1905.33      0.795737      196.876
979      41.2777      1.22256      916.917      -2822.25      -1905.33      0.794882      196.866
980      41.3199      1.22458      918.432      -2823.76      -1905.33      0.794031      196.856
981      41.3621      1.227      920.25      -2825.58      -1905.33      0.793181      196.846
982      41.4042      1.22975      922.316      -2827.65      -1905.34      0.792334      196.836
983      41.4464      1.23275      924.564      -2829.91      -1905.34      0.791489      196.826
984      41.4885      1.2359      926.924      -2832.27      -1905.35      0.790648      196.817
985      41.5307      1.2391      929.324      -2834.68      -1905.35      0.789808      196.808
986      41.5729      1.24227      931.701      -2837.06      -1905.36      0.788972      196.799
987      41.615      1.24533      934.001      -2839.36      -1905.36      0.788138      196.79
988      41.6572      1.24824      936.184      -2841.54      -1905.36      0.787307      196.782
989      41.6994      1.25097      938.225      -2843.59      -1905.36      0.786478      196.774
990      41.7415      1.25349      940.117      -2845.48      -1905.36      0.785653      196.766
991      41.7837      1.25582      941.865      -2847.22      -1905.36      0.78483      196.758
992      41.8259      1.25797      943.481      -2848.84      -1905.36      0.78401      196.751
993      41.868      1.25997      944.978      -2850.33      -1905.36      0.783192      196.744
994      41.9102      1.26183      946.37      -2851.72      -1905.35      0.782377      196.737
995      41.9523      1.26356      947.667      -2853.02      -1905.35      0.781565      196.731
996      41.9945      1.26516      948.871      -2854.22      -1905.35      0.780755      196.725
997      42.0367      1.26664      949.979      -2855.33      -1905.35      0.779948      196.718
998      42.0788      1.26797      950.977      -2856.33      -1905.35      0.779143      196.713
999      42.121      1.26912      951.843      -2857.2      -1905.35      0.77834      196.707
1000      42.1632      1.27007      952.55      -2857.9      -1905.36      0.77754      196.701
1000      42.1632      1.27007      952.55      -2857.9      -1905.36      0.77754      196.701
Execution time in seconds: 1.9468
