Timestep Time Temperature KineticEnergy PotentialEnergy TotalEnergy DiffusionConstant MeanSquareDisplacement
1      0.045      2.43283      1824.62      -3730.19      -1905.57      730.14      197.138
2      0.09      2.4252      1818.9      -3727.33      -1908.43      365.082      197.144
3      0.135      2.40992      1807.44      -3718.73      -1911.3      243.396      197.151
4      0.18      2.38694      1790.2      -3704.39      -1914.18      182.554      197.158
5      0.225      2.35618      1767.14      -3684.24      -1917.1      146.048      197.165
6      0.27      2.31755      1738.17      -3658.21      -1920.05      121.711      197.172
7      0.315      2.27096      1703.22      -3626.25      -1923.02      104.328      197.18
8      0.36      2.21634      1662.25      -3588.28      -1926.02      91.2904      197.187
9      0.405      2.15364      1615.23      -3544.26      -1929.03      81.1502      197.195
10      0.45      2.08294      1562.2      -3494.2      -1932      73.0381      197.203
11      0.495      2.00442      1503.32      -3438.19      -1934.87      66.4008      197.211
12      0.54      1.91852      1438.89      -3376.46      -1937.57      60.8698      197.218
13      0.585      1.82589      1369.42      -3309.4      -1939.98      56.1897      197.226
14      0.63      1.72754      1295.66      -3237.65      -1941.99      52.1782      197.234
15      0.675      1.62484      1218.63      -3162.08      -1943.45      48.7015      197.241
16      0.72      1.51956      1139.67      -3083.89      -1944.22      45.6593      197.248
17      0.765      1.4138      1060.35      -3004.52      -1944.16      42.9751      197.255
18      0.81      1.30996      982.47      -2925.67      -1943.2      40.589      197.262
19      0.855      1.21054      907.906      -2849.2      -1941.3      38.454      197.269
20      0.9      1.118      838.497      -2776.99      -1938.49      36.5324      197.275
21      0.945      1.0345      775.877      -2710.78      -1934.9      34.7938      197.281
22      0.99      0.961787      721.34      -2652.06      -1930.72      33.2132      197.287
23      1.035      0.900998      675.749      -2601.92      -1926.17      31.77      197.292
24      1.08      0.852647      639.485      -2560.97      -1921.48      30.447      197.297
25      1.125      0.816636      612.477      -2529.37      -1916.89      29.2298      197.301
26      1.17      0.792342      594.256      -2506.83      -1912.58      28.1061      197.305
27      1.215      0.778743      584.057      -2492.74      -1908.68      27.0657      197.309
28      1.26      0.774557      580.918      -2486.2      -1905.28      26.0995      197.312
29      1.305      0.778377      583.783      -2486.2      -1902.42      25.1999      197.316
30      1.35      0.788775      591.581      -2491.67      -1900.09      24.3603      197.318
31      1.395      0.804389      603.292      -2501.56      -1898.27      23.5748      197.321
32      1.44      0.823972      617.979      -2514.88      -1896.9      22.8384      197.323
33      1.485      0.846414      634.81      -2530.75      -1895.94      22.1465      197.325
34      1.53      0.870753      653.065      -2548.39      -1895.32      21.4954      197.327
35      1.575      0.896172      672.129      -2567.13      -1895      20.8814      197.329
36      1.62      0.921983      691.487      -2586.41      -1894.92      20.3015      197.331
37      1.665      0.947611      710.708      -2605.76      -1895.05      19.753      197.332
38      1.71      0.972573      729.43      -2624.78      -1895.35      19.2333      197.333
39      1.755      0.996455      747.341      -2643.15      -1895.8      18.7402      197.334
40      1.8      1.0189      764.174      -2660.56      -1896.38      18.2718      197.335
41      1.845      1.0396      779.701      -2676.77      -1897.07      17.8262      197.336
42      1.89      1.0583      793.729      -2691.57      -1897.84      17.4019      197.337
43      1.935      1.0748      806.103      -2704.8      -1898.69      16.9972      197.338
44      1.98      1.08896      816.716      -2716.3      -1899.59      16.611      197.338
45      2.025      1.10068      825.509      -2726.01      -1900.5      16.2419      197.339
46      2.07      1.10997      832.481      -2733.89      -1901.41      15.8889      197.34
47      2.115      1.11692      837.692      -2739.98      -1902.28      15.5509      197.341
48      2.16      1.12168      841.258      -2744.35      -1903.09      15.227      197.342
49      2.205      1.12446      843.346      -2747.15      -1903.8      14.9163      197.342
50      2.25      1.12555      844.159      -2748.57      -1904.41      14.618      197.344
51      2.295      1.12524      843.927      -2748.83      -1904.91      14.3315      197.345
52      2.34      1.12384      842.88      -2748.16      -1905.29      14.056      197.346
53      2.385      1.12165      841.234      -2746.79      -1905.56      13.7909      197.347
54      2.43      1.11892      839.193      -2744.92      -1905.73      13.5356      197.349
55      2.475      1.1159      836.922      -2742.74      -1905.82      13.2896      197.351
56      2.52      1.11275      834.564      -2740.41      -1905.84      13.0524      197.353
57      2.565      1.10965      832.24      -2738.05      -1905.81      12.8236      197.355
58      2.61      1.10677      830.074      -2735.78      -1905.71      12.6026      197.357
59      2.655      1.10425      828.189      -2733.74      -1905.55      12.3892      197.36
60      2.7      1.1023      826.727      -2732.04      -1905.32      12.1829      197.363
61      2.745      1.10111      825.835      -2730.84      -1905.01      11.9833      197.365
62      2.79      1.10088      825.663      -2730.29      -1904.63      11.7902      197.368
63      2.835      1.10178      826.339      -2730.53      -1904.19      11.6032      197.371
64      2.88      1.10392      827.938      -2731.66      -1903.72      11.4221      197.374
65      2.925      1.1073      830.474      -2733.73      -1903.26      11.2466      197.377
66      2.97      1.11185      833.885      -2736.72      -1902.83      11.0763      197.38
67      3.015      1.11739      838.042      -2740.52      -1902.48      10.9112      197.383
68      3.06      1.1237      842.777      -2744.99      -1902.21      10.7509      197.386
69      3.105      1.13055      847.911      -2749.95      -1902.04      10.5952      197.389
70      3.15      1.13769      853.268      -2755.21      -1901.95      10.444      197.392
71      3.195      1.14494      858.706      -2760.63      -1901.92      10.297      197.394
72      3.24      1.15215      864.116      -2766.07      -1901.95      10.1541      197.397
73      3.285      1.15923      869.426      -2771.44      -1902.01      10.0151      197.398
74      3.33      1.16612      874.59      -2776.68      -1902.09      9.87989      197.4
75      3.375      1.17277      879.58      -2781.76      -1902.18      9.74822      197.401
76      3.42      1.17917      884.379      -2786.66      -1902.28      9.61999      197.402
77      3.465      1.1853      888.974      -2791.36      -1902.39      9.49508      197.403
78      3.51      1.19113      893.351      -2795.85      -1902.5      9.37334      197.403
79      3.555      1.19667      897.499      -2800.12      -1902.62      9.25466      197.402
80      3.6      1.20188      901.408      -2804.15      -1902.74      9.13892      197.401
81      3.645      1.20678      905.084      -2807.94      -1902.86      9.02601      197.399
82      3.69      1.21139      908.546      -2811.51      -1902.96      8.91583      197.396
83      3.735      1.21577      911.829      -2814.88      -1903.05      8.80827      197.393
84      3.78      1.21998      914.986      -2818.09      -1903.1      8.70325      197.39
85      3.825      1.22412      918.089      -2821.21      -1903.12      8.60066      197.385
86      3.87      1.22828      921.21      -2824.32      -1903.11      8.50044      197.38
87      3.915      1.23257      924.429      -2827.48      -1903.05      8.40249      197.375
88      3.96      1.23708      927.813      -2830.77      -1902.96      8.30675      197.368
89      4.005      1.24188      931.413      -2834.26      -1902.85      8.21314      197.362
90      4.05      1.24699      935.246      -2837.98      -1902.73      8.12158      197.354
91      4.095      1.25239      939.296      -2841.92      -1902.63      8.03203      197.347
92      4.14      1.25801      943.511      -2846.06      -1902.55      7.9444      197.339
93      4.185      1.26373      947.801      -2850.33      -1902.53      7.85865      197.331
94      4.23      1.2694      952.051      -2854.61      -1902.56      7.77471      197.322
95      4.275      1.27484      956.132      -2858.8      -1902.66      7.69254      197.314
96      4.32      1.27987      959.906      -2862.74      -1902.83      7.61207      197.305
97      4.365      1.28433      963.248      -2866.31      -1903.06      7.53326      197.296
98      4.41      1.28807      966.055      -2869.39      -1903.34      7.45606      197.287
99      4.455      1.291      968.251      -2871.9      -1903.65      7.38043      197.279
100      4.5      1.29306      969.792      -2873.77      -1903.98      7.30631      197.27
101      4.545      1.29422      970.663      -2874.97      -1904.31      7.23367      197.262
102      4.59      1.2945      970.873      -2875.51      -1904.64      7.16246      197.254
103      4.635      1.29393      970.447      -2875.4      -1904.95      7.09265      197.247
104      4.68      1.29256      969.419      -2874.66      -1905.24      7.0242      197.24
105      4.725      1.29045      967.836      -2873.35      -1905.51      6.95707      197.233
106      4.77      1.28767      965.751      -2871.5      -1905.75      6.89122      197.227
107      4.815      1.2843      963.227      -2869.19      -1905.96      6.82662      197.221
108      4.86      1.28046      960.343      -2866.47      -1906.13      6.76323      197.216
109      4.905      1.27627      957.201      -2863.44      -1906.24      6.70103      197.211
110      4.95      1.27189      953.917      -2860.21      -1906.29      6.63997      197.207
111      4.995      1.26751      950.632      -2856.9      -1906.27      6.58003      197.203
112      5.04      1.26334      947.504      -2853.68      -1906.17      6.52117      197.2
113      5.085      1.25959      944.694      -2850.68      -1905.99      6.46338      197.198
114      5.13      1.25647      942.352      -2848.09      -1905.74      6.40661      197.195
115      5.175      1.25413      940.601      -2846.03      -1905.43      6.35084      197.194
116      5.22      1.25268      939.513      -2844.6      -1905.09      6.29604      197.192
117      5.265      1.25216      939.116      -2843.86      -1904.74      6.2422      197.191
118      5.31      1.25253      939.398      -2843.81      -1904.41      6.18928      197.191
119      5.355      1.25377      940.328      -2844.42      -1904.09      6.13727      197.19
120      5.4      1.25582      941.866      -2845.66      -1903.79      6.08613      197.191
121      5.445      1.25865      943.987      -2847.49      -1903.5      6.03586      197.191
122      5.49      1.26224      946.683      -2849.9      -1903.22      5.98642      197.193
123      5.535      1.26662      949.963      -2852.89      -1902.93      5.9378      197.194
124      5.58      1.27178      953.832      -2856.47      -1902.64      5.88998      197.197
125      5.625      1.27771      958.282      -2860.64      -1902.36      5.84294      197.199
126      5.67      1.28438      963.283      -2865.37      -1902.09      5.79667      197.203
127      5.715      1.29169      968.767      -2870.63      -1901.86      5.75113      197.206
128      5.76      1.29951      974.629      -2876.32      -1901.69      5.70633      197.211
129      5.805      1.30766      980.743      -2882.33      -1901.59      5.66223      197.215
130      5.85      1.31594      986.955      -2888.51      -1901.56      5.61882      197.221
131      5.895      1.32415      993.11      -2894.72      -1901.61      5.57609      197.226
132      5.94      1.33209      999.068      -2900.8      -1901.73      5.53403      197.233
133      5.985      1.3396      1004.7      -2906.61      -1901.91      5.4926      197.239
134      6.03      1.34655      1009.91      -2912.04      -1902.13      5.4518      197.246
135      6.075      1.35284      1014.63      -2917.01      -1902.38      5.41162      197.254
136      6.12      1.35842      1018.82      -2921.47      -1902.65      5.37204      197.261
137      6.165      1.36327      1022.46      -2925.39      -1902.93      5.33304      197.269
138      6.21      1.36738      1025.54      -2928.75      -1903.21      5.29462      197.277
139      6.255      1.37074      1028.05      -2931.55      -1903.5      5.25675      197.286
140      6.3      1.37333      1030      -2933.78      -1903.78      5.21943      197.295
141      6.345      1.37514      1031.36      -2935.44      -1904.08      5.18264      197.303
142      6.39      1.37612      1032.09      -2936.49      -1904.39      5.14638      197.312
143      6.435      1.37626      1032.19      -2936.91      -1904.71      5.11062      197.321
144      6.48      1.37552      1031.64      -2936.68      -1905.04      5.07536      197.33
145      6.525      1.37393      1030.45      -2935.81      -1905.36      5.04058      197.339
146      6.57      1.37153      1028.65      -2934.3      -1905.66      5.00628      197.348
147      6.615      1.3684      1026.3      -2932.22      -1905.92      4.97245      197.356
148      6.66      1.36468      1023.51      -2929.64      -1906.13      4.93907      197.365
149      6.705      1.36051      1020.38      -2926.66      -1906.28      4.90613      197.374
150      6.75      1.35607      1017.06      -2923.42      -1906.36      4.87363      197.382
151      6.795      1.35154      1013.66      -2920.04      -1906.38      4.84155      197.39
152      6.84      1.34707      1010.3      -2916.65      -1906.34      4.80989      197.398
153      6.885      1.34279      1007.09      -2913.35      -1906.26      4.77864      197.406
154      6.93      1.33878      1004.09      -2910.24      -1906.15      4.74779      197.413
155      6.975      1.33509      1001.32      -2907.35      -1906.03      4.71734      197.42
156      7.02      1.33172      998.787      -2904.7      -1905.91      4.68726      197.427
157      7.065      1.32863      996.472      -2902.28      -1905.81      4.65757      197.434
158      7.11      1.32577      994.326      -2900.05      -1905.73      4.62824      197.441
159      7.155      1.32306      992.299      -2897.97      -1905.67      4.59927      197.447
160      7.2      1.32045      990.337      -2895.98      -1905.65      4.57066      197.453
161      7.245      1.31785      988.384      -2894.03      -1905.65      4.5424      197.458
162      7.29      1.31518      986.385      -2892.06      -1905.68      4.51448      197.463
163      7.335      1.31238      984.288      -2890.02      -1905.73      4.48689      197.468
164      7.38      1.30939      982.04      -2887.85      -1905.81      4.45963      197.472
165      7.425      1.30612      979.588      -2885.51      -1905.92      4.43269      197.476
166      7.47      1.30252      976.889      -2882.93      -1906.05      4.40606      197.48
167      7.515      1.29855      973.91      -2880.1      -1906.19      4.37974      197.483
168      7.56      1.29418      970.632      -2876.97      -1906.34      4.35373      197.485
169      7.605      1.28942      967.062      -2873.54      -1906.48      4.32801      197.487
170      7.65      1.28432      963.237      -2869.83      -1906.59      4.30258      197.488
171      7.695      1.27898      959.235      -2865.91      -1906.67      4.27743      197.489
172      7.74      1.27355      955.161      -2861.85      -1906.69      4.25257      197.489
173      7.785      1.2682      951.15      -2857.79      -1906.64      4.22798      197.489
174      7.83      1.26312      947.343      -2853.86      -1906.52      4.20366      197.488
175      7.875      1.25851      943.882      -2850.21      -1906.33      4.1796      197.486
176      7.92      1.2545      940.878      -2846.96      -1906.09      4.15581      197.484
177      7.965      1.2512      938.398      -2844.21      -1905.82      4.13227      197.481
178      8.01      1.24863      936.47      -2842.01      -1905.54      4.10898      197.478
179      8.055      1.24678      935.085      -2840.36      -1905.27      4.08594      197.474
180      8.1      1.24562      934.214      -2839.23      -1905.02      4.06315      197.469
181      8.145      1.24507      933.802      -2838.6      -1904.8      4.0406      197.464
182      8.19      1.24506      933.792      -2838.4      -1904.61      4.01829      197.459
183      8.235      1.24549      934.118      -2838.57      -1904.45      3.99621      197.453
184      8.28      1.24628      934.711      -2839.03      -1904.32      3.97436      197.446
185      8.325      1.24734      935.501      -2839.74      -1904.23      3.95274      197.44
186      8.37      1.24856      936.423      -2840.6      -1904.18      3.93135      197.432
187      8.415      1.24989      937.419      -2841.57      -1904.15      3.91017      197.425
188      8.46      1.25126      938.444      -2842.59      -1904.14      3.88922      197.417
189      8.505      1.25262      939.462      -2843.61      -1904.15      3.86848      197.408
190      8.55      1.25394      940.458      -2844.62      -1904.17      3.84795      197.4
191      8.595      1.25523      941.42      -2845.61      -1904.19      3.82762      197.391
192      8.64      1.25644      942.334      -2846.55      -1904.21      3.80751      197.381
193      8.685      1.25757      943.18      -2847.43      -1904.25      3.7876      197.372
194      8.73      1.25858      943.932      -2848.24      -1904.3      3.76789      197.362
195      8.775      1.25939      944.543      -2848.93      -1904.38      3.74837      197.352
196      8.82      1.25994      944.953      -2849.44      -1904.49      3.72906      197.342
197      8.865      1.26013      945.095      -2849.73      -1904.63      3.70993      197.331
198      8.91      1.25987      944.9      -2849.71      -1904.81      3.691      197.321
199      8.955      1.25908      944.313      -2849.33      -1905.01      3.67225      197.31
200      9      1.25772      943.288      -2848.52      -1905.23      3.6537      197.3
201      9.045      1.25575      941.813      -2847.27      -1905.46      3.63532      197.289
202      9.09      1.2532      939.898      -2845.57      -1905.68      3.61713      197.278
203      9.135      1.25011      937.583      -2843.45      -1905.87      3.59912      197.268
204      9.18      1.24657      934.928      -2840.96      -1906.03      3.58129      197.258
205      9.225      1.24268      932.012      -2838.16      -1906.15      3.56364      197.247
206      9.27      1.23857      928.927      -2835.15      -1906.22      3.54615      197.237
207      9.315      1.23436      925.771      -2832.01      -1906.24      3.52884      197.227
208      9.36      1.23021      922.657      -2828.86      -1906.2      3.5117      197.217
209      9.405      1.22627      919.705      -2825.81      -1906.11      3.49473      197.208
210      9.45      1.22272      917.039      -2822.99      -1905.95      3.47793      197.198
211      9.495      1.21972      914.791      -2820.51      -1905.72      3.46128      197.189
212      9.54      1.21746      913.095      -2818.53      -1905.43      3.4448      197.18
213      9.585      1.2161      912.075      -2817.15      -1905.08      3.42847      197.172
214      9.63      1.21578      911.838      -2816.51      -1904.67      3.41231      197.163
215      9.675      1.21663      912.472      -2816.7      -1904.23      3.3963      197.155
216      9.72      1.21871      914.029      -2817.79      -1903.76      3.38044      197.147
217      9.765      1.22203      916.525      -2819.82      -1903.29      3.36473      197.139
218      9.81      1.22658      919.937      -2822.78      -1902.84      3.34917      197.132
219      9.855      1.23227      924.199      -2826.63      -1902.43      3.33375      197.125
220      9.9      1.23893      929.199      -2831.28      -1902.08      3.31848      197.118
221      9.945      1.24638      934.789      -2836.59      -1901.8      3.30335      197.111
222      9.99      1.25438      940.785      -2842.41      -1901.63      3.28836      197.104
223      10.035      1.26265      946.984      -2848.54      -1901.55      3.27351      197.098
224      10.08      1.27091      953.179      -2854.76      -1901.58      3.25879      197.092
225      10.125      1.27889      959.17      -2860.88      -1901.71      3.24421      197.086
226      10.17      1.28637      964.776      -2866.7      -1901.92      3.22976      197.08
227      10.215      1.29313      969.846      -2872.05      -1902.21      3.21544      197.074
228      10.26      1.29902      974.268      -2876.81      -1902.55      3.20124      197.069
229      10.305      1.30396      977.969      -2880.88      -1902.92      3.18718      197.063
230      10.35      1.30789      980.916      -2884.21      -1903.3      3.17323      197.058
231      10.395      1.31082      983.117      -2886.78      -1903.67      3.15941      197.053
232      10.44      1.31282      984.613      -2888.63      -1904.01      3.14571      197.047
233      10.485      1.31396      985.473      -2889.8      -1904.32      3.13213      197.042
234      10.53      1.31438      985.789      -2890.37      -1904.59      3.11867      197.037
235      10.575      1.31422      985.664      -2890.46      -1904.79      3.10532      197.033
236      10.62      1.31361      985.204      -2890.15      -1904.95      3.09209      197.028
237      10.665      1.31268      984.509      -2889.57      -1905.06      3.07896      197.023
238      10.71      1.31154      983.655      -2888.78      -1905.13      3.06596      197.018
239      10.755      1.31026      982.694      -2887.87      -1905.18      3.05306      197.014
240      10.8      1.30887      981.649      -2886.87      -1905.22      3.04027      197.009
241      10.845      1.30736      980.518      -2885.78      -1905.26      3.02759      197.005
242      10.89      1.3057      979.274      -2884.59      -1905.32      3.01501      197.001
243      10.935      1.30384      977.879      -2883.28      -1905.4      3.00255      196.997
244      10.98      1.30172      976.291      -2881.79      -1905.5      2.99019      196.994
245      11.025      1.29929      974.467      -2880.09      -1905.62      2.97793      196.99
246      11.07      1.2965      972.379      -2878.14      -1905.76      2.96578      196.987
247      11.115      1.29335      970.01      -2875.91      -1905.9      2.95374      196.985
248      11.16      1.28982      967.364      -2873.4      -1906.03      2.94179      196.982
249      11.205      1.28595      964.463      -2870.62      -1906.16      2.92995      196.981
250      11.25      1.28179      961.342      -2867.6      -1906.26      2.91821      196.979
251      11.295      1.27741      958.058      -2864.39      -1906.33      2.90657      196.978
252      11.34      1.2729      954.679      -2861.05      -1906.37      2.89503      196.978
253      11.385      1.26838      951.287      -2857.65      -1906.37      2.88359      196.978
254      11.43      1.26397      947.975      -2854.29      -1906.31      2.87224      196.978
255      11.475      1.25978      944.838      -2851.05      -1906.21      2.86099      196.979
256      11.52      1.25597      941.975      -2848.04      -1906.06      2.84984      196.981
257      11.565      1.25263      939.474      -2845.35      -1905.87      2.83878      196.983
258      11.61      1.24988      937.412      -2843.06      -1905.64      2.82781      196.985
259      11.655      1.2478      935.851      -2841.24      -1905.39      2.81693      196.988
260      11.7      1.24644      934.828      -2839.94      -1905.12      2.80615      196.992
261      11.745      1.2458      934.348      -2839.19      -1904.85      2.79545      196.995
262      11.79      1.24586      934.394      -2838.98      -1904.59      2.78484      196.999
263      11.835      1.24656      934.922      -2839.27      -1904.35      2.77431      197.004
264      11.88      1.24783      935.871      -2840.02      -1904.15      2.76386      197.008
265      11.925      1.24955      937.165      -2841.15      -1903.98      2.7535      197.013
266      11.97      1.25164      938.732      -2842.59      -1903.86      2.74322      197.018
267      12.015      1.254      940.501      -2844.26      -1903.76      2.73302      197.023
268      12.06      1.25655      942.412      -2846.11      -1903.7      2.72289      197.029
269      12.105      1.25924      944.427      -2848.08      -1903.65      2.71285      197.034
270      12.15      1.26202      946.513      -2850.13      -1903.61      2.70287      197.039
271      12.195      1.26488      948.657      -2852.24      -1903.59      2.69298      197.045
272      12.24      1.2678      950.851      -2854.41      -1903.56      2.68315      197.051
273      12.285      1.2708      953.099      -2856.63      -1903.54      2.6734      197.056
274      12.33      1.27386      955.397      -2858.91      -1903.51      2.66372      197.062
275      12.375      1.277      957.748      -2861.23      -1903.48      2.65411      197.068
276      12.42      1.2802      960.153      -2863.61      -1903.46      2.64458      197.074
277      12.465      1.28349      962.617      -2866.04      -1903.43      2.63511      197.08
278      12.51      1.28687      965.149      -2868.54      -1903.39      2.62571      197.086
279      12.555      1.29034      967.758      -2871.11      -1903.35      2.61638      197.092
280      12.6      1.29393      970.445      -2873.76      -1903.31      2.60712      197.098
281      12.645      1.2976      973.204      -2876.48      -1903.28      2.59793      197.105
282      12.69      1.30134      976.003      -2879.27      -1903.27      2.5888      197.111
283      12.735      1.30505      978.789      -2882.07      -1903.28      2.57974      197.118
284      12.78      1.30864      981.479      -2884.82      -1903.34      2.57075      197.125
285      12.825      1.31197      983.976      -2887.42      -1903.45      2.56182      197.132
286      12.87      1.31491      986.179      -2889.79      -1903.61      2.55296      197.14
287      12.915      1.31732      987.99      -2891.8      -1903.81      2.54416      197.147
288      12.96      1.31912      989.339      -2893.39      -1904.05      2.53543      197.155
289      13.005      1.32027      990.202      -2894.49      -1904.29      2.52676      197.163
290      13.05      1.3208      990.6      -2895.12      -1904.52      2.51816      197.172
291      13.095      1.32081      990.608      -2895.31      -1904.7      2.50961      197.18
292      13.14      1.32045      990.334      -2895.16      -1904.82      2.50113      197.189
293      13.185      1.31985      989.89      -2894.79      -1904.9      2.4927      197.198
294      13.23      1.31915      989.361      -2894.29      -1904.93      2.48434      197.207
295      13.275      1.31836      988.773      -2893.73      -1904.96      2.47604      197.216
296      13.32      1.31744      988.076      -2893.1      -1905.02      2.46779      197.226
297      13.365      1.31622      987.167      -2892.31      -1905.14      2.4596      197.235
298      13.41      1.31454      985.908      -2891.24      -1905.34      2.45147      197.245
299      13.455      1.31222      984.168      -2889.76      -1905.59      2.44339      197.255
300      13.5      1.30912      981.84      -2887.73      -1905.89      2.43537      197.265
301      13.545      1.30516      978.872      -2885.09      -1906.21      2.4274      197.275
302      13.59      1.30035      975.261      -2881.79      -1906.53      2.41948      197.284
303      13.635      1.29474      971.059      -2877.87      -1906.82      2.41161      197.294
304      13.68      1.2885      966.373      -2873.41      -1907.04      2.40379      197.303
305      13.725      1.28181      961.355      -2868.54      -1907.18      2.39603      197.313
306      13.77      1.27494      956.203      -2863.42      -1907.22      2.38831      197.322
307      13.815      1.2682      951.147      -2858.29      -1907.14      2.38063      197.331
308      13.86      1.26191      946.433      -2853.37      -1906.94      2.37301      197.339
309      13.905      1.25642      942.311      -2848.92      -1906.61      2.36542      197.347
310      13.95      1.25203      939.023      -2845.18      -1906.16      2.35789      197.355
311      13.995      1.24903      936.775      -2842.39      -1905.62      2.3504      197.363
312      14.04      1.24763      935.723      -2840.72      -1905      2.34295      197.37
313      14.085      1.24794      935.953      -2840.31      -1904.35      2.33554      197.376
314      14.13      1.24998      937.484      -2841.19      -1903.7      2.32817      197.382
315      14.175      1.25369      940.268      -2843.36      -1903.09      2.32084      197.388
316      14.22      1.25893      944.197      -2846.73      -1902.53      2.31356      197.393
317      14.265      1.2655      949.122      -2851.18      -1902.06      2.30631      197.397
318      14.31      1.27314      954.853      -2856.53      -1901.68      2.2991      197.401
319      14.355      1.28157      961.174      -2862.59      -1901.41      2.29193      197.404
320      14.4      1.29047      967.851      -2869.12      -1901.27      2.2848      197.407
321      14.445      1.29952      974.639      -2875.88      -1901.24      2.27771      197.409
322      14.49      1.3084      981.3      -2882.64      -1901.34      2.27065      197.41
323      14.535      1.31681      987.609      -2889.15      -1901.54      2.26363      197.411
324      14.58      1.32449      993.367      -2895.2      -1901.84      2.25664      197.411
325      14.625      1.33122      998.416      -2900.62      -1902.21      2.24969      197.411
326      14.67      1.33685      1002.64      -2905.27      -1902.63      2.24278      197.41
327      14.715      1.3413      1005.97      -2909.05      -1903.08      2.23591      197.408
328      14.76      1.34454      1008.41      -2911.93      -1903.53      2.22907      197.406
329      14.805      1.34665      1009.99      -2913.93      -1903.94      2.22227      197.404
330      14.85      1.34775      1010.81      -2915.12      -1904.31      2.2155      197.401
331      14.895      1.34801      1011.01      -2915.61      -1904.6      2.20878      197.398
332      14.94      1.34765      1010.74      -2915.55      -1904.81      2.20209      197.395
333      14.985      1.34691      1010.18      -2915.11      -1904.93      2.19544      197.392
334      15.03      1.34603      1009.52      -2914.48      -1904.96      2.18883      197.389
335      15.075      1.3452      1008.9      -2913.83      -1904.92      2.18226      197.385
336      15.12      1.34459      1008.44      -2913.28      -1904.84      2.17572      197.382
337      15.165      1.34424      1008.18      -2912.91      -1904.74      2.16923      197.378
338      15.21      1.34413      1008.1      -2912.75      -1904.65      2.16278      197.375
339      15.255      1.34418      1008.13      -2912.74      -1904.6      2.15636      197.372
340      15.3      1.34423      1008.17      -2912.79      -1904.62      2.14998      197.369
341      15.345      1.3441      1008.08      -2912.78      -1904.7      2.14365      197.366
342      15.39      1.34363      1007.72      -2912.57      -1904.85      2.13735      197.363
343      15.435      1.34265      1006.99      -2912.04      -1905.05      2.13109      197.36
344      15.48      1.34105      1005.78      -2911.08      -1905.3      2.12486      197.357
345      15.525      1.33871      1004.03      -2909.61      -1905.58      2.11868      197.355
346      15.57      1.33557      1001.68      -2907.57      -1905.89      2.11252      197.352
347      15.615      1.33161      998.706      -2904.91      -1906.2      2.10641      197.349
348      15.66      1.32682      995.114      -2901.62      -1906.51      2.10033      197.347
349      15.705      1.32125      990.934      -2897.73      -1906.8      2.09428      197.344
350      15.75      1.31498      986.232      -2893.28      -1907.05      2.08827      197.341
351      15.795      1.30814      981.107      -2888.36      -1907.25      2.08229      197.339
352      15.84      1.30092      975.691      -2883.07      -1907.38      2.07635      197.336
353      15.885      1.29352      970.141      -2877.56      -1907.42      2.07044      197.333
354      15.93      1.28618      964.634      -2872.01      -1907.38      2.06456      197.33
355      15.975      1.27913      959.351      -2866.6      -1907.25      2.05871      197.328
356      16.02      1.27262      954.463      -2861.49      -1907.03      2.0529      197.325
357      16.065      1.26683      950.126      -2856.86      -1906.73      2.04712      197.322
358      16.11      1.26193      946.449      -2852.84      -1906.39      2.04138      197.319
359      16.155      1.25802      943.513      -2849.53      -1906.01      2.03566      197.317
360      16.2      1.25513      941.35      -2846.98      -1905.63      2.02999      197.315
361      16.245      1.25327      939.954      -2845.2      -1905.24      2.02434      197.312
362      16.29      1.25239      939.289      -2844.17      -1904.88      2.01873      197.31
363      16.335      1.2524      939.298      -2843.85      -1904.55      2.01315      197.308
364      16.38      1.25321      939.91      -2844.17      -1904.26      2.0076      197.307
365      16.425      1.25472      941.044      -2845.06      -1904.01      2.00208      197.305
366      16.47      1.25682      942.612      -2846.42      -1903.81      1.9966      197.304
367      16.515      1.25937      944.529      -2848.17      -1903.65      1.99115      197.304
368      16.56      1.26227      946.7      -2850.23      -1903.53      1.98574      197.303
369      16.605      1.26536      949.022      -2852.49      -1903.47      1.98035      197.303
370      16.65      1.26851      951.382      -2854.85      -1903.47      1.975      197.303
371      16.695      1.27155      953.663      -2857.18      -1903.52      1.96968      197.303
372      16.74      1.27432      955.743      -2859.38      -1903.63      1.9644      197.304
373      16.785      1.27668      957.509      -2861.32      -1903.81      1.95914      197.305
374      16.83      1.27848      958.862      -2862.88      -1904.02      1.95391      197.306
375      16.875      1.27965      959.734      -2864      -1904.27      1.94872      197.308
376      16.92      1.28011      960.081      -2864.62      -1904.53      1.94356      197.31
377      16.965      1.27985      959.89      -2864.69      -1904.8      1.93842      197.312
378      17.01      1.27891      959.182      -2864.24      -1905.06      1.93332      197.315
379      17.055      1.27733      957.995      -2863.28      -1905.29      1.92825      197.318
380      17.1      1.27518      956.384      -2861.88      -1905.49      1.92321      197.321
381      17.145      1.27256      954.422      -2860.08      -1905.66      1.91819      197.324
382      17.19      1.26959      952.194      -2857.97      -1905.78      1.91321      197.328
383      17.235      1.26639      949.79      -2855.64      -1905.85      1.90825      197.332
384      17.28      1.26309      947.315      -2853.19      -1905.88      1.90332      197.336
385      17.325      1.25983      944.875      -2850.72      -1905.84      1.89842      197.341
386      17.37      1.25678      942.588      -2848.34      -1905.75      1.89355      197.346
387      17.415      1.2541      940.577      -2846.17      -1905.6      1.8887      197.35
388      17.46      1.25195      938.964      -2844.35      -1905.39      1.88388      197.355
389      17.505      1.25047      937.856      -2842.98      -1905.12      1.87909      197.361
390      17.55      1.24979      937.343      -2842.16      -1904.82      1.87432      197.366
391      17.595      1.24997      937.48      -2841.97      -1904.49      1.86958      197.371
392      17.64      1.25105      938.287      -2842.44      -1904.16      1.86486      197.376
393      17.685      1.25299      939.744      -2843.58      -1903.84      1.86016      197.382
394      17.73      1.25573      941.797      -2845.35      -1903.55      1.85549      197.387
395      17.775      1.25916      944.37      -2847.67      -1903.3      1.85085      197.393
396      17.82      1.26316      947.37      -2850.47      -1903.1      1.84622      197.398
397      17.865      1.2676      950.703      -2853.65      -1902.95      1.84162      197.404
398      17.91      1.27238      954.283      -2857.12      -1902.84      1.83705      197.409
399      17.955      1.27737      958.027      -2860.8      -1902.77      1.83249      197.414
400      18      1.28248      961.86      -2864.6      -1902.74      1.82795      197.419
401      18.045      1.28763      965.724      -2868.45      -1902.73      1.82344      197.424
402      18.09      1.29276      969.569      -2872.32      -1902.75      1.81895      197.429
403      18.135      1.2978      973.353      -2876.14      -1902.78      1.81447      197.433
404      18.18      1.30272      977.042      -2879.88      -1902.84      1.81002      197.437
405      18.225      1.30747      980.601      -2883.51      -1902.91      1.80559      197.441
406      18.27      1.312      984.003      -2886.99      -1902.99      1.80117      197.444
407      18.315      1.3163      987.222      -2890.31      -1903.09      1.79677      197.447
408      18.36      1.3203      990.224      -2893.42      -1903.2      1.79239      197.45
409      18.405      1.32398      992.987      -2896.31      -1903.32      1.78803      197.452
410      18.45      1.3273      995.478      -2898.94      -1903.46      1.78369      197.454
411      18.495      1.33021      997.658      -2901.28      -1903.63      1.77936      197.456
412      18.54      1.33264      999.481      -2903.29      -1903.81      1.77505      197.457
413      18.585      1.3345      1000.88      -2904.91      -1904.03      1.77076      197.457
414      18.63      1.3357      1001.78      -2906.07      -1904.29      1.76648      197.458
415      18.675      1.33615      1002.11      -2906.69      -1904.58      1.76222      197.457
416      18.72      1.33574      1001.81      -2906.71      -1904.9      1.75798      197.457
417      18.765      1.33445      1000.83      -2906.08      -1905.24      1.75376      197.456
418      18.81      1.33224      999.18      -2904.76      -1905.58      1.74955      197.454
419      18.855      1.32918      996.885      -2902.77      -1905.89      1.74536      197.453
420      18.9      1.32538      994.031      -2900.19      -1906.15      1.74119      197.451
421      18.945      1.32099      990.743      -2897.1      -1906.35      1.73704      197.449
422      18.99      1.31624      987.18      -2893.65      -1906.47      1.7329      197.447
423      19.035      1.31136      983.519      -2890.01      -1906.49      1.72878      197.444
424      19.08      1.3066      979.946      -2886.37      -1906.42      1.72469      197.442
425      19.125      1.30218      976.633      -2882.91      -1906.27      1.72061      197.44
426      19.17      1.29831      973.735      -2879.78      -1906.05      1.71655      197.437
427      19.215      1.29516      971.368      -2877.14      -1905.77      1.71251      197.435
428      19.26      1.29281      969.609      -2875.07      -1905.46      1.70849      197.433
429      19.305      1.29132      968.491      -2873.63      -1905.14      1.70449      197.431
430      19.35      1.29065      967.989      -2872.83      -1904.84      1.70051      197.429
431      19.395      1.29071      968.031      -2872.61      -1904.58      1.69654      197.427
432      19.44      1.29133      968.495      -2872.88      -1904.39      1.6926      197.425
433      19.485      1.29228      969.213      -2873.49      -1904.28      1.68868      197.423
434      19.53      1.29332      969.987      -2874.27      -1904.28      1.68477      197.422
435      19.575      1.29413      970.599      -2874.99      -1904.39      1.68089      197.42
436      19.62      1.29445      970.84      -2875.44      -1904.6      1.67702      197.419
437      19.665      1.29401      970.505      -2875.42      -1904.91      1.67317      197.417
438      19.71      1.29257      969.427      -2874.73      -1905.3      1.66934      197.416
439      19.755      1.28998      967.482      -2873.23      -1905.75      1.66552      197.414
440      19.8      1.28612      964.594      -2870.82      -1906.23      1.66172      197.413
441      19.845      1.28099      960.744      -2867.45      -1906.71      1.65794      197.411
442      19.89      1.27463      955.969      -2863.13      -1907.16      1.65418      197.409
443      19.935      1.26715      950.365      -2857.93      -1907.56      1.65043      197.408
444      19.98      1.25877      944.075      -2851.96      -1907.88      1.64669      197.406
445      20.025      1.24972      937.289      -2845.39      -1908.1      1.64298      197.404
446      20.07      1.24031      930.234      -2838.44      -1908.21      1.63928      197.402
447      20.115      1.23089      923.17      -2831.35      -1908.18      1.63559      197.399
448      20.16      1.22183      916.37      -2824.38      -1908.01      1.63192      197.397
449      20.205      1.21348      910.113      -2817.81      -1907.7      1.62827      197.395
450      20.25      1.20622      904.667      -2811.93      -1907.26      1.62463      197.393
451      20.295      1.20036      900.266      -2806.98      -1906.71      1.62101      197.39
452      20.34      1.19613      897.098      -2803.17      -1906.08      1.6174      197.388
453      20.385      1.19372      895.29      -2800.67      -1905.38      1.61381      197.385
454      20.43      1.1932      894.898      -2799.57      -1904.67      1.61024      197.383
455      20.475      1.19455      895.91      -2799.89      -1903.98      1.60668      197.38
456      20.52      1.19765      898.238      -2801.57      -1903.33      1.60313      197.378
457      20.565      1.20231      901.735      -2804.5      -1902.77      1.59961      197.376
458      20.61      1.20827      906.203      -2808.51      -1902.31      1.5961      197.373
459      20.655      1.21523      911.423      -2813.39      -1901.96      1.5926      197.371
460      20.7      1.22288      917.162      -2818.89      -1901.73      1.58912      197.369
461      20.745      1.23093      923.196      -2824.81      -1901.61      1.58566      197.368
462      20.79      1.2391      929.329      -2830.91      -1901.59      1.58222      197.366
463      20.835      1.2472      935.402      -2837.04      -1901.63      1.57879      197.365
464      20.88      1.25506      941.298      -2843.03      -1901.74      1.57538      197.364
465      20.925      1.2626      946.949      -2848.82      -1901.87      1.57198      197.363
466      20.97      1.26976      952.322      -2854.33      -1902.01      1.56861      197.362
467      21.015      1.27656      957.42      -2859.57      -1902.15      1.56525      197.362
468      21.06      1.28301      962.255      -2864.54      -1902.28      1.5619      197.362
469      21.105      1.28914      966.856      -2869.25      -1902.4      1.55857      197.362
470      21.15      1.29499      971.24      -2873.75      -1902.51      1.55526      197.363
471      21.195      1.30057      975.424      -2878.03      -1902.61      1.55196      197.363
472      21.24      1.30588      979.413      -2882.12      -1902.71      1.54868      197.364
473      21.285      1.31094      983.208      -2886.01      -1902.81      1.54542      197.366
474      21.33      1.31573      986.796      -2889.71      -1902.91      1.54217      197.367
475      21.375      1.32022      990.162      -2893.19      -1903.03      1.53894      197.369
476      21.42      1.32437      993.279      -2896.43      -1903.15      1.53572      197.371
477      21.465      1.32815      996.111      -2899.41      -1903.3      1.53251      197.373
478      21.51      1.33148      998.613      -2902.09      -1903.47      1.52932      197.375
479      21.555      1.33431      1000.73      -2904.4      -1903.67      1.52615      197.377
480      21.6      1.33656      1002.42      -2906.31      -1903.89      1.52299      197.379
481      21.645      1.33816      1003.62      -2907.76      -1904.14      1.51984      197.381
482      21.69      1.33907      1004.3      -2908.71      -1904.41      1.5167      197.384
483      21.735      1.33923      1004.42      -2909.11      -1904.69      1.51358      197.386
484      21.78      1.33863      1003.97      -2908.94      -1904.97      1.51048      197.389
485      21.825      1.33727      1002.95      -2908.2      -1905.26      1.50738      197.392
486      21.87      1.33517      1001.38      -2906.9      -1905.53      1.5043      197.394
487      21.915      1.33239      999.292      -2905.07      -1905.78      1.50123      197.397
488      21.96      1.32898      996.733      -2902.74      -1906.01      1.49818      197.4
489      22.005      1.32501      993.755      -2899.96      -1906.21      1.49514      197.403
490      22.05      1.32055      990.412      -2896.79      -1906.38      1.49211      197.406
491      22.095      1.31568      986.762      -2893.29      -1906.53      1.48909      197.409
492      22.14      1.31048      982.86      -2889.5      -1906.64      1.48609      197.413
493      22.185      1.30502      978.762      -2885.49      -1906.73      1.48311      197.416
494      22.23      1.29936      974.519      -2881.32      -1906.8      1.48013      197.42
495      22.275      1.29357      970.178      -2877.01      -1906.84      1.47717      197.424
496      22.32      1.28772      965.787      -2872.64      -1906.85      1.47423      197.428
497      22.365      1.28186      961.396      -2868.24      -1906.84      1.47129      197.433
498      22.41      1.27608      957.062      -2863.87      -1906.81      1.46838      197.438
499      22.455      1.27047      952.856      -2859.59      -1906.73      1.46547      197.443
500      22.5      1.26516      948.866      -2855.47      -1906.61      1.46258      197.449
501      22.545      1.26027      945.202      -2851.63      -1906.43      1.45971      197.455
502      22.59      1.25599      941.993      -2848.17      -1906.18      1.45685      197.461
503      22.635      1.25251      939.386      -2845.24      -1905.86      1.454      197.468
504      22.68      1.25005      937.54      -2843      -1905.46      1.45117      197.475
505      22.725      1.2488      936.597      -2841.58      -1904.99      1.44834      197.482
506      22.77      1.2489      936.676      -2841.14      -1904.47      1.44554      197.489
507      22.815      1.25044      937.832      -2841.76      -1903.92      1.44274      197.497
508      22.86      1.25341      940.058      -2843.45      -1903.39      1.43996      197.505
509      22.905      1.25769      943.268      -2846.19      -1902.92      1.43719      197.513
510      22.95      1.26308      947.308      -2849.83      -1902.53      1.43443      197.521
511      22.995      1.2693      951.976      -2854.22      -1902.24      1.43168      197.529
512      23.04      1.27606      957.045      -2859.11      -1902.07      1.42894      197.537
513      23.085      1.28306      962.294      -2864.3      -1902.01      1.42622      197.546
514      23.13      1.29002      967.514      -2869.56      -1902.05      1.4235      197.554
515      23.175      1.29671      972.529      -2874.7      -1902.17      1.4208      197.562
516      23.22      1.30293      977.196      -2879.56      -1902.36      1.4181      197.569
517      23.265      1.30853      981.401      -2884.01      -1902.61      1.41541      197.577
518      23.31      1.31341      985.058      -2887.95      -1902.89      1.41273      197.584
519      23.355      1.31748      988.112      -2891.31      -1903.2      1.41006      197.591
520      23.4      1.32071      990.53      -2894.05      -1903.52      1.40739      197.598
521      23.445      1.32307      992.299      -2896.15      -1903.85      1.40474      197.604
522      23.49      1.32457      993.428      -2897.59      -1904.17      1.40209      197.61
523      23.535      1.32525      993.94      -2898.41      -1904.47      1.39944      197.616
524      23.58      1.32516      993.868      -2898.63      -1904.76      1.39681      197.621
525      23.625      1.32434      993.253      -2898.28      -1905.03      1.39418      197.625
526      23.67      1.32286      992.141      -2897.41      -1905.27      1.39156      197.629
527      23.715      1.32077      990.577      -2896.07      -1905.49      1.38894      197.633
528      23.76      1.31814      988.608      -2894.29      -1905.69      1.38633      197.636
529      23.805      1.31505      986.289      -2892.14      -1905.85      1.38373      197.638
530      23.85      1.31158      983.684      -2889.67      -1905.99      1.38113      197.64
531      23.895      1.30783      980.873      -2886.95      -1906.08      1.37854      197.642
532      23.94      1.30393      977.949      -2884.07      -1906.12      1.37596      197.643
533      23.985      1.30003      975.023      -2881.14      -1906.11      1.37338      197.643
534      24.03      1.29628      972.211      -2878.25      -1906.04      1.37081      197.643
535      24.075      1.29283      969.624      -2875.54      -1905.92      1.36824      197.642
536      24.12      1.28983      967.369      -2873.11      -1905.74      1.36568      197.641
537      24.165      1.28737      965.529      -2871.05      -1905.53      1.36313      197.64
538      24.21      1.28554      964.154      -2869.44      -1905.29      1.36058      197.637
539      24.255      1.28434      963.255      -2868.31      -1905.05      1.35803      197.635
540      24.3      1.28374      962.806      -2867.64      -1904.83      1.3555      197.631
541      24.345      1.28365      962.736      -2867.39      -1904.66      1.35297      197.628
542      24.39      1.28393      962.948      -2867.48      -1904.53      1.35044      197.623
543      24.435      1.28442      963.317      -2867.78      -1904.47      1.34792      197.619
544      24.48      1.28493      963.701      -2868.18      -1904.48      1.34541      197.613
545      24.525      1.28527      963.953      -2868.52      -1904.56      1.3429      197.608
546      24.57      1.28524      963.929      -2868.65      -1904.72      1.3404      197.602
547      24.615      1.28466      963.496      -2868.43      -1904.94      1.3379      197.595
548      24.66      1.28339      962.542      -2867.75      -1905.21      1.33542      197.588
549      24.705      1.28132      960.987      -2866.51      -1905.52      1.33293      197.581
550      24.75      1.27838      958.786      -2864.63      -1905.85      1.33046      197.573
551      24.795      1.27457      955.931      -2862.1      -1906.17      1.32799      197.565
552      24.84      1.26995      952.463      -2858.93      -1906.47      1.32553      197.557
553      24.885      1.26462      948.463      -2855.19      -1906.72      1.32307      197.548
554      24.93      1.25873      944.045      -2850.96      -1906.92      1.32063      197.539
555      24.975      1.25246      939.345      -2846.38      -1907.04      1.31819      197.53
556      25.02      1.24602      934.513      -2841.6      -1907.09      1.31575      197.521
557      25.065      1.2396      929.698      -2836.76      -1907.06      1.31333      197.512
558      25.11      1.23339      925.041      -2832      -1906.96      1.31091      197.502
559      25.155      1.22754      920.657      -2827.47      -1906.81      1.3085      197.492
560      25.2      1.22218      916.638      -2823.26      -1906.62      1.3061      197.483
561      25.245      1.2174      913.052      -2819.45      -1906.4      1.30371      197.473
562      25.29      1.21325      909.936      -2816.09      -1906.16      1.30132      197.463
563      25.335      1.20974      907.305      -2813.22      -1905.91      1.29895      197.453
564      25.38      1.20688      905.159      -2810.83      -1905.67      1.29658      197.443
565      25.425      1.20466      903.497      -2808.93      -1905.43      1.29421      197.432
566      25.47      1.20308      902.308      -2807.5      -1905.19      1.29186      197.422
567      25.515      1.20211      901.581      -2806.54      -1904.96      1.28952      197.412
568      25.56      1.20176      901.318      -2806.05      -1904.73      1.28718      197.401
569      25.605      1.20204      901.528      -2806.02      -1904.49      1.28485      197.391
570      25.65      1.20297      902.226      -2806.47      -1904.25      1.28252      197.38
571      25.695      1.20458      903.437      -2807.43      -1903.99      1.28021      197.37
572      25.74      1.20691      905.186      -2808.91      -1903.72      1.2779      197.359
573      25.785      1.20999      907.493      -2810.93      -1903.44      1.2756      197.348
574      25.83      1.21382      910.367      -2813.53      -1903.16      1.2733      197.337
575      25.875      1.21841      913.805      -2816.69      -1902.88      1.27102      197.325
576      25.92      1.22371      917.779      -2820.4      -1902.62      1.26874      197.314
577      25.965      1.22965      922.236      -2824.62      -1902.39      1.26646      197.302
578      26.01      1.23612      927.091      -2829.29      -1902.2      1.2642      197.29
579      26.055      1.24297      932.23      -2834.31      -1902.08      1.26194      197.279
580      26.1      1.25003      937.524      -2839.54      -1902.02      1.25968      197.267
581      26.145      1.25709      942.82      -2844.86      -1902.04      1.25744      197.255
582      26.19      1.26395      947.965      -2850.1      -1902.13      1.2552      197.242
583      26.235      1.27041      952.807      -2855.11      -1902.3      1.25297      197.23
584      26.28      1.27628      957.213      -2859.75      -1902.54      1.25075      197.218
585      26.325      1.28143      961.075      -2863.9      -1902.82      1.24853      197.206
586      26.37      1.28576      964.318      -2867.46      -1903.14      1.24633      197.194
587      26.415      1.28921      966.905      -2870.37      -1903.47      1.24413      197.182
588      26.46      1.29179      968.84      -2872.63      -1903.79      1.24194      197.17
589      26.505      1.29356      970.168      -2874.25      -1904.09      1.23975      197.158
590      26.55      1.29463      970.973      -2875.31      -1904.33      1.23758      197.146
591      26.595      1.29516      971.37      -2875.89      -1904.52      1.23541      197.135
592      26.64      1.29531      971.483      -2876.13      -1904.65      1.23326      197.124
593      26.685      1.29525      971.436      -2876.15      -1904.71      1.23111      197.113
594      26.73      1.2951      971.328      -2876.06      -1904.73      1.22897      197.103
595      26.775      1.29494      971.209      -2875.95      -1904.74      1.22685      197.093
596      26.82      1.29476      971.073      -2875.82      -1904.75      1.22473      197.083
597      26.865      1.29448      970.861      -2875.66      -1904.79      1.22262      197.074
598      26.91      1.29397      970.477      -2875.37      -1904.89      1.22052      197.066
599      26.955      1.29308      969.809      -2874.86      -1905.05      1.21844      197.058
600      27      1.29167      968.751      -2874.01      -1905.25      1.21636      197.05
601      27.045      1.28964      967.229      -2872.72      -1905.49      1.21429      197.043
602      27.09      1.28694      965.206      -2870.95      -1905.74      1.21224      197.037
603      27.135      1.28359      962.695      -2868.68      -1905.98      1.21019      197.031
604      27.18      1.27967      959.753      -2865.94      -1906.19      1.20816      197.026
605      27.225      1.27531      956.48      -2862.82      -1906.34      1.20613      197.022
606      27.27      1.27067      953.001      -2859.43      -1906.43      1.20412      197.018
607      27.315      1.26594      949.454      -2855.9      -1906.44      1.20211      197.015
608      27.36      1.26129      945.967      -2852.36      -1906.4      1.20012      197.012
609      27.405      1.25687      942.655      -2848.95      -1906.3      1.19814      197.01
610      27.45      1.2528      939.601      -2845.76      -1906.16      1.19617      197.009
611      27.495      1.24915      936.861      -2842.86      -1906      1.19421      197.008
612      27.54      1.24595      934.463      -2840.29      -1905.82      1.19226      197.008
613      27.585      1.24321      932.405      -2838.06      -1905.66      1.19031      197.009
614      27.63      1.2409      930.674      -2836.17      -1905.49      1.18838      197.01
615      27.675      1.239      929.251      -2834.59      -1905.34      1.18646      197.012
616      27.72      1.23748      928.112      -2833.32      -1905.2      1.18455      197.014
617      27.765      1.23632      927.239      -2832.31      -1905.07      1.18265      197.017
618      27.81      1.23549      926.621      -2831.57      -1904.95      1.18075      197.02
619      27.855      1.235      926.247      -2831.07      -1904.83      1.17887      197.024
620      27.9      1.23481      926.107      -2830.82      -1904.71      1.17699      197.028
621      27.945      1.23491      926.18      -2830.79      -1904.61      1.17512      197.033
622      27.99      1.23525      926.438      -2830.96      -1904.52      1.17326      197.037
623      28.035      1.23578      926.832      -2831.29      -1904.46      1.1714      197.042
624      28.08      1.23641      927.308      -2831.74      -1904.43      1.16956      197.047
625      28.125      1.23707      927.804      -2832.23      -1904.43      1.16772      197.052
626      28.17      1.23767      928.254      -2832.71      -1904.46      1.16588      197.057
627      28.215      1.23813      928.597      -2833.12      -1904.52      1.16405      197.062
628      28.26      1.23838      928.784      -2833.39      -1904.6      1.16222      197.067
629      28.305      1.23836      928.769      -2833.48      -1904.71      1.1604      197.071
630      28.35      1.23804      928.531      -2833.35      -1904.82      1.15858      197.075
631      28.395      1.23741      928.06      -2833      -1904.94      1.15677      197.079
632      28.44      1.23649      927.371      -2832.41      -1905.04      1.15496      197.083
633      28.485      1.23534      926.502      -2831.63      -1905.12      1.15316      197.086
634      28.53      1.23401      925.508      -2830.68      -1905.18      1.15135      197.088
635      28.575      1.23263      924.471      -2829.66      -1905.18      1.14955      197.09
636      28.62      1.23133      923.495      -2828.63      -1905.14      1.14775      197.092
637      28.665      1.23027      922.702      -2827.73      -1905.03      1.14595      197.093
638      28.71      1.22963      922.226      -2827.08      -1904.85      1.14416      197.093
639      28.755      1.2296      922.197      -2826.81      -1904.61      1.14237      197.093
640      28.8      1.23031      922.733      -2827.05      -1904.32      1.14058      197.092
641      28.845      1.23189      923.918      -2827.9      -1903.98      1.13879      197.09
642      28.89      1.2344      925.803      -2829.43      -1903.63      1.137      197.088
643      28.935      1.23786      928.393      -2831.67      -1903.28      1.13522      197.085
644      28.98      1.2422      931.647      -2834.6      -1902.95      1.13343      197.081
645      29.025      1.24732      935.492      -2838.16      -1902.67      1.13165      197.077
646      29.07      1.2531      939.829      -2842.26      -1902.44      1.12987      197.073
647      29.115      1.2594      944.547      -2846.81      -1902.26      1.1281      197.068
648      29.16      1.26604      949.53      -2851.67      -1902.14      1.12633      197.062
649      29.205      1.27289      954.666      -2856.75      -1902.08      1.12456      197.056
650      29.25      1.27979      959.841      -2861.92      -1902.08      1.12279      197.05
651      29.295      1.2866      964.951      -2867.08      -1902.13      1.12103      197.044
652      29.34      1.29319      969.891      -2872.12      -1902.23      1.11928      197.037
653      29.385      1.29941      974.56      -2876.94      -1902.38      1.11753      197.031
654      29.43      1.30514      978.855      -2881.43      -1902.58      1.11578      197.024
655      29.475      1.31025      982.685      -2885.51      -1902.82      1.11404      197.018
656      29.52      1.31461      985.958      -2889.07      -1903.11      1.11231      197.012
657      29.565      1.31813      988.594      -2892.03      -1903.44      1.11058      197.005
658      29.61      1.3207      990.526      -2894.33      -1903.8      1.10886      196.999
659      29.655      1.32228      991.71      -2895.89      -1904.18      1.10714      196.993
660      29.7      1.32283      992.123      -2896.69      -1904.56      1.10543      196.988
661      29.745      1.32236      991.773      -2896.71      -1904.94      1.10373      196.983
662      29.79      1.32093      990.695      -2895.99      -1905.3      1.10203      196.977
663      29.835      1.31862      988.962      -2894.57      -1905.61      1.10034      196.973
664      29.88      1.31557      986.679      -2892.55      -1905.87      1.09866      196.968
665      29.925      1.31197      983.98      -2890.04      -1906.06      1.09698      196.964
666      29.97      1.30804      981.028      -2887.19      -1906.16      1.09531      196.96
667      30.015      1.304      978.003      -2884.17      -1906.17      1.09365      196.956
668      30.06      1.30012      975.092      -2881.18      -1906.09      1.09199      196.952
669      30.105      1.29664      972.477      -2878.39      -1905.92      1.09034      196.948
670      30.15      1.29376      970.322      -2875.99      -1905.67      1.08869      196.945
671      30.195      1.29168      968.76      -2874.11      -1905.35      1.08705      196.941
672      30.24      1.29051      967.885      -2872.89      -1905      1.08542      196.938
673      30.285      1.29032      967.741      -2872.37      -1904.63      1.08379      196.935
674      30.33      1.29109      968.321      -2872.6      -1904.28      1.08216      196.932
675      30.375      1.29275      969.564      -2873.52      -1903.95      1.08054      196.928
676      30.42      1.29515      971.364      -2875.06      -1903.69      1.07892      196.925
677      30.465      1.2981      973.577      -2877.08      -1903.51      1.07731      196.922
678      30.51      1.30138      976.038      -2879.44      -1903.4      1.07571      196.919
679      30.555      1.30478      978.588      -2881.97      -1903.38      1.07411      196.916
680      30.6      1.30811      981.082      -2884.51      -1903.42      1.07251      196.913
681      30.645      1.31122      983.412      -2886.93      -1903.52      1.07092      196.911
682      30.69      1.31401      985.506      -2889.15      -1903.64      1.06934      196.908
683      30.735      1.31646      987.342      -2891.12      -1903.78      1.06776      196.906
684      30.78      1.31857      988.926      -2892.83      -1903.9      1.06619      196.904
685      30.825      1.32039      990.295      -2894.3      -1904      1.06462      196.902
686      30.87      1.322      991.502      -2895.58      -1904.08      1.06306      196.9
687      30.915      1.32345      992.589      -2896.73      -1904.14      1.0615      196.898
688      30.96      1.32479      993.592      -2897.77      -1904.18      1.05995      196.897
689      31.005      1.32603      994.525      -2898.74      -1904.21      1.05841      196.896
690      31.05      1.32717      995.38      -2899.63      -1904.25      1.05687      196.894
691      31.095      1.32817      996.128      -2900.44      -1904.31      1.05533      196.893
692      31.14      1.32897      996.726      -2901.12      -1904.39      1.0538      196.892
693      31.185      1.3295      997.129      -2901.62      -1904.49      1.05228      196.892
694      31.23      1.32975      997.312      -2901.92      -1904.61      1.05076      196.891
695      31.275      1.32969      997.267      -2901.99      -1904.72      1.04924      196.89
696      31.32      1.32936      997.018      -2901.83      -1904.82      1.04773      196.889
697      31.365      1.32883      996.622      -2901.5      -1904.88      1.04622      196.888
698      31.41      1.32822      996.168      -2901.07      -1904.9      1.04472      196.887
699      31.455      1.32768      995.758      -2900.62      -1904.86      1.04322      196.886
700      31.5      1.32733      995.501      -2900.28      -1904.78      1.04172      196.885
701      31.545      1.32733      995.495      -2900.14      -1904.64      1.04023      196.884
702      31.59      1.32775      995.81      -2900.29      -1904.48      1.03874      196.883
703      31.635      1.32865      996.485      -2900.78      -1904.29      1.03726      196.882
704      31.68      1.33001      997.511      -2901.63      -1904.12      1.03578      196.881
705      31.725      1.33179      998.845      -2902.82      -1903.98      1.0343      196.88
706      31.77      1.33387      1000.4      -2904.28      -1903.88      1.03283      196.879
707      31.815      1.33608      1002.06      -2905.91      -1903.85      1.03137      196.878
708      31.86      1.33822      1003.67      -2907.56      -1903.89      1.02991      196.877
709      31.905      1.34009      1005.07      -2909.09      -1904.02      1.02845      196.876
710      31.95      1.34144      1006.08      -2910.31      -1904.23      1.027      196.876
711      31.995      1.34204      1006.53      -2911.07      -1904.54      1.02555      196.875
712      32.04      1.34167      1006.25      -2911.17      -1904.92      1.02411      196.875
713      32.085      1.34014      1005.1      -2910.47      -1905.37      1.02267      196.875
714      32.13      1.33729      1002.97      -2908.84      -1905.87      1.02124      196.875
715      32.175      1.33305      999.788      -2906.19      -1906.4      1.01981      196.875
716      32.22      1.32739      995.539      -2902.47      -1906.93      1.01839      196.875
717      32.265      1.32036      990.269      -2897.7      -1907.43      1.01697      196.876
718      32.31      1.31209      984.067      -2891.94      -1907.87      1.01556      196.876
719      32.355      1.30278      977.087      -2885.32      -1908.24      1.01415      196.877
720      32.4      1.29271      969.533      -2878.03      -1908.5      1.01275      196.878
721      32.445      1.28218      961.636      -2870.27      -1908.63      1.01135      196.879
722      32.49      1.27155      953.66      -2862.3      -1908.64      1.00995      196.88
723      32.535      1.26116      945.868      -2854.38      -1908.51      1.00856      196.881
724      32.58      1.25134      938.506      -2846.77      -1908.26      1.00717      196.882
725      32.625      1.2424      931.798      -2839.71      -1907.91      1.00579      196.884
726      32.67      1.23457      925.928      -2833.39      -1907.47      1.00441      196.885
727      32.715      1.22804      921.027      -2827.99      -1906.97      1.00304      196.886
728      32.76      1.22291      917.184      -2823.61      -1906.43      1.00167      196.887
729      32.805      1.21925      914.434      -2820.31      -1905.88      1.0003      196.889
730      32.85      1.21703      912.772      -2818.11      -1905.34      0.998936      196.89
731      32.895      1.2162      912.148      -2816.97      -1904.82      0.997578      196.892
732      32.94      1.21664      912.479      -2816.84      -1904.36      0.996224      196.894
733      32.985      1.2182      913.652      -2817.6      -1903.95      0.994874      196.896
734      33.03      1.2207      915.526      -2819.15      -1903.62      0.993529      196.898
735      33.075      1.22393      917.946      -2821.31      -1903.37      0.992188      196.9
736      33.12      1.22766      920.747      -2823.94      -1903.2      0.990851      196.902
737      33.165      1.23169      923.771      -2826.88      -1903.1      0.989519      196.904
738      33.21      1.23583      926.869      -2829.96      -1903.09      0.98819      196.907
739      33.255      1.23988      929.909      -2833.04      -1903.13      0.986866      196.909
740      33.3      1.2437      932.778      -2836.01      -1903.23      0.985546      196.912
741      33.345      1.24717      935.378      -2838.76      -1903.38      0.984231      196.915
742      33.39      1.25017      937.63      -2841.19      -1903.56      0.982919      196.918
743      33.435      1.25261      939.46      -2843.25      -1903.79      0.981611      196.921
744      33.48      1.2544      940.797      -2844.84      -1904.04      0.980307      196.924
745      33.525      1.25544      941.579      -2845.9      -1904.33      0.979007      196.927
746      33.57      1.25567      941.753      -2846.39      -1904.64      0.977711      196.931
747      33.615      1.25505      941.288      -2846.24      -1904.96      0.976419      196.934
748      33.66      1.25358      940.184      -2845.46      -1905.27      0.97513      196.937
749      33.705      1.25131      938.483      -2844.04      -1905.56      0.973845      196.941
750      33.75      1.24837      936.276      -2842.08      -1905.8      0.972563      196.944
751      33.795      1.24493      933.697      -2839.67      -1905.97      0.971285      196.947
752      33.84      1.24121      930.906      -2836.96      -1906.05      0.970011      196.951
753      33.885      1.23742      928.066      -2834.12      -1906.06      0.96874      196.954
754      33.93      1.23378      925.337      -2831.32      -1905.98      0.967472      196.958
755      33.975      1.23047      922.853      -2828.7      -1905.85      0.966208      196.962
756      34.02      1.22762      920.717      -2826.38      -1905.66      0.964948      196.965
757      34.065      1.22534      919.005      -2824.45      -1905.44      0.963691      196.969
758      34.11      1.22369      917.767      -2822.97      -1905.2      0.962438      196.973
759      34.155      1.22272      917.037      -2821.98      -1904.94      0.961188      196.976
760      34.2      1.22245      916.837      -2821.51      -1904.68      0.959942      196.98
761      34.245      1.22291      917.18      -2821.58      -1904.41      0.9587      196.984
762      34.29      1.22409      918.07      -2822.2      -1904.13      0.957461      196.988
763      34.335      1.22602      919.515      -2823.37      -1903.86      0.956225      196.992
764      34.38      1.22867      921.501      -2825.09      -1903.59      0.954993      196.996
765      34.425      1.23202      924.013      -2827.34      -1903.33      0.953764      197
766      34.47      1.23603      927.024      -2830.11      -1903.09      0.952538      197.004
767      34.515      1.24064      930.482      -2833.35      -1902.87      0.951315      197.008
768      34.56      1.24575      934.315      -2837.01      -1902.69      0.950096      197.012
769      34.605      1.25124      938.43      -2841      -1902.57      0.94888      197.016
770      34.65      1.25695      942.711      -2845.21      -1902.5      0.947666      197.02
771      34.695      1.26271      947.029      -2849.53      -1902.5      0.946455      197.024
772      34.74      1.26832      951.241      -2853.82      -1902.57      0.945247      197.027
773      34.785      1.27361      955.209      -2857.92      -1902.72      0.944042      197.031
774      34.83      1.27839      958.796      -2861.72      -1902.92      0.94284      197.035
775      34.875      1.28251      961.884      -2865.07      -1903.19      0.94164      197.038
776      34.92      1.28584      964.379      -2867.87      -1903.49      0.940443      197.042
777      34.965      1.28829      966.219      -2870.05      -1903.83      0.939248      197.045
778      35.01      1.28985      967.386      -2871.55      -1904.17      0.938056      197.048
779      35.055      1.29052      967.893      -2872.38      -1904.49      0.936866      197.051
780      35.1      1.2904      967.797      -2872.58      -1904.78      0.935679      197.054
781      35.145      1.28959      967.192      -2872.22      -1905.03      0.934495      197.057
782      35.19      1.28826      966.193      -2871.4      -1905.21      0.933314      197.06
783      35.235      1.28658      964.932      -2870.25      -1905.32      0.932135      197.063
784      35.28      1.28472      963.541      -2868.91      -1905.37      0.930959      197.065
785      35.325      1.28285      962.14      -2867.5      -1905.36      0.929786      197.068
786      35.37      1.2811      960.825      -2866.13      -1905.31      0.928616      197.071
787      35.415      1.27954      959.658      -2864.88      -1905.23      0.927449      197.074
788      35.46      1.27822      958.666      -2863.8      -1905.14      0.926284      197.076
789      35.505      1.27713      957.848      -2862.9      -1905.05      0.925123      197.079
790      35.55      1.27624      957.18      -2862.16      -1904.98      0.923965      197.082
791      35.595      1.27549      956.619      -2861.54      -1904.93      0.92281      197.085
792      35.64      1.27483      956.122      -2861.02      -1904.9      0.921658      197.087
793      35.685      1.2742      955.647      -2860.54      -1904.89      0.920509      197.09
794      35.73      1.27356      955.17      -2860.06      -1904.89      0.919363      197.093
795      35.775      1.27292      954.691      -2859.58      -1904.89      0.91822      197.096
796      35.82      1.27231      954.233      -2859.1      -1904.87      0.91708      197.099
797      35.865      1.27178      953.837      -2858.67      -1904.83      0.915944      197.102
798      35.91      1.27142      953.566      -2858.33      -1904.76      0.91481      197.105
799      35.955      1.27131      953.481      -2858.14      -1904.66      0.913678      197.108
800      36      1.27152      953.643      -2858.18      -1904.53      0.91255      197.111
801      36.045      1.27213      954.098      -2858.48      -1904.38      0.911425      197.114
802      36.09      1.27315      954.859      -2859.09      -1904.23      0.910302      197.117
803      36.135      1.27456      955.916      -2860      -1904.09      0.909182      197.12
804      36.18      1.27631      957.232      -2861.2      -1903.96      0.908065      197.123
805      36.225      1.27834      958.753      -2862.62      -1903.87      0.906951      197.126
806      36.27      1.28055      960.411      -2864.22      -1903.81      0.90584      197.129
807      36.315      1.28286      962.142      -2865.93      -1903.78      0.904731      197.132
808      36.36      1.28519      963.89      -2867.67      -1903.78      0.903625      197.135
809      36.405      1.28748      965.607      -2869.41      -1903.81      0.902522      197.138
810      36.45      1.28967      967.256      -2871.1      -1903.85      0.901421      197.141
811      36.495      1.29175      968.81      -2872.71      -1903.9      0.900324      197.144
812      36.54      1.29366      970.247      -2874.21      -1903.96      0.899229      197.147
813      36.585      1.29539      971.546      -2875.58      -1904.03      0.898137      197.15
814      36.63      1.29691      972.685      -2876.8      -1904.11      0.897048      197.153
815      36.675      1.2982      973.647      -2877.85      -1904.2      0.895962      197.156
816      36.72      1.29922      974.418      -2878.72      -1904.3      0.894878      197.16
817      36.765      1.29999      974.991      -2879.39      -1904.4      0.893797      197.163
818      36.81      1.30049      975.367      -2879.86      -1904.5      0.892719      197.166
819      36.855      1.30074      975.552      -2880.14      -1904.59      0.891644      197.169
820      36.9      1.30074      975.558      -2880.24      -1904.68      0.89057      197.172
821      36.945      1.30053      975.399      -2880.16      -1904.76      0.8895      197.175
822      36.99      1.30011      975.086      -2879.92      -1904.83      0.888431      197.178
823      37.035      1.2995      974.628      -2879.53      -1904.9      0.887365      197.181
824      37.08      1.29871      974.032      -2879      -1904.97      0.886301      197.184
825      37.125      1.29774      973.306      -2878.34      -1905.03      0.885238      197.187
826      37.17      1.29661      972.458      -2877.55      -1905.09      0.884178      197.189
827      37.215      1.29533      971.498      -2876.64      -1905.14      0.883119      197.192
828      37.26      1.29392      970.444      -2875.63      -1905.19      0.882062      197.194
829      37.305      1.29242      969.312      -2874.54      -1905.22      0.881007      197.196
830      37.35      1.29083      968.121      -2873.37      -1905.25      0.879953      197.198
831      37.395      1.28917      966.88      -2872.15      -1905.27      0.878902      197.199
832      37.44      1.28747      965.6      -2870.89      -1905.29      0.877852      197.201
833      37.485      1.28571      964.284      -2869.59      -1905.31      0.876804      197.202
834      37.53      1.28392      962.937      -2868.26      -1905.32      0.875757      197.203
835      37.575      1.2821      961.575      -2866.9      -1905.32      0.874714      197.204
836      37.62      1.2803      960.225      -2865.54      -1905.31      0.873672      197.205
837      37.665      1.27858      958.935      -2864.21      -1905.27      0.872633      197.206
838      37.71      1.27705      957.787      -2862.98      -1905.19      0.871596      197.207
839      37.755      1.27583      956.874      -2861.93      -1905.06      0.870562      197.208
840      37.8      1.27509      956.317      -2861.18      -1904.87      0.869531      197.21
841      37.845      1.27499      956.24      -2860.85      -1904.61      0.868503      197.211
842      37.89      1.27568      956.76      -2861.06      -1904.3      0.867478      197.212
843      37.935      1.2773      957.973      -2861.92      -1903.95      0.866455      197.214
844      37.98      1.27991      959.932      -2863.5      -1903.57      0.865437      197.216
845      38.025      1.28352      962.641      -2865.84      -1903.2      0.864421      197.218
846      38.07      1.28807      966.054      -2868.91      -1902.85      0.863409      197.22
847      38.115      1.29344      970.077      -2872.64      -1902.56      0.8624      197.222
848      38.16      1.29944      974.583      -2876.93      -1902.34      0.861394      197.225
849      38.205      1.30588      979.41      -2881.61      -1902.2      0.860392      197.228
850      38.25      1.31252      984.387      -2886.54      -1902.15      0.859392      197.231
851      38.295      1.31911      989.334      -2891.52      -1902.19      0.858396      197.234
852      38.34      1.32543      994.072      -2896.39      -1902.32      0.857403      197.237
853      38.385      1.33123      998.424      -2900.95      -1902.53      0.856412      197.24
854      38.43      1.3363      1002.23      -2905.05      -1902.83      0.855424      197.244
855      38.475      1.34045      1005.34      -2908.52      -1903.19      0.854438      197.247
856      38.52      1.34353      1007.65      -2911.24      -1903.6      0.853455      197.25
857      38.565      1.34544      1009.08      -2913.12      -1904.04      0.852473      197.254
858      38.61      1.34616      1009.62      -2914.11      -1904.49      0.851493      197.257
859      38.655      1.34569      1009.27      -2914.2      -1904.93      0.850514      197.26
860      38.7      1.34409      1008.07      -2913.41      -1905.35      0.849536      197.262
861      38.745      1.34143      1006.07      -2911.81      -1905.74      0.84856      197.265
862      38.79      1.33777      1003.33      -2909.43      -1906.1      0.847584      197.267
863      38.835      1.3332      999.898      -2906.34      -1906.44      0.846608      197.268
864      38.88      1.32776      995.817      -2902.57      -1906.76      0.845634      197.269
865      38.925      1.32153      991.151      -2898.19      -1907.04      0.844659      197.27
866      38.97      1.31466      985.993      -2893.26      -1907.27      0.843685      197.271
867      39.015      1.30732      980.489      -2887.91      -1907.42      0.842712      197.27
868      39.06      1.2998      974.847      -2882.31      -1907.46      0.841738      197.27
869      39.105      1.29244      969.327      -2876.69      -1907.36      0.840765      197.269
870      39.15      1.28563      964.221      -2871.34      -1907.12      0.839792      197.267
871      39.195      1.27975      959.815      -2866.55      -1906.74      0.838819      197.265
872      39.24      1.27515      956.362      -2862.6      -1906.24      0.837846      197.263
873      39.285      1.27204      954.032      -2859.69      -1905.66      0.836874      197.26
874      39.33      1.27055      952.909      -2857.96      -1905.05      0.835902      197.256
875      39.375      1.27063      952.971      -2857.44      -1904.47      0.834931      197.252
876      39.42      1.27213      954.097      -2858.06      -1903.96      0.83396      197.248
877      39.465      1.27478      956.084      -2859.65      -1903.56      0.832989      197.244
878      39.51      1.27824      958.681      -2861.97      -1903.29      0.83202      197.239
879      39.555      1.28214      961.608      -2864.77      -1903.17      0.831051      197.233
880      39.6      1.28612      964.587      -2867.76      -1903.18      0.830082      197.228
881      39.645      1.28981      967.356      -2870.67      -1903.31      0.829115      197.222
882      39.69      1.29293      969.694      -2873.25      -1903.56      0.828149      197.215
883      39.735      1.29524      971.431      -2875.31      -1903.88      0.827183      197.209
884      39.78      1.2966      972.449      -2876.7      -1904.25      0.826219      197.202
885      39.825      1.29691      972.685      -2877.33      -1904.65      0.825256      197.195
886      39.87      1.29618      972.135      -2877.17      -1905.04      0.824294      197.188
887      39.915      1.29446      970.843      -2876.25      -1905.4      0.823333      197.18
888      39.96      1.29186      968.892      -2874.61      -1905.72      0.822373      197.172
889      40.005      1.28853      966.394      -2872.37      -1905.98      0.821414      197.164
890      40.05      1.28464      963.483      -2869.65      -1906.17      0.820457      197.156
891      40.095      1.2804      960.3      -2866.59      -1906.29      0.8195      197.147
892      40.14      1.27598      956.983      -2863.32      -1906.34      0.818545      197.138
893      40.185      1.27155      953.66      -2859.99      -1906.33      0.817591      197.129
894      40.23      1.26725      950.436      -2856.7      -1906.26      0.816638      197.12
895      40.275      1.26319      947.394      -2853.56      -1906.16      0.815686      197.111
896      40.32      1.25945      944.586      -2850.63      -1906.04      0.814736      197.101
897      40.365      1.25605      942.036      -2847.95      -1905.91      0.813786      197.091
898      40.41      1.25298      939.737      -2845.52      -1905.79      0.812838      197.081
899      40.455      1.25022      937.663      -2843.34      -1905.68      0.811891      197.07
900      40.5      1.24769      935.766      -2841.36      -1905.6      0.810946      197.06
901      40.545      1.24533      933.995      -2839.53      -1905.54      0.810002      197.049
902      40.59      1.24306      932.299      -2837.8      -1905.51      0.80906      197.038
903      40.635      1.24084      930.629      -2836.12      -1905.5      0.808118      197.027
904      40.68      1.23861      928.956      -2834.46      -1905.5      0.807179      197.016
905      40.725      1.23635      927.263      -2832.77      -1905.51      0.806241      197.005
906      40.77      1.23407      925.553      -2831.07      -1905.52      0.805305      196.994
907      40.815      1.23178      923.838      -2829.35      -1905.51      0.80437      196.982
908      40.86      1.22953      922.148      -2827.65      -1905.5      0.803437      196.971
909      40.905      1.22736      920.523      -2825.98      -1905.46      0.802507      196.959
910      40.95      1.22535      919.012      -2824.41      -1905.39      0.801578      196.948
911      40.995      1.22357      917.679      -2822.98      -1905.3      0.800651      196.936
912      41.04      1.22212      916.588      -2821.75      -1905.17      0.799726      196.924
913      41.085      1.22107      915.803      -2820.81      -1905.01      0.798803      196.913
914      41.13      1.22051      915.383      -2820.2      -1904.82      0.797883      196.902
915      41.175      1.2205      915.372      -2819.98      -1904.61      0.796965      196.89
916      41.22      1.22106      915.797      -2820.18      -1904.39      0.79605      196.879
917      41.265      1.22222      916.663      -2820.83      -1904.16      0.795137      196.868
918      41.31      1.22394      917.954      -2821.91      -1903.95      0.794226      196.857
919      41.355      1.22618      919.633      -2823.4      -1903.77      0.793319      196.846
920      41.4      1.22886      921.642      -2825.25      -1903.61      0.792414      196.836
921      41.445      1.23188      923.91      -2827.4      -1903.49      0.791512      196.825
922      41.49      1.23513      926.35      -2829.76      -1903.41      0.790613      196.815
923      41.535      1.2385      928.876      -2832.25      -1903.38      0.789718      196.806
924      41.58      1.24187      931.406      -2834.79      -1903.39      0.788825      196.796
925      41.625      1.24516      933.868      -2837.3      -1903.43      0.787935      196.787
926      41.67      1.24828      936.209      -2839.7      -1903.49      0.787049      196.778
927      41.715      1.2512      938.398      -2841.97      -1903.57      0.786166      196.769
928      41.76      1.25389      940.42      -2844.08      -1903.66      0.785285      196.761
929      41.805      1.25638      942.284      -2846.02      -1903.74      0.784409      196.753
930      41.85      1.25867      944.003      -2847.81      -1903.81      0.783535      196.746
931      41.895      1.26079      945.594      -2849.46      -1903.87      0.782664      196.738
932      41.94      1.26277      947.075      -2851      -1903.92      0.781796      196.731
933      41.985      1.26461      948.456      -2852.43      -1903.97      0.780931      196.724
934      42.03      1.26631      949.735      -2853.76      -1904.03      0.780069      196.718
935      42.075      1.26788      950.906      -2854.99      -1904.08      0.779209      196.711
936      42.12      1.26926      951.945      -2856.1      -1904.15      0.778353      196.705
937      42.165      1.27043      952.82      -2857.06      -1904.24      0.777498      196.699
938      42.21      1.27133      953.495      -2857.84      -1904.35      0.776646      196.693
939      42.255      1.27191      953.934      -2858.41      -1904.47      0.775796      196.688
940      42.3      1.27214      954.108      -2858.72      -1904.61      0.774948      196.682
941      42.345      1.27199      953.995      -2858.75      -1904.76      0.774103      196.676
942      42.39      1.27146      953.594      -2858.49      -1904.9      0.773259      196.671
943      42.435      1.27055      952.914      -2857.95      -1905.04      0.772417      196.665
944      42.48      1.2693      951.976      -2857.14      -1905.16      0.771576      196.659
945      42.525      1.26776      950.818      -2856.09      -1905.27      0.770737      196.654
946      42.57      1.26599      949.49      -2854.84      -1905.35      0.7699      196.648
947      42.615      1.26408      948.057      -2853.45      -1905.39      0.769064      196.642
948      42.66      1.26211      946.584      -2851.99      -1905.41      0.76823      196.636
949      42.705      1.2602      945.147      -2850.53      -1905.38      0.767397      196.63
950      42.75      1.25843      943.824      -2849.14      -1905.31      0.766566      196.624
951      42.795      1.25692      942.688      -2847.9      -1905.21      0.765736      196.618
952      42.84      1.25573      941.799      -2846.88      -1905.08      0.764907      196.612
953      42.885      1.25494      941.206      -2846.13      -1904.93      0.76408      196.606
954      42.93      1.25458      940.937      -2845.7      -1904.76      0.763255      196.599
955      42.975      1.25466      940.995      -2845.6      -1904.6      0.762431      196.593
956      43.02      1.25515      941.36      -2845.81      -1904.45      0.761609      196.587
957      43.065      1.25599      941.992      -2846.31      -1904.32      0.760789      196.58
958      43.11      1.25712      942.838      -2847.06      -1904.22      0.759971      196.574
959      43.155      1.25845      943.836      -2847.99      -1904.15      0.759154      196.568
960      43.2      1.2599      944.923      -2849.04      -1904.12      0.758339      196.561
961      43.245      1.26138      946.037      -2850.15      -1904.11      0.757526      196.555
962      43.29      1.26283      947.123      -2851.25      -1904.13      0.756714      196.549
963      43.335      1.26416      948.123      -2852.3      -1904.18      0.755904      196.543
964      43.38      1.26532      948.988      -2853.24      -1904.26      0.755097      196.537
965      43.425      1.26622      949.668      -2854.02      -1904.35      0.75429      196.53
966      43.47      1.26683      950.12      -2854.59      -1904.47      0.753486      196.524
967      43.515      1.26709      950.317      -2854.92      -1904.6      0.752683      196.518
968      43.56      1.26698      950.239      -2854.98      -1904.74      0.751882      196.512
969      43.605      1.26652      949.891      -2854.76      -1904.87      0.751082      196.506
970      43.65      1.26572      949.29      -2854.29      -1905      0.750285      196.5
971      43.695      1.26463      948.473      -2853.57      -1905.1      0.749489      196.493
972      43.74      1.26331      947.484      -2852.66      -1905.18      0.748694      196.487
973      43.785      1.26183      946.376      -2851.61      -1905.23      0.747902      196.481
974      43.83      1.26026      945.195      -2850.46      -1905.26      0.747111      196.475
975      43.875      1.25864      943.982      -2849.25      -1905.27      0.746322      196.469
976      43.92      1.25701      942.76      -2848.03      -1905.27      0.745535      196.463
977      43.965      1.25539      941.541      -2846.81      -1905.27      0.744749      196.457
978      44.01      1.25377      940.331      -2845.59      -1905.26      0.743966      196.452
979      44.055      1.25218      939.134      -2844.39      -1905.25      0.743185      196.446
980      44.1      1.25062      937.963      -2843.2      -1905.24      0.742406      196.441
981      44.145      1.24912      936.842      -2842.05      -1905.21      0.741629      196.435
982      44.19      1.24776      935.822      -2840.97      -1905.15      0.740855      196.43
983      44.235      1.24662      934.966      -2840.02      -1905.06      0.740083      196.425
984      44.28      1.2458      934.352      -2839.28      -1904.93      0.739313      196.421
985      44.325      1.24542      934.067      -2838.82      -1904.75      0.738545      196.416
986      44.37      1.24559      934.192      -2838.73      -1904.54      0.73778      196.412
987      44.415      1.24639      934.794      -2839.09      -1904.29      0.737018      196.408
988      44.46      1.24788      935.914      -2839.95      -1904.03      0.736258      196.404
989      44.505      1.25008      937.559      -2841.33      -1903.77      0.7355      196.401
990      44.55      1.25294      939.708      -2843.23      -1903.53      0.734745      196.397
991      44.595      1.25641      942.305      -2845.62      -1903.31      0.733993      196.395
992      44.64      1.26036      945.268      -2848.41      -1903.14      0.733244      196.392
993      44.685      1.26467      948.504      -2851.52      -1903.02      0.732497      196.39
994      44.73      1.26922      951.915      -2854.86      -1902.94      0.731753      196.388
995      44.775      1.27388      955.408      -2858.32      -1902.91      0.731012      196.386
996      44.82      1.27853      958.897      -2861.82      -1902.92      0.730273      196.385
997      44.865      1.28308      962.309      -2865.28      -1902.97      0.729538      196.384
998      44.91      1.28744      965.578      -2868.63      -1903.05      0.728806      196.384
999      44.955      1.29153      968.646      -2871.81      -1903.16      0.728076      196.384
1000      45      1.29527      971.453      -2874.75      -1903.3      0.72735      196.385
1000      45      1.29527      971.453      -2874.75      -1903.3      0.72735      196.385
Execution time in seconds: 1.93738
