Timestep Time Temperature KineticEnergy PotentialEnergy TotalEnergy DiffusionConstant MeanSquareDisplacement
1      0.0526789      2.43283      1824.62      -3730.19      -1905.57      623.712      197.139
2      0.105358      2.42237      1816.78      -3726.27      -1909.49      311.868      197.147
3      0.158037      2.40141      1801.06      -3714.48      -1913.42      207.92      197.155
4      0.210716      2.36986      1777.4      -3694.79      -1917.4      155.947      197.163
5      0.263395      2.32757      1745.68      -3667.1      -1921.42      124.763      197.171
6      0.316074      2.2744      1705.8      -3631.29      -1925.48      103.974      197.18
7      0.368753      2.21022      1657.67      -3587.26      -1929.59      89.1243      197.189
8      0.421432      2.13499      1601.24      -3534.94      -1933.7      77.9873      197.198
9      0.474111      2.04883      1536.62      -3474.35      -1937.73      69.3252      197.207
10      0.526789      1.9522      1464.15      -3405.7      -1941.55      62.3956      197.216
11      0.579468      1.84596      1384.47      -3329.47      -1945.01      56.7258      197.225
12      0.632147      1.73156      1298.67      -3246.52      -1947.86      52.001      197.234
13      0.684826      1.61113      1208.35      -3158.19      -1949.84      48.0031      197.243
14      0.737505      1.48753      1115.65      -3066.35      -1950.7      44.5762      197.251
15      0.790184      1.36426      1023.2      -2973.39      -1950.2      41.6062      197.259
16      0.842863      1.24525      933.934      -2882.14      -1948.2      39.0074      197.267
17      0.895542      1.13449      850.866      -2795.59      -1944.73      36.7142      197.275
18      0.948221      1.03563      776.72      -2716.67      -1939.95      34.6757      197.281
19      1.0009      0.951503      713.627      -2647.82      -1934.2      32.8517      197.288
20      1.05358      0.883881      662.91      -2590.8      -1927.89      31.2101      197.294
21      1.10626      0.833335      625.001      -2546.49      -1921.49      29.7247      197.299
22      1.15894      0.799342      599.506      -2514.88      -1915.37      28.3743      197.304
23      1.21162      0.780505      585.379      -2495.24      -1909.86      27.1413      197.309
24      1.26429      0.774856      581.142      -2486.26      -1905.12      26.0109      197.313
25      1.31697      0.780148      585.111      -2486.35      -1901.24      24.9709      197.316
26      1.36965      0.794104      595.578      -2493.79      -1898.22      24.0109      197.32
27      1.42233      0.814582      610.936      -2506.91      -1895.98      23.1219      197.322
28      1.47501      0.839677      629.757      -2524.19      -1894.43      22.2965      197.325
29      1.52769      0.867754      650.815      -2544.28      -1893.47      21.5279      197.327
30      1.58037      0.897451      673.088      -2566.08      -1893      20.8105      197.329
31      1.63305      0.927657      695.743      -2588.66      -1892.92      20.1393      197.331
32      1.68573      0.95747      718.103      -2611.26      -1893.16      19.5101      197.333
33      1.73841      0.986147      739.61      -2633.27      -1893.66      18.9191      197.334
34      1.79108      1.01307      759.8      -2654.19      -1894.39      18.3627      197.335
35      1.84376      1.03771      778.285      -2673.58      -1895.3      17.8382      197.336
36      1.89644      1.05966      794.743      -2691.1      -1896.35      17.3427      197.337
37      1.94912      1.07857      808.928      -2706.45      -1897.52      16.8741      197.338
38      2.0018      1.09423      820.675      -2719.44      -1898.76      16.4301      197.339
39      2.05448      1.10656      829.918      -2729.94      -1900.02      16.0089      197.34
40      2.10716      1.11561      836.706      -2737.94      -1901.24      15.6087      197.341
41      2.15984      1.12159      841.193      -2743.56      -1902.36      15.2281      197.342
42      2.21252      1.12485      843.634      -2746.98      -1903.35      14.8656      197.343
43      2.26519      1.12581      844.357      -2748.52      -1904.16      14.52      197.344
44      2.31787      1.12497      843.73      -2748.52      -1904.79      14.1901      197.345
45      2.37055      1.12282      842.116      -2747.35      -1905.24      13.8749      197.347
46      2.42323      1.11981      839.855      -2745.37      -1905.52      13.5734      197.349
47      2.47591      1.11631      837.229      -2742.89      -1905.66      13.2847      197.351
48      2.52859      1.11263      834.474      -2740.17      -1905.69      13.0081      197.353
49      2.58127      1.10905      831.784      -2737.42      -1905.63      12.7428      197.356
50      2.63395      1.10581      829.36      -2734.83      -1905.47      12.4881      197.359
51      2.68663      1.10321      827.404      -2732.6      -1905.2      12.2435      197.362
52      2.73931      1.10154      826.153      -2730.97      -1904.81      12.0082      197.365
53      2.79198      1.10113      825.848      -2730.16      -1904.31      11.7818      197.368
54      2.84466      1.10226      826.697      -2730.4      -1903.71      11.5639      197.372
55      2.89734      1.10509      828.819      -2731.88      -1903.06      11.3538      197.375
56      2.95002      1.10961      832.206      -2734.64      -1902.44      11.1513      197.379
57      3.0027      1.11562      836.715      -2738.62      -1901.9      10.9558      197.383
58      3.05538      1.1228      842.101      -2743.6      -1901.5      10.7671      197.386
59      3.10806      1.13076      848.074      -2749.32      -1901.24      10.5848      197.389
60      3.16074      1.13914      854.356      -2755.48      -1901.12      10.4086      197.392
61      3.21342      1.14763      860.722      -2761.83      -1901.11      10.2381      197.395
62      3.26609      1.15601      867.011      -2768.18      -1901.17      10.0731      197.398
63      3.31877      1.16417      873.127      -2774.39      -1901.27      9.91329      197.4
64      3.37145      1.17202      879.016      -2780.41      -1901.39      9.75847      197.401
65      3.42413      1.17953      884.646      -2786.17      -1901.53      9.60839      197.402
66      3.47681      1.18666      889.997      -2791.67      -1901.67      9.46283      197.403
67      3.52949      1.19339      895.045      -2796.87      -1901.83      9.32158      197.402
68      3.58217      1.1997      899.775      -2801.77      -1901.99      9.18444      197.401
69      3.63485      1.20557      904.179      -2806.34      -1902.16      9.05125      197.399
70      3.68753      1.21104      908.282      -2810.59      -1902.3      8.92182      197.397
71      3.74021      1.21618      912.131      -2814.56      -1902.42      8.796      197.393
72      3.79288      1.22109      915.814      -2818.31      -1902.5      8.67363      197.388
73      3.84556      1.22592      919.441      -2821.95      -1902.51      8.55458      197.383
74      3.89824      1.23085      923.137      -2825.6      -1902.46      8.43871      197.377
75      3.95092      1.23603      927.021      -2829.38      -1902.35      8.32589      197.37
76      4.0036      1.24158      931.183      -2833.39      -1902.21      8.21602      197.362
77      4.05628      1.24755      935.664      -2837.71      -1902.05      8.10897      197.353
78      4.10896      1.25392      940.441      -2842.35      -1901.91      8.00464      197.344
79      4.16164      1.26056      945.418      -2847.24      -1901.82      7.90294      197.335
80      4.21432      1.26725      950.437      -2852.26      -1901.82      7.80376      197.325
81      4.26699      1.27373      955.301      -2857.23      -1901.92      7.70703      197.315
82      4.31967      1.27972      959.793      -2861.93      -1902.14      7.61264      197.305
83      4.37235      1.28494      963.706      -2866.15      -1902.45      7.52054      197.295
84      4.42503      1.28917      966.875      -2869.71      -1902.83      7.43062      197.284
85      4.47771      1.29225      969.19      -2872.46      -1903.27      7.34283      197.274
86      4.53039      1.29412      970.593      -2874.32      -1903.72      7.25709      197.265
87      4.58307      1.29478      971.082      -2875.26      -1904.18      7.17334      197.255
88      4.63575      1.29425      970.691      -2875.3      -1904.61      7.0915      197.246
89      4.68843      1.29263      969.472      -2874.48      -1905.01      7.01153      197.238
90      4.74111      1.29      967.499      -2872.87      -1905.37      6.93335      197.231
91      4.79378      1.28648      964.863      -2870.55      -1905.69      6.85692      197.224
92      4.84646      1.28223      961.67      -2867.62      -1905.95      6.78217      197.217
93      4.89914      1.27743      958.069      -2864.19      -1906.12      6.70906      197.212
94      4.95182      1.27232      954.237      -2860.45      -1906.21      6.63752      197.207
95      5.0045      1.2672      950.397      -2856.58      -1906.18      6.56751      197.203
96      5.05718      1.2624      946.802      -2852.83      -1906.02      6.49898      197.199
97      5.10986      1.25828      943.709      -2849.45      -1905.74      6.43189      197.196
98      5.16254      1.25512      941.341      -2846.69      -1905.35      6.36618      197.194
99      5.21522      1.25314      939.856      -2844.75      -1904.89      6.30182      197.192
100      5.26789      1.25242      939.313      -2843.73      -1904.42      6.23877      197.191
101      5.32057      1.25293      939.7      -2843.66      -1903.96      6.17698      197.19
102      5.37325      1.25462      940.965      -2844.5      -1903.53      6.11642      197.19
103      5.42593      1.2574      943.051      -2846.18      -1903.13      6.05705      197.191
104      5.47861      1.26124      945.929      -2848.67      -1902.74      5.99885      197.192
105      5.53129      1.26613      949.599      -2851.95      -1902.35      5.94178      197.194
106      5.58397      1.2721      954.077      -2856.03      -1901.95      5.8858      197.197
107      5.63665      1.27914      959.353      -2860.92      -1901.56      5.83089      197.2
108      5.68933      1.28716      965.371      -2866.58      -1901.21      5.77702      197.204
109      5.74201      1.296      972.002      -2872.93      -1900.93      5.72416      197.209
110      5.79468      1.30542      979.066      -2879.81      -1900.74      5.67228      197.214
111      5.84736      1.3151      986.328      -2887.01      -1900.68      5.62135      197.22
112      5.90004      1.32472      993.541      -2894.28      -1900.74      5.57135      197.227
113      5.95272      1.33396      1000.47      -2901.38      -1900.91      5.52225      197.234
114      6.0054      1.34258      1006.93      -2908.1      -1901.17      5.47403      197.242
115      6.05808      1.35036      1012.77      -2914.27      -1901.5      5.42666      197.251
116      6.11076      1.3572      1017.9      -2919.76      -1901.87      5.38012      197.26
117      6.16344      1.36304      1022.28      -2924.52      -1902.24      5.33439      197.269
118      6.21612      1.36786      1025.9      -2928.53      -1902.63      5.28944      197.279
119      6.26879      1.37166      1028.75      -2931.76      -1903.02      5.24526      197.289
120      6.32147      1.37441      1030.8      -2934.22      -1903.42      5.20181      197.299
121      6.37415      1.37605      1032.04      -2935.87      -1903.83      5.15909      197.309
122      6.42683      1.37655      1032.41      -2936.68      -1904.27      5.11707      197.319
123      6.47951      1.37586      1031.9      -2936.61      -1904.71      5.07574      197.33
124      6.53219      1.374      1030.5      -2935.65      -1905.15      5.03507      197.34
125      6.58487      1.37103      1028.27      -2933.82      -1905.55      4.99505      197.351
126      6.63755      1.36711      1025.34      -2931.23      -1905.89      4.95567      197.361
127      6.69023      1.36246      1021.85      -2927.99      -1906.14      4.9169      197.371
128      6.74291      1.35735      1018.01      -2924.3      -1906.29      4.87872      197.381
129      6.79558      1.35205      1014.04      -2920.37      -1906.33      4.84114      197.39
130      6.84826      1.34682      1010.12      -2916.4      -1906.28      4.80413      197.4
131      6.90094      1.34187      1006.4      -2912.57      -1906.16      4.76767      197.408
132      6.95362      1.33732      1002.99      -2908.99      -1906      4.73176      197.417
133      7.0063      1.33321      999.905      -2905.74      -1905.84      4.69638      197.425
134      7.05898      1.32951      997.132      -2902.81      -1905.68      4.66152      197.433
135      7.11166      1.32614      994.603      -2900.17      -1905.57      4.62717      197.441
136      7.16434      1.32299      992.241      -2897.73      -1905.49      4.59331      197.448
137      7.21702      1.31994      989.956      -2895.42      -1905.46      4.55994      197.455
138      7.26969      1.31688      987.659      -2893.14      -1905.48      4.52704      197.461
139      7.32237      1.31369      985.267      -2890.8      -1905.53      4.4946      197.467
140      7.37505      1.31025      982.691      -2888.32      -1905.63      4.46261      197.472
141      7.42773      1.30646      979.847      -2885.62      -1905.78      4.43106      197.477
142      7.48041      1.30222      976.664      -2882.61      -1905.95      4.39995      197.48
143      7.53309      1.29746      973.092      -2879.24      -1906.15      4.36925      197.484
144      7.58577      1.29215      969.109      -2875.46      -1906.35      4.33897      197.486
145      7.63845      1.28633      964.745      -2871.27      -1906.53      4.30908      197.488
146      7.69113      1.28013      960.098      -2866.75      -1906.65      4.27959      197.489
147      7.74381      1.27377      955.329      -2862.01      -1906.68      4.25048      197.489
148      7.79648      1.26753      950.647      -2857.26      -1906.61      4.22175      197.489
149      7.84916      1.26171      946.285      -2852.7      -1906.42      4.19338      197.487
150      7.90184      1.25661      942.455      -2848.58      -1906.13      4.16538      197.485
151      7.95452      1.25241      939.307      -2845.08      -1905.77      4.13773      197.482
152      8.0072      1.24921      936.909      -2842.3      -1905.39      4.11042      197.478
153      8.05988      1.24701      935.26      -2840.28      -1905.02      4.08346      197.473
154      8.11256      1.24575      934.31      -2838.99      -1904.68      4.05683      197.468
155      8.16524      1.2453      933.975      -2838.36      -1904.39      4.03054      197.462
156      8.21792      1.24554      934.157      -2838.3      -1904.14      4.00456      197.455
157      8.27059      1.24633      934.745      -2838.7      -1903.95      3.97891      197.448
158      8.32327      1.2475      935.629      -2839.45      -1903.82      3.95357      197.44
159      8.37595      1.24894      936.702      -2840.44      -1903.74      3.92853      197.431
160      8.42863      1.2505      937.872      -2841.58      -1903.71      3.9038      197.422
161      8.48131      1.25209      939.068      -2842.77      -1903.7      3.87937      197.413
162      8.53399      1.25366      940.245      -2843.97      -1903.72      3.85522      197.403
163      8.58667      1.25518      941.382      -2845.13      -1903.75      3.83137      197.392
164      8.63935      1.25661      942.458      -2846.24      -1903.78      3.8078      197.381
165      8.69203      1.25793      943.445      -2847.28      -1903.83      3.7845      197.37
166      8.74471      1.25906      944.298      -2848.21      -1903.91      3.76149      197.358
167      8.79738      1.25992      944.937      -2848.97      -1904.03      3.73874      197.347
168      8.85006      1.26035      945.266      -2849.46      -1904.2      3.71626      197.335
169      8.90274      1.26023      945.17      -2849.59      -1904.42      3.69404      197.322
170      8.95542      1.2594      944.552      -2849.25      -1904.7      3.67208      197.31
171      9.0081      1.25779      943.34      -2848.34      -1905      3.65037      197.298
172      9.06078      1.25535      941.512      -2846.82      -1905.31      3.62892      197.285
173      9.11346      1.25212      939.092      -2844.69      -1905.6      3.60772      197.273
174      9.16614      1.24821      936.16      -2842      -1905.84      3.58676      197.261
175      9.21882      1.24377      932.827      -2838.85      -1906.02      3.56605      197.249
176      9.27149      1.23898      929.237      -2835.37      -1906.13      3.54557      197.237
177      9.32417      1.23406      925.544      -2831.71      -1906.16      3.52534      197.225
178      9.37685      1.22924      921.93      -2828.03      -1906.1      3.50533      197.214
179      9.42953      1.22478      918.588      -2824.52      -1905.94      3.48555      197.202
180      9.48221      1.22097      915.724      -2821.39      -1905.67      3.46599      197.192
181      9.53489      1.21807      913.551      -2818.85      -1905.3      3.44666      197.181
182      9.58757      1.21637      912.274      -2817.1      -1904.82      3.42755      197.171
183      9.64025      1.21609      912.069      -2816.34      -1904.27      3.40865      197.161
184      9.69293      1.21743      913.071      -2816.72      -1903.65      3.38996      197.152
185      9.74561      1.22047      915.351      -2818.36      -1903.01      3.37148      197.143
186      9.79828      1.22521      918.909      -2821.28      -1902.37      3.3532      197.134
187      9.85096      1.23156      923.667      -2825.46      -1901.79      3.33513      197.125
188      9.90364      1.23929      929.465      -2830.76      -1901.29      3.31725      197.117
189      9.95632      1.24809      936.067      -2836.99      -1900.93      3.29957      197.109
190      10.009      1.25757      943.177      -2843.89      -1900.71      3.28207      197.102
191      10.0617      1.26729      950.465      -2851.13      -1900.67      3.26477      197.094
192      10.1144      1.2768      957.602      -2858.39      -1900.79      3.24765      197.087
193      10.167      1.28571      964.282      -2865.34      -1901.05      3.23071      197.08
194      10.2197      1.29367      970.255      -2871.69      -1901.44      3.21394      197.074
195      10.2724      1.30045      975.337      -2877.24      -1901.9      3.19736      197.067
196      10.3251      1.30589      979.416      -2881.83      -1902.42      3.18094      197.061
197      10.3778      1.30995      982.461      -2885.4      -1902.94      3.1647      197.055
198      10.4304      1.31268      984.508      -2887.94      -1903.43      3.14862      197.049
199      10.4831      1.3142      985.653      -2889.52      -1903.87      3.1327      197.043
200      10.5358      1.31472      986.036      -2890.27      -1904.23      3.11694      197.037
201      10.5885      1.31443      985.822      -2890.33      -1904.51      3.10135      197.031
202      10.6411      1.31357      985.181      -2889.89      -1904.71      3.08591      197.025
203      10.6938      1.31235      984.261      -2889.09      -1904.83      3.07062      197.02
204      10.7465      1.31089      983.167      -2888.07      -1904.91      3.05548      197.015
205      10.7992      1.30927      981.953      -2886.92      -1904.96      3.0405      197.009
206      10.8519      1.30749      980.621      -2885.64      -1905.02      3.02566      197.005
207      10.9045      1.30551      979.131      -2884.24      -1905.11      3.01098      197
208      10.9572      1.30323      977.42      -2882.64      -1905.22      2.99643      196.995
209      11.0099      1.30056      975.419      -2880.79      -1905.38      2.98203      196.991
210      11.0626      1.29743      973.072      -2878.62      -1905.55      2.96778      196.988
211      11.1153      1.29379      970.345      -2876.09      -1905.74      2.95367      196.985
212      11.1679      1.28965      967.238      -2873.17      -1905.93      2.9397      196.982
213      11.2206      1.28505      963.787      -2869.88      -1906.09      2.92587      196.98
214      11.2733      1.28007      960.055      -2866.28      -1906.22      2.91217      196.979
215      11.326      1.27486      956.142      -2862.44      -1906.3      2.89862      196.978
216      11.3787      1.26956      952.167      -2858.48      -1906.31      2.8852      196.978
217      11.4313      1.26437      948.274      -2854.53      -1906.25      2.87191      196.978
218      11.484      1.25949      944.618      -2850.73      -1906.12      2.85875      196.98
219      11.5367      1.25514      941.354      -2847.25      -1905.9      2.84573      196.982
220      11.5894      1.25149      938.62      -2844.24      -1905.62      2.83283      196.984
221      11.642      1.24871      936.531      -2841.81      -1905.28      2.82006      196.987
222      11.6947      1.24688      935.163      -2840.08      -1904.92      2.80741      196.991
223      11.7474      1.24606      934.542      -2839.08      -1904.54      2.79488      196.996
224      11.8001      1.24619      934.64      -2838.83      -1904.19      2.78247      197
225      11.8528      1.24718      935.388      -2839.26      -1903.87      2.77018      197.005
226      11.9054      1.2489      936.678      -2840.29      -1903.61      2.758      197.011
227      11.9581      1.25119      938.39      -2841.81      -1903.42      2.74593      197.017
228      12.0108      1.25388      940.41      -2843.69      -1903.28      2.73397      197.023
229      12.0635      1.25685      942.637      -2845.82      -1903.18      2.72212      197.029
230      12.1162      1.26      945.003      -2848.12      -1903.12      2.71037      197.035
231      12.1688      1.26328      947.463      -2850.54      -1903.08      2.69872      197.042
232      12.2215      1.26666      949.996      -2853.04      -1903.04      2.68718      197.048
233      12.2742      1.27014      952.601      -2855.61      -1903      2.67574      197.055
234      12.3269      1.2737      955.273      -2858.24      -1902.97      2.66439      197.062
235      12.3796      1.27736      958.018      -2860.95      -1902.93      2.65315      197.069
236      12.4322      1.28112      960.837      -2863.73      -1902.9      2.642      197.075
237      12.4849      1.28498      963.738      -2866.59      -1902.86      2.63094      197.082
238      12.5376      1.28898      966.739      -2869.54      -1902.8      2.61998      197.09
239      12.5903      1.29313      969.847      -2872.6      -1902.75      2.60912      197.097
240      12.6429      1.29741      973.058      -2875.76      -1902.7      2.59835      197.104
241      12.6956      1.30178      976.332      -2879.01      -1902.68      2.58767      197.112
242      12.7483      1.30611      979.579      -2882.28      -1902.71      2.57708      197.12
243      12.801      1.31022      982.668      -2885.47      -1902.8      2.56658      197.128
244      12.8537      1.31392      985.437      -2888.42      -1902.98      2.55617      197.137
245      12.9063      1.31696      987.723      -2890.96      -1903.24      2.54585      197.146
246      12.959      1.3192      989.4      -2892.96      -1903.56      2.53562      197.155
247      13.0117      1.32055      990.411      -2894.3      -1903.89      2.52548      197.165
248      13.0644      1.32106      990.795      -2894.99      -1904.19      2.51542      197.174
249      13.1171      1.32091      990.682      -2895.1      -1904.42      2.50545      197.185
250      13.1697      1.32034      990.251      -2894.8      -1904.55      2.49556      197.195
251      13.2224      1.31955      989.666      -2894.28      -1904.61      2.48575      197.206
252      13.2751      1.31866      988.999      -2893.65      -1904.65      2.47602      197.217
253      13.3278      1.31759      988.189      -2892.93      -1904.74      2.46637      197.228
254      13.3805      1.31609      987.066      -2891.98      -1904.92      2.4568      197.239
255      13.4331      1.31388      985.408      -2890.62      -1905.21      2.44731      197.25
256      13.4858      1.31069      983.019      -2888.61      -1905.6      2.43789      197.262
257      13.5385      1.30636      979.768      -2885.8      -1906.03      2.42855      197.273
258      13.5912      1.30084      975.629      -2882.1      -1906.47      2.41928      197.285
259      13.6438      1.29424      970.677      -2877.54      -1906.86      2.41007      197.296
260      13.6965      1.28678      965.085      -2872.24      -1907.15      2.40094      197.307
261      13.7492      1.27882      959.114      -2866.41      -1907.3      2.39187      197.318
262      13.8019      1.27081      953.108      -2860.38      -1907.27      2.38287      197.328
263      13.8546      1.26326      947.448      -2854.49      -1907.04      2.37393      197.338
264      13.9072      1.25672      942.539      -2849.15      -1906.61      2.36505      197.348
265      13.9599      1.25169      938.768      -2844.77      -1906      2.35624      197.357
266      14.0126      1.24862      936.462      -2841.69      -1905.23      2.34748      197.366
267      14.0653      1.24779      935.844      -2840.21      -1904.36      2.33878      197.374
268      14.118      1.24934      937.007      -2840.47      -1903.47      2.33014      197.381
269      14.1706      1.25322      939.917      -2842.52      -1902.61      2.32156      197.388
270      14.2233      1.25923      944.424      -2846.26      -1901.83      2.31303      197.393
271      14.276      1.26706      950.292      -2851.48      -1901.19      2.30455      197.398
272      14.3287      1.27628      957.213      -2857.92      -1900.7      2.29613      197.403
273      14.3814      1.28644      964.831      -2865.23      -1900.4      2.28775      197.406
274      14.434      1.29701      972.76      -2873.06      -1900.3      2.27943      197.409
275      14.4867      1.30748      980.612      -2881      -1900.38      2.27117      197.41
276      14.5394      1.31736      988.023      -2888.67      -1900.65      2.26295      197.411
277      14.5921      1.32623      994.67      -2895.74      -1901.07      2.25478      197.411
278      14.6447      1.33374      1000.31      -2901.91      -1901.6      2.24666      197.411
279      14.6974      1.33969      1004.77      -2906.97      -1902.2      2.23859      197.409
280      14.7501      1.344      1008      -2910.82      -1902.82      2.23057      197.407
281      14.8028      1.34672      1010.04      -2913.45      -1903.4      2.2226      197.404
282      14.8555      1.34803      1011.03      -2914.93      -1903.91      2.21469      197.401
283      14.9081      1.34822      1011.16      -2915.46      -1904.3      2.20682      197.398
284      14.9608      1.34763      1010.72      -2915.27      -1904.55      2.19901      197.394
285      15.0135      1.34665      1009.99      -2914.65      -1904.66      2.19125      197.39
286      15.0662      1.34565      1009.24      -2913.88      -1904.64      2.18354      197.386
287      15.1189      1.34488      1008.66      -2913.2      -1904.53      2.17589      197.382
288      15.1715      1.34448      1008.36      -2912.75      -1904.39      2.16829      197.378
289      15.2242      1.34441      1008.31      -2912.59      -1904.28      2.16075      197.374
290      15.2769      1.34449      1008.37      -2912.61      -1904.24      2.15326      197.37
291      15.3296      1.34447      1008.35      -2912.66      -1904.31      2.14582      197.367
292      15.3823      1.34407      1008.05      -2912.53      -1904.48      2.13843      197.363
293      15.4349      1.34303      1007.27      -2912.02      -1904.74      2.1311      197.36
294      15.4876      1.34113      1005.85      -2910.94      -1905.09      2.12382      197.357
295      15.5403      1.33823      1003.67      -2909.15      -1905.48      2.11658      197.354
296      15.593      1.33421      1000.66      -2906.56      -1905.9      2.1094      197.351
297      15.6456      1.32906      996.794      -2903.13      -1906.33      2.10227      197.348
298      15.6983      1.3228      992.102      -2898.84      -1906.74      2.09518      197.345
299      15.751      1.31556      986.673      -2893.77      -1907.1      2.08814      197.342
300      15.8037      1.30755      980.66      -2888.03      -1907.37      2.08114      197.338
301      15.8564      1.29903      974.274      -2881.8      -1907.52      2.07419      197.335
302      15.909      1.29037      967.777      -2875.32      -1907.54      2.06729      197.332
303      15.9617      1.28194      961.457      -2868.88      -1907.42      2.06043      197.329
304      16.0144      1.27413      955.594      -2862.75      -1907.16      2.05362      197.325
305      16.0671      1.26726      950.447      -2857.22      -1906.77      2.04686      197.322
306      16.1198      1.2616      946.204      -2852.5      -1906.3      2.04014      197.319
307      16.1724      1.25731      942.983      -2848.76      -1905.78      2.03346      197.316
308      16.2251      1.25443      940.821      -2846.07      -1905.25      2.02683      197.313
309      16.2778      1.25292      939.691      -2844.43      -1904.74      2.02025      197.311
310      16.3305      1.25268      939.509      -2843.78      -1904.27      2.01371      197.309
311      16.3832      1.25356      940.169      -2844.04      -1903.87      2.00721      197.307
312      16.4358      1.25539      941.541      -2845.07      -1903.53      2.00076      197.305
313      16.4885      1.25798      943.488      -2846.75      -1903.26      1.99436      197.304
314      16.5412      1.26115      945.866      -2848.93      -1903.06      1.988      197.303
315      16.5939      1.26469      948.521      -2851.47      -1902.95      1.98168      197.303
316      16.6465      1.26836      951.273      -2854.19      -1902.92      1.97541      197.303
317      16.6992      1.27192      953.939      -2856.93      -1902.99      1.96919      197.303
318      16.7519      1.2751      956.327      -2859.48      -1903.15      1.963      197.304
319      16.8046      1.27767      958.252      -2861.65      -1903.4      1.95686      197.306
320      16.8573      1.27943      959.571      -2863.29      -1903.72      1.95076      197.307
321      16.9099      1.28026      960.195      -2864.27      -1904.08      1.94471      197.31
322      16.9626      1.28011      960.086      -2864.53      -1904.44      1.9387      197.312
323      17.0153      1.27902      959.264      -2864.06      -1904.79      1.93272      197.315
324      17.068      1.27706      957.792      -2862.9      -1905.11      1.92679      197.319
325      17.1207      1.27435      955.763      -2861.13      -1905.37      1.9209      197.323
326      17.1733      1.27107      953.3      -2858.87      -1905.57      1.91505      197.327
327      17.226      1.26739      950.542      -2856.24      -1905.7      1.90924      197.331
328      17.2787      1.26353      947.651      -2853.39      -1905.74      1.90347      197.336
329      17.3314      1.25973      944.796      -2850.5      -1905.7      1.89773      197.342
330      17.3841      1.25622      942.165      -2847.73      -1905.56      1.89203      197.347
331      17.4367      1.25327      939.956      -2845.28      -1905.33      1.88637      197.353
332      17.4894      1.25114      938.358      -2843.36      -1905      1.88075      197.359
333      17.5421      1.25004      937.531      -2842.13      -1904.6      1.87516      197.365
334      17.5948      1.25011      937.583      -2841.74      -1904.16      1.8696      197.371
335      17.6474      1.2514      938.552      -2842.25      -1903.7      1.86408      197.378
336      17.7001      1.25388      940.408      -2843.67      -1903.27      1.85859      197.384
337      17.7528      1.25741      943.058      -2845.95      -1902.89      1.85314      197.39
338      17.8055      1.26182      946.364      -2848.94      -1902.58      1.84772      197.397
339      17.8582      1.26691      950.18      -2852.53      -1902.35      1.84232      197.403
340      17.9108      1.27248      954.356      -2856.54      -1902.19      1.83696      197.409
341      17.9635      1.27835      958.764      -2860.86      -1902.09      1.83163      197.415
342      18.0162      1.28437      963.281      -2865.33      -1902.05      1.82633      197.421
343      18.0689      1.29042      967.817      -2869.88      -1902.06      1.82106      197.427
344      18.1216      1.2964      972.299      -2874.4      -1902.1      1.81581      197.432
345      18.1742      1.30222      976.664      -2878.83      -1902.16      1.81059      197.437
346      18.2269      1.30781      980.856      -2883.12      -1902.26      1.8054      197.441
347      18.2796      1.31311      984.831      -2887.21      -1902.37      1.80024      197.445
348      18.3323      1.31806      988.544      -2891.06      -1902.51      1.79509      197.449
349      18.385      1.32259      991.946      -2894.62      -1902.67      1.78998      197.452
350      18.4376      1.32666      994.995      -2897.85      -1902.86      1.78488      197.454
351      18.4903      1.33018      997.634      -2900.71      -1903.07      1.77982      197.456
352      18.543      1.33305      999.791      -2903.11      -1903.32      1.77477      197.457
353      18.5957      1.33515      1001.36      -2904.99      -1903.63      1.76975      197.458
354      18.6483      1.33631      1002.23      -2906.22      -1903.99      1.76475      197.458
355      18.701      1.33639      1002.29      -2906.7      -1904.41      1.75977      197.457
356      18.7537      1.33527      1001.45      -2906.31      -1904.86      1.75482      197.456
357      18.8064      1.3329      999.672      -2905      -1905.33      1.74989      197.455
358      18.8591      1.32934      997.008      -2902.77      -1905.76      1.74499      197.453
359      18.9117      1.32478      993.586      -2899.7      -1906.11      1.74011      197.451
360      18.9644      1.31948      989.612      -2895.97      -1906.36      1.73525      197.448
361      19.0171      1.31381      985.354      -2891.82      -1906.46      1.73042      197.446
362      19.0698      1.30813      981.1      -2887.52      -1906.42      1.72562      197.443
363      19.1225      1.30285      977.141      -2883.38      -1906.24      1.72084      197.44
364      19.1751      1.29831      973.729      -2879.67      -1905.94      1.71609      197.437
365      19.2278      1.29474      971.053      -2876.6      -1905.55      1.71136      197.435
366      19.2805      1.29231      969.229      -2874.34      -1905.11      1.70666      197.432
367      19.3332      1.29103      968.275      -2872.96      -1904.68      1.70199      197.43
368      19.3859      1.29082      968.118      -2872.42      -1904.3      1.69735      197.427
369      19.4385      1.29145      968.585      -2872.6      -1904.01      1.69273      197.425
370      19.4912      1.29256      969.422      -2873.29      -1903.87      1.68814      197.423
371      19.5439      1.29374      970.308      -2874.19      -1903.88      1.68357      197.421
372      19.5966      1.29453      970.9      -2874.97      -1904.07      1.67903      197.42
373      19.6492      1.29448      970.856      -2875.29      -1904.43      1.67452      197.418
374      19.7019      1.29317      969.881      -2874.81      -1904.93      1.67002      197.416
375      19.7546      1.29033      967.75      -2873.28      -1905.53      1.66556      197.414
376      19.8073      1.28577      964.331      -2870.52      -1906.19      1.66111      197.413
377      19.86      1.27946      959.598      -2866.44      -1906.84      1.65669      197.411
378      19.9126      1.2715      953.627      -2861.07      -1907.44      1.65229      197.409
379      19.9653      1.26214      946.605      -2854.54      -1907.94      1.64791      197.406
380      20.018      1.25173      938.801      -2847.09      -1908.29      1.64356      197.404
381      20.0707      1.24076      930.567      -2839.02      -1908.46      1.63922      197.402
382      20.1234      1.22975      922.311      -2830.72      -1908.41      1.63491      197.399
383      20.176      1.2193      914.473      -2822.62      -1908.15      1.63062      197.396
384      20.2287      1.21      907.499      -2815.16      -1907.66      1.62635      197.394
385      20.2814      1.2024      901.8      -2808.77      -1906.97      1.6221      197.391
386      20.3341      1.19695      897.71      -2803.84      -1906.13      1.61788      197.388
387      20.3868      1.19394      895.458      -2800.65      -1905.19      1.61367      197.385
388      20.4394      1.19353      895.148      -2799.36      -1904.21      1.60949      197.382
389      20.4921      1.19566      896.748      -2800.02      -1903.27      1.60533      197.379
390      20.5448      1.20012      900.091      -2802.51      -1902.42      1.60119      197.376
391      20.5975      1.20654      904.905      -2806.63      -1901.72      1.59707      197.374
392      20.6501      1.21446      910.847      -2812.05      -1901.2      1.59298      197.371
393      20.7028      1.2234      917.547      -2818.42      -1900.87      1.58891      197.369
394      20.7555      1.23286      924.645      -2825.36      -1900.72      1.58486      197.367
395      20.8082      1.24244      931.83      -2832.54      -1900.71      1.58083      197.365
396      20.8609      1.25182      938.867      -2839.68      -1900.81      1.57683      197.364
397      20.9135      1.2608      945.599      -2846.58      -1900.98      1.57285      197.363
398      20.9662      1.26927      951.955      -2853.13      -1901.18      1.56889      197.362
399      21.0189      1.27723      957.924      -2859.3      -1901.37      1.56495      197.362
400      21.0716      1.28471      963.53      -2865.08      -1901.55      1.56104      197.362
401      21.1243      1.29176      968.817      -2870.53      -1901.71      1.55715      197.362
402      21.1769      1.29842      973.813      -2875.67      -1901.86      1.55329      197.363
403      21.2296      1.30472      978.539      -2880.54      -1902      1.54944      197.364
404      21.2823      1.31066      982.998      -2885.13      -1902.13      1.54562      197.365
405      21.335      1.31624      987.178      -2889.45      -1902.28      1.54181      197.367
406      21.3877      1.3214      991.054      -2893.49      -1902.43      1.53803      197.369
407      21.4403      1.32611      994.584      -2897.2      -1902.61      1.53427      197.371
408      21.493      1.33027      997.703      -2900.53      -1902.83      1.53053      197.374
409      21.5457      1.33378      1000.34      -2903.42      -1903.08      1.5268      197.376
410      21.5984      1.33654      1002.4      -2905.78      -1903.37      1.5231      197.379
411      21.651      1.33842      1003.81      -2907.52      -1903.71      1.51942      197.382
412      21.7037      1.33935      1004.51      -2908.58      -1904.07      1.51575      197.385
413      21.7564      1.33925      1004.44      -2908.9      -1904.46      1.5121      197.388
414      21.8091      1.33812      1003.59      -2908.43      -1904.85      1.50847      197.391
415      21.8618      1.33596      1001.97      -2907.19      -1905.22      1.50486      197.394
416      21.9144      1.33285      999.636      -2905.21      -1905.57      1.50127      197.397
417      21.9671      1.32887      996.651      -2902.54      -1905.89      1.49769      197.4
418      22.0198      1.32413      993.098      -2899.26      -1906.16      1.49414      197.404
419      22.0725      1.31876      989.067      -2895.45      -1906.38      1.4906      197.407
420      22.1252      1.31286      984.647      -2891.21      -1906.56      1.48708      197.411
421      22.1778      1.30657      979.93      -2886.63      -1906.7      1.48358      197.415
422      22.2305      1.3      974.997      -2881.79      -1906.79      1.4801      197.42
423      22.2832      1.29324      969.928      -2876.78      -1906.85      1.47663      197.425
424      22.3359      1.2864      964.798      -2871.66      -1906.86      1.47319      197.43
425      22.3886      1.27959      959.689      -2866.53      -1906.84      1.46977      197.436
426      22.4412      1.27293      954.699      -2861.46      -1906.76      1.46636      197.442
427      22.4939      1.26661      949.959      -2856.57      -1906.61      1.46297      197.448
428      22.5466      1.26084      945.63      -2852.01      -1906.38      1.45961      197.455
429      22.5993      1.25589      941.918      -2847.96      -1906.04      1.45626      197.462
430      22.6519      1.25208      939.061      -2844.64      -1905.58      1.45293      197.47
431      22.7046      1.24974      937.308      -2842.3      -1905      1.44962      197.478
432      22.7573      1.24917      936.877      -2841.19      -1904.31      1.44633      197.487
433      22.81      1.25053      937.901      -2841.47      -1903.57      1.44305      197.496
434      22.8627      1.25386      940.396      -2843.24      -1902.84      1.43979      197.505
435      22.9153      1.25898      944.234      -2846.43      -1902.2      1.43655      197.515
436      22.968      1.26555      949.161      -2850.85      -1901.69      1.43333      197.524
437      23.0207      1.27312      954.842      -2856.2      -1901.36      1.43012      197.534
438      23.0734      1.28122      960.913      -2862.12      -1901.21      1.42692      197.543
439      23.1261      1.28938      967.033      -2868.26      -1901.23      1.42374      197.553
440      23.1787      1.29721      972.904      -2874.29      -1901.39      1.42057      197.562
441      23.2314      1.30439      978.295      -2879.95      -1901.66      1.41742      197.571
442      23.2841      1.31071      983.029      -2885.03      -1902.01      1.41427      197.58
443      23.3368      1.31598      986.982      -2889.39      -1902.41      1.41114      197.589
444      23.3895      1.32011      990.082      -2892.93      -1902.84      1.40802      197.596
445      23.4421      1.32306      992.295      -2895.59      -1903.29      1.40491      197.604
446      23.4948      1.32484      993.631      -2897.36      -1903.73      1.4018      197.611
447      23.5475      1.3255      994.126      -2898.27      -1904.14      1.39871      197.617
448      23.6002      1.32511      993.833      -2898.36      -1904.53      1.39563      197.623
449      23.6528      1.32376      992.823      -2897.7      -1904.88      1.39256      197.627
450      23.7055      1.32156      991.168      -2896.36      -1905.2      1.38949      197.632
451      23.7582      1.31859      988.94      -2894.41      -1905.47      1.38644      197.635
452      23.8109      1.31497      986.228      -2891.93      -1905.71      1.38339      197.638
453      23.8636      1.31085      983.134      -2889.02      -1905.88      1.38035      197.64
454      23.9162      1.30639      979.79      -2885.78      -1905.99      1.37732      197.642
455      23.9689      1.30181      976.357      -2882.37      -1906.01      1.3743      197.643
456      24.0216      1.29735      973.015      -2878.96      -1905.95      1.37128      197.643
457      24.0743      1.29326      969.946      -2875.73      -1905.79      1.36828      197.642
458      24.127      1.28976      967.323      -2872.87      -1905.55      1.36528      197.641
459      24.1796      1.28703      965.275      -2870.52      -1905.25      1.36229      197.639
460      24.2323      1.28516      963.872      -2868.8      -1904.92      1.35931      197.636
461      24.285      1.28414      963.108      -2867.72      -1904.61      1.35634      197.632
462      24.3377      1.28387      962.904      -2867.25      -1904.35      1.35337      197.628
463      24.3904      1.28415      963.114      -2867.27      -1904.16      1.35042      197.623
464      24.443      1.28472      963.543      -2867.62      -1904.08      1.34747      197.617
465      24.4957      1.28529      963.966      -2868.08      -1904.11      1.34453      197.611
466      24.5484      1.28553      964.146      -2868.41      -1904.26      1.34159      197.604
467      24.6011      1.28515      963.861      -2868.38      -1904.52      1.33867      197.596
468      24.6537      1.28388      962.913      -2867.79      -1904.87      1.33576      197.588
469      24.7064      1.28154      961.157      -2866.45      -1905.29      1.33285      197.58
470      24.7591      1.27802      958.517      -2864.25      -1905.74      1.32995      197.571
471      24.8118      1.27332      954.988      -2861.16      -1906.17      1.32707      197.561
472      24.8645      1.26754      950.652      -2857.22      -1906.56      1.32419      197.551
473      24.9171      1.26088      945.661      -2852.53      -1906.87      1.32132      197.541
474      24.9698      1.25363      940.222      -2847.29      -1907.06      1.31846      197.53
475      25.0225      1.24609      934.57      -2841.71      -1907.14      1.31561      197.52
476      25.0752      1.23859      928.945      -2836.04      -1907.1      1.31278      197.509
477      25.1279      1.23142      923.569      -2830.52      -1906.95      1.30995      197.497
478      25.1805      1.22482      918.615      -2825.33      -1906.72      1.30713      197.486
479      25.2332      1.21895      914.214      -2820.64      -1906.43      1.30433      197.474
480      25.2859      1.21393      910.446      -2816.55      -1906.1      1.30153      197.463
481      25.3386      1.20979      907.343      -2813.11      -1905.77      1.29875      197.451
482      25.3913      1.20654      904.907      -2810.34      -1905.44      1.29598      197.439
483      25.4439      1.20417      903.131      -2808.24      -1905.11      1.29322      197.427
484      25.4966      1.20267      901.999      -2806.79      -1904.79      1.29047      197.415
485      25.5493      1.20201      901.505      -2805.97      -1904.47      1.28773      197.403
486      25.602      1.20221      901.656      -2805.8      -1904.15      1.285      197.391
487      25.6546      1.2033      902.477      -2806.29      -1903.81      1.28228      197.378
488      25.7073      1.20534      904.005      -2807.46      -1903.45      1.27957      197.366
489      25.76      1.20837      906.276      -2809.36      -1903.08      1.27687      197.353
490      25.8127      1.21243      909.319      -2812.01      -1902.69      1.27418      197.34
491      25.8654      1.21752      913.138      -2815.45      -1902.31      1.2715      197.327
492      25.918      1.2236      917.701      -2819.65      -1901.95      1.26883      197.314
493      25.9707      1.23057      922.927      -2824.56      -1901.63      1.26617      197.3
494      26.0234      1.23824      928.682      -2830.07      -1901.39      1.26352      197.286
495      26.0761      1.24637      934.777      -2836.02      -1901.25      1.26088      197.272
496      26.1288      1.25466      940.992      -2842.21      -1901.22      1.25824      197.258
497      26.1814      1.26277      947.08      -2848.4      -1901.32      1.25562      197.244
498      26.2341      1.2704      952.797      -2854.33      -1901.53      1.25301      197.23
499      26.2868      1.27723      957.923      -2859.78      -1901.85      1.25041      197.215
500      26.3395      1.28305      962.288      -2864.54      -1902.25      1.24782      197.201
501      26.3922      1.28771      965.785      -2868.48      -1902.7      1.24524      197.187
502      26.4448      1.29117      968.381      -2871.53      -1903.15      1.24267      197.173
503      26.4975      1.29349      970.116      -2873.68      -1903.57      1.24011      197.159
504      26.5502      1.29482      971.113      -2875.03      -1903.92      1.23756      197.145
505      26.6029      1.2954      971.547      -2875.72      -1904.17      1.23503      197.132
506      26.6555      1.29549      971.62      -2875.95      -1904.33      1.23251      197.119
507      26.7082      1.29537      971.525      -2875.92      -1904.39      1.23      197.107
508      26.7609      1.29519      971.39      -2875.79      -1904.4      1.22751      197.095
509      26.8136      1.29499      971.243      -2875.65      -1904.41      1.22502      197.084
510      26.8663      1.29468      971.012      -2875.47      -1904.46      1.22256      197.073
511      26.9189      1.29406      970.546      -2875.15      -1904.6      1.2201      197.063
512      26.9716      1.29289      969.666      -2874.49      -1904.83      1.21766      197.054
513      27.0243      1.29095      968.21      -2873.34      -1905.13      1.21524      197.045
514      27.077      1.28811      966.083      -2871.56      -1905.47      1.21282      197.038
515      27.1297      1.28437      963.275      -2869.08      -1905.81      1.21043      197.031
516      27.1823      1.27981      959.858      -2865.96      -1906.1      1.20805      197.025
517      27.235      1.27465      955.988      -2862.29      -1906.3      1.20568      197.02
518      27.2877      1.26915      951.866      -2858.27      -1906.4      1.20332      197.016
519      27.3404      1.26361      947.71      -2854.1      -1906.39      1.20099      197.012
520      27.3931      1.25829      943.72      -2850.01      -1906.29      1.19866      197.01
521      27.4457      1.2534      940.048      -2846.16      -1906.11      1.19635      197.008
522      27.4984      1.24906      936.795      -2842.69      -1905.89      1.19405      197.008
523      27.5511      1.24535      934.012      -2839.67      -1905.65      1.19177      197.008
524      27.6038      1.24226      931.691      -2837.11      -1905.42      1.1895      197.009
525      27.6564      1.23975      929.813      -2835.02      -1905.21      1.18725      197.011
526      27.7091      1.23779      928.343      -2833.35      -1905.01      1.18501      197.013
527      27.7618      1.23633      927.25      -2832.07      -1904.82      1.18278      197.016
528      27.8145      1.23535      926.512      -2831.16      -1904.65      1.18056      197.02
529      27.8672      1.23482      926.114      -2830.6      -1904.48      1.17836      197.025
530      27.9198      1.23472      926.038      -2830.37      -1904.33      1.17616      197.03
531      27.9725      1.23499      926.244      -2830.44      -1904.2      1.17398      197.035
532      28.0252      1.23557      926.674      -2830.77      -1904.1      1.1718      197.04
533      28.0779      1.23632      927.241      -2831.28      -1904.04      1.16964      197.046
534      28.1306      1.23713      927.846      -2831.88      -1904.03      1.16748      197.052
535      28.1832      1.23784      928.382      -2832.46      -1904.08      1.16534      197.058
536      28.2359      1.23834      928.753      -2832.93      -1904.17      1.1632      197.063
537      28.2886      1.2385      928.878      -2833.18      -1904.31      1.16106      197.069
538      28.3413      1.23827      928.703      -2833.16      -1904.46      1.15893      197.074
539      28.394      1.23761      928.205      -2832.83      -1904.62      1.15681      197.078
540      28.4466      1.23654      927.402      -2832.17      -1904.77      1.15469      197.082
541      28.4993      1.23514      926.354      -2831.23      -1904.88      1.15258      197.086
542      28.552      1.23355      925.159      -2830.09      -1904.93      1.15046      197.088
543      28.6047      1.23195      923.961      -2828.87      -1904.91      1.14836      197.09
544      28.6573      1.2306      922.947      -2827.74      -1904.79      1.14625      197.091
545      28.71      1.22977      922.328      -2826.89      -1904.57      1.14415      197.092
546      28.7627      1.22975      922.315      -2826.55      -1904.24      1.14205      197.091
547      28.8154      1.23079      923.093      -2826.91      -1903.82      1.13996      197.09
548      28.8681      1.23305      924.791      -2828.14      -1903.35      1.13786      197.087
549      28.9207      1.23661      927.46      -2830.32      -1902.86      1.13577      197.084
550      28.9734      1.24142      931.065      -2833.47      -1902.4      1.13368      197.08
551      29.0261      1.24734      935.504      -2837.51      -1902      1.1316      197.075
552      29.0788      1.25416      940.62      -2842.31      -1901.69      1.12952      197.07
553      29.1315      1.26164      946.233      -2847.7      -1901.46      1.12744      197.064
554      29.1841      1.26955      952.16      -2853.49      -1901.33      1.12537      197.057
555      29.2368      1.27762      958.217      -2859.51      -1901.29      1.1233      197.05
556      29.2895      1.28564      964.233      -2865.57      -1901.34      1.12124      197.043
557      29.3422      1.29339      970.042      -2871.51      -1901.47      1.11918      197.035
558      29.3949      1.30064      975.479      -2877.15      -1901.68      1.11713      197.028
559      29.4475      1.30718      980.385      -2882.35      -1901.96      1.11509      197.02
560      29.5002      1.31281      984.609      -2886.93      -1902.32      1.11306      197.013
561      29.5529      1.31736      988.016      -2890.76      -1902.75      1.11103      197.005
562      29.6056      1.32065      990.489      -2893.72      -1903.23      1.10902      196.998
563      29.6582      1.32259      991.946      -2895.69      -1903.74      1.10701      196.991
564      29.7109      1.32313      992.351      -2896.62      -1904.27      1.10501      196.985
565      29.7636      1.32229      991.719      -2896.5      -1904.78      1.10302      196.979
566      29.8163      1.32017      990.126      -2895.37      -1905.24      1.10104      196.973
567      29.869      1.31695      987.71      -2893.34      -1905.63      1.09906      196.967
568      29.9216      1.31289      984.669      -2890.58      -1905.91      1.0971      196.962
569      29.9743      1.30834      981.253      -2887.31      -1906.06      1.09514      196.957
570      30.027      1.30367      977.753      -2883.81      -1906.06      1.0932      196.953
571      30.0797      1.29929      974.464      -2880.38      -1905.91      1.09126      196.948
572      30.1324      1.29556      971.671      -2877.3      -1905.63      1.08933      196.944
573      30.185      1.29282      969.613      -2874.85      -1905.23      1.08741      196.94
574      30.2377      1.29129      968.466      -2873.23      -1904.76      1.08549      196.936
575      30.2904      1.29108      968.311      -2872.57      -1904.26      1.08358      196.933
576      30.3431      1.29218      969.138      -2872.91      -1903.78      1.08168      196.929
577      30.3958      1.29445      970.839      -2874.2      -1903.36      1.07978      196.925
578      30.4484      1.29763      973.222      -2876.27      -1903.04      1.0779      196.921
579      30.5011      1.30138      976.037      -2878.9      -1902.86      1.07602      196.918
580      30.5538      1.30536      979.023      -2881.83      -1902.81      1.07414      196.914
581      30.6065      1.30926      981.944      -2884.81      -1902.87      1.07227      196.911
582      30.6591      1.31283      984.625      -2887.64      -1903.01      1.07042      196.908
583      30.7118      1.31595      986.965      -2890.16      -1903.19      1.06856      196.905
584      30.7645      1.31859      988.946      -2892.32      -1903.37      1.06672      196.903
585      30.8172      1.3208      990.603      -2894.13      -1903.53      1.06488      196.9
586      30.8699      1.32269      992.016      -2895.66      -1903.64      1.06305      196.898
587      30.9225      1.32434      993.257      -2896.98      -1903.72      1.06123      196.896
588      30.9752      1.32584      994.382      -2898.16      -1903.78      1.05942      196.895
589      31.0279      1.32721      995.409      -2899.24      -1903.83      1.05761      196.893
590      31.0806      1.32842      996.316      -2900.21      -1903.89      1.05581      196.892
591      31.1333      1.32938      997.039      -2901.03      -1903.99      1.05402      196.891
592      31.1859      1.33001      997.507      -2901.64      -1904.13      1.05224      196.89
593      31.2386      1.33024      997.677      -2901.96      -1904.28      1.05046      196.889
594      31.2913      1.33005      997.54      -2901.97      -1904.43      1.04868      196.888
595      31.344      1.32953      997.149      -2901.7      -1904.55      1.04692      196.887
596      31.3967      1.32882      996.614      -2901.22      -1904.61      1.04515      196.886
597      31.4493      1.32812      996.092      -2900.67      -1904.58      1.0434      196.885
598      31.502      1.32767      995.754      -2900.22      -1904.47      1.04165      196.884
599      31.5547      1.32768      995.76      -2900.04      -1904.28      1.0399      196.882
600      31.6074      1.32829      996.217      -2900.27      -1904.05      1.03816      196.881
601      31.66      1.32955      997.165      -2900.97      -1903.81      1.03643      196.88
602      31.7127      1.33142      998.568      -2902.16      -1903.59      1.0347      196.878
603      31.7654      1.33375      1000.32      -2903.75      -1903.44      1.03297      196.877
604      31.8181      1.3363      1002.23      -2905.61      -1903.38      1.03126      196.876
605      31.8708      1.33876      1004.07      -2907.52      -1903.45      1.02955      196.875
606      31.9234      1.34078      1005.58      -2909.23      -1903.65      1.02784      196.874
607      31.9761      1.34197      1006.48      -2910.47      -1903.99      1.02615      196.873
608      32.0288      1.34198      1006.49      -2910.95      -1904.46      1.02446      196.873
609      32.0815      1.34048      1005.36      -2910.41      -1905.06      1.02277      196.873
610      32.1342      1.33721      1002.9      -2908.64      -1905.74      1.0211      196.873
611      32.1868      1.33202      999.015      -2905.47      -1906.46      1.01943      196.873
612      32.2395      1.3249      993.673      -2900.85      -1907.18      1.01776      196.873
613      32.2922      1.31596      986.974      -2894.81      -1907.84      1.01611      196.874
614      32.3449      1.30547      979.106      -2887.49      -1908.39      1.01446      196.875
615      32.3976      1.29383      970.371      -2879.14      -1908.77      1.01281      196.876
616      32.4502      1.28151      961.135      -2870.11      -1908.97      1.01117      196.877
617      32.5029      1.26908      951.814      -2860.77      -1908.96      1.00954      196.878
618      32.5556      1.25711      942.83      -2851.56      -1908.73      1.00791      196.88
619      32.6083      1.24609      934.569      -2842.89      -1908.32      1.00629      196.881
620      32.6609      1.23649      927.364      -2835.12      -1907.75      1.00468      196.882
621      32.7136      1.2286      921.453      -2828.53      -1907.08      1.00307      196.884
622      32.7663      1.22265      916.99      -2823.33      -1906.34      1.00146      196.885
623      32.819      1.21871      914.033      -2819.61      -1905.58      0.999864      196.887
624      32.8717      1.21674      912.552      -2817.4      -1904.85      0.998271      196.889
625      32.9243      1.2166      912.449      -2816.62      -1904.17      0.996684      196.891
626      32.977      1.21808      913.561      -2817.15      -1903.59      0.995102      196.893
627      33.0297      1.2209      915.672      -2818.79      -1903.12      0.993527      196.895
628      33.0824      1.22471      918.534      -2821.31      -1902.78      0.991958      196.898
629      33.1351      1.22918      921.885      -2824.45      -1902.56      0.990394      196.901
630      33.1877      1.23397      925.476      -2827.95      -1902.48      0.988836      196.903
631      33.2404      1.23878      929.082      -2831.58      -1902.5      0.987285      196.907
632      33.2931      1.24334      932.505      -2835.12      -1902.61      0.985739      196.91
633      33.3458      1.24745      935.587      -2838.39      -1902.8      0.984199      196.913
634      33.3985      1.25093      938.198      -2841.25      -1903.05      0.982664      196.917
635      33.4511      1.25363      940.22      -2843.58      -1903.36      0.981135      196.92
636      33.5038      1.25539      941.544      -2845.27      -1903.73      0.979611      196.924
637      33.5565      1.2561      942.073      -2846.21      -1904.13      0.978092      196.928
638      33.6092      1.25565      941.741      -2846.31      -1904.57      0.976579      196.932
639      33.6618      1.25404      940.531      -2845.54      -1905.01      0.97507      196.936
640      33.7145      1.25134      938.506      -2843.9      -1905.4      0.973567      196.94
641      33.7672      1.24776      935.818      -2841.52      -1905.71      0.972068      196.944
642      33.8199      1.24359      932.691      -2838.59      -1905.89      0.970574      196.948
643      33.8726      1.23919      929.389      -2835.34      -1905.95      0.969085      196.952
644      33.9252      1.2349      926.172      -2832.05      -1905.88      0.967601      196.957
645      33.9779      1.23102      923.262      -2828.96      -1905.7      0.966122      196.961
646      34.0306      1.22776      920.824      -2826.27      -1905.45      0.964648      196.965
647      34.0833      1.2253      918.971      -2824.11      -1905.14      0.963178      196.97
648      34.136      1.2237      917.775      -2822.58      -1904.81      0.961714      196.974
649      34.1886      1.22304      917.276      -2821.73      -1904.46      0.960254      196.979
650      34.2413      1.22334      917.503      -2821.59      -1904.09      0.958799      196.983
651      34.294      1.22462      918.469      -2822.19      -1903.72      0.957349      196.988
652      34.3467      1.22691      920.185      -2823.53      -1903.35      0.955904      196.993
653      34.3994      1.23018      922.638      -2825.62      -1902.98      0.954463      196.997
654      34.452      1.2344      925.803      -2828.44      -1902.63      0.953027      197.002
655      34.5047      1.23949      929.617      -2831.94      -1902.32      0.951594      197.007
656      34.5574      1.2453      933.978      -2836.04      -1902.07      0.950167      197.012
657      34.6101      1.25166      938.746      -2840.63      -1901.89      0.948743      197.016
658      34.6627      1.25831      943.736      -2845.54      -1901.8      0.947323      197.021
659      34.7154      1.26498      948.735      -2850.56      -1901.83      0.945907      197.025
660      34.7681      1.27136      953.519      -2855.48      -1901.96      0.944495      197.03
661      34.8208      1.27715      957.866      -2860.08      -1902.21      0.943086      197.034
662      34.8735      1.2821      961.577      -2864.13      -1902.55      0.941681      197.038
663      34.9261      1.286      964.496      -2867.46      -1902.97      0.94028      197.042
664      34.9788      1.2887      966.525      -2869.95      -1903.42      0.938882      197.046
665      35.0315      1.29019      967.642      -2871.52      -1903.88      0.937488      197.05
666      35.0842      1.29053      967.895      -2872.2      -1904.3      0.936097      197.053
667      35.1369      1.28987      967.404      -2872.06      -1904.66      0.93471      197.057
668      35.1895      1.28846      966.342      -2871.26      -1904.92      0.933326      197.06
669      35.2422      1.28656      964.919      -2869.99      -1905.07      0.931946      197.063
670      35.2949      1.28445      963.34      -2868.46      -1905.12      0.93057      197.066
671      35.3476      1.28238      961.789      -2866.88      -1905.09      0.929198      197.069
672      35.4003      1.28053      960.397      -2865.39      -1905      0.927831      197.073
673      35.4529      1.27897      959.231      -2864.11      -1904.88      0.926467      197.076
674      35.5056      1.27773      958.298      -2863.06      -1904.76      0.925107      197.079
675      35.5583      1.27674      957.558      -2862.23      -1904.67      0.923752      197.082
676      35.611      1.27592      956.941      -2861.55      -1904.61      0.9224      197.085
677      35.6636      1.27516      956.374      -2860.97      -1904.59      0.921053      197.089
678      35.7163      1.2744      955.797      -2860.4      -1904.6      0.91971      197.092
679      35.769      1.2736      955.197      -2859.8      -1904.61      0.918371      197.095
680      35.8217      1.2728      954.602      -2859.2      -1904.59      0.917036      197.099
681      35.8744      1.27211      954.084      -2858.63      -1904.54      0.915706      197.102
682      35.927      1.27166      953.748      -2858.19      -1904.44      0.914379      197.106
683      35.9797      1.2716      953.699      -2857.98      -1904.28      0.913056      197.109
684      36.0324      1.27204      954.028      -2858.12      -1904.09      0.911737      197.113
685      36.0851      1.27305      954.784      -2858.66      -1903.87      0.910422      197.116
686      36.1378      1.27461      955.957      -2859.63      -1903.67      0.909111      197.119
687      36.1904      1.27666      957.491      -2860.99      -1903.5      0.907803      197.123
688      36.2431      1.27906      959.298      -2862.68      -1903.38      0.9065      197.126
689      36.2958      1.28169      961.269      -2864.58      -1903.31      0.9052      197.13
690      36.3485      1.28441      963.307      -2866.6      -1903.29      0.903904      197.133
691      36.4012      1.28711      965.331      -2868.64      -1903.31      0.902611      197.137
692      36.4538      1.2897      967.278      -2870.63      -1903.36      0.901323      197.14
693      36.5065      1.29213      969.101      -2872.53      -1903.43      0.900038      197.143
694      36.5592      1.29436      970.767      -2874.28      -1903.51      0.898757      197.147
695      36.6119      1.29632      972.238      -2875.85      -1903.61      0.89748      197.151
696      36.6645      1.29798      973.481      -2877.21      -1903.73      0.896207      197.154
697      36.7172      1.29929      974.467      -2878.33      -1903.86      0.894937      197.158
698      36.7699      1.30024      975.18      -2879.18      -1904      0.893672      197.161
699      36.8226      1.30082      975.617      -2879.75      -1904.14      0.89241      197.165
700      36.8753      1.30105      975.788      -2880.05      -1904.27      0.891151      197.169
701      36.9279      1.30095      975.714      -2880.1      -1904.38      0.889896      197.172
702      36.9806      1.30055      975.414      -2879.91      -1904.49      0.888644      197.176
703      37.0333      1.29986      974.898      -2879.5      -1904.6      0.887395      197.179
704      37.086      1.29891      974.183      -2878.88      -1904.69      0.886149      197.182
705      37.1387      1.2977      973.278      -2878.06      -1904.79      0.884906      197.185
706      37.1913      1.29626      972.196      -2877.07      -1904.87      0.883665      197.188
707      37.244      1.29461      970.961      -2875.9      -1904.94      0.882427      197.191
708      37.2967      1.2928      969.601      -2874.6      -1905      0.881191      197.193
709      37.3494      1.29087      968.15      -2873.19      -1905.04      0.879958      197.195
710      37.4021      1.28884      966.633      -2871.7      -1905.07      0.878727      197.197
711      37.4547      1.28676      965.07      -2870.16      -1905.09      0.877498      197.199
712      37.5074      1.28464      963.478      -2868.58      -1905.1      0.876272      197.2
713      37.5601      1.2825      961.875      -2866.97      -1905.1      0.87505      197.202
714      37.6128      1.2804      960.299      -2865.38      -1905.08      0.87383      197.203
715      37.6654      1.27843      958.824      -2863.84      -1905.01      0.872613      197.204
716      37.7181      1.27676      957.57      -2862.46      -1904.89      0.871401      197.206
717      37.7708      1.27559      956.692      -2861.37      -1904.67      0.870192      197.207
718      37.8235      1.27517      956.379      -2860.75      -1904.37      0.868986      197.209
719      37.8762      1.27576      956.819      -2860.79      -1903.97      0.867785      197.21
720      37.9288      1.27756      958.171      -2861.67      -1903.5      0.866589      197.212
721      37.9815      1.2807      960.528      -2863.52      -1902.99      0.865396      197.214
722      38.0342      1.28519      963.894      -2866.38      -1902.49      0.864209      197.217
723      38.0869      1.2909      968.175      -2870.23      -1902.05      0.863025      197.22
724      38.1396      1.2976      973.202      -2874.91      -1901.7      0.861846      197.223
725      38.1922      1.30499      978.739      -2880.22      -1901.48      0.860672      197.226
726      38.2449      1.31269      984.518      -2885.91      -1901.4      0.859502      197.229
727      38.2976      1.32035      990.264      -2891.71      -1901.45      0.858336      197.233
728      38.3503      1.3276      995.697      -2897.34      -1901.64      0.857174      197.237
729      38.403      1.33406      1000.55      -2902.51      -1901.97      0.856016      197.241
730      38.4556      1.33943      1004.57      -2906.98      -1902.41      0.854861      197.245
731      38.5083      1.34344      1007.58      -2910.52      -1902.94      0.853709      197.249
732      38.561      1.3459      1009.43      -2912.95      -1903.53      0.85256      197.253
733      38.6137      1.34676      1010.07      -2914.2      -1904.13      0.851413      197.257
734      38.6663      1.34602      1009.52      -2914.24      -1904.72      0.850268      197.261
735      38.719      1.34377      1007.83      -2913.11      -1905.28      0.849124      197.264
736      38.7717      1.34012      1005.09      -2910.88      -1905.79      0.847982      197.266
737      38.8244      1.33516      1001.37      -2907.64      -1906.27      0.84684      197.268
738      38.8771      1.32899      996.743      -2903.46      -1906.72      0.845699      197.27
739      38.9297      1.32171      991.283      -2898.4      -1907.11      0.844558      197.271
740      38.9824      1.31352      985.14      -2892.57      -1907.43      0.843418      197.271
741      39.0351      1.30474      978.557      -2886.17      -1907.61      0.842279      197.271
742      39.0878      1.29586      971.893      -2879.49      -1907.6      0.841139      197.27
743      39.1405      1.28746      965.592      -2872.95      -1907.36      0.84      197.268
744      39.1931      1.28017      960.125      -2867.02      -1906.89      0.838861      197.266
745      39.2458      1.27455      955.912      -2862.13      -1906.22      0.837723      197.263
746      39.2985      1.27099      953.239      -2858.67      -1905.43      0.836585      197.259
747      39.3512      1.26963      952.223      -2856.82      -1904.6      0.835447      197.255
748      39.4039      1.27039      952.789      -2856.62      -1903.83      0.83431      197.25
749      39.4565      1.27291      954.683      -2857.89      -1903.21      0.833174      197.245
750      39.5092      1.27671      957.534      -2860.32      -1902.79      0.832039      197.239
751      39.5619      1.2812      960.902      -2863.49      -1902.59      0.830905      197.233
752      39.6146      1.28579      964.342      -2866.95      -1902.61      0.829771      197.226
753      39.6672      1.28992      967.443      -2870.27      -1902.83      0.828639      197.219
754      39.7199      1.29317      969.875      -2873.07      -1903.2      0.827509      197.212
755      39.7726      1.2952      971.403      -2875.08      -1903.68      0.826379      197.204
756      39.8253      1.29586      971.894      -2876.1      -1904.21      0.825252      197.195
757      39.878      1.2951      971.326      -2876.06      -1904.73      0.824126      197.187
758      39.9306      1.29303      969.77      -2874.99      -1905.22      0.823001      197.178
759      39.9833      1.28983      967.371      -2872.99      -1905.62      0.821878      197.168
760      40.036      1.28577      964.324      -2870.24      -1905.92      0.820756      197.159
761      40.0887      1.28113      960.849      -2866.95      -1906.11      0.819636      197.149
762      40.1414      1.27623      957.174      -2863.35      -1906.18      0.818518      197.139
763      40.194      1.27133      953.496      -2859.65      -1906.16      0.817401      197.128
764      40.2467      1.26665      949.984      -2856.04      -1906.06      0.816286      197.117
765      40.2994      1.26233      946.748      -2852.65      -1905.91      0.815173      197.106
766      40.3521      1.25845      943.84      -2849.58      -1905.74      0.814061      197.094
767      40.4048      1.25501      941.26      -2846.84      -1905.58      0.812951      197.082
768      40.4574      1.25195      938.963      -2844.4      -1905.44      0.811843      197.07
769      40.5101      1.24915      936.866      -2842.22      -1905.35      0.810736      197.058
770      40.5628      1.24651      934.88      -2840.18      -1905.3      0.809632      197.045
771      40.6155      1.24389      932.919      -2838.22      -1905.3      0.808529      197.033
772      40.6681      1.24122      930.919      -2836.24      -1905.32      0.807428      197.02
773      40.7208      1.23846      928.846      -2834.21      -1905.36      0.80633      197.007
774      40.7735      1.23561      926.704      -2832.1      -1905.39      0.805234      196.993
775      40.8262      1.23269      924.52      -2829.93      -1905.41      0.80414      196.98
776      40.8789      1.2298      922.353      -2827.74      -1905.39      0.803049      196.966
777      40.9315      1.22705      920.285      -2825.61      -1905.33      0.80196      196.953
778      40.9842      1.22455      918.414      -2823.63      -1905.21      0.800873      196.939
779      41.0369      1.22248      916.86      -2821.9      -1905.04      0.79979      196.925
780      41.0896      1.22099      915.743      -2820.55      -1904.8      0.79871      196.912
781      41.1423      1.22022      915.163      -2819.69      -1904.52      0.797632      196.898
782      41.1949      1.22027      915.201      -2819.41      -1904.21      0.796559      196.885
783      41.2476      1.22119      915.893      -2819.77      -1903.87      0.795488      196.872
784      41.3003      1.22297      917.23      -2820.79      -1903.56      0.794421      196.859
785      41.353      1.22555      919.161      -2822.43      -1903.27      0.793358      196.846
786      41.4057      1.22878      921.588      -2824.62      -1903.03      0.792299      196.834
787      41.4583      1.23251      924.385      -2827.25      -1902.86      0.791243      196.822
788      41.511      1.23654      927.404      -2830.17      -1902.77      0.790192      196.81
789      41.5637      1.24067      930.499      -2833.25      -1902.75      0.789145      196.799
790      41.6164      1.24472      933.539      -2836.33      -1902.79      0.788103      196.788
791      41.669      1.24856      936.422      -2839.3      -1902.88      0.787065      196.777
792      41.7217      1.25211      939.086      -2842.08      -1902.99      0.786031      196.767
793      41.7744      1.25535      941.512      -2844.63      -1903.11      0.785002      196.758
794      41.8271      1.25828      943.709      -2846.94      -1903.23      0.783977      196.749
795      41.8798      1.26094      945.703      -2849.03      -1903.33      0.782956      196.74
796      41.9324      1.26336      947.518      -2850.93      -1903.42      0.781939      196.732
797      41.9851      1.26557      949.177      -2852.67      -1903.49      0.780927      196.724
798      42.0378      1.26758      950.681      -2854.26      -1903.57      0.779918      196.716
799      42.0905      1.26935      952.016      -2855.68      -1903.66      0.778914      196.709
800      42.1432      1.27085      953.14      -2856.92      -1903.78      0.777912      196.702
801      42.1958      1.272      954.003      -2857.92      -1903.92      0.776914      196.695
802      42.2485      1.27273      954.547      -2858.63      -1904.09      0.775919      196.689
803      42.3012      1.27296      954.722      -2859      -1904.28      0.774927      196.682
804      42.3539      1.27266      954.497      -2858.98      -1904.48      0.773938      196.676
805      42.4066      1.27182      953.868      -2858.55      -1904.69      0.772951      196.669
806      42.4592      1.27047      952.856      -2857.73      -1904.87      0.771967      196.663
807      42.5119      1.26868      951.509      -2856.54      -1905.04      0.770984      196.656
808      42.5646      1.26654      949.903      -2855.06      -1905.16      0.770004      196.65
809      42.6173      1.26418      948.136      -2853.36      -1905.22      0.769026      196.643
810      42.6699      1.26176      946.32      -2851.56      -1905.24      0.76805      196.636
811      42.7226      1.25944      944.578      -2849.76      -1905.18      0.767076      196.629
812      42.7753      1.25739      943.045      -2848.11      -1905.06      0.766104      196.622
813      42.828      1.25577      941.827      -2846.72      -1904.89      0.765134      196.615
814      42.8807      1.25469      941.014      -2845.7      -1904.68      0.764166      196.608
815      42.9333      1.25422      940.663      -2845.11      -1904.45      0.7632      196.6
816      42.986      1.25438      940.784      -2845      -1904.21      0.762236      196.593
817      43.0387      1.25512      941.338      -2845.34      -1904      0.761275      196.586
818      43.0914      1.25633      942.25      -2846.08      -1903.83      0.760316      196.578
819      43.1441      1.2579      943.427      -2847.14      -1903.72      0.759359      196.571
820      43.1967      1.25968      944.758      -2848.41      -1903.65      0.758404      196.564
821      43.2494      1.26152      946.137      -2849.78      -1903.64      0.757452      196.556
822      43.3021      1.26328      947.463      -2851.14      -1903.68      0.756503      196.549
823      43.3548      1.26486      948.644      -2852.41      -1903.76      0.755556      196.542
824      43.4075      1.26613      949.598      -2853.48      -1903.88      0.754611      196.534
825      43.4601      1.267      950.251      -2854.29      -1904.04      0.753669      196.527
826      43.5128      1.2674      950.553      -2854.77      -1904.22      0.752728      196.52
827      43.5655      1.2673      950.475      -2854.89      -1904.41      0.751791      196.513
828      43.6182      1.2667      950.029      -2854.62      -1904.59      0.750855      196.506
829      43.6708      1.26567      949.25      -2854      -1904.75      0.749922      196.498
830      43.7235      1.26427      948.204      -2853.08      -1904.88      0.748991      196.491
831      43.7762      1.26262      946.965      -2851.93      -1904.96      0.748063      196.484
832      43.8289      1.26081      945.606      -2850.62      -1905.01      0.747137      196.477
833      43.8816      1.25892      944.189      -2849.22      -1905.03      0.746213      196.47
834      43.9342      1.25699      942.746      -2847.79      -1905.04      0.745292      196.463
835      43.9869      1.25505      941.288      -2846.34      -1905.05      0.744374      196.456
836      44.0396      1.25309      939.821      -2844.87      -1905.05      0.743459      196.45
837      44.0923      1.25115      938.361      -2843.4      -1905.04      0.742547      196.443
838      44.145      1.24926      936.948      -2841.96      -1905.01      0.741637      196.437
839      44.1976      1.24756      935.668      -2840.6      -1904.93      0.740731      196.431
840      44.2503      1.24618      934.634      -2839.42      -1904.79      0.739828      196.426
841      44.303      1.24532      933.991      -2838.57      -1904.57      0.738928      196.42
842      44.3557      1.24518      933.882      -2838.17      -1904.29      0.738032      196.415
843      44.4084      1.24592      934.437      -2838.38      -1903.95      0.737139      196.411
844      44.461      1.24765      935.737      -2839.3      -1903.57      0.736249      196.406
845      44.5137      1.2504      937.798      -2840.99      -1903.19      0.735363      196.403
846      44.5664      1.2541      940.575      -2843.42      -1902.84      0.734481      196.399
847      44.6191      1.25861      943.96      -2846.52      -1902.56      0.733602      196.396
848      44.6717      1.26374      947.807      -2850.15      -1902.35      0.732728      196.393
849      44.7244      1.26926      951.948      -2854.17      -1902.22      0.731856      196.391
850      44.7771      1.27496      956.219      -2858.39      -1902.18      0.730989      196.389
851      44.8298      1.28063      960.472      -2862.67      -1902.2      0.730126      196.388
852      44.8825      1.2861      964.574      -2866.87      -1902.29      0.729267      196.388
853      44.9351      1.29122      968.414      -2870.85      -1902.44      0.728411      196.388
854      44.9878      1.29585      971.885      -2874.52      -1902.64      0.727561      196.388
855      45.0405      1.29984      974.879      -2877.77      -1902.89      0.726714      196.389
856      45.0932      1.30306      977.292      -2880.49      -1903.2      0.725872      196.391
857      45.1459      1.30538      979.036      -2882.58      -1903.54      0.725035      196.394
858      45.1985      1.30675      980.063      -2883.97      -1903.91      0.724202      196.397
859      45.2512      1.30716      980.37      -2884.64      -1904.27      0.723374      196.401
860      45.3039      1.30668      980.013      -2884.6      -1904.59      0.722551      196.406
861      45.3566      1.30546      979.094      -2883.95      -1904.86      0.721732      196.412
862      45.4093      1.30365      977.741      -2882.8      -1905.06      0.720919      196.418
863      45.4619      1.30146      976.097      -2881.29      -1905.19      0.720111      196.426
864      45.5146      1.29905      974.29      -2879.55      -1905.26      0.719307      196.434
865      45.5673      1.29655      972.415      -2877.7      -1905.28      0.718509      196.443
866      45.62      1.29404      970.532      -2875.82      -1905.28      0.717716      196.453
867      45.6726      1.29154      968.657      -2873.94      -1905.28      0.716928      196.464
868      45.7253      1.28904      966.777      -2872.06      -1905.28      0.716145      196.476
869      45.778      1.28647      964.849      -2870.16      -1905.31      0.715367      196.488
870      45.8307      1.28376      962.82      -2868.19      -1905.37      0.714593      196.502
871      45.8834      1.28087      960.649      -2866.09      -1905.44      0.713824      196.516
872      45.936      1.27775      958.311      -2863.83      -1905.52      0.71306      196.531
873      45.9887      1.27441      955.81      -2861.41      -1905.6      0.7123      196.547
874      46.0414      1.27092      953.187      -2858.83      -1905.65      0.711545      196.563
875      46.0941      1.26736      950.518      -2856.17      -1905.65      0.710793      196.58
876      46.1468      1.26387      947.906      -2853.52      -1905.61      0.710045      196.598
877      46.1994      1.26063      945.47      -2850.97      -1905.5      0.7093      196.616
878      46.2521      1.25779      943.339      -2848.67      -1905.33      0.708559      196.634
879      46.3048      1.25552      941.639      -2846.74      -1905.1      0.707821      196.653
880      46.3575      1.25397      940.48      -2845.3      -1904.82      0.707086      196.672
881      46.4102      1.25326      939.942      -2844.44      -1904.5      0.706353      196.692
882      46.4628      1.25342      940.068      -2844.23      -1904.16      0.705623      196.711
883      46.5155      1.25447      940.854      -2844.69      -1903.84      0.704894      196.731
884      46.5682      1.25634      942.253      -2845.79      -1903.54      0.704167      196.751
885      46.6209      1.25892      944.189      -2847.47      -1903.28      0.703442      196.771
886      46.6735      1.26208      946.564      -2849.64      -1903.08      0.702719      196.79
887      46.7262      1.2657      949.277      -2852.2      -1902.92      0.701996      196.81
888      46.7789      1.26963      952.222      -2855.04      -1902.82      0.701275      196.829
889      46.8316      1.27372      955.293      -2858.07      -1902.77      0.700554      196.848
890      46.8843      1.27784      958.378      -2861.16      -1902.78      0.699835      196.867
891      46.9369      1.28181      961.361      -2864.21      -1902.85      0.699116      196.886
892      46.9896      1.2855      964.126      -2867.1      -1902.98      0.698397      196.905
893      47.0423      1.28874      966.558      -2869.72      -1903.16      0.69768      196.923
894      47.095      1.29141      968.559      -2871.95      -1903.39      0.696963      196.941
895      47.1477      1.29341      970.06      -2873.71      -1903.65      0.696246      196.958
896      47.2003      1.29469      971.014      -2874.94      -1903.93      0.69553      196.976
897      47.253      1.29521      971.411      -2875.62      -1904.21      0.694816      196.993
898      47.3057      1.29502      971.262      -2875.74      -1904.48      0.694101      197.01
899      47.3584      1.29415      970.611      -2875.33      -1904.72      0.693388      197.026
900      47.4111      1.29269      969.514      -2874.45      -1904.94      0.692676      197.043
901      47.4637      1.29075      968.059      -2873.16      -1905.11      0.691965      197.059
902      47.5164      1.28847      966.352      -2871.57      -1905.22      0.691254      197.076
903      47.5691      1.28603      964.523      -2869.78      -1905.26      0.690546      197.092
904      47.6218      1.28363      962.72      -2867.95      -1905.23      0.689838      197.108
905      47.6744      1.28146      961.096      -2866.22      -1905.12      0.689132      197.124
906      47.7271      1.27973      959.797      -2864.74      -1904.94      0.688427      197.14
907      47.7798      1.2786      958.95      -2863.65      -1904.7      0.687723      197.156
908      47.8325      1.2782      958.65      -2863.07      -1904.42      0.687021      197.172
909      47.8852      1.27861      958.958      -2863.07      -1904.11      0.686321      197.188
910      47.9378      1.27986      959.895      -2863.69      -1903.79      0.685622      197.203
911      47.9905      1.28192      961.437      -2864.93      -1903.5      0.684925      197.219
912      48.0432      1.2847      963.522      -2866.76      -1903.24      0.684229      197.235
913      48.0959      1.28805      966.041      -2869.08      -1903.04      0.683534      197.251
914      48.1486      1.29178      968.838      -2871.76      -1902.92      0.682841      197.267
915      48.2012      1.29562      971.717      -2874.62      -1902.9      0.68215      197.283
916      48.2539      1.29929      974.468      -2877.46      -1902.99      0.68146      197.299
917      48.3066      1.3025      976.876      -2880.07      -1903.19      0.68077      197.314
918      48.3593      1.30501      978.761      -2882.23      -1903.47      0.680082      197.33
919      48.412      1.30667      980.001      -2883.81      -1903.81      0.679395      197.345
920      48.4646      1.30741      980.554      -2884.71      -1904.15      0.678707      197.36
921      48.5173      1.30727      980.455      -2884.93      -1904.47      0.67802      197.374
922      48.57      1.30637      979.781      -2884.53      -1904.75      0.677333      197.388
923      48.6227      1.30486      978.644      -2883.61      -1904.97      0.676646      197.402
924      48.6753      1.30286      977.147      -2882.28      -1905.14      0.675959      197.415
925      48.728      1.30048      975.36      -2880.63      -1905.27      0.675271      197.428
926      48.7807      1.29774      973.304      -2878.71      -1905.41      0.674583      197.44
927      48.8334      1.29461      970.961      -2876.51      -1905.55      0.673894      197.451
928      48.8861      1.29103      968.27      -2874      -1905.73      0.673204      197.462
929      48.9387      1.28687      965.149      -2871.1      -1905.95      0.672514      197.472
930      48.9914      1.28203      961.522      -2867.73      -1906.21      0.671823      197.481
931      49.0441      1.27644      957.329      -2863.83      -1906.5      0.671132      197.49
932      49.0968      1.27006      952.545      -2859.33      -1906.79      0.67044      197.499
933      49.1495      1.26293      947.197      -2854.25      -1907.06      0.669748      197.507
934      49.2021      1.25516      941.369      -2848.64      -1907.28      0.669056      197.514
935      49.2548      1.24694      935.207      -2842.62      -1907.41      0.668362      197.52
936      49.3075      1.23858      928.936      -2836.36      -1907.43      0.667669      197.526
937      49.3602      1.23045      922.84      -2830.13      -1907.29      0.666975      197.532
938      49.4129      1.22303      917.273      -2824.25      -1906.97      0.666281      197.537
939      49.4655      1.21684      912.633      -2819.09      -1906.46      0.665587      197.542
940      49.5182      1.21242      909.318      -2815.06      -1905.74      0.664892      197.546
941      49.5709      1.21024      907.677      -2812.54      -1904.86      0.664198      197.549
942      49.6236      1.21056      907.92      -2811.82      -1903.9      0.663504      197.553
943      49.6762      1.21344      910.078      -2813.03      -1902.96      0.66281      197.555
944      49.7289      1.21863      913.971      -2816.09      -1902.12      0.662116      197.558
945      49.7816      1.22565      919.241      -2820.73      -1901.49      0.661423      197.56
946      49.8343      1.2339      925.422      -2826.52      -1901.1      0.660731      197.562
947      49.887      1.24269      932.02      -2832.97      -1900.95      0.660039      197.564
948      49.9396      1.25145      938.584      -2839.61      -1901.02      0.659349      197.566
949      49.9923      1.25965      944.737      -2846.01      -1901.27      0.658659      197.567
950      50.045      1.26696      950.22      -2851.86      -1901.64      0.657969      197.568
951      50.0977      1.27318      954.882      -2856.95      -1902.07      0.657281      197.57
952      50.1504      1.27824      958.681      -2861.18      -1902.5      0.656594      197.571
953      50.203      1.28223      961.674      -2864.57      -1902.9      0.655908      197.571
954      50.2557      1.28532      963.992      -2867.21      -1903.22      0.655223      197.572
955      50.3084      1.28775      965.814      -2869.26      -1903.45      0.654539      197.573
956      50.3611      1.28978      967.338      -2870.91      -1903.57      0.653856      197.573
957      50.4138      1.29165      968.739      -2872.36      -1903.62      0.653175      197.574
958      50.4664      1.29352      970.143      -2873.75      -1903.61      0.652495      197.574
959      50.5191      1.29547      971.602      -2875.18      -1903.58      0.651816      197.575
960      50.5718      1.29748      973.11      -2876.67      -1903.56      0.651138      197.575
961      50.6245      1.29946      974.598      -2878.18      -1903.58      0.650463      197.576
962      50.6771      1.3013      975.972      -2879.62      -1903.65      0.649788      197.577
963      50.7298      1.30284      977.126      -2880.9      -1903.78      0.649116      197.577
964      50.7825      1.30394      977.956      -2881.91      -1903.95      0.648445      197.578
965      50.8352      1.30451      978.384      -2882.55      -1904.16      0.647776      197.579
966      50.8879      1.30447      978.35      -2882.75      -1904.4      0.647108      197.58
967      50.9405      1.30376      977.819      -2882.47      -1904.65      0.646443      197.581
968      50.9932      1.30237      976.777      -2881.69      -1904.91      0.645779      197.582
969      51.0459      1.30029      975.216      -2880.39      -1905.17      0.645118      197.584
970      51.0986      1.2975      973.127      -2878.56      -1905.43      0.644458      197.585
971      51.1513      1.29399      970.496      -2876.2      -1905.71      0.6438      197.587
972      51.2039      1.28973      967.297      -2873.29      -1905.99      0.643144      197.589
973      51.2566      1.28468      963.512      -2869.8      -1906.29      0.642489      197.591
974      51.3093      1.27882      959.116      -2865.7      -1906.59      0.641836      197.593
975      51.362      1.27216      954.124      -2861      -1906.88      0.641184      197.595
976      51.4147      1.26478      948.589      -2855.73      -1907.14      0.640534      197.597
977      51.4673      1.25682      942.616      -2849.95      -1907.34      0.639884      197.599
978      51.52      1.24849      936.365      -2843.82      -1907.45      0.639235      197.6
979      51.5727      1.24007      930.054      -2837.5      -1907.45      0.638587      197.602
980      51.6254      1.23192      923.94      -2831.25      -1907.31      0.637939      197.603
981      51.678      1.22442      918.315      -2825.34      -1907.03      0.637292      197.604
982      51.7307      1.21797      913.481      -2820.08      -1906.6      0.636645      197.605
983      51.7834      1.21296      909.716      -2815.74      -1906.03      0.635997      197.605
984      51.8361      1.20967      907.255      -2812.6      -1905.35      0.63535      197.604
985      51.8888      1.20832      906.243      -2810.85      -1904.61      0.634703      197.604
986      51.9414      1.20899      906.743      -2810.59      -1903.85      0.634055      197.603
987      51.9941      1.21163      908.724      -2811.84      -1903.12      0.633408      197.601
988      52.0468      1.21609      912.068      -2814.52      -1902.46      0.632761      197.599
989      52.0995      1.22211      916.586      -2818.48      -1901.9      0.632114      197.597
990      52.1522      1.22938      922.035      -2823.5      -1901.46      0.631467      197.594
991      52.2048      1.23751      928.135      -2829.31      -1901.18      0.630821      197.591
992      52.2575      1.2461      934.575      -2835.62      -1901.05      0.630175      197.588
993      52.3102      1.25473      941.044      -2842.12      -1901.07      0.629531      197.585
994      52.3629      1.26299      947.244      -2848.49      -1901.24      0.628888      197.582
995      52.4156      1.27054      952.906      -2854.45      -1901.54      0.628246      197.579
996      52.4682      1.2771      957.825      -2859.76      -1901.94      0.627606      197.576
997      52.5209      1.28249      961.866      -2864.26      -1902.39      0.626968      197.574
998      52.5736      1.28663      964.969      -2867.83      -1902.86      0.626332      197.571
999      52.6263      1.28955      967.163      -2870.47      -1903.31      0.625698      197.569
1000      52.6789      1.29139      968.543      -2872.24      -1903.7      0.625067      197.567
1000      52.6789      1.29139      968.543      -2872.24      -1903.7      0.625067      197.567
Execution time in seconds: 1.82196
