Timestep Time Temperature KineticEnergy PotentialEnergy TotalEnergy DiffusionConstant MeanSquareDisplacement
1      0.0211316      2.43283      1824.62      -3730.19      -1905.57      1554.82      197.135
2      0.0422632      2.43115      1823.36      -3729.56      -1906.2      777.421      197.137
3      0.0633947      2.42778      1820.84      -3727.67      -1906.83      518.288      197.14
4      0.0845263      2.42273      1817.05      -3724.51      -1907.46      388.722      197.144
5      0.105658      2.416      1812      -3720.09      -1908.09      310.983      197.147
6      0.126789      2.40757      1805.68      -3714.41      -1908.73      259.156      197.15
7      0.147921      2.39744      1798.08      -3707.45      -1909.37      222.138      197.153
8      0.169053      2.38561      1789.21      -3699.21      -1910      194.374      197.156
9      0.190184      2.37207      1779.05      -3689.7      -1910.65      172.779      197.16
10      0.211316      2.35679      1767.6      -3678.89      -1911.29      155.504      197.163
11      0.232447      2.33979      1754.84      -3666.78      -1911.94      141.37      197.166
12      0.253579      2.32104      1740.78      -3653.38      -1912.6      129.591      197.17
13      0.274711      2.30053      1725.4      -3638.65      -1913.25      119.625      197.173
14      0.295842      2.27827      1708.7      -3622.62      -1913.91      111.082      197.177
15      0.316974      2.25423      1690.67      -3605.25      -1914.58      103.678      197.18
16      0.338105      2.22842      1671.32      -3586.56      -1915.24      97.2003      197.184
17      0.359237      2.20083      1650.62      -3566.53      -1915.9      91.4843      197.187
18      0.380368      2.17146      1628.6      -3545.17      -1916.57      86.4034      197.191
19      0.4015      2.14032      1605.24      -3522.47      -1917.23      81.8574      197.194
20      0.422632      2.10742      1580.56      -3498.45      -1917.89      77.7659      197.198
21      0.443763      2.07277      1554.58      -3473.12      -1918.54      74.0642      197.202
22      0.464895      2.03641      1527.31      -3446.48      -1919.17      70.6989      197.205
23      0.486026      1.99838      1498.78      -3418.58      -1919.79      67.6263      197.209
24      0.507158      1.95872      1469.04      -3389.44      -1920.4      64.8097      197.213
25      0.528289      1.9175      1438.12      -3359.1      -1920.97      62.2185      197.216
26      0.549421      1.87479      1406.1      -3327.61      -1921.52      59.8266      197.22
27      0.570553      1.8307      1373.02      -3295.05      -1922.03      57.6118      197.223
28      0.591684      1.78532      1338.99      -3261.49      -1922.49      55.5553      197.227
29      0.612816      1.7388      1304.1      -3227.01      -1922.91      53.6405      197.231
30      0.633947      1.69127      1268.45      -3191.72      -1923.27      51.8535      197.234
31      0.655079      1.64291      1232.18      -3155.74      -1923.56      50.1817      197.238
32      0.676211      1.5939      1195.42      -3119.21      -1923.78      48.6144      197.241
33      0.697342      1.54444      1158.33      -3082.26      -1923.93      47.142      197.245
34      0.718474      1.49476      1121.07      -3045.06      -1923.99      45.7563      197.248
35      0.739605      1.44509      1083.82      -3007.78      -1923.96      44.4497      197.251
36      0.760737      1.39567      1046.75      -2970.6      -1923.84      43.2157      197.255
37      0.781868      1.34677      1010.07      -2933.7      -1923.62      42.0484      197.258
38      0.803      1.29863      973.975      -2897.28      -1923.31      40.9426      197.261
39      0.824132      1.25153      938.651      -2861.55      -1922.9      39.8934      197.264
40      0.845263      1.20573      904.295      -2826.68      -1922.39      38.8967      197.267
41      0.866395      1.16146      871.094      -2792.88      -1921.79      37.9485      197.27
42      0.887526      1.11897      839.225      -2760.32      -1921.1      37.0455      197.273
43      0.908658      1.07846      808.848      -2729.18      -1920.33      36.1845      197.276
44      0.929789      1.04015      780.111      -2699.61      -1919.5      35.3627      197.279
45      0.950921      1.00419      753.141      -2671.74      -1918.6      34.5773      197.282
46      0.972053      0.970723      728.042      -2645.69      -1917.65      33.8261      197.284
47      0.993184      0.939865      704.899      -2621.56      -1916.66      33.1068      197.287
48      1.01432      0.911695      683.771      -2599.42      -1915.65      32.4175      197.289
49      1.03545      0.88626      664.695      -2579.31      -1914.62      31.7563      197.292
50      1.05658      0.863578      647.684      -2561.27      -1913.59      31.1215      197.294
51      1.07771      0.84364      632.73      -2545.29      -1912.56      30.5116      197.296
52      1.09884      0.826407      619.805      -2531.35      -1911.55      29.9252      197.298
53      1.11997      0.811816      608.862      -2519.43      -1910.57      29.3609      197.301
54      1.14111      0.799785      599.839      -2509.45      -1909.61      28.8175      197.303
55      1.16224      0.790209      592.657      -2501.36      -1908.7      28.2938      197.304
56      1.18337      0.782971      587.229      -2495.07      -1907.84      27.7888      197.306
57      1.2045      0.777942      583.457      -2490.48      -1907.02      27.3015      197.308
58      1.22563      0.774983      581.237      -2487.5      -1906.26      26.831      197.31
59      1.24676      0.773949      580.462      -2486.02      -1905.55      26.3765      197.311
60      1.26789      0.774692      581.019      -2485.92      -1904.9      25.9371      197.313
61      1.28903      0.777064      582.798      -2487.1      -1904.31      25.5121      197.314
62      1.31016      0.780917      585.688      -2489.45      -1903.76      25.1008      197.316
63      1.33129      0.786106      589.58      -2492.86      -1903.28      24.7025      197.317
64      1.35242      0.792491      594.368      -2497.21      -1902.84      24.3167      197.319
65      1.37355      0.799937      599.953      -2502.41      -1902.46      23.9428      197.32
66      1.39468      0.808315      606.236      -2508.36      -1902.12      23.5801      197.321
67      1.41582      0.817502      613.127      -2514.96      -1901.83      23.2283      197.322
68      1.43695      0.827386      620.539      -2522.12      -1901.58      22.8869      197.323
69      1.45808      0.837855      628.391      -2529.76      -1901.37      22.5553      197.324
70      1.47921      0.84881      636.607      -2537.81      -1901.2      22.2332      197.325
71      1.50034      0.860157      645.118      -2546.18      -1901.06      21.9201      197.326
72      1.52147      0.87181      653.858      -2554.82      -1900.96      21.6158      197.327
73      1.54261      0.883689      662.767      -2563.65      -1900.88      21.3198      197.328
74      1.56374      0.89572      671.79      -2572.62      -1900.83      21.0317      197.329
75      1.58487      0.907835      680.876      -2581.68      -1900.81      20.7514      197.329
76      1.606      0.919972      689.979      -2590.79      -1900.81      20.4784      197.33
77      1.62713      0.932074      699.056      -2599.88      -1900.83      20.2125      197.331
78      1.64826      0.944089      708.066      -2608.93      -1900.86      19.9535      197.331
79      1.66939      0.955967      716.975      -2617.9      -1900.92      19.701      197.332
80      1.69053      0.967663      725.747      -2626.74      -1900.99      19.4548      197.333
81      1.71166      0.979134      734.35      -2635.43      -1901.08      19.2146      197.333
82      1.73279      0.990342      742.756      -2643.94      -1901.19      18.9804      197.334
83      1.75392      1.00125      750.937      -2652.24      -1901.3      18.7517      197.334
84      1.77505      1.01182      758.866      -2660.3      -1901.43      18.5285      197.335
85      1.79618      1.02203      766.521      -2668.09      -1901.57      18.3106      197.335
86      1.81732      1.03184      773.879      -2675.61      -1901.73      18.0977      197.336
87      1.83845      1.04123      780.921      -2682.81      -1901.89      17.8897      197.336
88      1.85958      1.05017      787.627      -2689.68      -1902.06      17.6865      197.336
89      1.88071      1.05864      793.981      -2696.22      -1902.24      17.4878      197.337
90      1.90184      1.06662      799.969      -2702.39      -1902.42      17.2935      197.337
91      1.92297      1.0741      805.578      -2708.19      -1902.61      17.1035      197.338
92      1.94411      1.08106      810.797      -2713.61      -1902.81      16.9176      197.338
93      1.96524      1.08749      815.621      -2718.63      -1903.01      16.7357      197.338
94      1.98637      1.09339      820.042      -2723.25      -1903.21      16.5577      197.339
95      2.0075      1.09875      824.06      -2727.47      -1903.41      16.3835      197.339
96      2.02863      1.10357      827.676      -2731.29      -1903.61      16.2128      197.339
97      2.04976      1.10786      830.892      -2734.7      -1903.81      16.0457      197.34
98      2.07089      1.11162      833.716      -2737.72      -1904.01      15.882      197.34
99      2.09203      1.11487      836.156      -2740.35      -1904.2      15.7216      197.34
100      2.11316      1.11763      838.225      -2742.61      -1904.38      15.5644      197.341
101      2.13429      1.11992      839.938      -2744.5      -1904.56      15.4104      197.341
102      2.15542      1.12175      841.311      -2746.04      -1904.73      15.2593      197.341
103      2.17655      1.12315      842.365      -2747.25      -1904.88      15.1112      197.342
104      2.19768      1.12416      843.12      -2748.15      -1905.03      14.9659      197.342
105      2.21882      1.1248      843.598      -2748.76      -1905.17      14.8234      197.343
106      2.23995      1.1251      843.822      -2749.11      -1905.29      14.6836      197.343
107      2.26108      1.12509      843.817      -2749.22      -1905.4      14.5464      197.344
108      2.28221      1.12481      843.606      -2749.11      -1905.5      14.4118      197.344
109      2.30334      1.12429      843.215      -2748.8      -1905.59      14.2796      197.345
110      2.32447      1.12355      842.665      -2748.33      -1905.66      14.1498      197.345
111      2.34561      1.12264      841.978      -2747.71      -1905.73      14.0224      197.346
112      2.36674      1.12157      841.177      -2746.96      -1905.78      13.8972      197.347
113      2.38787      1.12038      840.283      -2746.11      -1905.83      13.7743      197.348
114      2.409      1.11908      839.313      -2745.18      -1905.86      13.6535      197.348
115      2.43013      1.11771      838.285      -2744.17      -1905.89      13.5349      197.349
116      2.45126      1.11629      837.216      -2743.12      -1905.91      13.4182      197.35
117      2.47239      1.11482      836.118      -2742.04      -1905.92      13.3036      197.351
118      2.49353      1.11334      835.008      -2740.93      -1905.92      13.1909      197.352
119      2.51466      1.11186      833.896      -2739.82      -1905.92      13.0802      197.353
120      2.53579      1.11039      832.796      -2738.71      -1905.92      12.9712      197.354
121      2.55692      1.10896      831.718      -2737.62      -1905.9      12.8641      197.355
122      2.57805      1.10757      830.677      -2736.56      -1905.88      12.7587      197.356
123      2.59918      1.10625      829.687      -2735.54      -1905.85      12.655      197.357
124      2.62032      1.10501      828.758      -2734.58      -1905.82      12.5531      197.358
125      2.64145      1.10387      827.905      -2733.69      -1905.78      12.4527      197.359
126      2.66258      1.10286      827.144      -2732.88      -1905.73      12.354      197.36
127      2.68371      1.10199      826.489      -2732.17      -1905.68      12.2568      197.362
128      2.70484      1.10127      825.956      -2731.57      -1905.61      12.1611      197.363
129      2.72597      1.10075      825.562      -2731.1      -1905.54      12.0669      197.364
130      2.74711      1.10043      825.321      -2730.79      -1905.46      11.9741      197.365
131      2.76824      1.10033      825.248      -2730.63      -1905.38      11.8828      197.367
132      2.78937      1.10048      825.356      -2730.64      -1905.29      11.7929      197.368
133      2.8105      1.10088      825.658      -2730.85      -1905.19      11.7043      197.37
134      2.83163      1.10155      826.16      -2731.25      -1905.09      11.617      197.371
135      2.85276      1.10249      826.868      -2731.85      -1904.98      11.5311      197.372
136      2.87389      1.10371      827.784      -2732.66      -1904.88      11.4464      197.374
137      2.89503      1.10521      828.907      -2733.68      -1904.78      11.3629      197.375
138      2.91616      1.10697      830.231      -2734.91      -1904.68      11.2806      197.377
139      2.93729      1.109      831.747      -2736.33      -1904.58      11.1996      197.378
140      2.95842      1.11126      833.444      -2737.94      -1904.49      11.1196      197.379
141      2.97955      1.11374      835.305      -2739.72      -1904.41      11.0409      197.381
142      3.00068      1.11642      837.316      -2741.66      -1904.34      10.9632      197.382
143      3.02182      1.11928      839.458      -2743.74      -1904.28      10.8866      197.384
144      3.04295      1.12228      841.711      -2745.94      -1904.22      10.8111      197.385
145      3.06408      1.12541      844.057      -2748.24      -1904.18      10.7366      197.386
146      3.08521      1.12864      846.479      -2750.62      -1904.14      10.6631      197.388
147      3.10634      1.13194      848.956      -2753.08      -1904.12      10.5906      197.389
148      3.12747      1.1353      851.474      -2755.57      -1904.1      10.5192      197.39
149      3.14861      1.13869      854.016      -2758.11      -1904.09      10.4486      197.392
150      3.16974      1.1421      856.571      -2760.66      -1904.09      10.379      197.393
151      3.19087      1.1455      859.127      -2763.21      -1904.09      10.3104      197.394
152      3.212      1.1489      861.673      -2765.77      -1904.09      10.2426      197.395
153      3.23313      1.15227      864.203      -2768.31      -1904.1      10.1757      197.396
154      3.25426      1.15561      866.709      -2770.82      -1904.12      10.1097      197.397
155      3.27539      1.15892      869.187      -2773.32      -1904.13      10.0445      197.398
156      3.29653      1.16218      871.632      -2775.78      -1904.15      9.98014      197.399
157      3.31766      1.16539      874.042      -2778.21      -1904.17      9.91661      197.4
158      3.33879      1.16855      876.414      -2780.6      -1904.19      9.85388      197.4
159      3.35992      1.17166      878.746      -2782.95      -1904.21      9.79194      197.401
160      3.38105      1.17471      881.035      -2785.26      -1904.23      9.73076      197.401
161      3.40218      1.17771      883.282      -2787.53      -1904.25      9.67035      197.402
162      3.42332      1.18065      885.484      -2789.76      -1904.27      9.61067      197.402
163      3.44445      1.18352      887.64      -2791.94      -1904.3      9.55172      197.402
164      3.46558      1.18633      889.749      -2794.07      -1904.32      9.49348      197.402
165      3.48671      1.18908      891.808      -2796.15      -1904.34      9.43595      197.403
166      3.50784      1.19176      893.818      -2798.19      -1904.37      9.3791      197.402
167      3.52897      1.19437      895.776      -2800.17      -1904.4      9.32293      197.402
168      3.55011      1.19691      897.682      -2802.1      -1904.42      9.26742      197.402
169      3.57124      1.19938      899.535      -2803.98      -1904.45      9.21256      197.401
170      3.59237      1.20178      901.336      -2805.81      -1904.47      9.15834      197.401
171      3.6135      1.20411      903.085      -2807.59      -1904.5      9.10475      197.4
172      3.63463      1.20638      904.784      -2809.31      -1904.53      9.05178      197.399
173      3.65576      1.20858      906.436      -2810.98      -1904.55      8.99941      197.398
174      3.67689      1.21073      908.044      -2812.61      -1904.57      8.94764      197.397
175      3.69803      1.21282      909.612      -2814.2      -1904.59      8.89645      197.396
176      3.71916      1.21486      911.144      -2815.75      -1904.61      8.84584      197.394
177      3.74029      1.21686      912.646      -2817.27      -1904.62      8.79579      197.393
178      3.76142      1.21884      914.127      -2818.76      -1904.63      8.7463      197.391
179      3.78255      1.22079      915.592      -2820.23      -1904.64      8.69736      197.389
180      3.80368      1.22273      917.05      -2821.69      -1904.64      8.64895      197.387
181      3.82482      1.22468      918.508      -2823.15      -1904.64      8.60107      197.385
182      3.84595      1.22663      919.974      -2824.61      -1904.64      8.55371      197.383
183      3.86708      1.22861      921.456      -2826.08      -1904.63      8.50687      197.38
184      3.88821      1.23062      922.962      -2827.58      -1904.61      8.46053      197.378
185      3.90934      1.23267      924.5      -2829.1      -1904.6      8.41468      197.375
186      3.93047      1.23477      926.076      -2830.65      -1904.58      8.36932      197.372
187      3.95161      1.23693      927.696      -2832.25      -1904.55      8.32444      197.369
188      3.97274      1.23915      929.364      -2833.89      -1904.53      8.28004      197.366
189      3.99387      1.24144      931.083      -2835.59      -1904.5      8.2361      197.363
190      4.015      1.2438      932.853      -2837.33      -1904.48      8.19261      197.36
191      4.03613      1.24623      934.674      -2839.13      -1904.45      8.14958      197.357
192      4.05726      1.24872      936.544      -2840.97      -1904.43      8.10699      197.353
193      4.07839      1.25128      938.457      -2842.87      -1904.41      8.06484      197.35
194      4.09953      1.25388      940.409      -2844.8      -1904.39      8.02312      197.346
195      4.12066      1.25652      942.392      -2846.77      -1904.38      7.98183      197.342
196      4.14179      1.25919      944.395      -2848.76      -1904.37      7.94095      197.339
197      4.16292      1.26188      946.408      -2850.77      -1904.36      7.90049      197.335
198      4.18405      1.26456      948.419      -2852.78      -1904.37      7.86043      197.331
199      4.20518      1.26722      950.415      -2854.79      -1904.37      7.82078      197.327
200      4.22632      1.26984      952.382      -2856.77      -1904.39      7.78152      197.323
201      4.24745      1.27241      954.307      -2858.72      -1904.41      7.74265      197.319
202      4.26858      1.2749      956.176      -2860.62      -1904.44      7.70416      197.315
203      4.28971      1.2773      957.974      -2862.45      -1904.48      7.66605      197.311
204      4.31084      1.27958      959.687      -2864.21      -1904.52      7.62831      197.307
205      4.33197      1.28174      961.304      -2865.88      -1904.57      7.59094      197.303
206      4.35311      1.28375      962.813      -2867.44      -1904.63      7.55393      197.298
207      4.37424      1.28561      964.204      -2868.89      -1904.69      7.51729      197.294
208      4.39537      1.28729      965.469      -2870.22      -1904.75      7.48099      197.29
209      4.4165      1.2888      966.6      -2871.42      -1904.82      7.44504      197.286
210      4.43763      1.29012      967.591      -2872.48      -1904.89      7.40944      197.282
211      4.45876      1.29125      968.439      -2873.4      -1904.96      7.37417      197.278
212      4.47989      1.29219      969.141      -2874.18      -1905.04      7.33924      197.274
213      4.50103      1.29293      969.694      -2874.8      -1905.11      7.30464      197.27
214      4.52216      1.29347      970.1      -2875.28      -1905.18      7.27036      197.266
215      4.54329      1.29381      970.359      -2875.62      -1905.26      7.23641      197.263
216      4.56442      1.29397      970.474      -2875.8      -1905.33      7.20277      197.259
217      4.58555      1.29393      970.446      -2875.84      -1905.4      7.16944      197.255
218      4.60668      1.2937      970.279      -2875.75      -1905.47      7.13642      197.251
219      4.62782      1.2933      969.975      -2875.51      -1905.53      7.10371      197.248
220      4.64895      1.29272      969.54      -2875.14      -1905.6      7.0713      197.245
221      4.67008      1.29197      968.978      -2874.64      -1905.66      7.03918      197.241
222      4.69121      1.29106      968.293      -2874.02      -1905.72      7.00736      197.238
223      4.71234      1.28999      967.492      -2873.27      -1905.78      6.97582      197.235
224      4.73347      1.28877      966.579      -2872.41      -1905.83      6.94458      197.232
225      4.75461      1.28742      965.562      -2871.45      -1905.89      6.91361      197.229
226      4.77574      1.28593      964.446      -2870.38      -1905.93      6.88292      197.226
227      4.79687      1.28432      963.239      -2869.22      -1905.98      6.8525      197.223
228      4.818      1.2826      961.95      -2867.97      -1906.02      6.82236      197.221
229      4.83913      1.28078      960.588      -2866.64      -1906.05      6.79248      197.218
230      4.86026      1.27889      959.164      -2865.25      -1906.08      6.76287      197.216
231      4.88139      1.27692      957.689      -2863.8      -1906.11      6.73351      197.214
232      4.90253      1.2749      956.175      -2862.3      -1906.12      6.70442      197.212
233      4.92366      1.27285      954.634      -2860.77      -1906.14      6.67558      197.209
234      4.94479      1.27078      953.082      -2859.22      -1906.14      6.64698      197.208
235      4.96592      1.26871      951.534      -2857.67      -1906.14      6.61864      197.206
236      4.98705      1.26667      950.006      -2856.13      -1906.12      6.59054      197.204
237      5.00818      1.26469      948.515      -2854.62      -1906.1      6.56268      197.203
238      5.02932      1.26277      947.078      -2853.15      -1906.07      6.53505      197.201
239      5.05045      1.26095      945.711      -2851.75      -1906.04      6.50766      197.2
240      5.07158      1.25924      944.431      -2850.42      -1905.99      6.48051      197.198
241      5.09271      1.25767      943.252      -2849.19      -1905.94      6.45358      197.197
242      5.11384      1.25625      942.189      -2848.07      -1905.88      6.42688      197.196
243      5.13497      1.25501      941.255      -2847.07      -1905.81      6.4004      197.195
244      5.15611      1.25394      940.457      -2846.2      -1905.74      6.37414      197.194
245      5.17724      1.25307      939.805      -2845.47      -1905.67      6.34809      197.193
246      5.19837      1.2524      939.302      -2844.9      -1905.59      6.32226      197.193
247      5.2195      1.25194      938.951      -2844.47      -1905.52      6.29665      197.192
248      5.24063      1.25167      938.754      -2844.19      -1905.44      6.27124      197.192
249      5.26176      1.25161      938.707      -2844.07      -1905.37      6.24604      197.191
250      5.28289      1.25175      938.81      -2844.1      -1905.29      6.22105      197.191
251      5.30403      1.25208      939.058      -2844.28      -1905.22      6.19625      197.191
252      5.32516      1.2526      939.449      -2844.6      -1905.15      6.17166      197.19
253      5.34629      1.2533      939.977      -2845.06      -1905.08      6.14727      197.19
254      5.36742      1.25419      940.64      -2845.65      -1905.01      6.12306      197.19
255      5.38855      1.25524      941.433      -2846.38      -1904.95      6.09906      197.191
256      5.40968      1.25647      942.355      -2847.24      -1904.89      6.07524      197.191
257      5.43082      1.25787      943.405      -2848.23      -1904.82      6.05161      197.191
258      5.45195      1.25944      944.582      -2849.34      -1904.76      6.02817      197.192
259      5.47308      1.26118      945.885      -2850.58      -1904.7      6.00491      197.192
260      5.49421      1.26309      947.316      -2851.95      -1904.63      5.98183      197.193
261      5.51534      1.26517      948.877      -2853.45      -1904.57      5.95894      197.193
262      5.53647      1.26742      950.568      -2855.07      -1904.5      5.93622      197.194
263      5.55761      1.26985      952.389      -2856.83      -1904.44      5.91368      197.195
264      5.57874      1.27245      954.339      -2858.71      -1904.37      5.89131      197.196
265      5.59987      1.27522      956.417      -2860.73      -1904.31      5.86912      197.198
266      5.621      1.27816      958.619      -2862.87      -1904.25      5.84709      197.199
267      5.64213      1.28126      960.941      -2865.13      -1904.19      5.82523      197.2
268      5.66326      1.2845      963.377      -2867.51      -1904.14      5.80354      197.202
269      5.68439      1.28789      965.917      -2870      -1904.09      5.78202      197.204
270      5.70553      1.2914      968.551      -2872.59      -1904.04      5.76066      197.205
271      5.72666      1.29502      971.268      -2875.27      -1904      5.73945      197.207
272      5.74779      1.29874      974.056      -2878.02      -1903.97      5.71841      197.209
273      5.76892      1.30253      976.9      -2880.84      -1903.94      5.69753      197.211
274      5.79005      1.30638      979.786      -2883.71      -1903.92      5.6768      197.214
275      5.81118      1.31026      982.696      -2886.61      -1903.91      5.65622      197.216
276      5.83232      1.31415      985.614      -2889.52      -1903.91      5.6358      197.218
277      5.85345      1.31803      988.526      -2892.44      -1903.92      5.61552      197.221
278      5.87458      1.32189      991.415      -2895.34      -1903.93      5.5954      197.224
279      5.89571      1.32569      994.266      -2898.22      -1903.95      5.57542      197.226
280      5.91684      1.32942      997.067      -2901.04      -1903.98      5.55559      197.229
281      5.93797      1.33307      999.803      -2903.82      -1904.01      5.5359      197.232
282      5.95911      1.33662      1002.46      -2906.51      -1904.05      5.51635      197.235
283      5.98024      1.34005      1005.04      -2909.13      -1904.1      5.49695      197.238
284      6.00137      1.34335      1007.51      -2911.66      -1904.15      5.47768      197.242
285      6.0225      1.34651      1009.89      -2914.08      -1904.2      5.45855      197.245
286      6.04363      1.34953      1012.15      -2916.4      -1904.25      5.43956      197.248
287      6.06476      1.3524      1014.3      -2918.61      -1904.31      5.4207      197.252
288      6.08589      1.35511      1016.33      -2920.7      -1904.37      5.40198      197.255
289      6.10703      1.35766      1018.24      -2922.68      -1904.43      5.38338      197.259
290      6.12816      1.36005      1020.04      -2924.53      -1904.49      5.36492      197.262
291      6.14929      1.36228      1021.71      -2926.26      -1904.55      5.34659      197.266
292      6.17042      1.36434      1023.25      -2927.87      -1904.62      5.32838      197.27
293      6.19155      1.36624      1024.68      -2929.35      -1904.68      5.31029      197.274
294      6.21268      1.36797      1025.98      -2930.72      -1904.74      5.29234      197.278
295      6.23382      1.36953      1027.15      -2931.95      -1904.8      5.2745      197.282
296      6.25495      1.37093      1028.2      -2933.06      -1904.87      5.25679      197.286
297      6.27608      1.37216      1029.12      -2934.05      -1904.93      5.2392      197.29
298      6.29721      1.37322      1029.91      -2934.91      -1904.99      5.22172      197.294
299      6.31834      1.3741      1030.57      -2935.63      -1905.06      5.20437      197.298
300      6.33947      1.3748      1031.1      -2936.23      -1905.13      5.18713      197.302
301      6.36061      1.37532      1031.49      -2936.69      -1905.2      5.17      197.306
302      6.38174      1.37566      1031.74      -2937.01      -1905.27      5.15299      197.31
303      6.40287      1.3758      1031.85      -2937.19      -1905.34      5.13609      197.314
304      6.424      1.37576      1031.82      -2937.23      -1905.41      5.1193      197.318
305      6.44513      1.37553      1031.64      -2937.12      -1905.48      5.10263      197.323
306      6.46626      1.3751      1031.33      -2936.88      -1905.55      5.08606      197.327
307      6.48739      1.37448      1030.86      -2936.48      -1905.62      5.0696      197.331
308      6.50853      1.37368      1030.26      -2935.95      -1905.69      5.05325      197.335
309      6.52966      1.3727      1029.52      -2935.28      -1905.76      5.037      197.339
310      6.55079      1.37154      1028.65      -2934.48      -1905.82      5.02086      197.344
311      6.57192      1.37022      1027.66      -2933.55      -1905.88      5.00482      197.348
312      6.59305      1.36874      1026.56      -2932.5      -1905.94      4.98888      197.352
313      6.61418      1.36713      1025.35      -2931.34      -1905.99      4.97305      197.356
314      6.63532      1.36539      1024.04      -2930.08      -1906.04      4.95731      197.36
315      6.65645      1.36354      1022.65      -2928.73      -1906.08      4.94168      197.364
316      6.67758      1.3616      1021.2      -2927.31      -1906.11      4.92614      197.368
317      6.69871      1.35958      1019.69      -2925.82      -1906.13      4.9107      197.372
318      6.71984      1.35751      1018.13      -2924.29      -1906.15      4.89535      197.376
319      6.74097      1.3554      1016.55      -2922.72      -1906.17      4.8801      197.38
320      6.76211      1.35327      1014.95      -2921.13      -1906.17      4.86495      197.384
321      6.78324      1.35114      1013.35      -2919.53      -1906.17      4.84989      197.388
322      6.80437      1.34902      1011.77      -2917.93      -1906.17      4.83492      197.391
323      6.8255      1.34693      1010.2      -2916.35      -1906.15      4.82004      197.395
324      6.84663      1.34488      1008.66      -2914.8      -1906.14      4.80525      197.399
325      6.86776      1.34288      1007.16      -2913.28      -1906.12      4.79056      197.402
326      6.88889      1.34094      1005.7      -2911.8      -1906.1      4.77595      197.406
327      6.91003      1.33906      1004.29      -2910.37      -1906.07      4.76143      197.41
328      6.93116      1.33725      1002.94      -2908.98      -1906.04      4.747      197.413
329      6.95229      1.33551      1001.63      -2907.65      -1906.02      4.73265      197.416
330      6.97342      1.33385      1000.38      -2906.38      -1905.99      4.71839      197.42
331      6.99455      1.33225      999.186      -2905.15      -1905.97      4.70421      197.423
332      7.01568      1.33072      998.038      -2903.98      -1905.94      4.69012      197.426
333      7.03682      1.32925      996.936      -2902.85      -1905.92      4.67611      197.43
334      7.05795      1.32783      995.875      -2901.77      -1905.9      4.66219      197.433
335      7.07908      1.32647      994.851      -2900.73      -1905.88      4.64834      197.436
336      7.10021      1.32515      993.859      -2899.72      -1905.86      4.63458      197.439
337      7.12134      1.32386      992.893      -2898.74      -1905.85      4.62089      197.442
338      7.14247      1.3226      991.948      -2897.79      -1905.84      4.60729      197.445
339      7.16361      1.32136      991.017      -2896.85      -1905.84      4.59376      197.448
340      7.18474      1.32013      990.096      -2895.93      -1905.83      4.58032      197.45
341      7.20587      1.31891      989.179      -2895.01      -1905.83      4.56695      197.453
342      7.227      1.31768      988.259      -2894.09      -1905.83      4.55365      197.456
343      7.24813      1.31644      987.33      -2893.17      -1905.84      4.54044      197.458
344      7.26926      1.31518      986.388      -2892.23      -1905.84      4.52729      197.461
345      7.29039      1.3139      985.428      -2891.28      -1905.85      4.51422      197.463
346      7.31153      1.31259      984.443      -2890.31      -1905.87      4.50123      197.465
347      7.33266      1.31124      983.428      -2889.31      -1905.88      4.48831      197.467
348      7.35379      1.30984      982.379      -2888.28      -1905.9      4.47546      197.469
349      7.37492      1.30838      981.288      -2887.21      -1905.92      4.46268      197.471
350      7.39605      1.30687      980.151      -2886.1      -1905.94      4.44997      197.473
351      7.41718      1.30528      978.963      -2884.93      -1905.97      4.43734      197.475
352      7.43832      1.30363      977.72      -2883.72      -1906      4.42477      197.477
353      7.45945      1.30189      976.419      -2882.45      -1906.03      4.41227      197.479
354      7.48058      1.30008      975.057      -2881.12      -1906.06      4.39984      197.48
355      7.50171      1.29817      973.63      -2879.72      -1906.09      4.38748      197.482
356      7.52284      1.29618      972.137      -2878.26      -1906.12      4.37518      197.483
357      7.54397      1.29411      970.579      -2876.74      -1906.16      4.36295      197.484
358      7.56511      1.29194      968.955      -2875.14      -1906.19      4.35079      197.485
359      7.58624      1.28969      967.269      -2873.49      -1906.22      4.33869      197.486
360      7.60737      1.28737      965.524      -2871.77      -1906.25      4.32666      197.487
361      7.6285      1.28497      963.727      -2870      -1906.27      4.31469      197.488
362      7.64963      1.28251      961.886      -2868.18      -1906.29      4.30278      197.488
363      7.67076      1.28001      960.01      -2866.32      -1906.31      4.29094      197.489
364      7.69189      1.27748      958.11      -2864.43      -1906.32      4.27915      197.489
365      7.71303      1.27493      956.199      -2862.52      -1906.32      4.26743      197.489
366      7.73416      1.27239      954.29      -2860.61      -1906.32      4.25578      197.489
367      7.75529      1.26986      952.397      -2858.71      -1906.31      4.24418      197.489
368      7.77642      1.26738      950.536      -2856.83      -1906.29      4.23264      197.489
369      7.79755      1.26496      948.722      -2854.99      -1906.27      4.22116      197.488
370      7.81868      1.26263      946.969      -2853.2      -1906.24      4.20974      197.488
371      7.83982      1.26039      945.292      -2851.49      -1906.2      4.19838      197.487
372      7.86095      1.25827      943.704      -2849.85      -1906.15      4.18708      197.487
373      7.88208      1.25629      942.214      -2848.31      -1906.1      4.17584      197.486
374      7.90321      1.25444      940.832      -2846.88      -1906.04      4.16465      197.485
375      7.92434      1.25275      939.563      -2845.55      -1905.99      4.15352      197.483
376      7.94547      1.25122      938.414      -2844.34      -1905.93      4.14245      197.482
377      7.96661      1.24985      937.386      -2843.25      -1905.87      4.13143      197.481
378      7.98774      1.24864      936.48      -2842.28      -1905.8      4.12047      197.479
379      8.00887      1.24759      935.695      -2841.44      -1905.74      4.10956      197.478
380      8.03      1.24671      935.029      -2840.71      -1905.68      4.09871      197.476
381      8.05113      1.24597      934.479      -2840.11      -1905.63      4.08791      197.474
382      8.07226      1.24539      934.04      -2839.61      -1905.57      4.07717      197.472
383      8.09339      1.24494      933.708      -2839.23      -1905.52      4.06648      197.47
384      8.11453      1.24464      933.477      -2838.95      -1905.47      4.05584      197.468
385      8.13566      1.24445      933.341      -2838.76      -1905.42      4.04526      197.465
386      8.15679      1.24439      933.293      -2838.67      -1905.38      4.03473      197.463
387      8.17792      1.24443      933.326      -2838.67      -1905.34      4.02425      197.46
388      8.19905      1.24458      933.435      -2838.74      -1905.3      4.01383      197.458
389      8.22018      1.24481      933.611      -2838.88      -1905.27      4.00345      197.455
390      8.24132      1.24513      933.847      -2839.09      -1905.24      3.99313      197.452
391      8.26245      1.24552      934.137      -2839.35      -1905.22      3.98286      197.449
392      8.28358      1.24596      934.473      -2839.67      -1905.19      3.97264      197.446
393      8.30471      1.24646      934.848      -2840.02      -1905.18      3.96246      197.443
394      8.32584      1.24701      935.256      -2840.42      -1905.16      3.95234      197.439
395      8.34697      1.24759      935.689      -2840.84      -1905.15      3.94227      197.436
396      8.36811      1.24819      936.143      -2841.28      -1905.14      3.93225      197.433
397      8.38924      1.24881      936.61      -2841.74      -1905.13      3.92227      197.429
398      8.41037      1.24945      937.088      -2842.22      -1905.13      3.91234      197.426
399      8.4315      1.25009      937.571      -2842.7      -1905.13      3.90247      197.422
400      8.45263      1.25074      938.056      -2843.18      -1905.13      3.89264      197.418
401      8.47376      1.25138      938.539      -2843.67      -1905.13      3.88285      197.414
402      8.49489      1.25202      939.018      -2844.15      -1905.13      3.87312      197.41
403      8.51603      1.25266      939.492      -2844.63      -1905.13      3.86343      197.406
404      8.53716      1.25328      939.961      -2845.1      -1905.14      3.85378      197.402
405      8.55829      1.2539      940.423      -2845.56      -1905.14      3.84419      197.398
406      8.57942      1.2545      940.876      -2846.02      -1905.15      3.83464      197.394
407      8.60055      1.25509      941.318      -2846.47      -1905.15      3.82513      197.39
408      8.62168      1.25566      941.748      -2846.91      -1905.16      3.81567      197.385
409      8.64282      1.25622      942.164      -2847.33      -1905.17      3.80626      197.381
410      8.66395      1.25675      942.564      -2847.74      -1905.17      3.79689      197.376
411      8.68508      1.25726      942.944      -2848.13      -1905.18      3.78756      197.372
412      8.70621      1.25774      943.303      -2848.5      -1905.2      3.77828      197.367
413      8.72734      1.25818      943.633      -2848.84      -1905.21      3.76905      197.363
414      8.74847      1.25857      943.93      -2849.16      -1905.23      3.75985      197.358
415      8.76961      1.25892      944.186      -2849.44      -1905.25      3.7507      197.353
416      8.79074      1.2592      944.397      -2849.67      -1905.27      3.7416      197.348
417      8.81187      1.25941      944.556      -2849.86      -1905.3      3.73253      197.344
418      8.833      1.25954      944.655      -2849.99      -1905.33      3.72351      197.339
419      8.85413      1.25958      944.685      -2850.05      -1905.37      3.71454      197.334
420      8.87526      1.25952      944.642      -2850.05      -1905.4      3.7056      197.329
421      8.89639      1.25936      944.517      -2849.96      -1905.45      3.69671      197.324
422      8.91753      1.25908      944.307      -2849.8      -1905.49      3.68785      197.319
423      8.93866      1.25867      944.005      -2849.54      -1905.54      3.67904      197.314
424      8.95979      1.25814      943.608      -2849.19      -1905.58      3.67027      197.309
425      8.98092      1.25748      943.112      -2848.74      -1905.63      3.66155      197.304
426      9.00205      1.25669      942.516      -2848.2      -1905.68      3.65286      197.299
427      9.02318      1.25576      941.821      -2847.55      -1905.73      3.64421      197.294
428      9.04432      1.2547      941.026      -2846.81      -1905.78      3.63561      197.289
429      9.06545      1.25352      940.137      -2845.97      -1905.83      3.62704      197.284
430      9.08658      1.25221      939.155      -2845.03      -1905.88      3.61851      197.279
431      9.10771      1.25078      938.087      -2844      -1905.92      3.61003      197.275
432      9.12884      1.24925      936.938      -2842.9      -1905.96      3.60158      197.27
433      9.14997      1.24762      935.716      -2841.71      -1905.99      3.59317      197.265
434      9.17111      1.2459      934.428      -2840.45      -1906.02      3.58481      197.26
435      9.19224      1.24411      933.083      -2839.14      -1906.05      3.57648      197.255
436      9.21337      1.24225      931.691      -2837.77      -1906.07      3.56819      197.25
437      9.2345      1.24035      930.261      -2836.35      -1906.09      3.55993      197.245
438      9.25563      1.2384      928.802      -2834.91      -1906.1      3.55172      197.241
439      9.27676      1.23644      927.327      -2833.44      -1906.11      3.54354      197.236
440      9.29789      1.23446      925.845      -2831.96      -1906.11      3.53541      197.231
441      9.31903      1.23249      924.368      -2830.48      -1906.11      3.52731      197.226
442      9.34016      1.23055      922.91      -2829.01      -1906.1      3.51924      197.222
443      9.36129      1.22864      921.481      -2827.56      -1906.08      3.51122      197.217
444      9.38242      1.22679      920.096      -2826.15      -1906.06      3.50323      197.213
445      9.40355      1.22502      918.765      -2824.79      -1906.03      3.49528      197.208
446      9.42468      1.22334      917.504      -2823.5      -1905.99      3.48736      197.204
447      9.44582      1.22177      916.326      -2822.28      -1905.95      3.47948      197.199
448      9.46695      1.22032      915.243      -2821.14      -1905.9      3.47164      197.195
449      9.48808      1.21903      914.271      -2820.11      -1905.84      3.46383      197.191
450      9.50921      1.2179      913.423      -2819.2      -1905.78      3.45606      197.186
451      9.53034      1.21695      912.713      -2818.42      -1905.71      3.44832      197.182
452      9.55147      1.2162      912.151      -2817.78      -1905.63      3.44062      197.178
453      9.57261      1.21567      911.751      -2817.3      -1905.55      3.43296      197.174
454      9.59374      1.21536      911.522      -2816.99      -1905.46      3.42533      197.17
455      9.61487      1.2153      911.474      -2816.85      -1905.37      3.41773      197.166
456      9.636      1.21549      911.617      -2816.89      -1905.28      3.41017      197.162
457      9.65713      1.21594      911.957      -2817.13      -1905.18      3.40264      197.158
458      9.67826      1.21667      912.499      -2817.57      -1905.07      3.39514      197.154
459      9.69939      1.21766      913.247      -2818.22      -1904.97      3.38768      197.151
460      9.72053      1.21894      914.202      -2819.07      -1904.87      3.38025      197.147
461      9.74166      1.22048      915.363      -2820.13      -1904.77      3.37286      197.143
462      9.76279      1.22231      916.729      -2821.39      -1904.66      3.3655      197.14
463      9.78392      1.22439      918.295      -2822.86      -1904.56      3.35817      197.136
464      9.80505      1.22674      920.054      -2824.52      -1904.47      3.35087      197.133
465      9.82618      1.22933      921.999      -2826.38      -1904.38      3.3436      197.129
466      9.84732      1.23216      924.117      -2828.41      -1904.29      3.33637      197.126
467      9.86845      1.2352      926.397      -2830.61      -1904.21      3.32917      197.123
468      9.88958      1.23843      928.823      -2832.96      -1904.14      3.322      197.119
469      9.91071      1.24184      931.379      -2835.46      -1904.08      3.31486      197.116
470      9.93184      1.2454      934.047      -2838.07      -1904.03      3.30776      197.113
471      9.95297      1.24908      936.807      -2840.79      -1903.98      3.30068      197.11
472      9.97411      1.25285      939.639      -2843.59      -1903.95      3.29364      197.107
473      9.99524      1.25669      942.521      -2846.45      -1903.93      3.28662      197.103
474      10.0164      1.26058      945.432      -2849.35      -1903.91      3.27964      197.1
475      10.0375      1.26447      948.351      -2852.26      -1903.91      3.27269      197.098
476      10.0586      1.26834      951.256      -2855.18      -1903.92      3.26576      197.095
477      10.0798      1.27217      954.125      -2858.07      -1903.94      3.25887      197.092
478      10.1009      1.27592      956.94      -2860.91      -1903.97      3.252      197.089
479      10.122      1.27958      959.682      -2863.69      -1904.01      3.24517      197.086
480      10.1432      1.28311      962.332      -2866.39      -1904.06      3.23836      197.083
481      10.1643      1.2865      964.875      -2868.99      -1904.12      3.23158      197.08
482      10.1854      1.28973      967.297      -2871.48      -1904.18      3.22483      197.078
483      10.2066      1.29278      969.585      -2873.83      -1904.25      3.21811      197.075
484      10.2277      1.29564      971.729      -2876.05      -1904.32      3.21142      197.072
485      10.2488      1.29829      973.721      -2878.12      -1904.4      3.20476      197.07
486      10.2699      1.30074      975.554      -2880.03      -1904.48      3.19812      197.067
487      10.2911      1.30296      977.223      -2881.78      -1904.56      3.19151      197.065
488      10.3122      1.30497      978.726      -2883.37      -1904.64      3.18493      197.062
489      10.3333      1.30675      980.063      -2884.79      -1904.73      3.17838      197.06
490      10.3545      1.30831      981.234      -2886.04      -1904.81      3.17185      197.057
491      10.3756      1.30966      982.244      -2887.14      -1904.89      3.16535      197.055
492      10.3967      1.31079      983.096      -2888.07      -1904.97      3.15888      197.052
493      10.4179      1.31173      983.795      -2888.84      -1905.05      3.15243      197.05
494      10.439      1.31247      984.35      -2889.47      -1905.12      3.14601      197.047
495      10.4601      1.31303      984.769      -2889.95      -1905.18      3.13962      197.045
496      10.4813      1.31342      985.062      -2890.31      -1905.25      3.13325      197.043
497      10.5024      1.31365      985.239      -2890.54      -1905.3      3.12691      197.04
498      10.5235      1.31375      985.31      -2890.66      -1905.35      3.1206      197.038
499      10.5447      1.31372      985.286      -2890.69      -1905.4      3.11431      197.036
500      10.5658      1.31357      985.179      -2890.62      -1905.44      3.10804      197.033
501      10.5869      1.31333      984.999      -2890.47      -1905.48      3.1018      197.031
502      10.6081      1.31301      984.756      -2890.26      -1905.51      3.09559      197.029
503      10.6292      1.31262      984.462      -2889.99      -1905.53      3.0894      197.027
504      10.6503      1.31216      984.124      -2889.67      -1905.55      3.08323      197.024
505      10.6714      1.31167      983.75      -2889.32      -1905.57      3.07709      197.022
506      10.6926      1.31113      983.346      -2888.93      -1905.58      3.07098      197.02
507      10.7137      1.31056      982.919      -2888.51      -1905.59      3.06489      197.018
508      10.7348      1.30996      982.47      -2888.07      -1905.6      3.05882      197.016
509      10.756      1.30934      982.003      -2887.62      -1905.61      3.05278      197.014
510      10.7771      1.30869      981.519      -2887.14      -1905.62      3.04676      197.012
511      10.7982      1.30802      981.016      -2886.65      -1905.63      3.04077      197.009
512      10.8194      1.30733      980.494      -2886.13      -1905.64      3.0348      197.007
513      10.8405      1.3066      979.95      -2885.6      -1905.65      3.02885      197.005
514      10.8616      1.30584      979.379      -2885.05      -1905.67      3.02293      197.004
515      10.8828      1.30504      978.78      -2884.46      -1905.68      3.01703      197.002
516      10.9039      1.3042      978.146      -2883.84      -1905.7      3.01115      197
517      10.925      1.3033      977.475      -2883.19      -1905.72      3.0053      196.998
518      10.9462      1.30235      976.76      -2882.5      -1905.74      2.99947      196.996
519      10.9673      1.30133      975.997      -2881.76      -1905.76      2.99367      196.995
520      10.9884      1.30024      975.183      -2880.97      -1905.79      2.98789      196.993
521      11.0096      1.29908      974.313      -2880.13      -1905.82      2.98213      196.991
522      11.0307      1.29785      973.386      -2879.23      -1905.85      2.97639      196.99
523      11.0518      1.29653      972.398      -2878.28      -1905.88      2.97068      196.988
524      11.0729      1.29513      971.348      -2877.26      -1905.91      2.96499      196.987
525      11.0941      1.29365      970.236      -2876.18      -1905.94      2.95932      196.986
526      11.1152      1.29208      969.061      -2875.03      -1905.97      2.95368      196.985
527      11.1363      1.29043      967.824      -2873.83      -1906      2.94806      196.983
528      11.1575      1.28871      966.529      -2872.56      -1906.03      2.94246      196.982
529      11.1786      1.28691      965.179      -2871.24      -1906.06      2.93688      196.982
530      11.1997      1.28503      963.776      -2869.86      -1906.08      2.93133      196.981
531      11.2209      1.2831      962.325      -2868.43      -1906.11      2.9258      196.98
532      11.242      1.28111      960.832      -2866.96      -1906.13      2.92029      196.979
533      11.2631      1.27907      959.303      -2865.45      -1906.14      2.9148      196.979
534      11.2843      1.27699      957.745      -2863.9      -1906.16      2.90934      196.978
535      11.3054      1.27489      956.166      -2862.33      -1906.17      2.90389      196.978
536      11.3265      1.27276      954.573      -2860.75      -1906.17      2.89847      196.978
537      11.3477      1.27063      952.975      -2859.15      -1906.18      2.89307      196.978
538      11.3688      1.26851      951.383      -2857.55      -1906.17      2.8877      196.978
539      11.3899      1.26641      949.805      -2855.97      -1906.16      2.88234      196.978
540      11.4111      1.26433      948.251      -2854.4      -1906.15      2.87701      196.978
541      11.4322      1.26231      946.732      -2852.86      -1906.13      2.87169      196.978
542      11.4533      1.26034      945.258      -2851.36      -1906.11      2.8664      196.979
543      11.4744      1.25845      943.837      -2849.92      -1906.08      2.86113      196.979
544      11.4956      1.25664      942.482      -2848.53      -1906.05      2.85588      196.98
545      11.5167      1.25494      941.201      -2847.21      -1906.01      2.85065      196.981
546      11.5378      1.25334      940.003      -2845.97      -1905.96      2.84544      196.982
547      11.559      1.25186      938.897      -2844.81      -1905.92      2.84025      196.982
548      11.5801      1.25052      937.888      -2843.76      -1905.87      2.83509      196.984
549      11.6012      1.24931      936.986      -2842.8      -1905.81      2.82994      196.985
550      11.6224      1.24826      936.193      -2841.95      -1905.76      2.82481      196.986
551      11.6435      1.24736      935.516      -2841.22      -1905.7      2.8197      196.987
552      11.6646      1.24661      934.958      -2840.6      -1905.64      2.81462      196.989
553      11.6858      1.24603      934.52      -2840.1      -1905.58      2.80955      196.99
554      11.7069      1.2456      934.203      -2839.72      -1905.52      2.8045      196.992
555      11.728      1.24534      934.004      -2839.46      -1905.46      2.79947      196.994
556      11.7492      1.24523      933.922      -2839.32      -1905.4      2.79446      196.995
557      11.7703      1.24527      933.954      -2839.3      -1905.35      2.78947      196.997
558      11.7914      1.24546      934.096      -2839.39      -1905.29      2.7845      196.999
559      11.8126      1.24579      934.341      -2839.58      -1905.24      2.77955      197.001
560      11.8337      1.24624      934.683      -2839.88      -1905.19      2.77461      197.003
561      11.8548      1.24682      935.114      -2840.26      -1905.15      2.7697      197.005
562      11.8759      1.2475      935.628      -2840.74      -1905.11      2.7648      197.008
563      11.8971      1.24829      936.216      -2841.29      -1905.07      2.75992      197.01
564      11.9182      1.24916      936.87      -2841.91      -1905.04      2.75506      197.012
565      11.9393      1.25011      937.583      -2842.59      -1905.01      2.75021      197.014
566      11.9605      1.25113      938.347      -2843.33      -1904.99      2.74539      197.017
567      11.9816      1.25221      939.156      -2844.12      -1904.97      2.74058      197.019
568      12.0027      1.25334      940.003      -2844.95      -1904.95      2.73579      197.022
569      12.0239      1.25451      940.882      -2845.81      -1904.93      2.73101      197.024
570      12.045      1.25572      941.788      -2846.71      -1904.92      2.72626      197.027
571      12.0661      1.25696      942.718      -2847.63      -1904.91      2.72152      197.029
572      12.0873      1.25822      943.668      -2848.57      -1904.9      2.71679      197.032
573      12.1084      1.25951      944.635      -2849.52      -1904.89      2.71209      197.034
574      12.1295      1.26082      945.617      -2850.5      -1904.88      2.7074      197.037
575      12.1507      1.26215      946.611      -2851.49      -1904.88      2.70273      197.039
576      12.1718      1.26349      947.618      -2852.49      -1904.87      2.69807      197.042
577      12.1929      1.26485      948.637      -2853.5      -1904.86      2.69343      197.045
578      12.2141      1.26622      949.666      -2854.52      -1904.86      2.68881      197.047
579      12.2352      1.26761      950.708      -2855.56      -1904.85      2.6842      197.05
580      12.2563      1.26902      951.762      -2856.61      -1904.85      2.67961      197.053
581      12.2774      1.27044      952.827      -2857.67      -1904.84      2.67503      197.055
582      12.2986      1.27187      953.903      -2858.74      -1904.84      2.67047      197.058
583      12.3197      1.27332      954.991      -2859.82      -1904.83      2.66593      197.061
584      12.3408      1.27479      956.091      -2860.91      -1904.82      2.6614      197.063
585      12.362      1.27627      957.203      -2862.02      -1904.82      2.65689      197.066
586      12.3831      1.27777      958.327      -2863.14      -1904.81      2.65239      197.069
587      12.4042      1.27929      959.464      -2864.27      -1904.81      2.64791      197.072
588      12.4254      1.28082      960.614      -2865.41      -1904.8      2.64344      197.074
589      12.4465      1.28237      961.778      -2866.57      -1904.79      2.63899      197.077
590      12.4676      1.28394      962.956      -2867.74      -1904.78      2.63455      197.08
591      12.4888      1.28553      964.151      -2868.93      -1904.78      2.63013      197.083
592      12.5099      1.28715      965.361      -2870.13      -1904.77      2.62573      197.086
593      12.531      1.28879      966.589      -2871.35      -1904.76      2.62134      197.089
594      12.5522      1.29045      967.834      -2872.58      -1904.75      2.61697      197.091
595      12.5733      1.29213      969.097      -2873.84      -1904.74      2.61261      197.094
596      12.5944      1.29384      970.377      -2875.11      -1904.73      2.60826      197.097
597      12.6156      1.29556      971.672      -2876.4      -1904.73      2.60393      197.1
598      12.6367      1.29731      972.979      -2877.7      -1904.72      2.59962      197.103
599      12.6578      1.29906      974.295      -2879.01      -1904.72      2.59532      197.106
600      12.6789      1.30082      975.614      -2880.33      -1904.72      2.59103      197.11
601      12.7001      1.30257      976.929      -2881.65      -1904.72      2.58676      197.113
602      12.7212      1.30431      978.235      -2882.96      -1904.72      2.58251      197.116
603      12.7423      1.30603      979.522      -2884.26      -1904.73      2.57827      197.119
604      12.7635      1.30771      980.779      -2885.53      -1904.75      2.57404      197.122
605      12.7846      1.30933      981.996      -2886.77      -1904.77      2.56983      197.126
606      12.8057      1.31088      983.164      -2887.96      -1904.8      2.56563      197.129
607      12.8269      1.31236      984.27      -2889.1      -1904.83      2.56145      197.132
608      12.848      1.31374      985.306      -2890.17      -1904.87      2.55728      197.136
609      12.8691      1.31501      986.259      -2891.17      -1904.91      2.55313      197.139
610      12.8903      1.31616      987.122      -2892.08      -1904.95      2.54899      197.143
611      12.9114      1.31718      987.887      -2892.89      -1905      2.54487      197.147
612      12.9325      1.31806      988.548      -2893.6      -1905.06      2.54075      197.15
613      12.9537      1.3188      989.101      -2894.21      -1905.11      2.53666      197.154
614      12.9748      1.3194      989.546      -2894.71      -1905.16      2.53257      197.158
615      12.9959      1.31985      989.885      -2895.1      -1905.22      2.5285      197.162
616      13.0171      1.32016      990.12      -2895.39      -1905.27      2.52445      197.165
617      13.0382      1.32035      990.259      -2895.57      -1905.31      2.52041      197.169
618      13.0593      1.32041      990.31      -2895.67      -1905.36      2.51638      197.173
619      13.0804      1.32038      990.283      -2895.68      -1905.39      2.51237      197.177
620      13.1016      1.32026      990.191      -2895.62      -1905.43      2.50837      197.181
621      13.1227      1.32006      990.046      -2895.5      -1905.45      2.50438      197.185
622      13.1438      1.31981      989.86      -2895.33      -1905.47      2.5004      197.19
623      13.165      1.31952      989.643      -2895.13      -1905.48      2.49644      197.194
624      13.1861      1.31921      989.404      -2894.9      -1905.49      2.4925      197.198
625      13.2072      1.31887      989.149      -2894.65      -1905.5      2.48856      197.202
626      13.2284      1.31851      988.882      -2894.39      -1905.51      2.48464      197.207
627      13.2495      1.31814      988.602      -2894.12      -1905.51      2.48073      197.211
628      13.2706      1.31774      988.304      -2893.83      -1905.52      2.47684      197.215
629      13.2918      1.31731      987.981      -2893.52      -1905.54      2.47296      197.22
630      13.3129      1.31683      987.622      -2893.18      -1905.56      2.46909      197.224
631      13.334      1.31629      987.214      -2892.8      -1905.58      2.46523      197.229
632      13.3552      1.31566      986.745      -2892.36      -1905.62      2.46139      197.233
633      13.3763      1.31493      986.199      -2891.85      -1905.66      2.45755      197.238
634      13.3974      1.31408      985.562      -2891.27      -1905.7      2.45373      197.242
635      13.4186      1.3131      984.822      -2890.58      -1905.76      2.44993      197.247
636      13.4397      1.31195      983.965      -2889.78      -1905.82      2.44613      197.251
637      13.4608      1.31064      982.981      -2888.86      -1905.88      2.44235      197.256
638      13.4819      1.30915      981.863      -2887.81      -1905.95      2.43858      197.261
639      13.5031      1.30747      980.604      -2886.62      -1906.02      2.43482      197.265
640      13.5242      1.3056      979.203      -2885.29      -1906.09      2.43107      197.27
641      13.5453      1.30354      977.658      -2883.82      -1906.16      2.42733      197.274
642      13.5665      1.3013      975.974      -2882.2      -1906.23      2.42361      197.279
643      13.5876      1.29887      974.155      -2880.45      -1906.3      2.4199      197.284
644      13.6087      1.29628      972.208      -2878.57      -1906.36      2.41619      197.288
645      13.6299      1.29353      970.144      -2876.56      -1906.42      2.4125      197.293
646      13.651      1.29063      967.976      -2874.44      -1906.47      2.40882      197.297
647      13.6721      1.28763      965.719      -2872.23      -1906.51      2.40515      197.302
648      13.6933      1.28452      963.39      -2869.93      -1906.54      2.4015      197.306
649      13.7144      1.28135      961.009      -2867.57      -1906.57      2.39785      197.31
650      13.7355      1.27813      958.598      -2865.18      -1906.58      2.39421      197.315
651      13.7567      1.2749      956.179      -2862.76      -1906.58      2.39059      197.319
652      13.7778      1.2717      953.776      -2860.34      -1906.57      2.38697      197.323
653      13.7989      1.26855      951.415      -2857.96      -1906.54      2.38337      197.327
654      13.8201      1.26549      949.121      -2855.63      -1906.51      2.37977      197.331
655      13.8412      1.26256      946.921      -2853.38      -1906.46      2.37619      197.335
656      13.8623      1.25979      944.84      -2851.23      -1906.39      2.37261      197.339
657      13.8834      1.2572      942.904      -2849.22      -1906.32      2.36905      197.343
658      13.9046      1.25485      941.137      -2847.37      -1906.23      2.36549      197.347
659      13.9257      1.25275      939.566      -2845.69      -1906.13      2.36195      197.351
660      13.9468      1.25095      938.21      -2844.23      -1906.02      2.35841      197.355
661      13.968      1.24945      937.09      -2842.99      -1905.9      2.35489      197.358
662      13.9891      1.2483      936.222      -2841.99      -1905.77      2.35137      197.362
663      14.0102      1.24749      935.62      -2841.26      -1905.63      2.34787      197.365
664      14.0314      1.24706      935.296      -2840.79      -1905.49      2.34437      197.368
665      14.0525      1.24701      935.255      -2840.61      -1905.35      2.34088      197.371
666      14.0736      1.24734      935.501      -2840.71      -1905.21      2.3374      197.374
667      14.0948      1.24805      936.035      -2841.1      -1905.06      2.33393      197.377
668      14.1159      1.24914      936.854      -2841.78      -1904.92      2.33047      197.38
669      14.137      1.2506      937.951      -2842.74      -1904.78      2.32702      197.383
670      14.1582      1.25242      939.318      -2843.97      -1904.65      2.32358      197.386
671      14.1793      1.25459      940.943      -2845.47      -1904.52      2.32015      197.388
672      14.2004      1.25708      942.811      -2847.22      -1904.4      2.31672      197.391
673      14.2216      1.25988      944.909      -2849.2      -1904.29      2.31331      197.393
674      14.2427      1.26295      947.216      -2851.4      -1904.19      2.3099      197.395
675      14.2638      1.26629      949.715      -2853.81      -1904.1      2.3065      197.397
676      14.2849      1.26984      952.383      -2856.4      -1904.01      2.30311      197.399
677      14.3061      1.2736      955.198      -2859.14      -1903.94      2.29973      197.401
678      14.3272      1.27752      958.137      -2862.02      -1903.88      2.29636      197.402
679      14.3483      1.28157      961.175      -2865.01      -1903.84      2.29299      197.404
680      14.3695      1.28572      964.29      -2868.09      -1903.8      2.28964      197.405
681      14.3906      1.28994      967.453      -2871.23      -1903.78      2.28629      197.406
682      14.4117      1.29419      970.64      -2874.41      -1903.77      2.28295      197.407
683      14.4329      1.29844      973.828      -2877.6      -1903.78      2.27962      197.408
684      14.454      1.30265      976.989      -2880.78      -1903.79      2.27629      197.409
685      14.4751      1.3068      980.102      -2883.92      -1903.82      2.27298      197.41
686      14.4963      1.31086      983.142      -2887      -1903.86      2.26967      197.41
687      14.5174      1.31478      986.088      -2890      -1903.91      2.26637      197.411
688      14.5385      1.31856      988.92      -2892.89      -1903.97      2.26308      197.411
689      14.5597      1.32216      991.62      -2895.66      -1904.04      2.2598      197.411
690      14.5808      1.32556      994.17      -2898.28      -1904.11      2.25652      197.411
691      14.6019      1.32874      996.557      -2900.75      -1904.2      2.25325      197.411
692      14.6231      1.33169      998.768      -2903.05      -1904.29      2.25      197.411
693      14.6442      1.33439      1000.79      -2905.17      -1904.38      2.24674      197.41
694      14.6653      1.33683      1002.62      -2907.1      -1904.48      2.2435      197.41
695      14.6864      1.33901      1004.26      -2908.84      -1904.58      2.24027      197.409
696      14.7076      1.34093      1005.7      -2910.37      -1904.68      2.23704      197.409
697      14.7287      1.34258      1006.93      -2911.71      -1904.77      2.23382      197.408
698      14.7498      1.34397      1007.98      -2912.85      -1904.87      2.23061      197.407
699      14.771      1.34511      1008.83      -2913.8      -1904.96      2.22741      197.406
700      14.7921      1.34601      1009.51      -2914.56      -1905.05      2.22421      197.405
701      14.8132      1.34668      1010.01      -2915.15      -1905.14      2.22103      197.404
702      14.8344      1.34714      1010.36      -2915.57      -1905.21      2.21785      197.403
703      14.8555      1.34741      1010.56      -2915.84      -1905.28      2.21468      197.401
704      14.8766      1.34752      1010.64      -2915.98      -1905.35      2.21152      197.4
705      14.8978      1.34747      1010.6      -2916      -1905.4      2.20837      197.398
706      14.9189      1.3473      1010.48      -2915.92      -1905.44      2.20522      197.397
707      14.94      1.34703      1010.28      -2915.75      -1905.48      2.20209      197.395
708      14.9612      1.3467      1010.02      -2915.52      -1905.5      2.19896      197.394
709      14.9823      1.34631      1009.73      -2915.25      -1905.52      2.19584      197.392
710      15.0034      1.3459      1009.42      -2914.95      -1905.52      2.19273      197.391
711      15.0246      1.34548      1009.11      -2914.63      -1905.52      2.18963      197.389
712      15.0457      1.34509      1008.81      -2914.33      -1905.51      2.18654      197.388
713      15.0668      1.34472      1008.54      -2914.04      -1905.5      2.18345      197.386
714      15.0879      1.3444      1008.3      -2913.78      -1905.48      2.18037      197.384
715      15.1091      1.34414      1008.1      -2913.56      -1905.46      2.17731      197.383
716      15.1302      1.34393      1007.95      -2913.39      -1905.44      2.17425      197.381
717      15.1513      1.34379      1007.84      -2913.26      -1905.42      2.1712      197.379
718      15.1725      1.3437      1007.77      -2913.17      -1905.4      2.16816      197.378
719      15.1936      1.34366      1007.74      -2913.12      -1905.38      2.16512      197.376
720      15.2147      1.34365      1007.74      -2913.11      -1905.37      2.1621      197.375
721      15.2359      1.34367      1007.76      -2913.11      -1905.36      2.15909      197.373
722      15.257      1.3437      1007.78      -2913.13      -1905.36      2.15608      197.372
723      15.2781      1.34372      1007.79      -2913.15      -1905.36      2.15308      197.37
724      15.2993      1.34371      1007.78      -2913.16      -1905.37      2.15009      197.369
725      15.3204      1.34366      1007.74      -2913.14      -1905.39      2.14711      197.367
726      15.3415      1.34354      1007.65      -2913.07      -1905.42      2.14414      197.366
727      15.3627      1.34334      1007.5      -2912.95      -1905.45      2.14117      197.365
728      15.3838      1.34304      1007.28      -2912.77      -1905.49      2.13822      197.363
729      15.4049      1.34262      1006.97      -2912.5      -1905.53      2.13527      197.362
730      15.4261      1.34208      1006.56      -2912.15      -1905.58      2.13233      197.361
731      15.4472      1.3414      1006.05      -2911.69      -1905.64      2.1294      197.359
732      15.4683      1.34057      1005.43      -2911.12      -1905.7      2.12648      197.358
733      15.4894      1.33958      1004.68      -2910.44      -1905.76      2.12356      197.357
734      15.5106      1.33842      1003.81      -2909.63      -1905.82      2.12066      197.356
735      15.5317      1.33708      1002.81      -2908.7      -1905.89      2.11776      197.354
736      15.5528      1.33557      1001.67      -2907.63      -1905.95      2.11487      197.353
737      15.574      1.33387      1000.4      -2906.42      -1906.02      2.11198      197.352
738      15.5951      1.33198      998.988      -2905.08      -1906.09      2.10911      197.351
739      15.6162      1.32992      997.438      -2903.6      -1906.16      2.10624      197.349
740      15.6374      1.32767      995.754      -2901.98      -1906.23      2.10338      197.348
741      15.6585      1.32525      993.937      -2900.23      -1906.29      2.10053      197.347
742      15.6796      1.32265      991.991      -2898.35      -1906.36      2.09769      197.346
743      15.7008      1.3199      989.925      -2896.34      -1906.42      2.09485      197.345
744      15.7219      1.31699      987.746      -2894.22      -1906.47      2.09202      197.343
745      15.743      1.31395      985.463      -2891.99      -1906.52      2.0892      197.342
746      15.7642      1.31079      983.089      -2889.66      -1906.57      2.08639      197.341
747      15.7853      1.30751      980.636      -2887.24      -1906.61      2.08358      197.339
748      15.8064      1.30416      978.119      -2884.75      -1906.64      2.08078      197.338
749      15.8276      1.30074      975.552      -2882.21      -1906.66      2.07799      197.337
750      15.8487      1.29727      972.955      -2879.63      -1906.67      2.0752      197.336
751      15.8698      1.29379      970.343      -2877.02      -1906.68      2.07243      197.334
752      15.8909      1.29032      967.736      -2874.41      -1906.67      2.06966      197.333
753      15.9121      1.28687      965.153      -2871.81      -1906.66      2.0669      197.332
754      15.9332      1.28348      962.612      -2869.25      -1906.63      2.06414      197.33
755      15.9543      1.28018      960.131      -2866.73      -1906.6      2.06139      197.329
756      15.9755      1.27697      957.729      -2864.29      -1906.56      2.05865      197.328
757      15.9966      1.2739      955.423      -2861.93      -1906.51      2.05592      197.326
758      16.0177      1.27097      953.228      -2859.68      -1906.45      2.05319      197.325
759      16.0389      1.26821      951.16      -2857.55      -1906.39      2.05048      197.324
760      16.06      1.26564      949.231      -2855.55      -1906.32      2.04776      197.323
761      16.0811      1.26327      947.449      -2853.69      -1906.24      2.04506      197.321
762      16.1023      1.2611      945.826      -2851.99      -1906.16      2.04236      197.32
763      16.1234      1.25916      944.367      -2850.45      -1906.08      2.03967      197.319
764      16.1445      1.25743      943.076      -2849.07      -1905.99      2.03699      197.318
765      16.1657      1.25594      941.956      -2847.87      -1905.91      2.03432      197.317
766      16.1868      1.25468      941.006      -2846.83      -1905.82      2.03165      197.315
767      16.2079      1.25364      940.228      -2845.97      -1905.74      2.02899      197.314
768      16.2291      1.25282      939.616      -2845.27      -1905.66      2.02634      197.313
769      16.2502      1.25223      939.169      -2844.74      -1905.57      2.02369      197.312
770      16.2713      1.25184      938.878      -2844.38      -1905.5      2.02105      197.311
771      16.2924      1.25165      938.74      -2844.16      -1905.42      2.01842      197.31
772      16.3136      1.25166      938.746      -2844.1      -1905.35      2.0158      197.309
773      16.3347      1.25185      938.89      -2844.17      -1905.28      2.01318      197.309
774      16.3558      1.25222      939.164      -2844.38      -1905.22      2.01057      197.308
775      16.377      1.25275      939.559      -2844.72      -1905.16      2.00797      197.307
776      16.3981      1.25342      940.067      -2845.17      -1905.1      2.00538      197.306
777      16.4192      1.25424      940.678      -2845.73      -1905.05      2.00279      197.306
778      16.4404      1.25518      941.384      -2846.39      -1905.01      2.00021      197.305
779      16.4615      1.25623      942.176      -2847.14      -1904.96      1.99764      197.305
780      16.4826      1.25739      943.045      -2847.97      -1904.93      1.99507      197.304
781      16.5038      1.25864      943.98      -2848.88      -1904.9      1.99251      197.304
782      16.5249      1.25996      944.974      -2849.84      -1904.87      1.98996      197.303
783      16.546      1.26135      946.013      -2850.86      -1904.85      1.98742      197.303
784      16.5672      1.26279      947.09      -2851.92      -1904.83      1.98488      197.303
785      16.5883      1.26425      948.191      -2853.01      -1904.82      1.98235      197.303
786      16.6094      1.26574      949.304      -2854.12      -1904.81      1.97983      197.303
787      16.6306      1.26723      950.419      -2855.23      -1904.81      1.97731      197.303
788      16.6517      1.2687      951.522      -2856.34      -1904.82      1.9748      197.303
789      16.6728      1.27014      952.602      -2857.44      -1904.84      1.9723      197.303
790      16.6939      1.27153      953.645      -2858.5      -1904.86      1.96981      197.303
791      16.7151      1.27285      954.64      -2859.52      -1904.88      1.96732      197.303
792      16.7362      1.2741      955.573      -2860.49      -1904.91      1.96484      197.304
793      16.7573      1.27525      956.434      -2861.39      -1904.95      1.96237      197.304
794      16.7785      1.27628      957.212      -2862.21      -1904.99      1.9599      197.305
795      16.7996      1.2772      957.897      -2862.94      -1905.04      1.95744      197.305
796      16.8207      1.27798      958.482      -2863.57      -1905.09      1.95499      197.306
797      16.8419      1.27861      958.961      -2864.11      -1905.15      1.95254      197.307
798      16.863      1.2791      959.328      -2864.53      -1905.2      1.9501      197.307
799      16.8841      1.27944      959.578      -2864.84      -1905.26      1.94767      197.308
800      16.9053      1.27961      959.711      -2865.03      -1905.32      1.94524      197.309
801      16.9264      1.27963      959.724      -2865.1      -1905.38      1.94282      197.31
802      16.9475      1.27949      959.618      -2865.06      -1905.44      1.94041      197.311
803      16.9687      1.2792      959.397      -2864.89      -1905.5      1.93801      197.312
804      16.9898      1.27875      959.063      -2864.62      -1905.55      1.93561      197.313
805      17.0109      1.27816      958.62      -2864.23      -1905.61      1.93322      197.315
806      17.0321      1.27743      958.073      -2863.73      -1905.66      1.93083      197.316
807      17.0532      1.27657      957.427      -2863.13      -1905.71      1.92845      197.317
808      17.0743      1.27559      956.69      -2862.44      -1905.75      1.92608      197.319
809      17.0954      1.27449      955.869      -2861.66      -1905.79      1.92371      197.32
810      17.1166      1.2733      954.972      -2860.8      -1905.83      1.92135      197.322
811      17.1377      1.27201      954.006      -2859.87      -1905.86      1.919      197.323
812      17.1588      1.27064      952.982      -2858.87      -1905.89      1.91665      197.325
813      17.18      1.26921      951.909      -2857.82      -1905.91      1.91431      197.327
814      17.2011      1.26773      950.796      -2856.73      -1905.93      1.91198      197.329
815      17.2222      1.26621      949.654      -2855.6      -1905.94      1.90965      197.331
816      17.2434      1.26466      948.494      -2854.45      -1905.95      1.90733      197.333
817      17.2645      1.2631      947.328      -2853.28      -1905.95      1.90501      197.334
818      17.2856      1.26155      946.165      -2852.12      -1905.95      1.9027      197.337
819      17.3068      1.26002      945.018      -2850.96      -1905.94      1.9004      197.339
820      17.3279      1.25853      943.9      -2849.82      -1905.93      1.8981      197.341
821      17.349      1.2571      942.823      -2848.73      -1905.9      1.89581      197.343
822      17.3702      1.25573      941.799      -2847.67      -1905.87      1.89353      197.345
823      17.3913      1.25446      940.843      -2846.68      -1905.84      1.89125      197.347
824      17.4124      1.25329      939.966      -2845.76      -1905.8      1.88897      197.35
825      17.4336      1.25224      939.181      -2844.93      -1905.75      1.88671      197.352
826      17.4547      1.25133      938.499      -2844.2      -1905.7      1.88444      197.354
827      17.4758      1.25057      937.93      -2843.57      -1905.64      1.88219      197.357
828      17.4969      1.24998      937.485      -2843.06      -1905.58      1.87994      197.359
829      17.5181      1.24956      937.172      -2842.68      -1905.51      1.87769      197.361
830      17.5392      1.24933      936.997      -2842.44      -1905.44      1.87545      197.364
831      17.5603      1.24929      936.965      -2842.33      -1905.37      1.87322      197.366
832      17.5815      1.24944      937.079      -2842.38      -1905.3      1.87099      197.369
833      17.6026      1.24979      937.341      -2842.56      -1905.22      1.86877      197.371
834      17.6237      1.25033      937.749      -2842.9      -1905.15      1.86655      197.374
835      17.6449      1.25107      938.302      -2843.38      -1905.08      1.86434      197.376
836      17.666      1.25199      938.996      -2844.01      -1905.01      1.86214      197.379
837      17.6871      1.2531      939.824      -2844.77      -1904.94      1.85994      197.382
838      17.7083      1.25437      940.779      -2845.66      -1904.88      1.85774      197.384
839      17.7294      1.25581      941.854      -2846.68      -1904.82      1.85555      197.387
840      17.7505      1.25739      943.039      -2847.81      -1904.77      1.85336      197.389
841      17.7717      1.2591      944.325      -2849.04      -1904.72      1.85118      197.392
842      17.7928      1.26094      945.702      -2850.38      -1904.67      1.84901      197.394
843      17.8139      1.26288      947.161      -2851.8      -1904.64      1.84684      197.397
844      17.8351      1.26492      948.692      -2853.29      -1904.6      1.84468      197.399
845      17.8562      1.26705      950.286      -2854.86      -1904.57      1.84252      197.402
846      17.8773      1.26924      951.933      -2856.48      -1904.55      1.84036      197.404
847      17.8984      1.2715      953.626      -2858.15      -1904.52      1.83821      197.407
848      17.9196      1.27381      955.356      -2859.86      -1904.51      1.83607      197.409
849      17.9407      1.27615      957.115      -2861.61      -1904.49      1.83393      197.412
850      17.9618      1.27853      958.895      -2863.38      -1904.48      1.83179      197.414
851      17.983      1.28092      960.69      -2865.17      -1904.48      1.82966      197.417
852      18.0041      1.28333      962.495      -2866.97      -1904.47      1.82754      197.419
853      18.0252      1.28574      964.303      -2868.77      -1904.47      1.82541      197.421
854      18.0464      1.28814      966.109      -2870.58      -1904.47      1.8233      197.423
855      18.0675      1.29055      967.909      -2872.39      -1904.48      1.82119      197.426
856      18.0886      1.29293      969.699      -2874.18      -1904.48      1.81908      197.428
857      18.1098      1.2953      971.474      -2875.97      -1904.49      1.81697      197.43
858      18.1309      1.29764      973.232      -2877.73      -1904.5      1.81488      197.432
859      18.152      1.29996      974.969      -2879.48      -1904.51      1.81278      197.434
860      18.1732      1.30224      976.68      -2881.2      -1904.52      1.81069      197.436
861      18.1943      1.30448      978.363      -2882.9      -1904.54      1.8086      197.438
862      18.2154      1.30669      980.015      -2884.57      -1904.56      1.80652      197.439
863      18.2366      1.30884      981.632      -2886.2      -1904.57      1.80445      197.441
864      18.2577      1.31095      983.213      -2887.8      -1904.59      1.80237      197.443
865      18.2788      1.31301      984.755      -2889.37      -1904.61      1.8003      197.444
866      18.2999      1.315      986.253      -2890.89      -1904.63      1.79824      197.446
867      18.3211      1.31694      987.706      -2892.36      -1904.66      1.79618      197.447
868      18.3422      1.31881      989.11      -2893.79      -1904.68      1.79412      197.449
869      18.3633      1.32062      990.462      -2895.17      -1904.71      1.79206      197.45
870      18.3845      1.32235      991.761      -2896.5      -1904.74      1.79001      197.451
871      18.4056      1.324      993.002      -2897.77      -1904.77      1.78797      197.452
872      18.4267      1.32558      994.182      -2898.98      -1904.8      1.78593      197.453
873      18.4479      1.32706      995.297      -2900.13      -1904.83      1.78389      197.454
874      18.469      1.32846      996.342      -2901.21      -1904.86      1.78185      197.454
875      18.4901      1.32975      997.313      -2902.22      -1904.9      1.77982      197.455
876      18.5113      1.33094      998.204      -2903.15      -1904.94      1.7778      197.456
877      18.5324      1.33201      999.008      -2904      -1904.99      1.77577      197.456
878      18.5535      1.33296      999.719      -2904.75      -1905.04      1.77376      197.456
879      18.5747      1.33377      1000.33      -2905.42      -1905.09      1.77174      197.457
880      18.5958      1.33444      1000.83      -2905.97      -1905.14      1.76973      197.457
881      18.6169      1.33495      1001.21      -2906.41      -1905.2      1.76772      197.457
882      18.6381      1.3353      1001.47      -2906.74      -1905.26      1.76572      197.457
883      18.6592      1.33547      1001.6      -2906.93      -1905.33      1.76372      197.457
884      18.6803      1.33546      1001.59      -2906.99      -1905.4      1.76172      197.457
885      18.7014      1.33525      1001.44      -2906.91      -1905.47      1.75973      197.456
886      18.7226      1.33485      1001.14      -2906.69      -1905.55      1.75774      197.456
887      18.7437      1.33425      1000.69      -2906.31      -1905.62      1.75575      197.456
888      18.7648      1.33345      1000.09      -2905.79      -1905.7      1.75377      197.455
889      18.786      1.33245      999.339      -2905.11      -1905.77      1.75179      197.455
890      18.8071      1.33126      998.443      -2904.29      -1905.84      1.74982      197.454
891      18.8282      1.32988      997.407      -2903.32      -1905.91      1.74785      197.453
892      18.8494      1.32832      996.239      -2902.21      -1905.98      1.74588      197.453
893      18.8705      1.3266      994.948      -2900.98      -1906.04      1.74392      197.452
894      18.8916      1.32473      993.548      -2899.64      -1906.09      1.74196      197.451
895      18.9128      1.32274      992.052      -2898.19      -1906.14      1.74001      197.45
896      18.9339      1.32063      990.475      -2896.65      -1906.17      1.73806      197.449
897      18.955      1.31845      988.836      -2895.04      -1906.2      1.73611      197.448
898      18.9762      1.3162      987.152      -2893.37      -1906.22      1.73417      197.447
899      18.9973      1.31392      985.442      -2891.67      -1906.23      1.73223      197.446
900      19.0184      1.31163      983.724      -2889.96      -1906.23      1.73029      197.445
901      19.0396      1.30936      982.019      -2888.24      -1906.23      1.72836      197.444
902      19.0607      1.30713      980.345      -2886.55      -1906.21      1.72644      197.443
903      19.0818      1.30496      978.72      -2884.9      -1906.18      1.72452      197.442
904      19.1029      1.30288      977.161      -2883.31      -1906.15      1.7226      197.44
905      19.1241      1.30091      975.684      -2881.79      -1906.1      1.72069      197.439
906      19.1452      1.29907      974.304      -2880.36      -1906.05      1.71878      197.438
907      19.1663      1.29738      973.033      -2879.03      -1906      1.71687      197.437
908      19.1875      1.29584      971.883      -2877.82      -1905.93      1.71497      197.436
909      19.2086      1.29448      970.861      -2876.73      -1905.87      1.71308      197.435
910      19.2297      1.2933      969.975      -2875.78      -1905.8      1.71119      197.434
911      19.2509      1.29231      969.229      -2874.96      -1905.73      1.7093      197.433
912      19.272      1.2915      968.624      -2874.28      -1905.66      1.70741      197.432
913      19.2931      1.29088      968.161      -2873.75      -1905.59      1.70554      197.431
914      19.3143      1.29045      967.834      -2873.36      -1905.52      1.70366      197.43
915      19.3354      1.29019      967.639      -2873.1      -1905.46      1.70179      197.429
916      19.3565      1.29009      967.568      -2872.96      -1905.4      1.69993      197.428
917      19.3777      1.29015      967.61      -2872.95      -1905.34      1.69806      197.427
918      19.3988      1.29034      967.751      -2873.04      -1905.29      1.69621      197.426
919      19.4199      1.29064      967.977      -2873.23      -1905.25      1.69435      197.425
920      19.4411      1.29103      968.27      -2873.49      -1905.22      1.6925      197.424
921      19.4622      1.29148      968.61      -2873.81      -1905.2      1.69066      197.424
922      19.4833      1.29197      968.978      -2874.17      -1905.19      1.68882      197.423
923      19.5044      1.29247      969.351      -2874.54      -1905.19      1.68698      197.422
924      19.5256      1.29294      969.707      -2874.91      -1905.2      1.68515      197.421
925      19.5467      1.29336      970.023      -2875.25      -1905.22      1.68332      197.421
926      19.5678      1.2937      970.278      -2875.54      -1905.26      1.6815      197.42
927      19.589      1.29393      970.45      -2875.75      -1905.3      1.67968      197.419
928      19.6101      1.29402      970.516      -2875.87      -1905.36      1.67786      197.418
929      19.6312      1.29394      970.456      -2875.88      -1905.42      1.67605      197.418
930      19.6524      1.29367      970.252      -2875.75      -1905.5      1.67424      197.417
931      19.6735      1.29318      969.886      -2875.46      -1905.58      1.67244      197.416
932      19.6946      1.29246      969.343      -2875.01      -1905.67      1.67064      197.416
933      19.7158      1.29148      968.613      -2874.38      -1905.76      1.66884      197.415
934      19.7369      1.29024      967.683      -2873.55      -1905.87      1.66705      197.414
935      19.758      1.28873      966.548      -2872.52      -1905.97      1.66526      197.413
936      19.7792      1.28693      965.201      -2871.28      -1906.08      1.66347      197.413
937      19.8003      1.28485      963.64      -2869.82      -1906.18      1.66169      197.412
938      19.8214      1.28249      961.867      -2868.16      -1906.29      1.65992      197.411
939      19.8426      1.27985      959.885      -2866.28      -1906.39      1.65814      197.411
940      19.8637      1.27693      957.699      -2864.19      -1906.49      1.65637      197.41
941      19.8848      1.27376      955.319      -2861.91      -1906.59      1.6546      197.409
942      19.9059      1.27034      952.757      -2859.44      -1906.68      1.65284      197.408
943      19.9271      1.2667      950.027      -2856.79      -1906.76      1.65108      197.407
944      19.9482      1.26286      947.143      -2853.98      -1906.83      1.64932      197.406
945      19.9693      1.25884      944.126      -2851.03      -1906.9      1.64757      197.406
946      19.9905      1.25466      940.996      -2847.95      -1906.95      1.64582      197.405
947      20.0116      1.25037      937.775      -2844.77      -1907      1.64408      197.404
948      20.0327      1.24598      934.487      -2841.51      -1907.03      1.64234      197.403
949      20.0539      1.24154      931.159      -2838.2      -1907.04      1.6406      197.402
950      20.075      1.23709      927.816      -2834.86      -1907.05      1.63886      197.401
951      20.0961      1.23265      924.489      -2831.52      -1907.03      1.63713      197.4
952      20.1173      1.22827      921.204      -2828.21      -1907.01      1.6354      197.399
953      20.1384      1.22399      917.991      -2824.96      -1906.97      1.63368      197.398
954      20.1595      1.21984      914.879      -2821.8      -1906.92      1.63196      197.397
955      20.1807      1.21586      911.896      -2818.74      -1906.85      1.63024      197.396
956      20.2018      1.2121      909.072      -2815.84      -1906.77      1.62852      197.395
957      20.2229      1.20858      906.433      -2813.1      -1906.67      1.62681      197.394
958      20.2441      1.20534      904.003      -2810.56      -1906.56      1.62511      197.392
959      20.2652      1.20241      901.807      -2808.25      -1906.44      1.6234      197.391
960      20.2863      1.19982      899.865      -2806.18      -1906.31      1.6217      197.39
961      20.3074      1.19759      898.195      -2804.37      -1906.17      1.62001      197.389
962      20.3286      1.19575      896.813      -2802.84      -1906.03      1.61831      197.388
963      20.3497      1.19431      895.729      -2801.61      -1905.88      1.61662      197.387
964      20.3708      1.19327      894.953      -2800.68      -1905.72      1.61494      197.386
965      20.392      1.19265      894.491      -2800.06      -1905.57      1.61325      197.384
966      20.4131      1.19246      894.343      -2799.75      -1905.41      1.61157      197.383
967      20.4342      1.19268      894.508      -2799.76      -1905.25      1.6099      197.382
968      20.4554      1.19331      894.979      -2800.08      -1905.1      1.60822      197.381
969      20.4765      1.19433      895.749      -2800.7      -1904.95      1.60656      197.38
970      20.4976      1.19574      896.804      -2801.62      -1904.81      1.60489      197.379
971      20.5188      1.19751      898.13      -2802.81      -1904.68      1.60323      197.378
972      20.5399      1.19961      899.708      -2804.26      -1904.55      1.60157      197.376
973      20.561      1.20202      901.519      -2805.96      -1904.44      1.59991      197.375
974      20.5822      1.20472      903.54      -2807.88      -1904.34      1.59826      197.374
975      20.6033      1.20767      905.75      -2810      -1904.25      1.59662      197.373
976      20.6244      1.21083      908.124      -2812.29      -1904.17      1.59497      197.372
977      20.6456      1.21419      910.639      -2814.74      -1904.1      1.59333      197.371
978      20.6667      1.21769      913.271      -2817.32      -1904.04      1.59169      197.37
979      20.6878      1.22133      915.995      -2820      -1904      1.59006      197.369
980      20.7089      1.22505      918.789      -2822.76      -1903.97      1.58843      197.368
981      20.7301      1.22884      921.631      -2825.58      -1903.95      1.58681      197.368
982      20.7512      1.23267      924.501      -2828.44      -1903.94      1.58518      197.367
983      20.7723      1.23651      927.382      -2831.31      -1903.93      1.58356      197.366
984      20.7935      1.24034      930.256      -2834.19      -1903.94      1.58195      197.365
985      20.8146      1.24415      933.111      -2837.06      -1903.95      1.58034      197.365
986      20.8357      1.24791      935.934      -2839.9      -1903.97      1.57873      197.364
987      20.8569      1.25162      938.714      -2842.7      -1903.99      1.57713      197.364
988      20.878      1.25526      941.446      -2845.46      -1904.02      1.57553      197.363
989      20.8991      1.25883      944.123      -2848.17      -1904.04      1.57393      197.363
990      20.9203      1.26232      946.742      -2850.82      -1904.07      1.57234      197.362
991      20.9414      1.26574      949.302      -2853.41      -1904.1      1.57075      197.362
992      20.9625      1.26907      951.801      -2855.93      -1904.13      1.56916      197.362
993      20.9837      1.27232      954.241      -2858.4      -1904.16      1.56758      197.361
994      21.0048      1.2755      956.622      -2860.81      -1904.19      1.566      197.361
995      21.0259      1.2786      958.946      -2863.17      -1904.22      1.56443      197.361
996      21.0471      1.28162      961.217      -2865.46      -1904.25      1.56286      197.361
997      21.0682      1.28458      963.438      -2867.71      -1904.27      1.56129      197.361
998      21.0893      1.28748      965.609      -2869.91      -1904.3      1.55973      197.361
999      21.1104      1.29031      967.733      -2872.05      -1904.32      1.55817      197.361
1000      21.1316      1.29308      969.811      -2874.16      -1904.34      1.55661      197.362
1000      21.1316      1.29308      969.811      -2874.16      -1904.34      1.55661      197.362
Execution time in seconds: 1.82202
