Timestep Time Temperature KineticEnergy PotentialEnergy TotalEnergy DiffusionConstant MeanSquareDisplacement
1      0.00535789      2.43278      1824.58      -3730.15      -1905.57      6132.15      197.132
2      0.0107158      2.43261      1824.46      -3730.03      -1905.57      3066.08      197.133
3      0.0160737      2.43234      1824.26      -3729.83      -1905.57      2044.06      197.134
4      0.0214316      2.43196      1823.97      -3729.54      -1905.57      1533.05      197.135
5      0.0267895      2.43148      1823.61      -3729.18      -1905.57      1226.45      197.135
6      0.0321474      2.43088      1823.16      -3728.73      -1905.57      1022.04      197.136
7      0.0375053      2.43018      1822.63      -3728.2      -1905.57      876.041      197.137
8      0.0428632      2.42937      1822.03      -3727.59      -1905.57      766.538      197.138
9      0.0482211      2.42845      1821.34      -3726.91      -1905.57      681.37      197.138
10      0.0535789      2.42742      1820.57      -3726.13      -1905.57      613.235      197.139
11      0.0589368      2.42628      1819.71      -3725.28      -1905.57      557.489      197.14
12      0.0642947      2.42504      1818.78      -3724.35      -1905.57      511.034      197.141
13      0.0696526      2.42369      1817.77      -3723.34      -1905.57      471.725      197.141
14      0.0750105      2.42223      1816.67      -3722.24      -1905.57      438.032      197.142
15      0.0803684      2.42066      1815.49      -3721.06      -1905.57      408.832      197.143
16      0.0857263      2.41898      1814.24      -3719.8      -1905.57      383.281      197.144
17      0.0910842      2.41719      1812.9      -3718.46      -1905.57      360.737      197.144
18      0.0964421      2.4153      1811.47      -3717.04      -1905.57      340.697      197.145
19      0.1018      2.4133      1809.97      -3715.54      -1905.57      322.767      197.146
20      0.107158      2.41118      1808.39      -3713.96      -1905.57      306.63      197.147
21      0.112516      2.40896      1806.72      -3712.29      -1905.57      292.03      197.148
22      0.117874      2.40663      1804.97      -3710.54      -1905.57      278.757      197.148
23      0.123232      2.40419      1803.14      -3708.71      -1905.57      266.638      197.149
24      0.128589      2.40164      1801.23      -3706.8      -1905.57      255.529      197.15
25      0.133947      2.39898      1799.24      -3704.81      -1905.57      245.309      197.151
26      0.139305      2.39621      1797.16      -3702.73      -1905.57      235.875      197.152
27      0.144663      2.39334      1795      -3700.57      -1905.57      227.14      197.152
28      0.150021      2.39035      1792.76      -3698.33      -1905.57      219.028      197.153
29      0.155379      2.38725      1790.44      -3696.01      -1905.57      211.477      197.154
30      0.160737      2.38404      1788.03      -3693.6      -1905.57      204.428      197.155
31      0.166095      2.38072      1785.54      -3691.11      -1905.57      197.835      197.156
32      0.171453      2.3773      1782.97      -3688.54      -1905.57      191.653      197.157
33      0.176811      2.37376      1780.32      -3685.89      -1905.57      185.846      197.157
34      0.182168      2.37011      1777.58      -3683.15      -1905.57      180.381      197.158
35      0.187526      2.36634      1774.76      -3680.33      -1905.57      175.228      197.159
36      0.192884      2.36247      1771.85      -3677.42      -1905.57      170.361      197.16
37      0.198242      2.35849      1768.87      -3674.44      -1905.57      165.758      197.161
38      0.2036      2.35439      1765.79      -3671.36      -1905.57      161.396      197.162
39      0.208958      2.35019      1762.64      -3668.21      -1905.57      157.259      197.162
40      0.214316      2.34587      1759.4      -3664.97      -1905.57      153.328      197.163
41      0.219674      2.34144      1756.08      -3661.65      -1905.57      149.589      197.164
42      0.225032      2.3369      1752.67      -3658.24      -1905.57      146.028      197.165
43      0.230389      2.33224      1749.18      -3654.75      -1905.57      142.632      197.166
44      0.235747      2.32747      1745.61      -3651.18      -1905.57      139.391      197.167
45      0.241105      2.32259      1741.95      -3647.52      -1905.57      136.294      197.168
46      0.246463      2.3176      1738.2      -3643.77      -1905.57      133.332      197.168
47      0.251821      2.3125      1734.37      -3639.94      -1905.57      130.496      197.169
48      0.257179      2.30728      1730.46      -3636.03      -1905.57      127.778      197.17
49      0.262537      2.30195      1726.46      -3632.03      -1905.57      125.17      197.171
50      0.267895      2.29651      1722.38      -3627.95      -1905.57      122.668      197.172
51      0.273253      2.29095      1718.21      -3623.78      -1905.57      120.263      197.173
52      0.278611      2.28528      1713.96      -3619.53      -1905.57      117.951      197.174
53      0.283968      2.27949      1709.62      -3615.19      -1905.57      115.726      197.175
54      0.289326      2.27359      1705.2      -3610.76      -1905.57      113.583      197.175
55      0.294684      2.26758      1700.69      -3606.26      -1905.57      111.518      197.176
56      0.300042      2.26145      1696.09      -3601.66      -1905.57      109.528      197.177
57      0.3054      2.25521      1691.41      -3596.98      -1905.57      107.607      197.178
58      0.310758      2.24886      1686.64      -3592.21      -1905.57      105.752      197.179
59      0.316116      2.24239      1681.79      -3587.36      -1905.57      103.96      197.18
60      0.321474      2.23581      1676.86      -3582.43      -1905.57      102.228      197.181
61      0.326832      2.22911      1671.83      -3577.4      -1905.57      100.552      197.182
62      0.332189      2.2223      1666.72      -3572.29      -1905.57      98.9308      197.183
63      0.337547      2.21537      1661.53      -3567.1      -1905.57      97.3609      197.184
64      0.342905      2.20833      1656.25      -3561.82      -1905.57      95.8401      197.184
65      0.348263      2.20118      1650.88      -3556.45      -1905.57      94.3661      197.185
66      0.353621      2.19391      1645.43      -3551      -1905.57      92.9367      197.186
67      0.358979      2.18653      1639.9      -3545.47      -1905.57      91.55      197.187
68      0.364337      2.17903      1634.27      -3539.84      -1905.57      90.2041      197.188
69      0.369695      2.17142      1628.56      -3534.13      -1905.57      88.8972      197.189
70      0.375053      2.16369      1622.77      -3528.34      -1905.57      87.6276      197.19
71      0.380411      2.15585      1616.89      -3522.46      -1905.57      86.3939      197.191
72      0.385768      2.1479      1610.92      -3516.5      -1905.57      85.1943      197.192
73      0.391126      2.13983      1604.87      -3510.45      -1905.57      84.0277      197.193
74      0.396484      2.13165      1598.74      -3504.31      -1905.57      82.8926      197.194
75      0.401842      2.12336      1592.52      -3498.09      -1905.57      81.7877      197.194
76      0.4072      2.11495      1586.22      -3491.79      -1905.57      80.7119      197.195
77      0.412558      2.10644      1579.83      -3485.4      -1905.57      79.6641      197.196
78      0.417916      2.09781      1573.35      -3478.92      -1905.57      78.6431      197.197
79      0.423274      2.08906      1566.8      -3472.37      -1905.57      77.648      197.198
80      0.428632      2.08021      1560.16      -3465.73      -1905.57      76.6778      197.199
81      0.433989      2.07125      1553.44      -3459.01      -1905.57      75.7315      197.2
82      0.439347      2.06218      1546.63      -3452.2      -1905.57      74.8083      197.201
83      0.444705      2.05299      1539.74      -3445.31      -1905.57      73.9073      197.202
84      0.450063      2.0437      1532.78      -3438.35      -1905.57      73.0278      197.203
85      0.455421      2.0343      1525.73      -3431.3      -1905.57      72.169      197.204
86      0.460779      2.02479      1518.59      -3424.16      -1905.57      71.3301      197.205
87      0.466137      2.01518      1511.38      -3416.95      -1905.57      70.5106      197.205
88      0.471495      2.00546      1504.09      -3409.66      -1905.57      69.7097      197.206
89      0.476853      1.99563      1496.72      -3402.29      -1905.57      68.9267      197.207
90      0.482211      1.9857      1489.28      -3394.85      -1905.57      68.1612      197.208
91      0.487568      1.97567      1481.75      -3387.32      -1905.57      67.4125      197.209
92      0.492926      1.96553      1474.15      -3379.72      -1905.57      66.6801      197.21
93      0.498284      1.9553      1466.47      -3372.04      -1905.57      65.9634      197.211
94      0.503642      1.94496      1458.72      -3364.29      -1905.57      65.2619      197.212
95      0.509      1.93453      1450.89      -3356.46      -1905.57      64.5753      197.213
96      0.514358      1.92399      1442.99      -3348.56      -1905.57      63.9029      197.214
97      0.519716      1.91336      1435.02      -3340.59      -1905.57      63.2444      197.215
98      0.525074      1.90264      1426.98      -3332.55      -1905.57      62.5994      197.216
99      0.530432      1.89182      1418.87      -3324.44      -1905.57      61.9673      197.217
100      0.535789      1.88091      1410.68      -3316.25      -1905.57      61.3479      197.217
101      0.541147      1.86991      1402.43      -3308      -1905.57      60.7408      197.218
102      0.546505      1.85882      1394.12      -3299.69      -1905.57      60.1456      197.219
103      0.551863      1.84765      1385.74      -3291.3      -1905.57      59.5619      197.22
104      0.557221      1.83639      1377.29      -3282.86      -1905.57      58.9895      197.221
105      0.562579      1.82504      1368.78      -3274.35      -1905.57      58.428      197.222
106      0.567937      1.81362      1360.21      -3265.78      -1905.57      57.877      197.223
107      0.573295      1.80211      1351.58      -3257.15      -1905.57      57.3364      197.224
108      0.578653      1.79053      1342.9      -3248.47      -1905.57      56.8058      197.225
109      0.584011      1.77887      1334.15      -3239.72      -1905.57      56.2849      197.226
110      0.589368      1.76714      1325.36      -3230.93      -1905.57      55.7735      197.227
111      0.594726      1.75534      1316.51      -3222.07      -1905.57      55.2712      197.228
112      0.600084      1.74347      1307.6      -3213.17      -1905.57      54.778      197.228
113      0.605442      1.73154      1298.65      -3204.22      -1905.57      54.2935      197.229
114      0.6108      1.71954      1289.66      -3195.23      -1905.57      53.8175      197.23
115      0.616158      1.70749      1280.61      -3186.18      -1905.57      53.3497      197.231
116      0.621516      1.69537      1271.53      -3177.1      -1905.57      52.8901      197.232
117      0.626874      1.6832      1262.4      -3167.97      -1905.57      52.4383      197.233
118      0.632232      1.67098      1253.24      -3158.8      -1905.57      51.9941      197.234
119      0.637589      1.65871      1244.03      -3149.6      -1905.57      51.5574      197.235
120      0.642947      1.64639      1234.8      -3140.36      -1905.57      51.128      197.236
121      0.648305      1.63404      1225.53      -3131.09      -1905.57      50.7057      197.237
122      0.653663      1.62164      1216.23      -3121.8      -1905.57      50.2903      197.237
123      0.659021      1.6092      1206.9      -3112.47      -1905.57      49.8817      197.238
124      0.664379      1.59674      1197.55      -3103.12      -1905.57      49.4796      197.239
125      0.669737      1.58424      1188.18      -3093.75      -1905.57      49.084      197.24
126      0.675095      1.57172      1178.79      -3084.35      -1905.57      48.6947      197.241
127      0.680453      1.55917      1169.38      -3074.94      -1905.57      48.3114      197.242
128      0.685811      1.54661      1159.95      -3065.52      -1905.57      47.9342      197.243
129      0.691168      1.53403      1150.52      -3056.09      -1905.57      47.5629      197.244
130      0.696526      1.52143      1141.08      -3046.64      -1905.57      47.1972      197.245
131      0.701884      1.50884      1131.63      -3037.19      -1905.57      46.8371      197.245
132      0.707242      1.49623      1122.17      -3027.74      -1905.57      46.4825      197.246
133      0.7126      1.48363      1112.72      -3018.29      -1905.57      46.1332      197.247
134      0.717958      1.47103      1103.27      -3008.84      -1905.57      45.7891      197.248
135      0.723316      1.45844      1093.83      -2999.4      -1905.57      45.4501      197.249
136      0.728674      1.44586      1084.4      -2989.96      -1905.57      45.1162      197.25
137      0.734032      1.4333      1074.97      -2980.54      -1905.57      44.787      197.251
138      0.739389      1.42076      1065.57      -2971.13      -1905.56      44.4627      197.251
139      0.744747      1.40824      1056.18      -2961.74      -1905.56      44.143      197.252
140      0.750105      1.39575      1046.81      -2952.38      -1905.56      43.8279      197.253
141      0.755463      1.38329      1037.47      -2943.04      -1905.56      43.5172      197.254
142      0.760821      1.37088      1028.16      -2933.72      -1905.56      43.2109      197.255
143      0.766179      1.3585      1018.87      -2924.44      -1905.56      42.909      197.256
144      0.771537      1.34616      1009.62      -2915.19      -1905.56      42.6112      197.256
145      0.776895      1.33388      1000.41      -2905.97      -1905.56      42.3175      197.257
146      0.782253      1.32165      991.239      -2896.8      -1905.56      42.0278      197.258
147      0.787611      1.30948      982.112      -2887.67      -1905.56      41.7421      197.259
148      0.792968      1.29737      973.031      -2878.59      -1905.56      41.4602      197.26
149      0.798326      1.28533      964      -2869.56      -1905.56      41.1821      197.261
150      0.803684      1.27336      955.023      -2860.59      -1905.56      40.9077      197.261
151      0.809042      1.26147      946.102      -2851.66      -1905.56      40.637      197.262
152      0.8144      1.24965      937.241      -2842.8      -1905.56      40.3698      197.263
153      0.819758      1.23792      928.442      -2834      -1905.56      40.1061      197.264
154      0.825116      1.22628      919.709      -2825.27      -1905.56      39.8458      197.265
155      0.830474      1.21473      911.045      -2816.61      -1905.56      39.5889      197.265
156      0.835832      1.20327      902.453      -2808.01      -1905.56      39.3353      197.266
157      0.841189      1.19191      893.935      -2799.5      -1905.56      39.0849      197.267
158      0.846547      1.18066      885.496      -2791.06      -1905.56      38.8377      197.268
159      0.851905      1.16952      877.137      -2782.7      -1905.56      38.5936      197.268
160      0.857263      1.15848      868.861      -2774.42      -1905.56      38.3525      197.269
161      0.862621      1.14756      860.672      -2766.23      -1905.56      38.1144      197.27
162      0.867979      1.13676      852.572      -2758.13      -1905.56      37.8793      197.271
163      0.873337      1.12609      844.564      -2750.12      -1905.56      37.6471      197.271
164      0.878695      1.11553      836.65      -2742.21      -1905.56      37.4177      197.272
165      0.884053      1.10511      828.833      -2734.39      -1905.56      37.191      197.273
166      0.889411      1.09482      821.115      -2726.67      -1905.56      36.9671      197.274
167      0.894768      1.08466      813.499      -2719.06      -1905.56      36.7459      197.274
168      0.900126      1.07465      805.987      -2711.55      -1905.56      36.5273      197.275
169      0.905484      1.06477      798.581      -2704.14      -1905.56      36.3113      197.276
170      0.910842      1.05504      791.283      -2696.84      -1905.56      36.0978      197.277
171      0.9162      1.04546      784.096      -2689.66      -1905.56      35.8869      197.277
172      0.921558      1.03603      777.021      -2682.58      -1905.56      35.6783      197.278
173      0.926916      1.02675      770.061      -2675.62      -1905.56      35.4722      197.279
174      0.932274      1.01762      763.217      -2668.78      -1905.56      35.2685      197.279
175      0.937632      1.00865      756.491      -2662.05      -1905.56      35.0671      197.28
176      0.942989      0.999846      749.884      -2655.44      -1905.56      34.868      197.281
177      0.948347      0.991199      743.399      -2648.96      -1905.56      34.6711      197.281
178      0.953705      0.982715      737.036      -2642.59      -1905.56      34.4764      197.282
179      0.959063      0.974396      730.797      -2636.36      -1905.56      34.2839      197.283
180      0.964421      0.966245      724.684      -2630.24      -1905.56      34.0936      197.283
181      0.969779      0.958262      718.696      -2624.25      -1905.56      33.9053      197.284
182      0.975137      0.950449      712.836      -2618.39      -1905.56      33.7192      197.285
183      0.980495      0.942807      707.105      -2612.66      -1905.56      33.535      197.285
184      0.985853      0.935337      701.503      -2607.06      -1905.56      33.3529      197.286
185      0.991211      0.928041      696.031      -2601.59      -1905.56      33.1727      197.287
186      0.996568      0.920919      690.689      -2596.25      -1905.56      32.9944      197.287
187      1.00193      0.913972      685.479      -2591.04      -1905.56      32.8181      197.288
188      1.00728      0.907201      680.401      -2585.96      -1905.56      32.6436      197.289
189      1.01264      0.900606      675.455      -2581.01      -1905.56      32.471      197.289
190      1.018      0.894188      670.641      -2576.2      -1905.56      32.3002      197.29
191      1.02336      0.887947      665.96      -2571.52      -1905.56      32.1312      197.29
192      1.02872      0.881882      661.412      -2566.97      -1905.56      31.964      197.291
193      1.03407      0.875995      656.996      -2562.55      -1905.56      31.7984      197.292
194      1.03943      0.870285      652.714      -2558.27      -1905.56      31.6346      197.292
195      1.04479      0.864752      648.564      -2554.12      -1905.56      31.4725      197.293
196      1.05015      0.859395      644.546      -2550.1      -1905.56      31.312      197.293
197      1.05551      0.854215      640.661      -2546.22      -1905.56      31.1532      197.294
198      1.06086      0.849209      636.907      -2542.47      -1905.56      30.9959      197.295
199      1.06622      0.844379      633.284      -2538.84      -1905.56      30.8402      197.295
200      1.07158      0.839723      629.792      -2535.35      -1905.56      30.6861      197.296
201      1.07694      0.83524      626.43      -2531.99      -1905.56      30.5336      197.296
202      1.08229      0.830929      623.197      -2528.76      -1905.56      30.3825      197.297
203      1.08765      0.82679      620.093      -2525.65      -1905.56      30.2329      197.297
204      1.09301      0.822821      617.116      -2522.67      -1905.56      30.0848      197.298
205      1.09837      0.819021      614.265      -2519.82      -1905.56      29.9381      197.298
206      1.10373      0.815388      611.541      -2517.1      -1905.56      29.7929      197.299
207      1.10908      0.811921      608.941      -2514.5      -1905.56      29.649      197.299
208      1.11444      0.808619      606.464      -2512.02      -1905.56      29.5065      197.3
209      1.1198      0.80548      604.11      -2509.67      -1905.56      29.3654      197.301
210      1.12516      0.802503      601.877      -2507.44      -1905.56      29.2257      197.301
211      1.13052      0.799685      599.764      -2505.32      -1905.56      29.0872      197.302
212      1.13587      0.797025      597.769      -2503.33      -1905.56      28.9501      197.302
213      1.14123      0.794521      595.891      -2501.45      -1905.56      28.8143      197.303
214      1.14659      0.792172      594.129      -2499.69      -1905.56      28.6797      197.303
215      1.15195      0.789975      592.481      -2498.04      -1905.56      28.5464      197.304
216      1.15731      0.787928      590.946      -2496.51      -1905.56      28.4143      197.304
217      1.16266      0.78603      589.522      -2495.08      -1905.56      28.2834      197.304
218      1.16802      0.784277      588.208      -2493.77      -1905.56      28.1537      197.305
219      1.17338      0.782668      587.001      -2492.56      -1905.56      28.0252      197.305
220      1.17874      0.781202      585.901      -2491.46      -1905.56      27.8979      197.306
221      1.18409      0.779875      584.906      -2490.47      -1905.56      27.7718      197.306
222      1.18945      0.778685      584.014      -2489.57      -1905.56      27.6467      197.307
223      1.19481      0.77763      583.223      -2488.78      -1905.56      27.5228      197.307
224      1.20017      0.776708      582.531      -2488.09      -1905.56      27.4      197.308
225      1.20553      0.775916      581.937      -2487.5      -1905.56      27.2783      197.308
226      1.21088      0.775253      581.44      -2487      -1905.56      27.1576      197.309
227      1.21624      0.774715      581.036      -2486.6      -1905.56      27.0381      197.309
228      1.2216      0.7743      580.725      -2486.29      -1905.56      26.9195      197.309
229      1.22696      0.774007      580.505      -2486.07      -1905.56      26.802      197.31
230      1.23232      0.773832      580.374      -2485.93      -1905.56      26.6856      197.31
231      1.23767      0.773772      580.329      -2485.89      -1905.56      26.5701      197.311
232      1.24303      0.773827      580.37      -2485.93      -1905.56      26.4556      197.311
233      1.24839      0.773993      580.495      -2486.06      -1905.56      26.3421      197.312
234      1.25375      0.774267      580.7      -2486.26      -1905.56      26.2296      197.312
235      1.25911      0.774648      580.986      -2486.55      -1905.56      26.1181      197.312
236      1.26446      0.775133      581.35      -2486.91      -1905.56      26.0074      197.313
237      1.26982      0.775719      581.79      -2487.35      -1905.56      25.8978      197.313
238      1.27518      0.776405      582.304      -2487.87      -1905.56      25.789      197.313
239      1.28054      0.777187      582.89      -2488.45      -1905.56      25.6811      197.314
240      1.28589      0.778064      583.548      -2489.11      -1905.56      25.5742      197.314
241      1.29125      0.779032      584.274      -2489.84      -1905.56      25.4681      197.315
242      1.29661      0.78009      585.068      -2490.63      -1905.56      25.3629      197.315
243      1.30197      0.781235      585.927      -2491.49      -1905.56      25.2586      197.315
244      1.30733      0.782466      586.849      -2492.41      -1905.56      25.1551      197.316
245      1.31268      0.783779      587.834      -2493.4      -1905.56      25.0525      197.316
246      1.31804      0.785172      588.879      -2494.44      -1905.56      24.9507      197.316
247      1.3234      0.786643      589.982      -2495.55      -1905.56      24.8497      197.317
248      1.32876      0.78819      591.143      -2496.71      -1905.56      24.7496      197.317
249      1.33412      0.789811      592.358      -2497.92      -1905.56      24.6502      197.317
250      1.33947      0.791503      593.627      -2499.19      -1905.56      24.5517      197.318
251      1.34483      0.793264      594.948      -2500.51      -1905.56      24.4539      197.318
252      1.35019      0.795092      596.319      -2501.88      -1905.56      24.3569      197.318
253      1.35555      0.796985      597.739      -2503.3      -1905.56      24.2606      197.319
254      1.36091      0.798941      599.206      -2504.77      -1905.56      24.1652      197.319
255      1.36626      0.800957      600.718      -2506.28      -1905.56      24.0704      197.319
256      1.37162      0.803033      602.275      -2507.84      -1905.56      23.9765      197.32
257      1.37698      0.805165      603.873      -2509.44      -1905.56      23.8832      197.32
258      1.38234      0.807351      605.513      -2511.08      -1905.56      23.7907      197.32
259      1.38769      0.809591      607.193      -2512.76      -1905.56      23.6988      197.321
260      1.39305      0.811881      608.911      -2514.47      -1905.56      23.6077      197.321
261      1.39841      0.81422      610.665      -2516.23      -1905.56      23.5173      197.321
262      1.40377      0.816606      612.454      -2518.02      -1905.56      23.4276      197.321
263      1.40913      0.819037      614.278      -2519.84      -1905.56      23.3385      197.322
264      1.41448      0.821512      616.134      -2521.7      -1905.56      23.2502      197.322
265      1.41984      0.824028      618.021      -2523.59      -1905.56      23.1625      197.322
266      1.4252      0.826585      619.938      -2525.5      -1905.56      23.0754      197.323
267      1.43056      0.829179      621.884      -2527.45      -1905.56      22.989      197.323
268      1.43592      0.831809      623.857      -2529.42      -1905.56      22.9033      197.323
269      1.44127      0.834475      625.856      -2531.42      -1905.56      22.8182      197.323
270      1.44663      0.837173      627.88      -2533.44      -1905.56      22.7337      197.324
271      1.45199      0.839903      629.927      -2535.49      -1905.56      22.6498      197.324
272      1.45735      0.842663      631.997      -2537.56      -1905.56      22.5666      197.324
273      1.46271      0.845451      634.089      -2539.65      -1905.56      22.484      197.324
274      1.46806      0.848267      636.2      -2541.76      -1905.56      22.4019      197.325
275      1.47342      0.851107      638.33      -2543.9      -1905.56      22.3205      197.325
276      1.47878      0.853972      640.479      -2546.04      -1905.57      22.2397      197.325
277      1.48414      0.856859      642.644      -2548.21      -1905.57      22.1594      197.325
278      1.48949      0.859767      644.825      -2550.39      -1905.57      22.0797      197.326
279      1.49485      0.862695      647.021      -2552.59      -1905.57      22.0006      197.326
280      1.50021      0.865641      649.231      -2554.8      -1905.57      21.9221      197.326
281      1.50557      0.868604      651.453      -2557.02      -1905.57      21.8441      197.326
282      1.51093      0.871583      653.687      -2559.25      -1905.57      21.7666      197.327
283      1.51628      0.874577      655.933      -2561.5      -1905.57      21.6897      197.327
284      1.52164      0.877583      658.188      -2563.75      -1905.57      21.6134      197.327
285      1.527      0.880602      660.452      -2566.02      -1905.57      21.5376      197.327
286      1.53236      0.883632      662.724      -2568.29      -1905.57      21.4623      197.327
287      1.53772      0.886672      665.004      -2570.57      -1905.57      21.3875      197.328
288      1.54307      0.88972      667.29      -2572.86      -1905.57      21.3133      197.328
289      1.54843      0.892775      669.581      -2575.15      -1905.57      21.2396      197.328
290      1.55379      0.895837      671.878      -2577.44      -1905.57      21.1663      197.328
291      1.55915      0.898904      674.178      -2579.74      -1905.57      21.0936      197.329
292      1.56451      0.901976      676.482      -2582.05      -1905.57      21.0214      197.329
293      1.56986      0.90505      678.788      -2584.35      -1905.57      20.9497      197.329
294      1.57522      0.908127      681.095      -2586.66      -1905.57      20.8785      197.329
295      1.58058      0.911205      683.404      -2588.97      -1905.57      20.8077      197.329
296      1.58594      0.914284      685.713      -2591.28      -1905.57      20.7374      197.329
297      1.59129      0.917361      688.021      -2593.59      -1905.57      20.6676      197.33
298      1.59665      0.920438      690.328      -2595.89      -1905.57      20.5983      197.33
299      1.60201      0.923511      692.633      -2598.2      -1905.57      20.5294      197.33
300      1.60737      0.926582      694.936      -2600.5      -1905.57      20.461      197.33
301      1.61273      0.929648      697.236      -2602.8      -1905.57      20.393      197.33
302      1.61808      0.932709      699.532      -2605.1      -1905.57      20.3255      197.331
303      1.62344      0.935764      701.823      -2607.39      -1905.57      20.2585      197.331
304      1.6288      0.938813      704.109      -2609.68      -1905.57      20.1918      197.331
305      1.63416      0.941854      706.39      -2611.96      -1905.57      20.1257      197.331
306      1.63952      0.944887      708.665      -2614.23      -1905.57      20.0599      197.331
307      1.64487      0.94791      710.933      -2616.5      -1905.57      19.9946      197.331
308      1.65023      0.950925      713.193      -2618.76      -1905.57      19.9297      197.332
309      1.65559      0.953928      715.446      -2621.01      -1905.57      19.8652      197.332
310      1.66095      0.95692      717.69      -2623.26      -1905.57      19.8011      197.332
311      1.66631      0.959901      719.925      -2625.49      -1905.57      19.7375      197.332
312      1.67166      0.962868      722.151      -2627.72      -1905.57      19.6742      197.332
313      1.67702      0.965822      724.366      -2629.93      -1905.57      19.6114      197.332
314      1.68238      0.968762      726.571      -2632.14      -1905.57      19.549      197.332
315      1.68774      0.971687      728.765      -2634.33      -1905.57      19.4869      197.333
316      1.69309      0.974597      730.948      -2636.51      -1905.57      19.4253      197.333
317      1.69845      0.977491      733.118      -2638.68      -1905.57      19.364      197.333
318      1.70381      0.980368      735.276      -2640.84      -1905.57      19.3031      197.333
319      1.70917      0.983228      737.421      -2642.99      -1905.57      19.2426      197.333
320      1.71453      0.98607      739.553      -2645.12      -1905.57      19.1825      197.333
321      1.71988      0.988894      741.67      -2647.24      -1905.57      19.1227      197.333
322      1.72524      0.991699      743.774      -2649.34      -1905.57      19.0634      197.334
323      1.7306      0.994484      745.863      -2651.43      -1905.57      19.0044      197.334
324      1.73596      0.997248      747.936      -2653.5      -1905.57      18.9457      197.334
325      1.74132      0.999992      749.994      -2655.56      -1905.57      18.8874      197.334
326      1.74667      1.00271      752.036      -2657.6      -1905.57      18.8295      197.334
327      1.75203      1.00542      754.061      -2659.63      -1905.57      18.7719      197.334
328      1.75739      1.00809      756.07      -2661.64      -1905.57      18.7147      197.334
329      1.76275      1.01075      758.062      -2663.63      -1905.57      18.6579      197.334
330      1.76811      1.01338      760.036      -2665.6      -1905.57      18.6013      197.335
331      1.77346      1.01599      761.992      -2667.56      -1905.57      18.5451      197.335
332      1.77882      1.01857      763.93      -2669.5      -1905.57      18.4893      197.335
333      1.78418      1.02113      765.849      -2671.42      -1905.57      18.4338      197.335
334      1.78954      1.02367      767.75      -2673.32      -1905.57      18.3786      197.335
335      1.79489      1.02617      769.631      -2675.2      -1905.57      18.3237      197.335
336      1.80025      1.02866      771.492      -2677.06      -1905.57      18.2692      197.335
337      1.80561      1.03111      773.334      -2678.9      -1905.57      18.215      197.335
338      1.81097      1.03354      775.155      -2680.72      -1905.57      18.1611      197.335
339      1.81633      1.03594      776.955      -2682.52      -1905.57      18.1076      197.336
340      1.82168      1.03831      778.735      -2684.3      -1905.57      18.0543      197.336
341      1.82704      1.04066      780.493      -2686.06      -1905.57      18.0014      197.336
342      1.8324      1.04297      782.229      -2687.8      -1905.57      17.9488      197.336
343      1.83776      1.04526      783.944      -2689.51      -1905.57      17.8964      197.336
344      1.84312      1.04752      785.637      -2691.2      -1905.57      17.8444      197.336
345      1.84847      1.04974      787.308      -2692.87      -1905.57      17.7927      197.336
346      1.85383      1.05194      788.956      -2694.52      -1905.57      17.7413      197.336
347      1.85919      1.05411      790.581      -2696.15      -1905.57      17.6902      197.336
348      1.86455      1.05624      792.183      -2697.75      -1905.57      17.6394      197.337
349      1.86991      1.05835      793.761      -2699.33      -1905.57      17.5888      197.337
350      1.87526      1.06042      795.316      -2700.88      -1905.57      17.5386      197.337
351      1.88062      1.06246      796.848      -2702.41      -1905.57      17.4886      197.337
352      1.88598      1.06447      798.355      -2703.92      -1905.57      17.4389      197.337
353      1.89134      1.06645      799.838      -2705.41      -1905.57      17.3896      197.337
354      1.89669      1.0684      801.297      -2706.86      -1905.57      17.3404      197.337
355      1.90205      1.07031      802.731      -2708.3      -1905.57      17.2916      197.337
356      1.90741      1.07219      804.141      -2709.71      -1905.57      17.243      197.337
357      1.91277      1.07403      805.525      -2711.09      -1905.57      17.1947      197.337
358      1.91813      1.07585      806.885      -2712.45      -1905.57      17.1467      197.337
359      1.92348      1.07763      808.219      -2713.79      -1905.57      17.099      197.338
360      1.92884      1.07937      809.529      -2715.1      -1905.57      17.0515      197.338
361      1.9342      1.08108      810.812      -2716.38      -1905.57      17.0042      197.338
362      1.93956      1.08276      812.071      -2717.64      -1905.57      16.9573      197.338
363      1.94492      1.0844      813.303      -2718.87      -1905.57      16.9106      197.338
364      1.95027      1.08601      814.51      -2720.08      -1905.57      16.8641      197.338
365      1.95563      1.08759      815.691      -2721.26      -1905.57      16.8179      197.338
366      1.96099      1.08913      816.847      -2722.41      -1905.57      16.772      197.338
367      1.96635      1.09063      817.976      -2723.54      -1905.57      16.7263      197.338
368      1.97171      1.09211      819.08      -2724.65      -1905.57      16.6809      197.338
369      1.97706      1.09354      820.157      -2725.72      -1905.57      16.6357      197.338
370      1.98242      1.09495      821.209      -2726.78      -1905.57      16.5907      197.338
371      1.98778      1.09631      822.234      -2727.8      -1905.57      16.546      197.339
372      1.99314      1.09765      823.234      -2728.8      -1905.57      16.5015      197.339
373      1.99849      1.09894      824.208      -2729.78      -1905.57      16.4573      197.339
374      2.00385      1.10021      825.156      -2730.72      -1905.57      16.4133      197.339
375      2.00921      1.10144      826.078      -2731.65      -1905.57      16.3695      197.339
376      2.01457      1.10263      826.974      -2732.54      -1905.57      16.326      197.339
377      2.01993      1.10379      827.845      -2733.41      -1905.57      16.2827      197.339
378      2.02528      1.10492      828.69      -2734.26      -1905.57      16.2396      197.339
379      2.03064      1.10601      829.509      -2735.08      -1905.57      16.1968      197.339
380      2.036      1.10707      830.303      -2735.87      -1905.57      16.1542      197.339
381      2.04136      1.1081      831.071      -2736.64      -1905.57      16.1118      197.339
382      2.04672      1.10909      831.815      -2737.38      -1905.57      16.0696      197.34
383      2.05207      1.11004      832.533      -2738.1      -1905.57      16.0277      197.34
384      2.05743      1.11097      833.227      -2738.79      -1905.57      15.9859      197.34
385      2.06279      1.11186      833.895      -2739.46      -1905.57      15.9444      197.34
386      2.06815      1.11272      834.539      -2740.11      -1905.57      15.9031      197.34
387      2.07351      1.11355      835.159      -2740.73      -1905.57      15.862      197.34
388      2.07886      1.11434      835.755      -2741.32      -1905.57      15.8212      197.34
389      2.08422      1.1151      836.326      -2741.89      -1905.57      15.7805      197.34
390      2.08958      1.11583      836.874      -2742.44      -1905.57      15.74      197.34
391      2.09494      1.11653      837.398      -2742.97      -1905.57      15.6998      197.34
392      2.10029      1.1172      837.899      -2743.47      -1905.57      15.6597      197.34
393      2.10565      1.11784      838.377      -2743.94      -1905.57      15.6199      197.341
394      2.11101      1.11844      838.832      -2744.4      -1905.57      15.5803      197.341
395      2.11637      1.11902      839.265      -2744.83      -1905.57      15.5408      197.341
396      2.12173      1.11957      839.675      -2745.24      -1905.57      15.5016      197.341
397      2.12708      1.12008      840.064      -2745.63      -1905.57      15.4626      197.341
398      2.13244      1.12057      840.431      -2746      -1905.57      15.4237      197.341
399      2.1378      1.12103      840.776      -2746.34      -1905.57      15.3851      197.341
400      2.14316      1.12147      841.101      -2746.67      -1905.57      15.3466      197.341
401      2.14852      1.12187      841.404      -2746.97      -1905.57      15.3083      197.341
402      2.15387      1.12225      841.688      -2747.25      -1905.57      15.2703      197.341
403      2.15923      1.1226      841.952      -2747.52      -1905.57      15.2324      197.342
404      2.16459      1.12293      842.195      -2747.76      -1905.57      15.1947      197.342
405      2.16995      1.12323      842.42      -2747.99      -1905.57      15.1572      197.342
406      2.17531      1.1235      842.625      -2748.19      -1905.57      15.1199      197.342
407      2.18066      1.12375      842.812      -2748.38      -1905.57      15.0827      197.342
408      2.18602      1.12397      842.981      -2748.55      -1905.57      15.0458      197.342
409      2.19138      1.12418      843.132      -2748.7      -1905.57      15.009      197.342
410      2.19674      1.12435      843.265      -2748.83      -1905.57      14.9724      197.342
411      2.20209      1.12451      843.381      -2748.95      -1905.57      14.936      197.342
412      2.20745      1.12464      843.48      -2749.05      -1905.57      14.8997      197.342
413      2.21281      1.12475      843.563      -2749.13      -1905.57      14.8636      197.343
414      2.21817      1.12484      843.63      -2749.2      -1905.57      14.8278      197.343
415      2.22353      1.12491      843.681      -2749.25      -1905.57      14.792      197.343
416      2.22888      1.12496      843.717      -2749.28      -1905.57      14.7565      197.343
417      2.23424      1.12499      843.739      -2749.31      -1905.57      14.7211      197.343
418      2.2396      1.12499      843.746      -2749.31      -1905.57      14.6859      197.343
419      2.24496      1.12498      843.739      -2749.31      -1905.57      14.6509      197.343
420      2.25032      1.12496      843.718      -2749.28      -1905.57      14.616      197.343
421      2.25567      1.12491      843.684      -2749.25      -1905.57      14.5813      197.344
422      2.26103      1.12485      843.637      -2749.2      -1905.57      14.5467      197.344
423      2.26639      1.12477      843.578      -2749.14      -1905.57      14.5124      197.344
424      2.27175      1.12468      843.507      -2749.07      -1905.57      14.4781      197.344
425      2.27711      1.12457      843.424      -2748.99      -1905.57      14.4441      197.344
426      2.28246      1.12444      843.33      -2748.9      -1905.57      14.4102      197.344
427      2.28782      1.1243      843.225      -2748.79      -1905.57      14.3764      197.344
428      2.29318      1.12415      843.109      -2748.68      -1905.57      14.3429      197.345
429      2.29854      1.12398      842.983      -2748.55      -1905.57      14.3094      197.345
430      2.30389      1.1238      842.848      -2748.41      -1905.57      14.2762      197.345
431      2.30925      1.1236      842.703      -2748.27      -1905.57      14.2431      197.345
432      2.31461      1.1234      842.549      -2748.11      -1905.57      14.2101      197.345
433      2.31997      1.12318      842.386      -2747.95      -1905.57      14.1773      197.345
434      2.32533      1.12295      842.215      -2747.78      -1905.57      14.1446      197.346
435      2.33068      1.12271      842.035      -2747.6      -1905.57      14.1121      197.346
436      2.33604      1.12246      841.848      -2747.41      -1905.57      14.0798      197.346
437      2.3414      1.12221      841.654      -2747.22      -1905.57      14.0476      197.346
438      2.34676      1.12194      841.453      -2747.02      -1905.57      14.0155      197.346
439      2.35212      1.12166      841.245      -2746.81      -1905.57      13.9836      197.346
440      2.35747      1.12137      841.031      -2746.6      -1905.57      13.9518      197.346
441      2.36283      1.12108      840.811      -2746.38      -1905.57      13.9202      197.347
442      2.36819      1.12078      840.586      -2746.15      -1905.57      13.8887      197.347
443      2.37355      1.12047      840.355      -2745.92      -1905.57      13.8574      197.347
444      2.37891      1.12016      840.119      -2745.68      -1905.57      13.8262      197.347
445      2.38426      1.11984      839.878      -2745.44      -1905.57      13.7951      197.347
446      2.38962      1.11951      839.633      -2745.2      -1905.57      13.7642      197.348
447      2.39498      1.11918      839.384      -2744.95      -1905.57      13.7334      197.348
448      2.40034      1.11884      839.13      -2744.7      -1905.57      13.7028      197.348
449      2.40569      1.1185      838.873      -2744.44      -1905.57      13.6723      197.348
450      2.41105      1.11815      838.613      -2744.18      -1905.57      13.6419      197.348
451      2.41641      1.1178      838.349      -2743.92      -1905.57      13.6117      197.349
452      2.42177      1.11744      838.083      -2743.65      -1905.57      13.5816      197.349
453      2.42713      1.11709      837.814      -2743.38      -1905.57      13.5516      197.349
454      2.43248      1.11672      837.543      -2743.11      -1905.57      13.5218      197.349
455      2.43784      1.11636      837.269      -2742.84      -1905.57      13.4921      197.349
456      2.4432      1.11599      836.994      -2742.56      -1905.57      13.4625      197.35
457      2.44856      1.11562      836.717      -2742.28      -1905.57      13.4331      197.35
458      2.45392      1.11525      836.438      -2742      -1905.57      13.4037      197.35
459      2.45927      1.11488      836.159      -2741.72      -1905.57      13.3746      197.35
460      2.46463      1.1145      835.878      -2741.44      -1905.57      13.3455      197.35
461      2.46999      1.11413      835.597      -2741.16      -1905.57      13.3166      197.351
462      2.47535      1.11375      835.315      -2740.88      -1905.57      13.2878      197.351
463      2.48071      1.11338      835.033      -2740.6      -1905.57      13.2591      197.351
464      2.48606      1.113      834.75      -2740.32      -1905.57      13.2305      197.351
465      2.49142      1.11262      834.468      -2740.03      -1905.57      13.2021      197.352
466      2.49678      1.11225      834.186      -2739.75      -1905.57      13.1738      197.352
467      2.50214      1.11187      833.904      -2739.47      -1905.57      13.1456      197.352
468      2.50749      1.1115      833.623      -2739.19      -1905.57      13.1175      197.352
469      2.51285      1.11112      833.343      -2738.91      -1905.57      13.0895      197.353
470      2.51821      1.11075      833.064      -2738.63      -1905.57      13.0617      197.353
471      2.52357      1.11038      832.786      -2738.35      -1905.57      13.034      197.353
472      2.52893      1.11001      832.509      -2738.07      -1905.57      13.0064      197.353
473      2.53428      1.10965      832.234      -2737.8      -1905.57      12.9789      197.354
474      2.53964      1.10928      831.961      -2737.53      -1905.57      12.9515      197.354
475      2.545      1.10892      831.69      -2737.26      -1905.57      12.9243      197.354
476      2.55036      1.10856      831.421      -2736.99      -1905.57      12.8972      197.354
477      2.55572      1.10821      831.155      -2736.72      -1905.57      12.8701      197.355
478      2.56107      1.10786      830.892      -2736.46      -1905.57      12.8432      197.355
479      2.56643      1.10751      830.631      -2736.2      -1905.57      12.8164      197.355
480      2.57179      1.10717      830.374      -2735.94      -1905.57      12.7898      197.355
481      2.57715      1.10683      830.12      -2735.69      -1905.57      12.7632      197.356
482      2.58251      1.10649      829.869      -2735.43      -1905.57      12.7367      197.356
483      2.58786      1.10616      829.623      -2735.19      -1905.57      12.7104      197.356
484      2.59322      1.10584      829.38      -2734.95      -1905.57      12.6841      197.356
485      2.59858      1.10552      829.141      -2734.71      -1905.57      12.658      197.357
486      2.60394      1.10521      828.907      -2734.47      -1905.57      12.632      197.357
487      2.60929      1.1049      828.678      -2734.24      -1905.57      12.606      197.357
488      2.61465      1.1046      828.453      -2734.02      -1905.57      12.5802      197.358
489      2.62001      1.10431      828.233      -2733.8      -1905.57      12.5545      197.358
490      2.62537      1.10403      828.019      -2733.58      -1905.57      12.5289      197.358
491      2.63073      1.10375      827.81      -2733.38      -1905.57      12.5034      197.358
492      2.63608      1.10348      827.608      -2733.17      -1905.57      12.478      197.359
493      2.64144      1.10321      827.411      -2732.98      -1905.57      12.4527      197.359
494      2.6468      1.10296      827.221      -2732.79      -1905.57      12.4275      197.359
495      2.65216      1.10272      827.037      -2732.6      -1905.57      12.4025      197.36
496      2.65752      1.10248      826.86      -2732.43      -1905.57      12.3775      197.36
497      2.66287      1.10225      826.69      -2732.26      -1905.57      12.3526      197.36
498      2.66823      1.10204      826.528      -2732.09      -1905.57      12.3278      197.361
499      2.67359      1.10183      826.373      -2731.94      -1905.57      12.3031      197.361
500      2.67895      1.10163      826.226      -2731.79      -1905.57      12.2785      197.361
501      2.68431      1.10145      826.087      -2731.65      -1905.57      12.254      197.362
502      2.68966      1.10128      825.956      -2731.52      -1905.57      12.2297      197.362
503      2.69502      1.10111      825.835      -2731.4      -1905.57      12.2054      197.362
504      2.70038      1.10096      825.722      -2731.29      -1905.57      12.1812      197.363
505      2.70574      1.10082      825.618      -2731.18      -1905.57      12.1571      197.363
506      2.71109      1.1007      825.524      -2731.09      -1905.57      12.1331      197.363
507      2.71645      1.10059      825.439      -2731      -1905.57      12.1091      197.364
508      2.72181      1.10049      825.364      -2730.93      -1905.57      12.0853      197.364
509      2.72717      1.1004      825.3      -2730.86      -1905.57      12.0616      197.364
510      2.73253      1.10033      825.246      -2730.81      -1905.57      12.038      197.364
511      2.73788      1.10027      825.202      -2730.77      -1905.57      12.0144      197.365
512      2.74324      1.10023      825.17      -2730.73      -1905.57      11.991      197.365
513      2.7486      1.1002      825.148      -2730.71      -1905.57      11.9676      197.366
514      2.75396      1.10018      825.138      -2730.7      -1905.57      11.9444      197.366
515      2.75932      1.10019      825.139      -2730.7      -1905.57      11.9212      197.366
516      2.76467      1.1002      825.152      -2730.72      -1905.57      11.8981      197.367
517      2.77003      1.10024      825.177      -2730.74      -1905.57      11.8751      197.367
518      2.77539      1.10028      825.214      -2730.78      -1905.57      11.8522      197.367
519      2.78075      1.10035      825.263      -2730.83      -1905.57      11.8294      197.368
520      2.78611      1.10043      825.325      -2730.89      -1905.57      11.8067      197.368
521      2.79146      1.10053      825.399      -2730.96      -1905.57      11.784      197.368
522      2.79682      1.10065      825.486      -2731.05      -1905.57      11.7615      197.369
523      2.80218      1.10078      825.586      -2731.15      -1905.57      11.739      197.369
524      2.80754      1.10093      825.699      -2731.26      -1905.57      11.7166      197.369
525      2.81289      1.1011      825.825      -2731.39      -1905.57      11.6943      197.37
526      2.81825      1.10128      825.964      -2731.53      -1905.57      11.6721      197.37
527      2.82361      1.10149      826.116      -2731.68      -1905.57      11.65      197.37
528      2.82897      1.10171      826.281      -2731.85      -1905.57      11.628      197.371
529      2.83433      1.10195      826.46      -2732.03      -1905.57      11.606      197.371
530      2.83968      1.1022      826.653      -2732.22      -1905.57      11.5841      197.371
531      2.84504      1.10248      826.858      -2732.42      -1905.57      11.5623      197.372
532      2.8504      1.10277      827.077      -2732.64      -1905.57      11.5406      197.372
533      2.85576      1.10308      827.31      -2732.87      -1905.57      11.519      197.372
534      2.86112      1.10341      827.555      -2733.12      -1905.57      11.4974      197.373
535      2.86647      1.10375      827.815      -2733.38      -1905.57      11.476      197.373
536      2.87183      1.10412      828.087      -2733.65      -1905.57      11.4546      197.374
537      2.87719      1.1045      828.372      -2733.94      -1905.57      11.4333      197.374
538      2.88255      1.10489      828.671      -2734.24      -1905.57      11.412      197.374
539      2.88791      1.10531      828.983      -2734.55      -1905.57      11.3909      197.375
540      2.89326      1.10574      829.307      -2734.87      -1905.57      11.3698      197.375
541      2.89862      1.10619      829.644      -2735.21      -1905.57      11.3488      197.375
542      2.90398      1.10666      829.994      -2735.56      -1905.57      11.3279      197.376
543      2.90934      1.10714      830.356      -2735.92      -1905.57      11.307      197.376
544      2.91469      1.10764      830.731      -2736.3      -1905.57      11.2863      197.376
545      2.92005      1.10816      831.118      -2736.68      -1905.57      11.2656      197.377
546      2.92541      1.10869      831.516      -2737.08      -1905.57      11.245      197.377
547      2.93077      1.10924      831.926      -2737.49      -1905.57      11.2244      197.378
548      2.93613      1.1098      832.348      -2737.91      -1905.57      11.204      197.378
549      2.94148      1.11037      832.781      -2738.35      -1905.57      11.1836      197.378
550      2.94684      1.11097      833.224      -2738.79      -1905.57      11.1633      197.379
551      2.9522      1.11157      833.679      -2739.24      -1905.57      11.143      197.379
552      2.95756      1.11219      834.143      -2739.71      -1905.57      11.1229      197.379
553      2.96292      1.11282      834.618      -2740.18      -1905.57      11.1028      197.38
554      2.96827      1.11347      835.103      -2740.67      -1905.57      11.0828      197.38
555      2.97363      1.11413      835.598      -2741.16      -1905.57      11.0628      197.38
556      2.97899      1.1148      836.102      -2741.67      -1905.57      11.0429      197.381
557      2.98435      1.11549      836.615      -2742.18      -1905.57      11.0231      197.381
558      2.98971      1.11618      837.136      -2742.7      -1905.57      11.0034      197.382
559      2.99506      1.11689      837.667      -2743.23      -1905.57      10.9837      197.382
560      3.00042      1.11761      838.205      -2743.77      -1905.57      10.9641      197.382
561      3.00578      1.11833      838.751      -2744.32      -1905.57      10.9446      197.383
562      3.01114      1.11907      839.305      -2744.87      -1905.57      10.9252      197.383
563      3.01649      1.11982      839.865      -2745.43      -1905.57      10.9058      197.383
564      3.02185      1.12058      840.433      -2746      -1905.57      10.8865      197.384
565      3.02721      1.12134      841.007      -2746.57      -1905.57      10.8672      197.384
566      3.03257      1.12212      841.588      -2747.15      -1905.57      10.848      197.384
567      3.03793      1.1229      842.175      -2747.74      -1905.57      10.8289      197.385
568      3.04328      1.12369      842.767      -2748.33      -1905.57      10.8099      197.385
569      3.04864      1.12449      843.365      -2748.93      -1905.57      10.7909      197.385
570      3.054      1.12529      843.967      -2749.53      -1905.57      10.772      197.386
571      3.05936      1.1261      844.575      -2750.14      -1905.57      10.7531      197.386
572      3.06472      1.12692      845.187      -2750.75      -1905.57      10.7344      197.386
573      3.07007      1.12774      845.803      -2751.37      -1905.57      10.7156      197.387
574      3.07543      1.12856      846.424      -2751.99      -1905.57      10.697      197.387
575      3.08079      1.1294      847.047      -2752.61      -1905.57      10.6784      197.387
576      3.08615      1.13023      847.674      -2753.24      -1905.57      10.6599      197.388
577      3.09151      1.13107      848.305      -2753.87      -1905.57      10.6414      197.388
578      3.09686      1.13192      848.937      -2754.5      -1905.57      10.623      197.388
579      3.10222      1.13276      849.573      -2755.14      -1905.57      10.6047      197.389
580      3.10758      1.13361      850.211      -2755.78      -1905.57      10.5864      197.389
581      3.11294      1.13447      850.85      -2756.42      -1905.57      10.5682      197.389
582      3.11829      1.13532      851.492      -2757.06      -1905.57      10.5501      197.39
583      3.12365      1.13618      852.135      -2757.7      -1905.57      10.532      197.39
584      3.12901      1.13704      852.78      -2758.35      -1905.57      10.514      197.39
585      3.13437      1.1379      853.425      -2758.99      -1905.57      10.496      197.391
586      3.13973      1.13876      854.072      -2759.64      -1905.57      10.4781      197.391
587      3.14508      1.13963      854.719      -2760.28      -1905.57      10.4603      197.391
588      3.15044      1.14049      855.367      -2760.93      -1905.57      10.4425      197.392
589      3.1558      1.14135      856.015      -2761.58      -1905.57      10.4248      197.392
590      3.16116      1.14222      856.663      -2762.23      -1905.57      10.4072      197.392
591      3.16652      1.14308      857.312      -2762.88      -1905.57      10.3896      197.393
592      3.17187      1.14395      857.96      -2763.53      -1905.57      10.372      197.393
593      3.17723      1.14481      858.608      -2764.17      -1905.57      10.3546      197.393
594      3.18259      1.14567      859.255      -2764.82      -1905.57      10.3371      197.393
595      3.18795      1.14654      859.901      -2765.47      -1905.57      10.3198      197.394
596      3.19331      1.1474      860.547      -2766.11      -1905.57      10.3025      197.394
597      3.19866      1.14826      861.192      -2766.76      -1905.57      10.2852      197.394
598      3.20402      1.14911      861.836      -2767.4      -1905.57      10.2681      197.395
599      3.20938      1.14997      862.479      -2768.04      -1905.57      10.2509      197.395
600      3.21474      1.15083      863.121      -2768.69      -1905.57      10.2339      197.395
601      3.22009      1.15168      863.761      -2769.33      -1905.57      10.2168      197.395
602      3.22545      1.15253      864.399      -2769.97      -1905.57      10.1999      197.396
603      3.23081      1.15338      865.037      -2770.6      -1905.57      10.183      197.396
604      3.23617      1.15423      865.672      -2771.24      -1905.57      10.1661      197.396
605      3.24153      1.15507      866.306      -2771.87      -1905.57      10.1494      197.396
606      3.24688      1.15592      866.938      -2772.5      -1905.57      10.1326      197.397
607      3.25224      1.15676      867.568      -2773.13      -1905.57      10.1159      197.397
608      3.2576      1.1576      868.197      -2773.76      -1905.57      10.0993      197.397
609      3.26296      1.15843      868.823      -2774.39      -1905.57      10.0827      197.397
610      3.26832      1.15926      869.447      -2775.01      -1905.57      10.0662      197.398
611      3.27367      1.16009      870.069      -2775.64      -1905.57      10.0498      197.398
612      3.27903      1.16092      870.689      -2776.26      -1905.57      10.0333      197.398
613      3.28439      1.16174      871.307      -2776.87      -1905.57      10.017      197.398
614      3.28975      1.16256      871.923      -2777.49      -1905.57      10.0007      197.398
615      3.29511      1.16338      872.536      -2778.1      -1905.57      9.98444      197.399
616      3.30046      1.1642      873.147      -2778.71      -1905.57      9.96824      197.399
617      3.30582      1.16501      873.755      -2779.32      -1905.57      9.95209      197.399
618      3.31118      1.16581      874.361      -2779.93      -1905.57      9.936      197.399
619      3.31654      1.16662      874.965      -2780.53      -1905.57      9.91996      197.399
620      3.32189      1.16742      875.565      -2781.13      -1905.57      9.90397      197.4
621      3.32725      1.16822      876.164      -2781.73      -1905.57      9.88803      197.4
622      3.33261      1.16901      876.76      -2782.33      -1905.57      9.87214      197.4
623      3.33797      1.1698      877.353      -2782.92      -1905.57      9.8563      197.4
624      3.34333      1.17059      877.943      -2783.51      -1905.57      9.84051      197.4
625      3.34868      1.17138      878.531      -2784.1      -1905.57      9.82478      197.4
626      3.35404      1.17216      879.117      -2784.68      -1905.57      9.80909      197.401
627      3.3594      1.17293      879.699      -2785.27      -1905.57      9.79345      197.401
628      3.36476      1.17371      880.279      -2785.84      -1905.57      9.77787      197.401
629      3.37012      1.17447      880.856      -2786.42      -1905.57      9.76233      197.401
630      3.37547      1.17524      881.43      -2787      -1905.57      9.74684      197.401
631      3.38083      1.176      882.002      -2787.57      -1905.57      9.7314      197.401
632      3.38619      1.17676      882.57      -2788.14      -1905.57      9.71601      197.401
633      3.39155      1.17751      883.136      -2788.7      -1905.57      9.70066      197.402
634      3.39691      1.17827      883.699      -2789.27      -1905.57      9.68537      197.402
635      3.40226      1.17901      884.259      -2789.83      -1905.57      9.67012      197.402
636      3.40762      1.17976      884.817      -2790.38      -1905.57      9.65492      197.402
637      3.41298      1.18049      885.371      -2790.94      -1905.57      9.63977      197.402
638      3.41834      1.18123      885.922      -2791.49      -1905.57      9.62466      197.402
639      3.42369      1.18196      886.471      -2792.04      -1905.57      9.6096      197.402
640      3.42905      1.18269      887.016      -2792.58      -1905.57      9.59459      197.402
641      3.43441      1.18341      887.558      -2793.12      -1905.57      9.57963      197.402
642      3.43977      1.18413      888.098      -2793.66      -1905.57      9.56471      197.402
643      3.44513      1.18484      888.634      -2794.2      -1905.57      9.54983      197.402
644      3.45048      1.18556      889.167      -2794.73      -1905.57      9.53501      197.402
645      3.45584      1.18626      889.696      -2795.26      -1905.57      9.52023      197.402
646      3.4612      1.18696      890.223      -2795.79      -1905.57      9.50549      197.402
647      3.46656      1.18766      890.747      -2796.31      -1905.57      9.4908      197.402
648      3.47192      1.18836      891.267      -2796.83      -1905.57      9.47615      197.402
649      3.47727      1.18905      891.784      -2797.35      -1905.57      9.46155      197.402
650      3.48263      1.18973      892.298      -2797.86      -1905.57      9.447      197.402
651      3.48799      1.19041      892.809      -2798.37      -1905.57      9.43249      197.402
652      3.49335      1.19109      893.316      -2798.88      -1905.57      9.41802      197.402
653      3.49871      1.19176      893.82      -2799.39      -1905.57      9.40359      197.402
654      3.50406      1.19243      894.321      -2799.89      -1905.57      9.38921      197.402
655      3.50942      1.19309      894.819      -2800.38      -1905.57      9.37488      197.402
656      3.51478      1.19375      895.313      -2800.88      -1905.57      9.36058      197.402
657      3.52014      1.19441      895.804      -2801.37      -1905.57      9.34633      197.402
658      3.52549      1.19505      896.291      -2801.86      -1905.57      9.33213      197.402
659      3.53085      1.1957      896.775      -2802.34      -1905.57      9.31796      197.402
660      3.53621      1.19634      897.256      -2802.82      -1905.57      9.30384      197.402
661      3.54157      1.19698      897.733      -2803.3      -1905.57      9.28976      197.402
662      3.54693      1.19761      898.207      -2803.77      -1905.57      9.27573      197.402
663      3.55228      1.19824      898.678      -2804.24      -1905.57      9.26173      197.402
664      3.55764      1.19886      899.145      -2804.71      -1905.57      9.24778      197.402
665      3.563      1.19948      899.609      -2805.17      -1905.57      9.23386      197.402
666      3.56836      1.20009      900.069      -2805.63      -1905.57      9.21999      197.401
667      3.57372      1.2007      900.526      -2806.09      -1905.57      9.20616      197.401
668      3.57907      1.20131      900.98      -2806.55      -1905.57      9.19238      197.401
669      3.58443      1.20191      901.43      -2807      -1905.57      9.17863      197.401
670      3.58979      1.2025      901.877      -2807.44      -1905.57      9.16492      197.401
671      3.59515      1.20309      902.321      -2807.89      -1905.57      9.15126      197.401
672      3.60051      1.20368      902.761      -2808.33      -1905.57      9.13763      197.401
673      3.60586      1.20426      903.198      -2808.76      -1905.57      9.12404      197.4
674      3.61122      1.20484      903.632      -2809.2      -1905.57      9.1105      197.4
675      3.61658      1.20542      904.063      -2809.63      -1905.57      9.09699      197.4
676      3.62194      1.20599      904.491      -2810.06      -1905.57      9.08352      197.4
677      3.62729      1.20655      904.916      -2810.48      -1905.57      9.0701      197.399
678      3.63265      1.20712      905.337      -2810.9      -1905.57      9.05671      197.399
679      3.63801      1.20767      905.756      -2811.32      -1905.57      9.04336      197.399
680      3.64337      1.20823      906.172      -2811.74      -1905.57      9.03005      197.399
681      3.64873      1.20878      906.585      -2812.15      -1905.57      9.01678      197.399
682      3.65408      1.20933      906.995      -2812.56      -1905.57      9.00354      197.398
683      3.65944      1.20987      907.403      -2812.97      -1905.57      8.99035      197.398
684      3.6648      1.21041      907.807      -2813.37      -1905.57      8.97719      197.398
685      3.67016      1.21095      908.21      -2813.78      -1905.57      8.96407      197.397
686      3.67552      1.21148      908.609      -2814.18      -1905.57      8.95099      197.397
687      3.68087      1.21201      909.006      -2814.57      -1905.57      8.93795      197.397
688      3.68623      1.21253      909.401      -2814.97      -1905.57      8.92495      197.396
689      3.69159      1.21306      909.793      -2815.36      -1905.57      8.91198      197.396
690      3.69695      1.21358      910.184      -2815.75      -1905.57      8.89905      197.396
691      3.70231      1.2141      910.572      -2816.14      -1905.57      8.88615      197.395
692      3.70766      1.21461      910.958      -2816.52      -1905.57      8.87329      197.395
693      3.71302      1.21512      911.342      -2816.91      -1905.57      8.86047      197.395
694      3.71838      1.21563      911.724      -2817.29      -1905.57      8.84769      197.394
695      3.72374      1.21614      912.105      -2817.67      -1905.57      8.83494      197.394
696      3.72909      1.21665      912.484      -2818.05      -1905.57      8.82223      197.394
697      3.73445      1.21715      912.861      -2818.43      -1905.57      8.80956      197.393
698      3.73981      1.21765      913.238      -2818.8      -1905.57      8.79692      197.393
699      3.74517      1.21815      913.613      -2819.18      -1905.57      8.78431      197.392
700      3.75053      1.21865      913.986      -2819.55      -1905.57      8.77174      197.392
701      3.75588      1.21915      914.359      -2819.93      -1905.57      8.75921      197.392
702      3.76124      1.21964      914.731      -2820.3      -1905.57      8.74671      197.391
703      3.7666      1.22014      915.103      -2820.67      -1905.57      8.73425      197.391
704      3.77196      1.22063      915.473      -2821.04      -1905.57      8.72183      197.39
705      3.77732      1.22112      915.844      -2821.41      -1905.57      8.70943      197.39
706      3.78267      1.22162      916.213      -2821.78      -1905.57      8.69708      197.389
707      3.78803      1.22211      916.583      -2822.15      -1905.57      8.68475      197.389
708      3.79339      1.2226      916.952      -2822.52      -1905.57      8.67246      197.388
709      3.79875      1.2231      917.322      -2822.89      -1905.57      8.66021      197.388
710      3.80411      1.22359      917.691      -2823.26      -1905.57      8.64799      197.387
711      3.80946      1.22408      918.061      -2823.63      -1905.57      8.6358      197.387
712      3.81482      1.22458      918.431      -2824      -1905.57      8.62365      197.386
713      3.82018      1.22507      918.802      -2824.37      -1905.57      8.61153      197.386
714      3.82554      1.22556      919.174      -2824.74      -1905.57      8.59945      197.385
715      3.83089      1.22606      919.546      -2825.11      -1905.57      8.58739      197.384
716      3.83625      1.22656      919.919      -2825.48      -1905.57      8.57538      197.384
717      3.84161      1.22706      920.293      -2825.86      -1905.57      8.56339      197.383
718      3.84697      1.22756      920.669      -2826.23      -1905.57      8.55144      197.383
719      3.85233      1.22806      921.045      -2826.61      -1905.57      8.53952      197.382
720      3.85768      1.22856      921.424      -2826.99      -1905.57      8.52763      197.381
721      3.86304      1.22907      921.803      -2827.37      -1905.57      8.51578      197.381
722      3.8684      1.22958      922.185      -2827.75      -1905.57      8.50396      197.38
723      3.87376      1.23009      922.568      -2828.13      -1905.57      8.49217      197.38
724      3.87912      1.2306      922.953      -2828.52      -1905.57      8.48041      197.379
725      3.88447      1.23112      923.341      -2828.91      -1905.57      8.46869      197.378
726      3.88983      1.23164      923.73      -2829.3      -1905.57      8.45699      197.378
727      3.89519      1.23216      924.122      -2829.69      -1905.57      8.44533      197.377
728      3.90055      1.23269      924.516      -2830.08      -1905.57      8.4337      197.376
729      3.90591      1.23322      924.913      -2830.48      -1905.57      8.4221      197.376
730      3.91126      1.23375      925.312      -2830.88      -1905.57      8.41054      197.375
731      3.91662      1.23429      925.714      -2831.28      -1905.57      8.399      197.374
732      3.92198      1.23482      926.118      -2831.68      -1905.57      8.3875      197.374
733      3.92734      1.23537      926.526      -2832.09      -1905.57      8.37602      197.373
734      3.93269      1.23592      926.936      -2832.5      -1905.57      8.36458      197.372
735      3.93805      1.23647      927.35      -2832.92      -1905.57      8.35317      197.371
736      3.94341      1.23702      927.766      -2833.33      -1905.57      8.34179      197.371
737      3.94877      1.23758      928.185      -2833.75      -1905.57      8.33044      197.37
738      3.95413      1.23814      928.608      -2834.17      -1905.57      8.31912      197.369
739      3.95948      1.23871      929.034      -2834.6      -1905.57      8.30783      197.368
740      3.96484      1.23928      929.463      -2835.03      -1905.57      8.29657      197.368
741      3.9702      1.23986      929.895      -2835.46      -1905.57      8.28534      197.367
742      3.97556      1.24044      930.331      -2835.9      -1905.57      8.27414      197.366
743      3.98092      1.24103      930.77      -2836.34      -1905.57      8.26297      197.365
744      3.98627      1.24162      931.212      -2836.78      -1905.57      8.25183      197.364
745      3.99163      1.24221      931.658      -2837.22      -1905.57      8.24072      197.364
746      3.99699      1.24281      932.107      -2837.67      -1905.57      8.22964      197.363
747      4.00235      1.24341      932.559      -2838.12      -1905.57      8.21859      197.362
748      4.00771      1.24402      933.015      -2838.58      -1905.57      8.20757      197.361
749      4.01306      1.24463      933.473      -2839.04      -1905.57      8.19658      197.36
750      4.01842      1.24525      933.935      -2839.5      -1905.57      8.18561      197.359
751      4.02378      1.24587      934.401      -2839.97      -1905.57      8.17468      197.359
752      4.02914      1.24649      934.869      -2840.43      -1905.57      8.16377      197.358
753      4.03449      1.24712      935.34      -2840.91      -1905.57      8.1529      197.357
754      4.03985      1.24775      935.815      -2841.38      -1905.57      8.14205      197.356
755      4.04521      1.24839      936.292      -2841.86      -1905.57      8.13123      197.355
756      4.05057      1.24903      936.772      -2842.34      -1905.57      8.12044      197.354
757      4.05593      1.24967      937.255      -2842.82      -1905.57      8.10967      197.353
758      4.06128      1.25032      937.741      -2843.31      -1905.57      8.09894      197.353
759      4.06664      1.25097      938.229      -2843.79      -1905.57      8.08823      197.352
760      4.072      1.25163      938.72      -2844.29      -1905.57      8.07755      197.351
761      4.07736      1.25228      939.213      -2844.78      -1905.57      8.0669      197.35
762      4.08272      1.25294      939.709      -2845.27      -1905.57      8.05628      197.349
763      4.08807      1.25361      940.206      -2845.77      -1905.57      8.04568      197.348
764      4.09343      1.25427      940.706      -2846.27      -1905.57      8.03511      197.347
765      4.09879      1.25494      941.207      -2846.77      -1905.57      8.02457      197.346
766      4.10415      1.25561      941.71      -2847.28      -1905.57      8.01406      197.345
767      4.10951      1.25629      942.215      -2847.78      -1905.57      8.00357      197.344
768      4.11486      1.25696      942.721      -2848.29      -1905.57      7.99311      197.343
769      4.12022      1.25764      943.228      -2848.79      -1905.57      7.98268      197.342
770      4.12558      1.25831      943.736      -2849.3      -1905.57      7.97227      197.341
771      4.13094      1.25899      944.245      -2849.81      -1905.57      7.9619      197.341
772      4.13629      1.25967      944.755      -2850.32      -1905.57      7.95154      197.34
773      4.14165      1.26035      945.265      -2850.83      -1905.57      7.94122      197.339
774      4.14701      1.26103      945.775      -2851.34      -1905.57      7.93092      197.338
775      4.15237      1.26171      946.285      -2851.85      -1905.57      7.92065      197.337
776      4.15773      1.26239      946.796      -2852.36      -1905.57      7.9104      197.336
777      4.16308      1.26307      947.306      -2852.87      -1905.57      7.90018      197.335
778      4.16844      1.26375      947.815      -2853.38      -1905.57      7.88999      197.334
779      4.1738      1.26443      948.324      -2853.89      -1905.57      7.87982      197.333
780      4.17916      1.26511      948.832      -2854.4      -1905.57      7.86968      197.332
781      4.18452      1.26578      949.338      -2854.9      -1905.57      7.85956      197.331
782      4.18987      1.26646      949.844      -2855.41      -1905.57      7.84947      197.33
783      4.19523      1.26713      950.347      -2855.91      -1905.57      7.83941      197.329
784      4.20059      1.2678      950.849      -2856.42      -1905.57      7.82937      197.328
785      4.20595      1.26847      951.349      -2856.91      -1905.57      7.81935      197.327
786      4.21131      1.26913      951.846      -2857.41      -1905.57      7.80937      197.326
787      4.21666      1.26979      952.341      -2857.91      -1905.57      7.7994      197.325
788      4.22202      1.27044      952.833      -2858.4      -1905.57      7.78947      197.324
789      4.22738      1.2711      953.322      -2858.89      -1905.57      7.77955      197.323
790      4.23274      1.27174      953.808      -2859.37      -1905.57      7.76967      197.322
791      4.23809      1.27239      954.29      -2859.86      -1905.57      7.7598      197.321
792      4.24345      1.27303      954.769      -2860.34      -1905.57      7.74997      197.32
793      4.24881      1.27366      955.244      -2860.81      -1905.57      7.74015      197.319
794      4.25417      1.27429      955.715      -2861.28      -1905.57      7.73036      197.318
795      4.25953      1.27491      956.181      -2861.75      -1905.57      7.7206      197.317
796      4.26488      1.27552      956.643      -2862.21      -1905.57      7.71086      197.316
797      4.27024      1.27613      957.099      -2862.67      -1905.57      7.70114      197.315
798      4.2756      1.27673      957.551      -2863.12      -1905.57      7.69145      197.313
799      4.28096      1.27733      957.998      -2863.56      -1905.57      7.68179      197.312
800      4.28632      1.27792      958.439      -2864      -1905.57      7.67215      197.311
801      4.29167      1.2785      958.874      -2864.44      -1905.57      7.66253      197.31
802      4.29703      1.27907      959.303      -2864.87      -1905.57      7.65293      197.309
803      4.30239      1.27964      959.727      -2865.29      -1905.57      7.64336      197.308
804      4.30775      1.28019      960.144      -2865.71      -1905.57      7.63381      197.307
805      4.31311      1.28074      960.554      -2866.12      -1905.57      7.62429      197.306
806      4.31846      1.28128      960.958      -2866.52      -1905.57      7.61479      197.305
807      4.32382      1.28181      961.356      -2866.92      -1905.57      7.60532      197.304
808      4.32918      1.28233      961.746      -2867.31      -1905.57      7.59586      197.303
809      4.33454      1.28284      962.129      -2867.7      -1905.57      7.58643      197.302
810      4.33989      1.28334      962.504      -2868.07      -1905.57      7.57703      197.301
811      4.34525      1.28383      962.872      -2868.44      -1905.57      7.56765      197.3
812      4.35061      1.28431      963.233      -2868.8      -1905.57      7.55829      197.299
813      4.35597      1.28478      963.585      -2869.15      -1905.57      7.54895      197.298
814      4.36133      1.28524      963.93      -2869.5      -1905.57      7.53964      197.297
815      4.36668      1.28569      964.267      -2869.83      -1905.57      7.53034      197.296
816      4.37204      1.28613      964.595      -2870.16      -1905.57      7.52108      197.295
817      4.3774      1.28655      964.915      -2870.48      -1905.57      7.51183      197.294
818      4.38276      1.28697      965.227      -2870.79      -1905.57      7.50261      197.293
819      4.38812      1.28737      965.53      -2871.1      -1905.57      7.49341      197.292
820      4.39347      1.28777      965.824      -2871.39      -1905.57      7.48423      197.291
821      4.39883      1.28815      966.11      -2871.68      -1905.57      7.47508      197.29
822      4.40419      1.28852      966.387      -2871.95      -1905.57      7.46594      197.289
823      4.40955      1.28887      966.655      -2872.22      -1905.57      7.45683      197.288
824      4.41491      1.28922      966.913      -2872.48      -1905.57      7.44774      197.287
825      4.42026      1.28955      967.163      -2872.73      -1905.57      7.43868      197.285
826      4.42562      1.28987      967.404      -2872.97      -1905.57      7.42963      197.284
827      4.43098      1.29018      967.635      -2873.2      -1905.57      7.42061      197.283
828      4.43634      1.29048      967.858      -2873.42      -1905.57      7.41161      197.282
829      4.44169      1.29076      968.071      -2873.64      -1905.57      7.40263      197.281
830      4.44705      1.29103      968.274      -2873.84      -1905.57      7.39367      197.28
831      4.45241      1.29129      968.468      -2874.03      -1905.57      7.38474      197.279
832      4.45777      1.29154      968.653      -2874.22      -1905.57      7.37583      197.278
833      4.46313      1.29177      968.828      -2874.39      -1905.57      7.36693      197.277
834      4.46848      1.29199      968.994      -2874.56      -1905.57      7.35806      197.276
835      4.47384      1.2922      969.15      -2874.72      -1905.57      7.34921      197.275
836      4.4792      1.2924      969.297      -2874.86      -1905.57      7.34038      197.274
837      4.48456      1.29258      969.434      -2875      -1905.57      7.33158      197.273
838      4.48992      1.29275      969.561      -2875.13      -1905.57      7.32279      197.272
839      4.49527      1.29291      969.68      -2875.25      -1905.57      7.31403      197.271
840      4.50063      1.29305      969.788      -2875.35      -1905.57      7.30528      197.27
841      4.50599      1.29318      969.887      -2875.45      -1905.57      7.29656      197.269
842      4.51135      1.2933      969.977      -2875.54      -1905.57      7.28786      197.268
843      4.51671      1.29341      970.057      -2875.62      -1905.57      7.27918      197.267
844      4.52206      1.2935      970.128      -2875.69      -1905.57      7.27052      197.266
845      4.52742      1.29359      970.19      -2875.76      -1905.57      7.26188      197.265
846      4.53278      1.29366      970.242      -2875.81      -1905.57      7.25326      197.264
847      4.53814      1.29371      970.285      -2875.85      -1905.57      7.24466      197.263
848      4.54349      1.29376      970.318      -2875.88      -1905.57      7.23608      197.263
849      4.54885      1.29379      970.343      -2875.91      -1905.57      7.22752      197.262
850      4.55421      1.29381      970.358      -2875.92      -1905.57      7.21898      197.261
851      4.55957      1.29382      970.364      -2875.93      -1905.57      7.21047      197.26
852      4.56493      1.29381      970.361      -2875.93      -1905.57      7.20197      197.259
853      4.57028      1.2938      970.348      -2875.91      -1905.57      7.19349      197.258
854      4.57564      1.29377      970.327      -2875.89      -1905.57      7.18503      197.257
855      4.581      1.29373      970.297      -2875.86      -1905.57      7.1766      197.256
856      4.58636      1.29368      970.258      -2875.82      -1905.57      7.16818      197.255
857      4.59172      1.29361      970.21      -2875.78      -1905.57      7.15978      197.254
858      4.59707      1.29354      970.153      -2875.72      -1905.57      7.1514      197.253
859      4.60243      1.29345      970.088      -2875.65      -1905.57      7.14304      197.252
860      4.60779      1.29335      970.014      -2875.58      -1905.57      7.13471      197.251
861      4.61315      1.29324      969.931      -2875.5      -1905.57      7.12639      197.25
862      4.61851      1.29312      969.84      -2875.41      -1905.57      7.11809      197.25
863      4.62386      1.29299      969.74      -2875.31      -1905.57      7.10981      197.249
864      4.62922      1.29284      969.632      -2875.2      -1905.57      7.10155      197.248
865      4.63458      1.29269      969.516      -2875.08      -1905.57      7.09331      197.247
866      4.63994      1.29252      969.391      -2874.96      -1905.57      7.08508      197.246
867      4.64529      1.29234      969.258      -2874.82      -1905.57      7.07688      197.245
868      4.65065      1.29216      969.117      -2874.68      -1905.57      7.0687      197.244
869      4.65601      1.29196      968.968      -2874.53      -1905.57      7.06053      197.243
870      4.66137      1.29175      968.812      -2874.38      -1905.57      7.05239      197.243
871      4.66673      1.29153      968.647      -2874.21      -1905.57      7.04426      197.242
872      4.67208      1.2913      968.474      -2874.04      -1905.57      7.03615      197.241
873      4.67744      1.29106      968.294      -2873.86      -1905.57      7.02806      197.24
874      4.6828      1.29081      968.107      -2873.67      -1905.57      7.01999      197.239
875      4.68816      1.29055      967.912      -2873.48      -1905.57      7.01194      197.238
876      4.69352      1.29028      967.709      -2873.28      -1905.57      7.00391      197.238
877      4.69887      1.29      967.499      -2873.07      -1905.57      6.99589      197.237
878      4.70423      1.28971      967.282      -2872.85      -1905.57      6.98789      197.236
879      4.70959      1.28941      967.058      -2872.62      -1905.57      6.97992      197.235
880      4.71495      1.2891      966.827      -2872.39      -1905.57      6.97196      197.234
881      4.72031      1.28879      966.589      -2872.16      -1905.57      6.96402      197.234
882      4.72566      1.28846      966.344      -2871.91      -1905.57      6.95609      197.233
883      4.73102      1.28812      966.093      -2871.66      -1905.57      6.94819      197.232
884      4.73638      1.28778      965.835      -2871.4      -1905.57      6.9403      197.231
885      4.74174      1.28743      965.57      -2871.14      -1905.57      6.93243      197.231
886      4.74709      1.28707      965.299      -2870.87      -1905.57      6.92458      197.23
887      4.75245      1.2867      965.022      -2870.59      -1905.57      6.91675      197.229
888      4.75781      1.28632      964.739      -2870.31      -1905.57      6.90894      197.228
889      4.76317      1.28593      964.45      -2870.02      -1905.57      6.90114      197.228
890      4.76853      1.28554      964.155      -2869.72      -1905.57      6.89336      197.227
891      4.77388      1.28514      963.854      -2869.42      -1905.57      6.8856      197.226
892      4.77924      1.28473      963.547      -2869.11      -1905.57      6.87786      197.226
893      4.7846      1.28431      963.235      -2868.8      -1905.57      6.87013      197.225
894      4.78996      1.28389      962.917      -2868.48      -1905.57      6.86242      197.224
895      4.79532      1.28346      962.594      -2868.16      -1905.57      6.85473      197.224
896      4.80067      1.28302      962.266      -2867.83      -1905.57      6.84706      197.223
897      4.80603      1.28258      961.934      -2867.5      -1905.57      6.8394      197.222
898      4.81139      1.28213      961.596      -2867.16      -1905.57      6.83176      197.222
899      4.81675      1.28167      961.254      -2866.82      -1905.57      6.82414      197.221
900      4.82211      1.28121      960.908      -2866.47      -1905.57      6.81653      197.22
901      4.82746      1.28074      960.557      -2866.12      -1905.57      6.80895      197.22
902      4.83282      1.28027      960.203      -2865.77      -1905.57      6.80138      197.219
903      4.83818      1.27979      959.844      -2865.41      -1905.57      6.79382      197.218
904      4.84354      1.27931      959.482      -2865.05      -1905.57      6.78629      197.218
905      4.84889      1.27882      959.117      -2864.68      -1905.57      6.77877      197.217
906      4.85425      1.27833      958.748      -2864.31      -1905.57      6.77126      197.217
907      4.85961      1.27783      958.376      -2863.94      -1905.57      6.76378      197.216
908      4.86497      1.27733      958.001      -2863.57      -1905.57      6.75631      197.215
909      4.87033      1.27683      957.623      -2863.19      -1905.57      6.74886      197.215
910      4.87568      1.27632      957.243      -2862.81      -1905.57      6.74142      197.214
911      4.88104      1.27581      956.86      -2862.43      -1905.57      6.734      197.214
912      4.8864      1.2753      956.475      -2862.04      -1905.57      6.7266      197.213
913      4.89176      1.27478      956.088      -2861.65      -1905.57      6.71921      197.213
914      4.89712      1.27427      955.7      -2861.27      -1905.57      6.71184      197.212
915      4.90247      1.27375      955.31      -2860.88      -1905.57      6.70449      197.212
916      4.90783      1.27322      954.918      -2860.48      -1905.57      6.69715      197.211
917      4.91319      1.2727      954.526      -2860.09      -1905.57      6.68983      197.211
918      4.91855      1.27218      954.133      -2859.7      -1905.57      6.68253      197.21
919      4.92391      1.27165      953.74      -2859.31      -1905.57      6.67524      197.209
920      4.92926      1.27113      953.346      -2858.91      -1905.57      6.66797      197.209
921      4.93462      1.2706      952.952      -2858.52      -1905.57      6.66071      197.209
922      4.93998      1.27008      952.559      -2858.12      -1905.57      6.65347      197.208
923      4.94534      1.26955      952.166      -2857.73      -1905.57      6.64625      197.208
924      4.95069      1.26903      951.774      -2857.34      -1905.57      6.63904      197.207
925      4.95605      1.26851      951.383      -2856.95      -1905.57      6.63185      197.207
926      4.96141      1.26799      950.993      -2856.56      -1905.57      6.62467      197.206
927      4.96677      1.26747      950.605      -2856.17      -1905.57      6.61751      197.206
928      4.97213      1.26696      950.218      -2855.78      -1905.57      6.61036      197.205
929      4.97748      1.26645      949.834      -2855.4      -1905.57      6.60323      197.205
930      4.98284      1.26594      949.452      -2855.02      -1905.57      6.59612      197.204
931      4.9882      1.26543      949.073      -2854.64      -1905.57      6.58902      197.204
932      4.99356      1.26493      948.697      -2854.26      -1905.57      6.58193      197.204
933      4.99892      1.26443      948.324      -2853.89      -1905.57      6.57487      197.203
934      5.00427      1.26394      947.955      -2853.52      -1905.57      6.56781      197.203
935      5.00963      1.26345      947.589      -2853.15      -1905.57      6.56078      197.202
936      5.01499      1.26297      947.228      -2852.79      -1905.57      6.55375      197.202
937      5.02035      1.26249      946.87      -2852.44      -1905.57      6.54675      197.202
938      5.02571      1.26202      946.518      -2852.08      -1905.57      6.53976      197.201
939      5.03106      1.26156      946.17      -2851.74      -1905.57      6.53278      197.201
940      5.03642      1.2611      945.827      -2851.39      -1905.57      6.52582      197.201
941      5.04178      1.26065      945.49      -2851.06      -1905.57      6.51887      197.2
942      5.04714      1.26021      945.159      -2850.72      -1905.57      6.51194      197.2
943      5.05249      1.25978      944.833      -2850.4      -1905.57      6.50502      197.2
944      5.05785      1.25935      944.514      -2850.08      -1905.57      6.49812      197.199
945      5.06321      1.25893      944.201      -2849.77      -1905.57      6.49123      197.199
946      5.06857      1.25853      943.894      -2849.46      -1905.57      6.48436      197.199
947      5.07393      1.25813      943.594      -2849.16      -1905.57      6.4775      197.198
948      5.07928      1.25774      943.302      -2848.87      -1905.57      6.47066      197.198
949      5.08464      1.25736      943.017      -2848.58      -1905.57      6.46383      197.198
950      5.09      1.25699      942.739      -2848.3      -1905.57      6.45702      197.197
951      5.09536      1.25663      942.469      -2848.03      -1905.57      6.45022      197.197
952      5.10072      1.25628      942.207      -2847.77      -1905.57      6.44344      197.197
953      5.10607      1.25594      941.953      -2847.52      -1905.57      6.43667      197.197
954      5.11143      1.25561      941.707      -2847.27      -1905.57      6.42991      197.196
955      5.11679      1.25529      941.47      -2847.04      -1905.57      6.42317      197.196
956      5.12215      1.25499      941.242      -2846.81      -1905.57      6.41644      197.196
957      5.12751      1.2547      941.022      -2846.59      -1905.57      6.40973      197.196
958      5.13286      1.25442      940.812      -2846.38      -1905.57      6.40303      197.195
959      5.13822      1.25415      940.61      -2846.18      -1905.57      6.39635      197.195
960      5.14358      1.25389      940.417      -2845.98      -1905.57      6.38968      197.195
961      5.14894      1.25365      940.234      -2845.8      -1905.57      6.38302      197.195
962      5.15429      1.25341      940.06      -2845.63      -1905.57      6.37638      197.194
963      5.15965      1.25319      939.896      -2845.46      -1905.57      6.36975      197.194
964      5.16501      1.25299      939.741      -2845.31      -1905.57      6.36313      197.194
965      5.17037      1.25279      939.595      -2845.16      -1905.57      6.35653      197.194
966      5.17573      1.25261      939.46      -2845.03      -1905.57      6.34995      197.194
967      5.18108      1.25245      939.334      -2844.9      -1905.57      6.34337      197.193
968      5.18644      1.25229      939.218      -2844.78      -1905.57      6.33682      197.193
969      5.1918      1.25215      939.111      -2844.68      -1905.57      6.33027      197.193
970      5.19716      1.25202      939.015      -2844.58      -1905.57      6.32374      197.193
971      5.20252      1.2519      938.928      -2844.49      -1905.57      6.31722      197.193
972      5.20787      1.2518      938.851      -2844.42      -1905.57      6.31072      197.192
973      5.21323      1.25171      938.784      -2844.35      -1905.57      6.30423      197.192
974      5.21859      1.25164      938.727      -2844.29      -1905.57      6.29775      197.192
975      5.22395      1.25157      938.679      -2844.24      -1905.57      6.29128      197.192
976      5.22931      1.25152      938.641      -2844.21      -1905.57      6.28483      197.192
977      5.23466      1.25148      938.613      -2844.18      -1905.57      6.2784      197.192
978      5.24002      1.25146      938.595      -2844.16      -1905.57      6.27197      197.192
979      5.24538      1.25145      938.587      -2844.15      -1905.57      6.26556      197.192
980      5.25074      1.25145      938.588      -2844.15      -1905.57      6.25917      197.191
981      5.25609      1.25146      938.598      -2844.16      -1905.57      6.25278      197.191
982      5.26145      1.25149      938.619      -2844.18      -1905.57      6.24641      197.191
983      5.26681      1.25153      938.648      -2844.21      -1905.57      6.24005      197.191
984      5.27217      1.25158      938.688      -2844.25      -1905.57      6.23371      197.191
985      5.27753      1.25165      938.736      -2844.3      -1905.57      6.22738      197.191
986      5.28288      1.25173      938.794      -2844.36      -1905.57      6.22106      197.191
987      5.28824      1.25182      938.861      -2844.43      -1905.57      6.21476      197.191
988      5.2936      1.25192      938.938      -2844.5      -1905.57      6.20846      197.191
989      5.29896      1.25203      939.023      -2844.59      -1905.57      6.20218      197.191
990      5.30432      1.25216      939.118      -2844.68      -1905.57      6.19592      197.191
991      5.30967      1.2523      939.222      -2844.79      -1905.57      6.18966      197.191
992      5.31503      1.25245      939.334      -2844.9      -1905.57      6.18342      197.191
993      5.32039      1.25261      939.456      -2845.02      -1905.57      6.17719      197.19
994      5.32575      1.25278      939.586      -2845.15      -1905.57      6.17098      197.19
995      5.33111      1.25297      939.725      -2845.29      -1905.57      6.16478      197.19
996      5.33646      1.25316      939.872      -2845.44      -1905.57      6.15859      197.19
997      5.34182      1.25337      940.028      -2845.59      -1905.57      6.15241      197.19
998      5.34718      1.25359      940.193      -2845.76      -1905.57      6.14624      197.19
999      5.35254      1.25382      940.367      -2845.93      -1905.57      6.14009      197.19
1000      5.35789      1.25406      940.548      -2846.11      -1905.57      6.13395      197.19
Execution time in seconds: 1.90311
