Timestep Time Temperature KineticEnergy PotentialEnergy TotalEnergy DiffusionConstant MeanSquareDisplacement
1      0.1      2.41389      1810.41      -3716.01      -1905.59      328.576      197.146
2      0.2      2.35673      1767.55      -3673.24      -1905.69      164.301      197.161
3      0.3      2.26053      1695.4      -3601.23      -1905.83      109.543      197.177
4      0.4      2.12452      1593.39      -3499.33      -1905.94      82.1643      197.194
5      0.5      1.94952      1462.14      -3368.02      -1905.87      65.7372      197.211
6      0.6      1.74058      1305.44      -3210.89      -1905.45      54.7857      197.229
7      0.7      1.51001      1132.51      -3037.08      -1904.57      46.9632      197.245
8      0.8      1.27876      959.07      -2862.43      -1903.36      41.096      197.261
9      0.9      1.07299      804.739      -2706.99      -1902.25      36.5325      197.275
10      1      0.915639      686.729      -2588.45      -1901.72      32.8813      197.288
11      1.1      0.817999      613.499      -2515.39      -1901.89      29.8938      197.299
12      1.2      0.777413      583.06      -2485.55      -1902.49      27.4039      197.308
13      1.3      0.781725      586.294      -2489.49      -1903.19      25.2968      197.315
14      1.4      0.81583      611.873      -2515.65      -1903.78      23.4906      197.321
15      1.5      0.866247      649.685      -2553.87      -1904.18      21.9251      197.326
16      1.6      0.922801      692.101      -2596.55      -1904.44      20.5552      197.33
17      1.7      0.97843      733.822      -2638.44      -1904.61      19.3464      197.333
18      1.8      1.02827      771.204      -2675.94      -1904.73      18.2718      197.335
19      1.9      1.06891      801.685      -2706.5      -1904.81      17.3103      197.337
20      2      1.09825      823.685      -2728.5      -1904.82      16.4449      197.339
21      2.1      1.11578      836.832      -2741.58      -1904.75      15.6619      197.34
22      2.2      1.12284      842.133      -2746.74      -1904.61      14.9502      197.342
23      2.3      1.12224      841.677      -2746.14      -1904.46      14.3004      197.345
24      2.4      1.11719      837.894      -2742.24      -1904.34      13.7047      197.348
25      2.5      1.11045      832.839      -2737.11      -1904.27      13.1568      197.352
26      2.6      1.10406      828.044      -2732.25      -1904.21      12.6511      197.357
27      2.7      1.09989      824.92      -2729.04      -1904.12      12.1829      197.363
28      2.8      1.10004      825.029      -2729.07      -1904.04      11.7482      197.369
29      2.9      1.106      829.5      -2733.56      -1904.06      11.3435      197.376
30      3      1.11748      838.108      -2742.28      -1904.17      10.9657      197.383
31      3.1      1.13241      849.309      -2753.59      -1904.28      10.6123      197.39
32      3.2      1.14842      861.315      -2765.66      -1904.34      10.281      197.395
33      3.3      1.16396      872.966      -2777.32      -1904.35      9.96969      197.4
34      3.4      1.17837      883.777      -2788.12      -1904.35      9.67661      197.403
35      3.5      1.19141      893.56      -2797.9      -1904.34      9.40017      197.404
36      3.6      1.20294      902.209      -2806.54      -1904.34      9.13896      197.402
37      3.7      1.21307      909.803      -2814.11      -1904.31      8.89174      197.397
38      3.8      1.22238      916.781      -2821.03      -1904.25      8.65738      197.388
39      3.9      1.23186      923.894      -2828.09      -1904.19      8.43491      197.377
40      4      1.24248      931.86      -2836.04      -1904.18      8.22345      197.363
41      4.1      1.25451      940.885      -2845.1      -1904.22      8.0222      197.346
42      4.2      1.26715      950.361      -2854.67      -1904.31      7.83047      197.328
43      4.3      1.2787      959.028      -2863.43      -1904.4      7.64762      197.309
44      4.4      1.28737      965.529      -2870      -1904.47      7.47307      197.289
45      4.5      1.29198      968.983      -2873.47      -1904.49      7.30629      197.27
46      4.6      1.29224      969.178      -2873.66      -1904.48      7.14681      197.252
47      4.7      1.2885      966.378      -2870.84      -1904.46      6.99419      197.236
48      4.8      1.2815      961.121      -2865.55      -1904.43      6.848      197.222
49      4.9      1.27234      954.257      -2858.63      -1904.37      6.70787      197.211
50      5      1.26278      947.082      -2851.35      -1904.27      6.57343      197.203
51      5.1      1.25501      941.255      -2845.43      -1904.18      6.44433      197.197
52      5.2      1.25095      938.212      -2842.36      -1904.15      6.32027      197.193
53      5.3      1.25134      938.503      -2842.67      -1904.17      6.20096      197.191
54      5.4      1.2559      941.922      -2846.1      -1904.17      6.08613      197.191
55      5.5      1.26432      948.24      -2852.39      -1904.15      5.97555      197.193
56      5.6      1.2766      957.449      -2861.58      -1904.13      5.86899      197.198
57      5.7      1.29237      969.275      -2873.45      -1904.18      5.76624      197.205
58      5.8      1.31031      982.733      -2887      -1904.27      5.66711      197.215
59      5.9      1.32838      996.281      -2900.64      -1904.35      5.57141      197.228
60      6      1.34456      1008.42      -2912.82      -1904.41      5.47896      197.242
61      6.1      1.35759      1018.2      -2922.61      -1904.41      5.38959      197.259
62      6.2      1.36703      1025.27      -2929.68      -1904.41      5.30314      197.277
63      6.3      1.37273      1029.54      -2933.97      -1904.42      5.21947      197.296
64      6.4      1.37444      1030.83      -2935.27      -1904.43      5.13843      197.316
65      6.5      1.37195      1028.96      -2933.39      -1904.42      5.05988      197.335
66      6.6      1.36559      1024.19      -2928.56      -1904.37      4.98372      197.355
67      6.7      1.35656      1017.42      -2921.7      -1904.28      4.90981      197.374
68      6.8      1.34667      1010      -2914.2      -1904.2      4.83806      197.393
69      6.9      1.33748      1003.11      -2907.28      -1904.17      4.76836      197.41
70      7      1.32977      997.327      -2901.51      -1904.18      4.70062      197.426
71      7.1      1.32336      992.517      -2896.74      -1904.22      4.63477      197.441
72      7.2      1.31755      988.165      -2892.43      -1904.27      4.5707      197.454
73      7.3      1.31155      983.666      -2887.98      -1904.31      4.50836      197.466
74      7.4      1.30457      978.424      -2882.78      -1904.35      4.44765      197.476
75      7.5      1.29591      971.935      -2876.32      -1904.38      4.38852      197.483
76      7.6      1.28534      964.006      -2868.37      -1904.37      4.33088      197.488
77      7.7      1.27345      955.085      -2859.38      -1904.3      4.27468      197.49
78      7.8      1.26183      946.369      -2850.57      -1904.2      4.21986      197.49
79      7.9      1.25243      939.322      -2843.47      -1904.15      4.16636      197.486
80      8      1.24646      934.847      -2839      -1904.15      4.11414      197.479
81      8.1      1.24396      932.967      -2837.15      -1904.19      4.06316      197.469
82      8.2      1.2442      933.153      -2837.38      -1904.23      4.01336      197.458
83      8.3      1.24623      934.676      -2838.95      -1904.27      3.96473      197.443
84      8.4      1.24908      936.809      -2841.1      -1904.29      3.9172      197.427
85      8.5      1.25203      939.026      -2843.32      -1904.29      3.87076      197.409
86      8.6      1.25477      941.08      -2845.37      -1904.29      3.82537      197.389
87      8.7      1.25707      942.806      -2847.11      -1904.31      3.78099      197.368
88      8.8      1.25841      943.81      -2848.16      -1904.35      3.7376      197.345
89      8.9      1.25791      943.435      -2847.82      -1904.39      3.69518      197.322
90      9      1.25477      941.076      -2845.48      -1904.4      3.65368      197.299
91      9.1      1.24879      936.592      -2840.96      -1904.37      3.6131      197.275
92      9.2      1.24059      930.44      -2834.75      -1904.31      3.57341      197.252
93      9.3      1.23135      923.514      -2827.76      -1904.24      3.53458      197.23
94      9.4      1.22266      916.992      -2821.16      -1904.16      3.4966      197.208
95      9.5      1.21634      912.254      -2816.33      -1904.07      3.45944      197.188
96      9.6      1.21427      910.7      -2814.7      -1904      3.42306      197.169
97      9.7      1.21786      913.395      -2817.38      -1903.98      3.38747      197.15
98      9.8      1.22755      920.661      -2824.68      -1904.02      3.35261      197.134
99      9.9      1.24244      931.831      -2835.96      -1904.12      3.31848      197.118
100      10      1.26037      945.28      -2849.54      -1904.26      3.28505      197.103
101      10.1      1.27845      958.839      -2863.22      -1904.38      3.2523      197.089
102      10.2      1.29396      970.472      -2874.93      -1904.46      3.22021      197.077
103      10.3      1.30512      978.841      -2883.31      -1904.47      3.18874      197.064
104      10.4      1.31139      983.54      -2887.97      -1904.43      3.15789      197.053
105      10.5      1.31336      985.021      -2889.38      -1904.36      3.12764      197.041
106      10.6      1.31237      984.279      -2888.56      -1904.28      3.09796      197.03
107      10.7      1.30982      982.362      -2886.61      -1904.24      3.06885      197.02
108      10.8      1.30651      979.884      -2884.13      -1904.25      3.04028      197.01
109      10.9      1.30247      976.851      -2881.13      -1904.28      3.01224      197.001
110      11      1.29721      972.904      -2877.21      -1904.31      2.98473      196.992
111      11.1      1.29029      967.716      -2872.03      -1904.31      2.95774      196.986
112      11.2      1.28171      961.28      -2865.57      -1904.29      2.93127      196.981
113      11.3      1.27199      953.995      -2858.24      -1904.25      2.90529      196.978
114      11.4      1.26216      946.619      -2850.8      -1904.18      2.8798      196.978
115      11.5      1.25351      940.133      -2844.25      -1904.12      2.85479      196.981
116      11.6      1.24733      935.501      -2839.58      -1904.08      2.83025      196.985
117      11.7      1.24449      933.366      -2837.45      -1904.08      2.80616      196.992
118      11.8      1.24506      933.798      -2837.92      -1904.12      2.7825      197.001
119      11.9      1.24839      936.294      -2840.47      -1904.17      2.75926      197.011
120      12      1.25344      940.078      -2844.3      -1904.22      2.73642      197.022
121      12.1      1.25934      944.508      -2848.75      -1904.24      2.71397      197.034
122      12.2      1.26568      949.26      -2853.5      -1904.24      2.69189      197.046
123      12.3      1.27233      954.25      -2858.49      -1904.24      2.67017      197.059
124      12.4      1.27931      959.486      -2863.72      -1904.24      2.64881      197.071
125      12.5      1.2867      965.024      -2869.25      -1904.23      2.62779      197.085
126      12.6      1.29458      970.937      -2875.17      -1904.23      2.60712      197.098
127      12.7      1.30275      977.061      -2881.34      -1904.28      2.58678      197.113
128      12.8      1.3103      982.723      -2887.07      -1904.35      2.56677      197.128
129      12.9      1.31586      986.891      -2891.3      -1904.41      2.54709      197.145
130      13      1.31848      988.857      -2893.26      -1904.4      2.52772      197.162
131      13.1      1.31852      988.889      -2893.21      -1904.32      2.50867      197.181
132      13.2      1.31732      987.992      -2892.28      -1904.29      2.48991      197.201
133      13.3      1.31548      986.61      -2890.97      -1904.36      2.47145      197.222
134      13.4      1.31184      983.883      -2888.34      -1904.46      2.45328      197.243
135      13.5      1.30469      978.518      -2883.02      -1904.5      2.43537      197.265
136      13.6      1.29337      970.03      -2874.49      -1904.46      2.41773      197.287
137      13.7      1.27895      959.212      -2863.55      -1904.34      2.40034      197.308
138      13.8      1.26401      948.009      -2852.19      -1904.18      2.38319      197.328
139      13.9      1.25205      939.036      -2843.06      -1904.02      2.36627      197.347
140      14      1.24638      934.782      -2838.71      -1903.93      2.34957      197.364
141      14.1      1.2489      936.677      -2840.62      -1903.95      2.33308      197.379
142      14.2      1.25945      944.585      -2848.63      -1904.04      2.3168      197.391
143      14.3      1.27606      957.041      -2861.23      -1904.19      2.30071      197.401
144      14.4      1.29567      971.755      -2876.1      -1904.35      2.2848      197.407
145      14.5      1.31484      986.127      -2890.62      -1904.5      2.26908      197.41
146      14.6      1.33047      997.855      -2902.45      -1904.59      2.25355      197.411
147      14.7      1.34069      1005.52      -2910.12      -1904.6      2.23819      197.408
148      14.8      1.34524      1008.93      -2913.47      -1904.54      2.22302      197.404
149      14.9      1.34546      1009.09      -2913.52      -1904.43      2.20803      197.397
150      15      1.34373      1007.8      -2912.11      -1904.31      2.19322      197.39
151      15.1      1.34232      1006.74      -2911.01      -1904.27      2.17862      197.383
152      15.2      1.34208      1006.56      -2910.88      -1904.32      2.1642      197.375
153      15.3      1.34216      1006.62      -2911.02      -1904.4      2.14998      197.368
154      15.4      1.34078      1005.59      -2910.06      -1904.47      2.13595      197.362
155      15.5      1.3364      1002.3      -2906.81      -1904.5      2.12211      197.356
156      15.6      1.32814      996.107      -2900.6      -1904.5      2.10844      197.35
157      15.7      1.31595      986.96      -2891.41      -1904.45      2.09495      197.344
158      15.8      1.30078      975.581      -2879.93      -1904.35      2.08163      197.338
159      15.9      1.2846      963.447      -2867.67      -1904.22      2.06847      197.332
160      16      1.26992      952.441      -2856.55      -1904.11      2.05548      197.326
161      16.1      1.25895      944.213      -2848.28      -1904.06      2.04265      197.32
162      16.2      1.25283      939.619      -2843.69      -1904.07      2.02998      197.314
163      16.3      1.25149      938.614      -2842.73      -1904.12      2.01748      197.309
164      16.4      1.25406      940.547      -2844.72      -1904.17      2.00514      197.306
165      16.5      1.25935      944.513      -2848.75      -1904.23      1.99296      197.304
166      16.6      1.26594      949.456      -2853.76      -1904.31      1.98095      197.303
167      16.7      1.27221      954.156      -2858.54      -1904.39      1.9691      197.303
168      16.8      1.27651      957.381      -2861.83      -1904.44      1.9574      197.306
169      16.9      1.2777      958.274      -2862.74      -1904.46      1.94586      197.31
170      17      1.27553      956.648      -2861.09      -1904.44      1.93446      197.315
171      17.1      1.27055      952.914      -2857.3      -1904.39      1.92322      197.322
172      17.2      1.26382      947.863      -2852.19      -1904.33      1.91212      197.331
173      17.3      1.2567      942.523      -2846.78      -1904.25      1.90116      197.341
174      17.4      1.25082      938.115      -2842.28      -1904.17      1.89034      197.351
175      17.5      1.24788      935.909      -2840.01      -1904.1      1.87965      197.363
176      17.6      1.24907      936.8      -2840.88      -1904.08      1.86908      197.375
177      17.7      1.25452      940.889      -2845.01      -1904.12      1.85864      197.387
178      17.8      1.26334      947.506      -2851.68      -1904.17      1.84831      197.399
179      17.9      1.2742      955.649      -2859.87      -1904.22      1.83809      197.411
180      18      1.28586      964.393      -2868.64      -1904.25      1.82799      197.423
181      18.1      1.2974      973.052      -2877.32      -1904.27      1.81799      197.433
182      18.2      1.30822      981.162      -2885.45      -1904.28      1.80808      197.442
183      18.3      1.31783      988.375      -2892.68      -1904.3      1.79827      197.45
184      18.4      1.32585      994.389      -2898.71      -1904.32      1.78854      197.455
185      18.5      1.33179      998.844      -2903.2      -1904.35      1.77891      197.459
186      18.6      1.33489      1001.17      -2905.57      -1904.41      1.76935      197.46
187      18.7      1.33418      1000.64      -2905.08      -1904.45      1.75989      197.459
188      18.8      1.32913      996.847      -2901.27      -1904.43      1.7505      197.457
189      18.9      1.32033      990.246      -2894.59      -1904.34      1.74121      197.453
190      19      1.30965      982.235      -2886.46      -1904.22      1.732      197.448
191      19.1      1.29961      974.707      -2878.82      -1904.12      1.72289      197.443
192      19.2      1.29243      969.323      -2873.39      -1904.07      1.71387      197.438
193      19.3      1.28922      966.916      -2871      -1904.09      1.70495      197.433
194      19.4      1.28954      967.153      -2871.34      -1904.18      1.69612      197.429
195      19.5      1.29139      968.546      -2872.87      -1904.33      1.6874      197.425
196      19.6      1.29188      968.908      -2873.37      -1904.47      1.67876      197.422
197      19.7      1.28819      966.142      -2870.69      -1904.54      1.67021      197.419
198      19.8      1.27866      958.992      -2863.54      -1904.55      1.66174      197.415
199      19.9      1.2633      947.476      -2851.94      -1904.46      1.65336      197.411
200      20      1.24388      932.908      -2837.22      -1904.31      1.64506      197.407
201      20.1      1.22352      917.641      -2821.77      -1904.13      1.63683      197.402
202      20.2      1.20609      904.567      -2808.52      -1903.96      1.62869      197.397
203      20.3      1.19516      896.369      -2800.22      -1903.85      1.62062      197.392
204      20.4      1.19294      894.702      -2798.55      -1903.85      1.61263      197.386
205      20.5      1.19953      899.651      -2803.6      -1903.95      1.60472      197.38
206      20.6      1.21304      909.78      -2813.88      -1904.1      1.59689      197.375
207      20.7      1.23035      922.763      -2827.01      -1904.25      1.58914      197.371
208      20.8      1.2484      936.303      -2840.64      -1904.34      1.58147      197.368
209      20.9      1.26517      948.876      -2853.23      -1904.36      1.57389      197.365
210      21      1.27993      959.948      -2864.28      -1904.33      1.56638      197.364
211      21.1      1.29285      969.637      -2873.94      -1904.3      1.55896      197.365
212      21.2      1.30427      978.203      -2882.49      -1904.29      1.55162      197.367
213      21.3      1.31437      985.776      -2890.06      -1904.28      1.54436      197.37
214      21.4      1.32307      992.305      -2896.6      -1904.3      1.53718      197.373
215      21.5      1.33002      997.518      -2901.85      -1904.33      1.53006      197.378
216      21.6      1.3346      1000.95      -2905.32      -1904.36      1.52302      197.383
217      21.7      1.33614      1002.11      -2906.5      -1904.39      1.51604      197.388
218      21.8      1.33424      1000.68      -2905.08      -1904.39      1.50913      197.394
219      21.9      1.32896      996.717      -2901.09      -1904.38      1.50228      197.4
220      22      1.32073      990.546      -2894.9      -1904.35      1.4955      197.406
221      22.1      1.31024      982.681      -2887.01      -1904.33      1.48879      197.413
222      22.2      1.29826      973.693      -2877.99      -1904.3      1.48214      197.421
223      22.3      1.28553      964.145      -2868.43      -1904.28      1.47557      197.431
224      22.4      1.27285      954.636      -2858.88      -1904.24      1.46906      197.441
225      22.5      1.26133      945.995      -2850.17      -1904.18      1.46262      197.454
226      22.6      1.25263      939.473      -2843.55      -1904.08      1.45625      197.467
227      22.7      1.24888      936.659      -2840.65      -1904      1.44995      197.483
228      22.8      1.25171      938.786      -2842.78      -1903.99      1.44371      197.5
229      22.9      1.26105      945.788      -2849.89      -1904.1      1.43754      197.518
230      23      1.27476      956.074      -2860.33      -1904.26      1.43142      197.536
231      23.1      1.28978      967.334      -2871.71      -1904.38      1.42535      197.554
232      23.2      1.30338      977.535      -2881.99      -1904.45      1.41934      197.572
233      23.3      1.31379      985.346      -2889.83      -1904.48      1.41336      197.588
234      23.4      1.32017      990.129      -2894.61      -1904.48      1.40743      197.603
235      23.5      1.32242      991.818      -2896.27      -1904.45      1.40153      197.616
236      23.6      1.32095      990.71      -2895.13      -1904.42      1.39567      197.627
237      23.7      1.31637      987.277      -2891.66      -1904.38      1.38984      197.635
238      23.8      1.30944      982.081      -2886.42      -1904.34      1.38404      197.641
239      23.9      1.30118      975.888      -2880.15      -1904.26      1.37827      197.645
240      24      1.29299      969.746      -2873.93      -1904.19      1.37254      197.645
241      24.1      1.2864      964.803      -2868.93      -1904.12      1.36683      197.644
242      24.2      1.2825      961.873      -2865.99      -1904.12      1.36115      197.639
243      24.3      1.28136      961.02      -2865.19      -1904.17      1.3555      197.632
244      24.4      1.28196      961.47      -2865.72      -1904.25      1.34988      197.622
245      24.5      1.2825      961.872      -2866.22      -1904.35      1.34429      197.61
246      24.6      1.28098      960.737      -2865.16      -1904.43      1.33873      197.596
247      24.7      1.27589      956.916      -2861.37      -1904.45      1.3332      197.58
248      24.8      1.2667      950.024      -2854.44      -1904.42      1.3277      197.562
249      24.9      1.25419      940.644      -2844.97      -1904.33      1.32224      197.543
250      25      1.24017      930.124      -2834.35      -1904.23      1.31682      197.523
251      25.1      1.2267      920.026      -2824.18      -1904.15      1.31144      197.502
252      25.2      1.21543      911.574      -2815.69      -1904.11      1.30609      197.481
253      25.3      1.2072      905.399      -2809.51      -1904.11      1.30078      197.459
254      25.4      1.20222      901.662      -2805.78      -1904.12      1.29552      197.437
255      25.5      1.20044      900.331      -2804.44      -1904.11      1.29029      197.414
256      25.6      1.20188      901.407      -2805.5      -1904.1      1.2851      197.391
257      25.7      1.20668      905.012      -2809.09      -1904.08      1.27995      197.368
258      25.8      1.21504      911.277      -2815.35      -1904.07      1.27483      197.343
259      25.9      1.22679      920.095      -2824.2      -1904.1      1.26974      197.318
260      26      1.24113      930.849      -2835.02      -1904.17      1.26469      197.292
261      26.1      1.25643      942.323      -2846.59      -1904.27      1.25968      197.266
262      26.2      1.2706      952.953      -2857.31      -1904.36      1.2547      197.239
263      26.3      1.28175      961.31      -2865.72      -1904.41      1.24976      197.211
264      26.4      1.28879      966.595      -2870.99      -1904.4      1.24485      197.184
265      26.5      1.29191      968.934      -2873.26      -1904.33      1.23999      197.158
266      26.6      1.29242      969.317      -2873.55      -1904.24      1.23516      197.132
267      26.7      1.29204      969.029      -2873.22      -1904.19      1.23039      197.108
268      26.8      1.29161      968.705      -2872.94      -1904.24      1.22566      197.086
269      26.9      1.29042      967.817      -2872.15      -1904.33      1.22098      197.066
270      27      1.28697      965.227      -2869.61      -1904.38      1.21635      197.049
271      27.1      1.28031      960.232      -2864.59      -1904.36      1.21177      197.034
272      27.2      1.27086      953.146      -2857.43      -1904.28      1.20725      197.023
273      27.3      1.26014      945.103      -2849.3      -1904.2      1.20278      197.015
274      27.4      1.24992      937.438      -2841.57      -1904.14      1.19835      197.01
275      27.5      1.24148      931.111      -2835.23      -1904.11      1.19399      197.008
276      27.6      1.23535      926.51      -2830.63      -1904.12      1.18967      197.009
277      27.7      1.23152      923.638      -2827.76      -1904.12      1.18539      197.013
278      27.8      1.22985      922.389      -2826.51      -1904.12      1.18117      197.019
279      27.9      1.23015      922.613      -2826.75      -1904.14      1.17698      197.027
280      28      1.23193      923.949      -2828.13      -1904.18      1.17284      197.037
281      28.1      1.23429      925.718      -2829.95      -1904.23      1.16872      197.047
282      28.2      1.23612      927.09      -2831.37      -1904.28      1.16464      197.057
283      28.3      1.23651      927.379      -2831.68      -1904.3      1.16058      197.066
284      28.4      1.23506      926.298      -2830.59      -1904.29      1.15653      197.073
285      28.5      1.23215      924.114      -2828.36      -1904.24      1.15251      197.079
286      28.6      1.22895      921.71      -2825.87      -1904.16      1.14849      197.082
287      28.7      1.22729      920.47      -2824.54      -1904.07      1.14449      197.081
288      28.8      1.22914      921.858      -2825.87      -1904.01      1.1405      197.078
289      28.9      1.23563      926.725      -2830.75      -1904.03      1.13652      197.072
290      29      1.24653      934.895      -2838.99      -1904.1      1.13254      197.063
291      29.1      1.2605      945.375      -2849.55      -1904.17      1.12858      197.051
292      29.2      1.27585      956.89      -2861.13      -1904.24      1.12464      197.037
293      29.3      1.29095      968.21      -2872.51      -1904.3      1.12072      197.023
294      29.4      1.30428      978.211      -2882.56      -1904.35      1.11682      197.008
295      29.5      1.31449      985.865      -2890.26      -1904.4      1.11295      196.993
296      29.6      1.32044      990.332      -2894.76      -1904.43      1.10911      196.978
297      29.7      1.32155      991.164      -2895.59      -1904.43      1.10531      196.965
298      29.8      1.31806      988.547      -2892.93      -1904.38      1.10153      196.954
299      29.9      1.31124      983.43      -2887.71      -1904.28      1.09779      196.943
300      30      1.30324      977.432      -2881.6      -1904.17      1.09408      196.934
301      30.1      1.2966      972.451      -2876.52      -1904.07      1.0904      196.926
302      30.2      1.29343      970.069      -2874.1      -1904.03      1.08674      196.918
303      30.3      1.2947      971.028      -2875.08      -1904.05      1.08312      196.911
304      30.4      1.29994      974.956      -2879.1      -1904.14      1.07952      196.904
305      30.5      1.30735      980.515      -2884.77      -1904.25      1.07594      196.897
306      30.6      1.31474      986.056      -2890.37      -1904.32      1.07239      196.891
307      30.7      1.32058      990.437      -2894.76      -1904.32      1.06887      196.886
308      30.8      1.32454      993.402      -2897.68      -1904.28      1.06538      196.882
309      30.9      1.32709      995.32      -2899.56      -1904.24      1.06191      196.878
310      31      1.3288      996.6      -2900.84      -1904.24      1.05847      196.876
311      31.1      1.32972      997.291      -2901.56      -1904.26      1.05506      196.875
312      31.2      1.32958      997.186      -2901.45      -1904.27      1.05168      196.874
313      31.3      1.32841      996.306      -2900.53      -1904.23      1.04831      196.873
314      31.4      1.327      995.251      -2899.4      -1904.15      1.04497      196.871
315      31.5      1.32665      994.988      -2899.08      -1904.09      1.04164      196.87
316      31.6      1.32831      996.23      -2900.32      -1904.09      1.03833      196.868
317      31.7      1.33191      998.932      -2903.07      -1904.14      1.03505      196.866
318      31.8      1.33629      1002.21      -2906.45      -1904.24      1.03178      196.865
319      31.9      1.33947      1004.6      -2908.95      -1904.35      1.02854      196.863
320      32      1.33917      1004.38      -2908.83      -1904.46      1.02533      196.863
321      32.1      1.33335      1000.01      -2904.54      -1904.52      1.02213      196.863
322      32.2      1.32093      990.696      -2895.21      -1904.51      1.01896      196.864
323      32.3      1.30237      976.775      -2881.19      -1904.42      1.01582      196.865
324      32.4      1.27986      959.896      -2864.16      -1904.26      1.01269      196.867
325      32.5      1.25687      942.655      -2846.75      -1904.09      1.00959      196.869
326      32.6      1.23708      927.814      -2831.78      -1903.97      1.0065      196.872
327      32.7      1.22326      917.447      -2821.37      -1903.93      1.00344      196.875
328      32.8      1.21657      912.427      -2816.39      -1903.96      1.0004      196.878
329      32.9      1.21652      912.393      -2816.44      -1904.05      0.997373      196.881
330      33      1.22144      916.079      -2820.24      -1904.16      0.994373      196.886
331      33.1      1.22907      921.805      -2826.06      -1904.26      0.991395      196.891
332      33.2      1.23734      928.001      -2832.33      -1904.33      0.988439      196.897
333      33.3      1.24465      933.487      -2837.86      -1904.37      0.985504      196.904
334      33.4      1.24992      937.441      -2841.85      -1904.41      0.982591      196.911
335      33.5      1.25225      939.186      -2843.63      -1904.44      0.979698      196.919
336      33.6      1.25094      938.204      -2842.65      -1904.45      0.976825      196.928
337      33.7      1.24609      934.566      -2838.95      -1904.38      0.97397      196.937
338      33.8      1.23904      929.281      -2833.55      -1904.27      0.971133      196.946
339      33.9      1.23187      923.906      -2828.1      -1904.19      0.968314      196.955
340      34      1.22626      919.698      -2823.85      -1904.16      0.965512      196.965
341      34.1      1.22304      917.281      -2821.42      -1904.14      0.962728      196.974
342      34.2      1.22264      916.977      -2821.09      -1904.11      0.959962      196.984
343      34.3      1.22549      919.118      -2823.21      -1904.09      0.957212      196.994
344      34.4      1.23193      923.947      -2828.04      -1904.09      0.954479      197.004
345      34.5      1.24172      931.289      -2835.43      -1904.14      0.951761      197.015
346      34.6      1.2538      940.348      -2844.57      -1904.22      0.949058      197.024
347      34.7      1.2664      949.799      -2854.11      -1904.31      0.946368      197.034
348      34.8      1.27751      958.13      -2862.51      -1904.38      0.943691      197.043
349      34.9      1.28543      964.071      -2868.49      -1904.42      0.941026      197.051
350      35      1.2893      966.975      -2871.38      -1904.4      0.938374      197.058
351      35.1      1.28939      967.046      -2871.38      -1904.33      0.935734      197.066
352      35.2      1.28698      965.238      -2869.49      -1904.25      0.933107      197.072
353      35.3      1.28372      962.787      -2866.98      -1904.19      0.930493      197.078
354      35.4      1.28077      960.581      -2864.77      -1904.19      0.927893      197.084
355      35.5      1.27839      958.79      -2863.02      -1904.23      0.925307      197.09
356      35.6      1.27602      957.018      -2861.29      -1904.28      0.922736      197.096
357      35.7      1.27317      954.875      -2859.15      -1904.28      0.920179      197.102
358      35.8      1.27003      952.526      -2856.75      -1904.23      0.917635      197.108
359      35.9      1.2677      950.773      -2854.94      -1904.16      0.915106      197.114
360      36      1.2674      950.553      -2854.69      -1904.13      0.912589      197.119
361      36.1      1.26972      952.288      -2856.44      -1904.16      0.910086      197.125
362      36.2      1.27422      955.667      -2859.87      -1904.2      0.907595      197.13
363      36.3      1.27994      959.957      -2864.19      -1904.24      0.905117      197.135
364      36.4      1.28591      964.435      -2868.7      -1904.26      0.902652      197.139
365      36.5      1.29139      968.541      -2872.83      -1904.28      0.900201      197.144
366      36.6      1.29573      971.799      -2876.11      -1904.31      0.897763      197.149
367      36.7      1.29844      973.829      -2878.15      -1904.32      0.895339      197.154
368      36.8      1.29931      974.483      -2878.8      -1904.31      0.892929      197.159
369      36.9      1.29854      973.903      -2878.2      -1904.3      0.890533      197.164
370      37      1.29649      972.368      -2876.67      -1904.3      0.88815      197.169
371      37.1      1.29346      970.092      -2874.39      -1904.3      0.885779      197.174
372      37.2      1.28961      967.206      -2871.5      -1904.3      0.883419      197.179
373      37.3      1.28523      963.919      -2868.2      -1904.28      0.88107      197.184
374      37.4      1.28078      960.583      -2864.84      -1904.25      0.878733      197.188
375      37.5      1.27683      957.625      -2861.86      -1904.23      0.876406      197.191
376      37.6      1.27402      955.516      -2859.71      -1904.2      0.874092      197.195
377      37.7      1.27317      954.875      -2859.02      -1904.14      0.871791      197.199
378      37.8      1.27533      956.497      -2860.59      -1904.09      0.869504      197.204
379      37.9      1.28143      961.072      -2865.15      -1904.08      0.867233      197.209
380      38      1.29153      968.647      -2872.78      -1904.14      0.864976      197.215
381      38.1      1.30446      978.348      -2882.58      -1904.23      0.862736      197.221
382      38.2      1.31826      988.693      -2893.02      -1904.32      0.860511      197.229
383      38.3      1.33083      998.125      -2902.53      -1904.4      0.858301      197.238
384      38.4      1.34036      1005.27      -2909.74      -1904.47      0.856105      197.246
385      38.5      1.3454      1009.05      -2913.56      -1904.51      0.853919      197.255
386      38.6      1.34523      1008.92      -2913.43      -1904.51      0.851741      197.263
387      38.7      1.33995      1004.96      -2909.45      -1904.49      0.849569      197.27
388      38.8      1.33009      997.565      -2902.04      -1904.47      0.8474      197.275
389      38.9      1.31624      987.183      -2891.61      -1904.43      0.845233      197.277
390      39      1.29963      974.72      -2879.03      -1904.31      0.843068      197.278
391      39.1      1.28283      962.121      -2866.25      -1904.12      0.840903      197.276
392      39.2      1.26946      952.098      -2856.06      -1903.97      0.838739      197.271
393      39.3      1.2625      946.872      -2850.8      -1903.92      0.836576      197.265
394      39.4      1.26261      946.957      -2850.97      -1904.01      0.834415      197.256
395      39.5      1.26794      950.957      -2855.14      -1904.18      0.832257      197.245
396      39.6      1.27514      956.351      -2860.69      -1904.34      0.830102      197.232
397      39.7      1.28089      960.671      -2865.09      -1904.42      0.827952      197.218
398      39.8      1.28321      962.405      -2866.83      -1904.43      0.825807      197.203
399      39.9      1.2818      961.347      -2865.71      -1904.36      0.823669      197.186
400      40      1.27779      958.342      -2862.61      -1904.27      0.821537      197.169
401      40.1      1.27289      954.668      -2858.86      -1904.2      0.819411      197.15
402      40.2      1.26848      951.359      -2855.53      -1904.17      0.817292      197.131
403      40.3      1.265      948.751      -2852.95      -1904.2      0.815179      197.11
404      40.4      1.26194      946.458      -2850.72      -1904.26      0.813073      197.089
405      40.5      1.25828      943.712      -2848.03      -1904.31      0.810972      197.066
406      40.6      1.25311      939.829      -2844.16      -1904.33      0.808878      197.043
407      40.7      1.2461      934.574      -2838.89      -1904.32      0.80679      197.018
408      40.8      1.23769      928.269      -2832.54      -1904.27      0.804708      196.992
409      40.9      1.22896      921.72      -2825.92      -1904.2      0.802632      196.966
410      41      1.22144      916.082      -2820.21      -1904.13      0.800564      196.939
411      41.1      1.21681      912.604      -2816.68      -1904.07      0.798505      196.911
412      41.2      1.21625      912.184      -2816.25      -1904.07      0.796455      196.884
413      41.3      1.21996      914.972      -2819.09      -1904.12      0.794418      196.857
414      41.4      1.22705      920.286      -2824.49      -1904.21      0.792393      196.83
415      41.5      1.2359      926.927      -2831.21      -1904.29      0.790384      196.806
416      41.6      1.24495      933.711      -2838.05      -1904.34      0.78839      196.782
417      41.7      1.25317      939.877      -2844.22      -1904.34      0.786414      196.761
418      41.8      1.26024      945.183      -2849.52      -1904.33      0.784456      196.742
419      41.9      1.26627      949.705      -2854.02      -1904.32      0.782514      196.724
420      42      1.27138      953.535      -2857.85      -1904.32      0.780589      196.708
421      42.1      1.27542      956.567      -2860.9      -1904.33      0.778679      196.694
422      42.2      1.27792      958.442      -2862.8      -1904.36      0.776782      196.681
423      42.3      1.27823      958.672      -2863.05      -1904.38      0.774896      196.669
424      42.4      1.27588      956.913      -2861.28      -1904.37      0.773021      196.656
425      42.5      1.27104      953.281      -2857.6      -1904.32      0.771154      196.644
426      42.6      1.26467      948.501      -2852.74      -1904.24      0.769294      196.632
427      42.7      1.25834      943.756      -2847.9      -1904.15      0.767442      196.619
428      42.8      1.25377      940.327      -2844.41      -1904.09      0.765597      196.605
429      42.9      1.25218      939.132      -2843.21      -1904.07      0.763759      196.592
430      43      1.25383      940.374      -2844.49      -1904.12      0.761929      196.578
431      43.1      1.25792      943.437      -2847.63      -1904.19      0.760108      196.564
432      43.2      1.26289      947.164      -2851.44      -1904.27      0.758296      196.55
433      43.3      1.26714      950.357      -2854.69      -1904.33      0.756493      196.537
434      43.4      1.26955      952.159      -2856.51      -1904.35      0.754699      196.524
435      43.5      1.2696      952.198      -2856.54      -1904.34      0.752915      196.511
436      43.6      1.26736      950.523      -2854.85      -1904.32      0.75114      196.498
437      43.7      1.2633      947.474      -2851.77      -1904.3      0.749375      196.486
438      43.8      1.258      943.497      -2847.78      -1904.28      0.747619      196.474
439      43.9      1.25193      938.945      -2843.23      -1904.28      0.745874      196.463
440      44      1.24546      934.098      -2838.36      -1904.26      0.744141      196.453
441      44.1      1.23927      929.453      -2833.65      -1904.2      0.742419      196.444
442      44.2      1.23469      926.02      -2830.13      -1904.11      0.740709      196.436
443      44.3      1.23357      925.177      -2829.2      -1904.02      0.739011      196.429
444      44.4      1.23741      928.054      -2832.05      -1904      0.737326      196.424
445      44.5      1.24658      934.937      -2838.97      -1904.04      0.735654      196.42
446      44.6      1.26011      945.08      -2849.21      -1904.13      0.733995      196.417
447      44.7      1.27596      956.967      -2861.21      -1904.25      0.73235      196.416
448      44.8      1.29161      968.71      -2873.07      -1904.36      0.730717      196.417
449      44.9      1.30464      978.484      -2882.93      -1904.45      0.729099      196.419
450      45      1.31321      984.905      -2889.39      -1904.49      0.727494      196.423
451      45.1      1.31638      987.283      -2891.76      -1904.48      0.725905      196.43
452      45.2      1.31431      985.736      -2890.15      -1904.41      0.724332      196.439
453      45.3      1.30826      981.192      -2885.5      -1904.31      0.722774      196.45
454      45.4      1.30008      975.06      -2879.28      -1904.22      0.721235      196.464
455      45.5      1.2915      968.624      -2872.81      -1904.18      0.719712      196.481
456      45.6      1.28343      962.573      -2866.76      -1904.19      0.718209      196.502
457      45.7      1.27592      956.938      -2861.16      -1904.23      0.716725      196.526
458      45.8      1.26854      951.403      -2855.66      -1904.26      0.715259      196.553
459      45.9      1.26099      945.745      -2850      -1904.26      0.713813      196.584
460      46      1.25358      940.183      -2844.4      -1904.22      0.712385      196.618
461      46.1      1.24728      935.462      -2839.62      -1904.16      0.710975      196.656
462      46.2      1.24348      932.611      -2836.71      -1904.1      0.709579      196.695
463      46.3      1.24335      932.515      -2836.59      -1904.08      0.708198      196.738
464      46.4      1.24733      935.497      -2839.6      -1904.1      0.706829      196.781
465      46.5      1.25485      941.141      -2845.31      -1904.17      0.70547      196.826
466      46.6      1.26456      948.421      -2852.66      -1904.24      0.704119      196.872
467      46.7      1.27479      956.091      -2860.39      -1904.3      0.702774      196.917
468      46.8      1.28418      963.133      -2867.45      -1904.32      0.701432      196.962
469      46.9      1.29193      968.948      -2873.27      -1904.33      0.700093      197.006
470      47      1.29766      973.248      -2877.58      -1904.33      0.698756      197.049
471      47.1      1.30109      975.814      -2880.16      -1904.34      0.697419      197.09
472      47.2      1.3019      976.422      -2880.77      -1904.35      0.696081      197.13
473      47.3      1.29994      974.956      -2879.29      -1904.34      0.694743      197.168
474      47.4      1.29542      971.565      -2875.87      -1904.3      0.693406      197.205
475      47.5      1.28906      966.799      -2871.04      -1904.24      0.692068      197.239
476      47.6      1.2821      961.576      -2865.75      -1904.17      0.690731      197.273
477      47.7      1.27596      956.97      -2861.08      -1904.11      0.689396      197.305
478      47.8      1.27191      953.932      -2858      -1904.07      0.688063      197.336
479      47.9      1.27084      953.129      -2857.18      -1904.05      0.686732      197.367
480      48      1.27309      954.819      -2858.89      -1904.07      0.685404      197.396
481      48.1      1.2782      958.652      -2862.79      -1904.13      0.68408      197.425
482      48.2      1.28484      963.631      -2867.84      -1904.21      0.682758      197.454
483      48.3      1.29133      968.497      -2872.77      -1904.27      0.681439      197.481
484      48.4      1.29632      972.242      -2876.55      -1904.31      0.680122      197.507
485      48.5      1.29903      974.269      -2878.59      -1904.32      0.678805      197.532
486      48.6      1.29902      974.262      -2878.59      -1904.33      0.677487      197.555
487      48.7      1.29613      972.098      -2876.43      -1904.33      0.676167      197.576
488      48.8      1.29046      967.842      -2872.17      -1904.33      0.674845      197.595
489      48.9      1.28231      961.729      -2866.04      -1904.31      0.673519      197.611
490      49      1.27218      954.134      -2858.43      -1904.3      0.67219      197.624
491      49.1      1.26078      945.589      -2849.85      -1904.27      0.670857      197.635
492      49.2      1.24923      936.924      -2841.13      -1904.21      0.669521      197.643
493      49.3      1.23919      929.393      -2833.52      -1904.12      0.668183      197.649
494      49.4      1.23265      924.484      -2828.54      -1904.06      0.666844      197.653
495      49.5      1.23109      923.319      -2827.38      -1904.06      0.665504      197.655
496      49.6      1.23463      925.975      -2830.12      -1904.14      0.664164      197.655
497      49.7      1.24173      931.3      -2835.57      -1904.27      0.662825      197.654
498      49.8      1.24995      937.464      -2841.84      -1904.37      0.661488      197.653
499      49.9      1.25717      942.875      -2847.29      -1904.41      0.660155      197.65
500      50      1.2624      946.803      -2851.19      -1904.39      0.658824      197.647
501      50.1      1.26586      949.395      -2853.74      -1904.34      0.657499      197.644
502      50.2      1.26833      951.246      -2855.55      -1904.3      0.656178      197.641
503      50.3      1.27047      952.851      -2857.14      -1904.29      0.654862      197.637
504      50.4      1.2725      954.371      -2858.67      -1904.3      0.653552      197.634
505      50.5      1.2743      955.728      -2860.03      -1904.3      0.65225      197.632
506      50.6      1.27573      956.8      -2861.09      -1904.29      0.650954      197.63
507      50.7      1.2768      957.596      -2861.88      -1904.28      0.649667      197.629
508      50.8      1.2776      958.201      -2862.48      -1904.28      0.648388      197.629
509      50.9      1.27792      958.438      -2862.76      -1904.33      0.647118      197.63
510      51      1.27682      957.615      -2862.01      -1904.4      0.645858      197.633
511      51.1      1.27296      954.717      -2859.18      -1904.46      0.644607      197.636
512      51.2      1.26529      948.966      -2853.43      -1904.47      0.643364      197.641
513      51.3      1.25384      940.383      -2844.79      -1904.4      0.642128      197.647
514      51.4      1.24007      930.05      -2834.33      -1904.28      0.640897      197.653
515      51.5      1.22658      919.931      -2824.07      -1904.14      0.639671      197.658
516      51.6      1.21641      912.307      -2816.32      -1904.02      0.638446      197.663
517      51.7      1.21203      909.023      -2812.99      -1903.96      0.637222      197.666
518      51.8      1.21449      910.866      -2814.86      -1903.99      0.635998      197.668
519      51.9      1.22323      917.419      -2821.49      -1904.07      0.634774      197.669
520      52      1.23657      927.43      -2831.59      -1904.16      0.63355      197.668
521      52.1      1.25239      939.294      -2843.54      -1904.25      0.632326      197.665
522      52.2      1.26859      951.441      -2855.76      -1904.32      0.631103      197.661
523      52.3      1.2835      962.627      -2866.99      -1904.36      0.629882      197.657
524      52.4      1.29617      972.129      -2876.49      -1904.37      0.628663      197.652
525      52.5      1.30626      979.696      -2884.06      -1904.36      0.627447      197.646
526      52.6      1.31372      985.286      -2889.66      -1904.37      0.626236      197.64
527      52.7      1.31847      988.852      -2893.24      -1904.38      0.625028      197.634
528      52.8      1.32066      990.491      -2894.85      -1904.35      0.623824      197.628
529      52.9      1.32117      990.876      -2895.14      -1904.26      0.622625      197.621
530      53      1.32193      991.444      -2895.59      -1904.15      0.621432      197.615
531      53.1      1.32504      993.782      -2897.89      -1904.11      0.620243      197.609
532      53.2      1.33124      998.428      -2902.61      -1904.18      0.619059      197.604
533      53.3      1.33916      1004.37      -2908.67      -1904.3      0.61788      197.598
534      53.4      1.34652      1009.89      -2914.27      -1904.38      0.616705      197.592
535      53.5      1.35146      1013.6      -2918.02      -1904.42      0.615535      197.587
536      53.6      1.353      1014.75      -2919.18      -1904.43      0.614368      197.581
537      53.7      1.3506      1012.95      -2917.39      -1904.44      0.613205      197.575
538      53.8      1.34417      1008.13      -2912.54      -1904.41      0.612044      197.568
539      53.9      1.33421      1000.66      -2905.02      -1904.36      0.610885      197.56
540      54      1.32181      991.356      -2895.65      -1904.3      0.609729      197.552
541      54.1      1.3083      981.225      -2885.47      -1904.24      0.608575      197.543
542      54.2      1.29485      971.14      -2875.35      -1904.21      0.607423      197.534
543      54.3      1.28217      961.628      -2865.84      -1904.21      0.606275      197.525
544      54.4      1.27046      952.844      -2857.07      -1904.22      0.605131      197.515
545      54.5      1.25962      944.714      -2848.95      -1904.23      0.60399      197.505
546      54.6      1.24959      937.192      -2841.42      -1904.23      0.602851      197.494
547      54.7      1.24059      930.443      -2834.66      -1904.21      0.601716      197.483
548      54.8      1.23315      924.859      -2829.05      -1904.19      0.600582      197.471
549      54.9      1.22795      920.961      -2825.12      -1904.16      0.599449      197.459
550      55      1.22571      919.279      -2823.42      -1904.14      0.598318      197.445
551      55.1      1.22683      920.123      -2824.28      -1904.16      0.597187      197.43
552      55.2      1.23111      923.335      -2827.54      -1904.2      0.596057      197.414
553      55.3      1.2377      928.272      -2832.53      -1904.26      0.594928      197.397
554      55.4      1.2455      934.126      -2838.42      -1904.3      0.593801      197.38
555      55.5      1.25367      940.254      -2844.57      -1904.31      0.592677      197.362
556      55.6      1.26163      946.222      -2850.55      -1904.32      0.591556      197.343
557      55.7      1.26895      951.716      -2856.04      -1904.33      0.590438      197.324
558      55.8      1.27537      956.526      -2860.85      -1904.32      0.589323      197.305
559      55.9      1.28071      960.533      -2864.86      -1904.32      0.588209      197.285
560      56      1.28479      963.589      -2867.92      -1904.33      0.587098      197.265
561      56.1      1.28724      965.427      -2869.78      -1904.35      0.585988      197.244
562      56.2      1.28758      965.689      -2870.07      -1904.38      0.584879      197.221
563      56.3      1.28543      964.075      -2868.46      -1904.38      0.583772      197.198
564      56.4      1.28081      960.61      -2864.97      -1904.36      0.582666      197.174
565      56.5      1.2744      955.803      -2860.1      -1904.3      0.581564      197.15
566      56.6      1.26752      950.641      -2854.85      -1904.21      0.580465      197.126
567      56.7      1.26192      946.441      -2850.56      -1904.12      0.579373      197.103
568      56.8      1.25935      944.51      -2848.57      -1904.06      0.578286      197.08
569      56.9      1.26095      945.713      -2849.75      -1904.04      0.577208      197.059
570      57      1.26693      950.198      -2854.26      -1904.07      0.576137      197.039
571      57.1      1.27657      957.428      -2861.55      -1904.12      0.575075      197.021
572      57.2      1.28851      966.381      -2870.58      -1904.2      0.574022      197.004
573      57.3      1.30107      975.803      -2880.07      -1904.26      0.572976      196.989
574      57.4      1.31261      984.458      -2888.78      -1904.32      0.571938      196.975
575      57.5      1.32176      991.32      -2895.68      -1904.36      0.570906      196.962
576      57.6      1.32749      995.616      -2900      -1904.38      0.569879      196.95
577      57.7      1.32909      996.819      -2901.21      -1904.4      0.568857      196.938
578      57.8      1.32631      994.733      -2899.11      -1904.38      0.567841      196.927
579      57.9      1.31955      989.661      -2893.98      -1904.32      0.56683      196.917
580      58      1.30988      982.407      -2886.66      -1904.26      0.565825      196.907
581      58.1      1.29871      974.03      -2878.23      -1904.2      0.564826      196.898
582      58.2      1.28731      965.483      -2869.66      -1904.18      0.563834      196.891
583      58.3      1.27648      957.358      -2861.54      -1904.19      0.562848      196.884
584      58.4      1.26648      949.857      -2854.07      -1904.21      0.56187      196.879
585      58.5      1.25727      942.952      -2847.18      -1904.23      0.5609      196.876
586      58.6      1.24874      936.553      -2840.81      -1904.25      0.559938      196.874
587      58.7      1.24074      930.554      -2834.84      -1904.28      0.558983      196.874
588      58.8      1.23306      924.791      -2829.1      -1904.31      0.558036      196.875
589      58.9      1.22558      919.189      -2823.49      -1904.3      0.557096      196.878
590      59      1.21879      914.094      -2818.35      -1904.25      0.556163      196.882
591      59.1      1.21384      910.384      -2814.57      -1904.19      0.555235      196.886
592      59.2      1.212      909      -2813.16      -1904.16      0.554312      196.892
593      59.3      1.21383      910.369      -2814.54      -1904.17      0.553396      196.898
594      59.4      1.21913      914.346      -2818.53      -1904.18      0.552485      196.906
595      59.5      1.22732      920.488      -2824.69      -1904.2      0.55158      196.914
596      59.6      1.2376      928.198      -2832.43      -1904.23      0.550683      196.924
597      59.7      1.24911      936.83      -2841.08      -1904.25      0.549793      196.936
598      59.8      1.26101      945.759      -2850.04      -1904.28      0.548909      196.949
599      59.9      1.27228      954.21      -2858.55      -1904.34      0.548033      196.963
600      60      1.28127      960.954      -2865.4      -1904.44      0.547163      196.979
601      60.1      1.2859      964.422      -2868.95      -1904.53      0.5463      196.996
602      60.2      1.28449      963.366      -2867.91      -1904.55      0.545443      197.014
603      60.3      1.27685      957.64      -2862.1      -1904.46      0.544594      197.034
604      60.4      1.26483      948.619      -2852.91      -1904.29      0.543752      197.056
605      60.5      1.2519      938.926      -2843.02      -1904.1      0.542915      197.078
606      60.6      1.242      931.502      -2835.46      -1903.96      0.542084      197.102
607      60.7      1.23796      928.473      -2832.4      -1903.92      0.541256      197.125
608      60.8      1.24064      930.478      -2834.45      -1903.97      0.54043      197.149
609      60.9      1.24915      936.863      -2840.91      -1904.05      0.539604      197.171
610      61      1.26181      946.355      -2850.48      -1904.13      0.538778      197.193
611      61.1      1.2768      957.596      -2861.79      -1904.19      0.537949      197.212
612      61.2      1.29242      969.312      -2873.57      -1904.26      0.537118      197.23
613      61.3      1.30706      980.294      -2884.61      -1904.32      0.536283      197.245
614      61.4      1.31923      989.425      -2893.79      -1904.36      0.535445      197.258
615      61.5      1.32771      995.783      -2900.17      -1904.39      0.534605      197.269
616      61.6      1.33184      998.883      -2903.26      -1904.37      0.533762      197.279
617      61.7      1.33193      998.947      -2903.25      -1904.31      0.532919      197.287
618      61.8      1.32927      996.954      -2901.17      -1904.21      0.532076      197.294
619      61.9      1.32567      994.255      -2898.4      -1904.15      0.531236      197.301
620      62      1.32257      991.924      -2896.05      -1904.12      0.530398      197.308
621      62.1      1.3205      990.376      -2894.52      -1904.15      0.529563      197.315
622      62.2      1.31922      989.414      -2893.61      -1904.19      0.528732      197.323
623      62.3      1.31807      988.549      -2892.79      -1904.24      0.527905      197.331
624      62.4      1.31648      987.359      -2891.61      -1904.25      0.527083      197.34
625      62.5      1.31437      985.78      -2890.02      -1904.24      0.526266      197.35
626      62.6      1.31229      984.216      -2888.41      -1904.19      0.525453      197.36
627      62.7      1.31114      983.355      -2887.51      -1904.16      0.524645      197.371
628      62.8      1.31157      983.677      -2887.84      -1904.17      0.523842      197.384
629      62.9      1.31342      985.069      -2889.28      -1904.21      0.523043      197.396
630      63      1.31593      986.944      -2891.19      -1904.25      0.522248      197.41
631      63.1      1.31828      988.71      -2892.97      -1904.26      0.521455      197.423
632      63.2      1.32006      990.049      -2894.3      -1904.25      0.520664      197.436
633      63.3      1.32114      990.857      -2895.11      -1904.25      0.519875      197.448
634      63.4      1.32141      991.06      -2895.33      -1904.27      0.519085      197.46
635      63.5      1.32061      990.461      -2894.75      -1904.29      0.518295      197.47
636      63.6      1.31833      988.745      -2893.06      -1904.31      0.517503      197.479
637      63.7      1.31419      985.642      -2889.96      -1904.32      0.516709      197.486
638      63.8      1.30817      981.126      -2885.43      -1904.31      0.515911      197.491
639      63.9      1.30064      975.479      -2879.76      -1904.28      0.515111      197.494
640      64      1.29227      969.199      -2873.45      -1904.25      0.514309      197.495
641      64.1      1.28381      962.855      -2867.08      -1904.22      0.513504      197.494
642      64.2      1.27585      956.885      -2861.1      -1904.22      0.512697      197.491
643      64.3      1.26863      951.475      -2855.7      -1904.23      0.511889      197.487
644      64.4      1.26209      946.566      -2850.81      -1904.24      0.511081      197.482
645      64.5      1.25598      941.982      -2846.23      -1904.25      0.510272      197.475
646      64.6      1.2501      937.573      -2841.82      -1904.25      0.509463      197.468
647      64.7      1.24451      933.385      -2837.61      -1904.23      0.508653      197.459
648      64.8      1.23967      929.753      -2833.94      -1904.19      0.507842      197.449
649      64.9      1.23628      927.209      -2831.36      -1904.15      0.507031      197.438
650      65      1.23489      926.168      -2830.32      -1904.15      0.506218      197.425
651      65.1      1.23547      926.603      -2830.78      -1904.18      0.505403      197.411
652      65.2      1.23737      928.025      -2832.25      -1904.22      0.504588      197.395
653      65.3      1.23967      929.755      -2834.01      -1904.25      0.503773      197.378
654      65.4      1.24158      931.183      -2835.46      -1904.28      0.502959      197.361
655      65.5      1.24243      931.821      -2836.13      -1904.31      0.502146      197.343
656      65.6      1.24171      931.283      -2835.6      -1904.32      0.501335      197.325
657      65.7      1.23916      929.373      -2833.69      -1904.32      0.500527      197.308
658      65.8      1.23497      926.227      -2830.52      -1904.29      0.499723      197.291
659      65.9      1.22971      922.285      -2826.55      -1904.26      0.498923      197.274
660      66      1.22416      918.122      -2822.35      -1904.23      0.498128      197.259
661      66.1      1.21909      914.321      -2818.52      -1904.2      0.497338      197.244
662      66.2      1.21526      911.445      -2815.61      -1904.16      0.496552      197.231
663      66.3      1.21338      910.032      -2814.16      -1904.13      0.495772      197.218
664      66.4      1.21391      910.43      -2814.55      -1904.13      0.494997      197.207
665      66.5      1.21685      912.639      -2816.78      -1904.14      0.494227      197.196
666      66.6      1.22175      916.31      -2820.49      -1904.18      0.493461      197.187
667      66.7      1.22785      920.886      -2825.1      -1904.21      0.492701      197.179
668      66.8      1.2344      925.801      -2830.04      -1904.24      0.491945      197.171
669      66.9      1.24069      930.52      -2834.8      -1904.28      0.491193      197.165
670      67      1.24584      934.377      -2838.71      -1904.33      0.490443      197.158
671      67.1      1.24878      936.585      -2840.95      -1904.37      0.489696      197.151
672      67.2      1.24885      936.636      -2840.99      -1904.35      0.488948      197.144
673      67.3      1.24637      934.775      -2839.05      -1904.28      0.4882      197.135
674      67.4      1.24287      932.156      -2836.32      -1904.16      0.48745      197.125
675      67.5      1.2407      930.523      -2834.57      -1904.05      0.486697      197.112
676      67.6      1.24203      931.526      -2835.52      -1903.99      0.485941      197.098
677      67.7      1.24795      935.964      -2839.99      -1904.02      0.485183      197.081
678      67.8      1.25785      943.389      -2847.51      -1904.12      0.484423      197.063
679      67.9      1.26988      952.407      -2856.63      -1904.23      0.483663      197.044
680      68      1.28189      961.415      -2865.71      -1904.3      0.482904      197.025
681      68.1      1.29235      969.263      -2873.58      -1904.32      0.482147      197.005
682      68.2      1.30061      975.457      -2879.78      -1904.32      0.481392      196.986
683      68.3      1.30652      979.892      -2884.22      -1904.33      0.480641      196.967
684      68.4      1.31001      982.505      -2886.84      -1904.34      0.479893      196.948
685      68.5      1.3109      983.178      -2887.52      -1904.35      0.479151      196.931
686      68.6      1.3091      981.828      -2886.18      -1904.35      0.478412      196.915
687      68.7      1.30462      978.463      -2882.82      -1904.36      0.477679      196.899
688      68.8      1.2977      973.279      -2877.61      -1904.33      0.476949      196.885
689      68.9      1.28915      966.862      -2871.13      -1904.27      0.476224      196.871
690      69      1.28039      960.289      -2864.47      -1904.19      0.475501      196.857
691      69.1      1.27312      954.839      -2858.97      -1904.13      0.474781      196.844
692      69.2      1.26852      951.393      -2855.52      -1904.13      0.474065      196.832
693      69.3      1.26677      950.075      -2854.24      -1904.16      0.473352      196.82
694      69.4      1.26727      950.454      -2854.65      -1904.19      0.472642      196.808
695      69.5      1.2694      952.047      -2856.25      -1904.2      0.471938      196.798
696      69.6      1.27283      954.625      -2858.82      -1904.2      0.471239      196.789
697      69.7      1.27745      958.084      -2862.29      -1904.21      0.470546      196.782
698      69.8      1.28284      962.13      -2866.38      -1904.25      0.469859      196.777
699      69.9      1.28811      966.085      -2870.4      -1904.32      0.469177      196.773
700      70      1.29204      969.033      -2873.41      -1904.37      0.468502      196.771
701      70.1      1.29365      970.234      -2874.62      -1904.39      0.467831      196.77
702      70.2      1.29271      969.531      -2873.89      -1904.36      0.467164      196.77
703      70.3      1.28989      967.419      -2871.71      -1904.29      0.466501      196.77
704      70.4      1.28636      964.769      -2869.01      -1904.24      0.465842      196.772
705      70.5      1.28325      962.437      -2866.64      -1904.21      0.465186      196.774
706      70.6      1.28134      961.002      -2865.2      -1904.2      0.464532      196.776
707      70.7      1.28087      960.653      -2864.87      -1904.21      0.46388      196.778
708      70.8      1.2816      961.202      -2865.45      -1904.24      0.46323      196.78
709      70.9      1.28296      962.221      -2866.5      -1904.28      0.462581      196.782
710      71      1.2843      963.222      -2867.53      -1904.31      0.461932      196.783
711      71.1      1.28513      963.846      -2868.16      -1904.32      0.461283      196.783
712      71.2      1.2853      963.977      -2868.29      -1904.31      0.460634      196.783
713      71.3      1.28503      963.774      -2868.06      -1904.29      0.459984      196.781
714      71.4      1.2848      963.599      -2867.86      -1904.26      0.459333      196.778
715      71.5      1.28514      963.853      -2868.1      -1904.25      0.458683      196.775
716      71.6      1.2864      964.804      -2869.05      -1904.25      0.458035      196.772
717      71.7      1.28864      966.478      -2870.75      -1904.27      0.457388      196.768
718      71.8      1.29157      968.676      -2872.97      -1904.29      0.456744      196.766
719      71.9      1.29478      971.085      -2875.4      -1904.32      0.456105      196.764
720      72      1.29783      973.374      -2877.72      -1904.34      0.455472      196.764
721      72.1      1.30023      975.173      -2879.55      -1904.38      0.454845      196.766
722      72.2      1.30127      975.949      -2880.38      -1904.43      0.454225      196.77
723      72.3      1.3      975.003      -2879.48      -1904.47      0.453613      196.777
724      72.4      1.29574      971.802      -2876.28      -1904.47      0.453008      196.787
725      72.5      1.28853      966.399      -2870.83      -1904.43      0.452412      196.799
726      72.6      1.27929      959.464      -2863.83      -1904.37      0.451822      196.814
727      72.7      1.2692      951.901      -2856.23      -1904.33      0.451239      196.831
728      72.8      1.25921      944.404      -2848.71      -1904.31      0.450661      196.849
729      72.9      1.24984      937.38      -2841.67      -1904.29      0.450087      196.868
730      73      1.24161      931.205      -2835.46      -1904.26      0.449517      196.888
731      73.1      1.23529      926.468      -2830.68      -1904.21      0.448949      196.909
732      73.2      1.23182      923.862      -2828.04      -1904.18      0.448383      196.93
733      73.3      1.23176      923.822      -2828      -1904.18      0.447818      196.95
734      73.4      1.23513      926.346      -2830.54      -1904.19      0.447254      196.971
735      73.5      1.24164      931.233      -2835.42      -1904.18      0.446691      196.991
736      73.6      1.2513      938.472      -2842.63      -1904.15      0.44613      197.011
737      73.7      1.26433      948.246      -2852.39      -1904.14      0.44557      197.031
738      73.8      1.28053      960.398      -2864.59      -1904.19      0.445013      197.052
739      73.9      1.29848      973.858      -2878.17      -1904.31      0.444458      197.073
740      74      1.31549      986.62      -2891.07      -1904.45      0.443906      197.094
741      74.1      1.32852      996.391      -2900.94      -1904.55      0.443356      197.116
742      74.2      1.3353      1001.47      -2906.05      -1904.58      0.442807      197.138
743      74.3      1.33515      1001.36      -2905.88      -1904.52      0.442261      197.16
744      74.4      1.32918      996.888      -2901.28      -1904.39      0.441714      197.181
745      74.5      1.31987      989.9      -2894.14      -1904.24      0.441168      197.202
746      74.6      1.31024      982.679      -2886.79      -1904.11      0.440621      197.222
747      74.7      1.30288      977.157      -2881.22      -1904.06      0.440073      197.241
748      74.8      1.29896      974.221      -2878.31      -1904.09      0.439525      197.259
749      74.9      1.29813      973.598      -2877.76      -1904.16      0.438976      197.276
750      75      1.29917      974.379      -2878.61      -1904.23      0.438428      197.293
751      75.1      1.30077      975.574      -2879.86      -1904.29      0.437881      197.309
752      75.2      1.30165      976.236      -2880.59      -1904.35      0.437335      197.326
753      75.3      1.30044      975.332      -2879.75      -1904.42      0.436791      197.342
754      75.4      1.29575      971.813      -2876.27      -1904.46      0.436249      197.359
755      75.5      1.28672      965.037      -2869.49      -1904.45      0.435707      197.375
756      75.6      1.27349      955.117      -2859.51      -1904.4      0.435167      197.392
757      75.7      1.25708      942.811      -2847.15      -1904.34      0.434628      197.408
758      75.8      1.23889      929.168      -2833.44      -1904.28      0.43409      197.424
759      75.9      1.2205      915.378      -2819.58      -1904.2      0.433552      197.44
760      76      1.20398      902.985      -2807.07      -1904.08      0.433016      197.455
761      76.1      1.19213      894.097      -2798.03      -1903.93      0.43248      197.471
762      76.2      1.18808      891.061      -2794.88      -1903.82      0.431946      197.486
763      76.3      1.19387      895.399      -2799.24      -1903.84      0.431412      197.5
764      76.4      1.20894      906.704      -2810.7      -1903.99      0.430878      197.515
765      76.5      1.23016      922.617      -2826.81      -1904.19      0.430345      197.528
766      76.6      1.25322      939.915      -2844.28      -1904.37      0.429812      197.541
767      76.7      1.27428      955.714      -2860.19      -1904.47      0.429278      197.554
768      76.8      1.2908      968.097      -2872.61      -1904.51      0.428745      197.566
769      76.9      1.3017      976.275      -2880.76      -1904.49      0.428212      197.577
770      77      1.30736      980.522      -2884.93      -1904.41      0.427679      197.588
771      77.1      1.30918      981.887      -2886.21      -1904.33      0.427146      197.598
772      77.2      1.30886      981.647      -2885.92      -1904.27      0.426613      197.607
773      77.3      1.30767      980.754      -2885.01      -1904.25      0.426078      197.615
774      77.4      1.30616      979.622      -2883.88      -1904.26      0.425542      197.622
775      77.5      1.3044      978.301      -2882.58      -1904.28      0.425004      197.627
776      77.6      1.3022      976.648      -2880.95      -1904.3      0.424463      197.63
777      77.7      1.29907      974.305      -2878.65      -1904.34      0.42392      197.631
778      77.8      1.29437      970.777      -2875.14      -1904.37      0.423374      197.631
779      77.9      1.28774      965.807      -2870.16      -1904.35      0.422826      197.629
780      78      1.27955      959.659      -2863.96      -1904.31      0.422275      197.625
781      78.1      1.27056      952.922      -2857.2      -1904.28      0.421724      197.62
782      78.2      1.26144      946.083      -2850.34      -1904.26      0.421171      197.613
783      78.3      1.25265      939.487      -2843.72      -1904.23      0.420616      197.606
784      78.4      1.2449      933.672      -2837.84      -1904.17      0.420062      197.597
785      78.5      1.2395      929.626      -2833.7      -1904.08      0.419506      197.587
786      78.6      1.23816      928.617      -2832.63      -1904.01      0.41895      197.577
787      78.7      1.24197      931.481      -2835.5      -1904.02      0.418395      197.566
788      78.8      1.25058      937.937      -2842.04      -1904.1      0.417839      197.554
789      78.9      1.26221      946.654      -2850.86      -1904.21      0.417284      197.542
790      79      1.27445      955.838      -2860.15      -1904.31      0.41673      197.53
791      79.1      1.28493      963.694      -2868.1      -1904.41      0.416176      197.517
792      79.2      1.29164      968.728      -2873.19      -1904.47      0.415622      197.504
793      79.3      1.29338      970.033      -2874.51      -1904.48      0.415069      197.49
794      79.4      1.28991      967.434      -2871.89      -1904.45      0.414517      197.476
795      79.5      1.28187      961.402      -2865.81      -1904.4      0.413965      197.461
796      79.6      1.27047      952.85      -2857.19      -1904.34      0.413414      197.446
797      79.7      1.25733      942.995      -2847.25      -1904.26      0.412864      197.431
798      79.8      1.24449      933.368      -2837.52      -1904.16      0.412315      197.416
799      79.9      1.23427      925.705      -2829.77      -1904.06      0.411767      197.401
800      80      1.22866      921.496      -2825.52      -1904.03      0.411222      197.386
801      80.1      1.22848      921.357      -2825.43      -1904.07      0.410679      197.372
802      80.2      1.23304      924.78      -2828.94      -1904.16      0.410139      197.359
803      80.3      1.24066      930.492      -2834.74      -1904.25      0.409603      197.347
804      80.4      1.24954      937.153      -2841.46      -1904.31      0.409071      197.336
805      80.5      1.25844      943.826      -2848.16      -1904.33      0.408544      197.327
806      80.6      1.26658      949.939      -2854.3      -1904.36      0.408022      197.32
807      80.7      1.27325      954.934      -2859.34      -1904.41      0.407505      197.314
808      80.8      1.27749      958.119      -2862.56      -1904.44      0.406992      197.31
809      80.9      1.27869      959.016      -2863.44      -1904.43      0.406482      197.306
810      81      1.27727      957.954      -2862.29      -1904.33      0.405975      197.304
811      81.1      1.27503      956.27      -2860.47      -1904.2      0.40547      197.302
812      81.2      1.2745      955.878      -2859.97      -1904.09      0.404965      197.299
813      81.3      1.27778      958.335      -2862.4      -1904.06      0.404459      197.295
814      81.4      1.28514      963.859      -2868.02      -1904.16      0.403951      197.29
815      81.5      1.29457      970.928      -2875.26      -1904.34      0.40344      197.282
816      81.6      1.30264      976.979      -2881.45      -1904.48      0.402925      197.272
817      81.7      1.30641      979.806      -2884.33      -1904.52      0.402406      197.26
818      81.8      1.30467      978.499      -2882.98      -1904.48      0.401883      197.244
819      81.9      1.29797      973.475      -2877.86      -1904.39      0.401356      197.226
820      82      1.28806      966.044      -2870.32      -1904.27      0.400824      197.205
821      82.1      1.27722      957.914      -2862.08      -1904.17      0.400289      197.182
822      82.2      1.2677      950.775      -2854.86      -1904.08      0.399752      197.157
823      82.3      1.26131      945.981      -2850.01      -1904.02      0.399212      197.131
824      82.4      1.25918      944.388      -2848.39      -1904      0.398673      197.104
825      82.5      1.26171      946.284      -2850.3      -1904.02      0.398134      197.076
826      82.6      1.26848      951.357      -2855.42      -1904.06      0.397597      197.049
827      82.7      1.27836      958.771      -2862.9      -1904.13      0.397063      197.023
828      82.8      1.28982      967.367      -2871.56      -1904.2      0.396532      196.997
829      82.9      1.30119      975.895      -2880.16      -1904.26      0.396004      196.972
830      83      1.31092      983.188      -2887.51      -1904.32      0.39548      196.949
831      83.1      1.31761      988.208      -2892.57      -1904.36      0.394959      196.926
832      83.2      1.3202      990.148      -2894.53      -1904.39      0.394441      196.905
833      83.3      1.31808      988.562      -2892.95      -1904.39      0.393926      196.884
834      83.4      1.31129      983.467      -2887.83      -1904.36      0.393413      196.864
835      83.5      1.30051      975.381      -2879.69      -1904.31      0.392902      196.844
836      83.6      1.28708      965.314      -2869.55      -1904.23      0.392394      196.825
837      83.7      1.27286      954.648      -2858.8      -1904.15      0.391887      196.806
838      83.8      1.25986      944.897      -2848.98      -1904.08      0.391383      196.787
839      83.9      1.24977      937.327      -2841.38      -1904.05      0.390881      196.769
840      84      1.24347      932.6      -2836.68      -1904.08      0.390382      196.753
841      84.1      1.24086      930.644      -2834.78      -1904.14      0.389888      196.737
842      84.2      1.2412      930.898      -2835.09      -1904.19      0.389398      196.724
843      84.3      1.24378      932.837      -2837.04      -1904.2      0.388913      196.712
844      84.4      1.24851      936.385      -2840.58      -1904.19      0.388432      196.702
845      84.5      1.2555      941.622      -2845.84      -1904.22      0.387958      196.694
846      84.6      1.26412      948.089      -2852.38      -1904.29      0.387488      196.689
847      84.7      1.27302      954.769      -2859.11      -1904.34      0.387024      196.685
848      84.8      1.28097      960.73      -2865.09      -1904.36      0.386565      196.684
849      84.9      1.28738      965.535      -2869.89      -1904.35      0.386111      196.685
850      85      1.29226      969.195      -2873.52      -1904.33      0.385662      196.688
851      85.1      1.29607      972.05      -2876.34      -1904.29      0.385218      196.692
852      85.2      1.29951      974.631      -2878.88      -1904.25      0.384778      196.698
853      85.3      1.30332      977.489      -2881.71      -1904.22      0.384341      196.706
854      85.4      1.30797      980.974      -2885.2      -1904.22      0.383908      196.715
855      85.5      1.31334      985.004      -2889.26      -1904.26      0.383478      196.724
856      85.6      1.31871      989.036      -2893.35      -1904.31      0.383052      196.735
857      85.7      1.32305      992.286      -2896.64      -1904.35      0.382628      196.747
858      85.8      1.3254      994.053      -2898.43      -1904.38      0.382208      196.761
859      85.9      1.32512      993.844      -2898.24      -1904.39      0.381792      196.775
860      86      1.32189      991.416      -2895.8      -1904.38      0.381378      196.791
861      86.1      1.31597      986.975      -2891.3      -1904.33      0.380966      196.807
862      86.2      1.30834      981.256      -2885.51      -1904.26      0.380556      196.824
863      86.3      1.30025      975.19      -2879.41      -1904.22      0.380147      196.84
864      86.4      1.29249      969.366      -2873.59      -1904.22      0.379739      196.857
865      86.5      1.2852      963.9      -2868.13      -1904.23      0.37933      196.872
866      86.6      1.27833      958.748      -2862.97      -1904.22      0.378921      196.887
867      86.7      1.27209      954.071      -2858.26      -1904.19      0.37851      196.901
868      86.8      1.26717      950.376      -2854.51      -1904.14      0.378098      196.913
869      86.9      1.2645      948.371      -2852.47      -1904.1      0.377683      196.924
870      87      1.2647      948.522      -2852.63      -1904.11      0.377267      196.934
871      87.1      1.26751      950.63      -2854.8      -1904.17      0.37685      196.942
872      87.2      1.27176      953.82      -2858.06      -1904.24      0.376431      196.949
873      87.3      1.27594      956.954      -2861.26      -1904.3      0.376011      196.955
874      87.4      1.27884      959.133      -2863.46      -1904.32      0.375591      196.96
875      87.5      1.27996      959.973      -2864.28      -1904.31      0.375171      196.965
876      87.6      1.27962      959.712      -2863.96      -1904.25      0.374752      196.97
877      87.7      1.27889      959.164      -2863.34      -1904.18      0.374334      196.975
878      87.8      1.27918      959.386      -2863.51      -1904.12      0.373917      196.979
879      87.9      1.28148      961.109      -2865.24      -1904.13      0.373502      196.985
880      88      1.28566      964.243      -2868.45      -1904.21      0.373088      196.99
881      88.1      1.29041      967.804      -2872.12      -1904.31      0.372677      196.997
882      88.2      1.29382      970.364      -2874.77      -1904.41      0.372268      197.004
883      88.3      1.29428      970.712      -2875.16      -1904.45      0.371861      197.012
884      88.4      1.29132      968.492      -2872.9      -1904.41      0.371458      197.021
885      88.5      1.28612      964.593      -2868.88      -1904.29      0.371058      197.032
886      88.6      1.28116      960.867      -2865.04      -1904.17      0.370661      197.044
887      88.7      1.27874      959.052      -2863.19      -1904.14      0.370268      197.057
888      88.8      1.27951      959.63      -2863.84      -1904.21      0.369878      197.071
889      88.9      1.28219      961.644      -2865.96      -1904.32      0.36949      197.086
890      89      1.28469      963.52      -2867.91      -1904.39      0.369105      197.102
891      89.1      1.28534      964.006      -2868.42      -1904.41      0.36872      197.118
892      89.2      1.28348      962.609      -2867      -1904.39      0.368336      197.134
893      89.3      1.2793      959.476      -2863.84      -1904.36      0.367952      197.149
894      89.4      1.2733      954.976      -2859.32      -1904.35      0.367568      197.163
895      89.5      1.26581      949.356      -2853.7      -1904.34      0.367182      197.177
896      89.6      1.2572      942.902      -2847.2      -1904.29      0.366796      197.189
897      89.7      1.24865      936.486      -2840.67      -1904.18      0.366409      197.201
898      89.8      1.24235      931.765      -2835.82      -1904.05      0.366021      197.212
899      89.9      1.24081      930.608      -2834.58      -1903.97      0.365632      197.222
900      90      1.24549      934.121      -2838.11      -1903.98      0.365243      197.231
901      90.1      1.25601      942.005      -2846.09      -1904.08      0.364851      197.239
902      90.2      1.27019      952.639      -2856.86      -1904.23      0.364458      197.245
903      90.3      1.28496      963.72      -2868.08      -1904.36      0.364063      197.249
904      90.4      1.29735      973.016      -2877.47      -1904.46      0.363666      197.252
905      90.5      1.30525      978.935      -2883.43      -1904.49      0.363266      197.254
906      90.6      1.30773      980.798      -2885.27      -1904.47      0.362864      197.253
907      90.7      1.30521      978.91      -2883.31      -1904.4      0.362458      197.25
908      90.8      1.29929      974.471      -2878.76      -1904.29      0.362049      197.244
909      90.9      1.29229      969.216      -2873.4      -1904.18      0.361636      197.236
910      91      1.28633      964.746      -2868.88      -1904.14      0.361221      197.227
911      91.1      1.28247      961.853      -2866.02      -1904.16      0.360804      197.216
912      91.2      1.28043      960.326      -2864.56      -1904.23      0.360386      197.203
913      91.3      1.27904      959.282      -2863.59      -1904.3      0.359969      197.191
914      91.4      1.27702      957.762      -2862.11      -1904.35      0.359553      197.179
915      91.5      1.27355      955.16      -2859.52      -1904.36      0.359138      197.167
916      91.6      1.26852      951.389      -2855.72      -1904.33      0.358726      197.156
917      91.7      1.26246      946.847      -2851.13      -1904.29      0.358316      197.146
918      91.8      1.25633      942.244      -2846.49      -1904.24      0.357909      197.136
919      91.9      1.25119      938.395      -2842.6      -1904.2      0.357504      197.128
920      92      1.24805      936.034      -2840.21      -1904.17      0.357102      197.12
921      92.1      1.24766      935.745      -2839.89      -1904.14      0.356701      197.113
922      92.2      1.25063      937.975      -2842.1      -1904.12      0.356303      197.107
923      92.3      1.25723      942.92      -2847.06      -1904.14      0.355906      197.101
924      92.4      1.26682      950.113      -2854.34      -1904.23      0.35551      197.095
925      92.5      1.27753      958.15      -2862.5      -1904.35      0.355117      197.09
926      92.6      1.28685      965.137      -2869.58      -1904.44      0.354725      197.085
927      92.7      1.29273      969.548      -2874.02      -1904.47      0.354335      197.081
928      92.8      1.29426      970.696      -2875.15      -1904.45      0.353949      197.079
929      92.9      1.2916      968.699      -2873.1      -1904.41      0.353566      197.078
930      93      1.28575      964.315      -2868.65      -1904.33      0.353187      197.078
931      93.1      1.27831      958.735      -2862.98      -1904.25      0.352811      197.08
932      93.2      1.27095      953.211      -2857.41      -1904.19      0.352441      197.085
933      93.3      1.26489      948.67      -2852.84      -1904.17      0.352076      197.092
934      93.4      1.26072      945.544      -2849.72      -1904.17      0.351715      197.101
935      93.5      1.25859      943.944      -2848.12      -1904.18      0.351361      197.113
936      93.6      1.25844      943.832      -2848.02      -1904.19      0.351011      197.128
937      93.7      1.25997      944.98      -2849.21      -1904.23      0.350667      197.145
938      93.8      1.26243      946.826      -2851.11      -1904.29      0.350327      197.164
939      93.9      1.26459      948.442      -2852.8      -1904.36      0.34999      197.184
940      94      1.26499      948.739      -2853.16      -1904.42      0.349656      197.206
941      94.1      1.26254      946.903      -2851.33      -1904.42      0.349323      197.228
942      94.2      1.25708      942.813      -2847.19      -1904.38      0.34899      197.249
943      94.3      1.24951      937.132      -2841.43      -1904.3      0.348657      197.27
944      94.4      1.24137      931.028      -2835.24      -1904.22      0.348323      197.29
945      94.5      1.23433      925.746      -2829.9      -1904.15      0.347988      197.309
946      94.6      1.22974      922.307      -2826.41      -1904.11      0.34765      197.326
947      94.7      1.22853      921.394      -2825.48      -1904.09      0.347311      197.342
948      94.8      1.23104      923.283      -2827.38      -1904.09      0.346969      197.356
949      94.9      1.23704      927.777      -2831.91      -1904.13      0.346626      197.369
950      95      1.24562      934.218      -2838.41      -1904.2      0.346283      197.381
951      95.1      1.25549      941.617      -2845.87      -1904.26      0.345938      197.392
952      95.2      1.26526      948.945      -2853.24      -1904.3      0.345593      197.403
953      95.3      1.27394      955.459      -2859.77      -1904.31      0.345249      197.413
954      95.4      1.28119      960.889      -2865.18      -1904.29      0.344905      197.424
955      95.5      1.28722      965.414      -2869.68      -1904.26      0.344562      197.434
956      95.6      1.29253      969.399      -2873.65      -1904.25      0.344219      197.444
957      95.7      1.29724      972.932      -2877.22      -1904.29      0.343877      197.454
958      95.8      1.30065      975.491      -2879.85      -1904.36      0.343535      197.464
959      95.9      1.30158      976.185      -2880.59      -1904.41      0.343193      197.473
960      96      1.29934      974.509      -2878.89      -1904.38      0.34285      197.481
961      96.1      1.29451      970.88      -2875.18      -1904.3      0.342505      197.488
962      96.2      1.28859      966.446      -2870.67      -1904.22      0.342158      197.494
963      96.3      1.28314      962.355      -2866.54      -1904.19      0.34181      197.498
964      96.4      1.27883      959.123      -2863.33      -1904.21      0.341458      197.499
965      96.5      1.27542      956.564      -2860.81      -1904.24      0.341104      197.499
966      96.6      1.27219      954.145      -2858.42      -1904.27      0.340747      197.497
967      96.7      1.26855      951.413      -2855.69      -1904.28      0.340387      197.493
968      96.8      1.26437      948.279      -2852.53      -1904.25      0.340025      197.486
969      96.9      1.26017      945.126      -2849.33      -1904.2      0.33966      197.478
970      97      1.25697      942.73      -2846.88      -1904.15      0.339293      197.468
971      97.1      1.2559      941.927      -2846.05      -1904.12      0.338923      197.456
972      97.2      1.25749      943.12      -2847.25      -1904.13      0.338551      197.443
973      97.3      1.26154      946.157      -2850.31      -1904.16      0.338176      197.427
974      97.4      1.26755      950.66      -2854.83      -1904.17      0.3378      197.411
975      97.5      1.27495      956.215      -2860.42      -1904.2      0.337423      197.393
976      97.6      1.28294      962.206      -2866.46      -1904.26      0.337045      197.374
977      97.7      1.29034      967.753      -2872.06      -1904.31      0.336667      197.354
978      97.8      1.29607      972.05      -2876.37      -1904.32      0.33629      197.335
979      97.9      1.29963      974.726      -2879.04      -1904.31      0.335914      197.316
980      98      1.30117      975.875      -2880.16      -1904.29      0.335539      197.297
981      98.1      1.30101      975.758      -2880.04      -1904.29      0.335167      197.279
982      98.2      1.29931      974.48      -2878.79      -1904.31      0.334796      197.262
983      98.3      1.29586      971.892      -2876.23      -1904.34      0.334426      197.245
984      98.4      1.29046      967.846      -2872.19      -1904.34      0.334058      197.228
985      98.5      1.2835      962.627      -2866.92      -1904.29      0.33369      197.211
986      98.6      1.27623      957.174      -2861.39      -1904.21      0.333323      197.194
987      98.7      1.27031      952.729      -2856.89      -1904.16      0.332957      197.177
988      98.8      1.26681      950.109      -2854.28      -1904.17      0.332589      197.159
989      98.9      1.26572      949.291      -2853.52      -1904.23      0.332222      197.14
990      99      1.26612      949.592      -2853.88      -1904.29      0.331853      197.121
991      99.1      1.26681      950.104      -2854.45      -1904.34      0.331483      197.1
992      99.2      1.2668      950.102      -2854.46      -1904.36      0.331111      197.077
993      99.3      1.26568      949.257      -2853.61      -1904.36      0.330739      197.054
994      99.4      1.26358      947.683      -2852      -1904.32      0.330365      197.03
995      99.5      1.26112      945.841      -2850.12      -1904.28      0.32999      197.004
996      99.6      1.25904      944.282      -2848.54      -1904.26      0.329616      196.978
997      99.7      1.25782      943.364      -2847.62      -1904.25      0.329241      196.952
998      99.8      1.25752      943.141      -2847.4      -1904.26      0.328867      196.925
999      99.9      1.25798      943.485      -2847.75      -1904.27      0.328493      196.899
1000      100      1.25906      944.296      -2848.55      -1904.26      0.32812      196.872
1000      100      1.25906      944.296      -2848.55      -1904.26      0.32812      196.872
Execution time in seconds: 1.84853
