Timestep Time Temperature KineticEnergy PotentialEnergy TotalEnergy DiffusionConstant MeanSquareDisplacement
1      0.0421632      2.43283      1824.62      -3730.19      -1905.57      779.264      197.137
2      0.0843263      2.42613      1819.6      -3727.68      -1908.08      389.644      197.143
3      0.126489      2.41272      1809.54      -3720.14      -1910.6      259.771      197.15
4      0.168653      2.39256      1794.42      -3707.55      -1913.13      194.835      197.156
5      0.210816      2.36559      1774.19      -3689.87      -1915.68      155.873      197.163
6      0.252979      2.33173      1748.8      -3667.06      -1918.26      129.899      197.17
7      0.295142      2.29091      1718.18      -3639.05      -1920.86      111.346      197.176
8      0.337305      2.24306      1682.3      -3605.79      -1923.49      97.4308      197.184
9      0.379468      2.18813      1641.1      -3567.23      -1926.13      86.6083      197.191
10      0.421632      2.12613      1594.6      -3523.36      -1928.76      77.9503      197.198
11      0.463795      2.05715      1542.87      -3474.21      -1931.34      70.8665      197.205
12      0.505958      1.98142      1486.07      -3419.89      -1933.82      64.9634      197.212
13      0.548121      1.89933      1424.5      -3360.64      -1936.14      59.9684      197.22
14      0.590284      1.8115      1358.62      -3296.82      -1938.2      55.687      197.227
15      0.632447      1.7188      1289.1      -3229.01      -1939.91      51.9764      197.234
16      0.674611      1.6224      1216.8      -3157.95      -1941.15      48.7296      197.241
17      0.716774      1.52376      1142.82      -3084.65      -1941.82      45.8647      197.248
18      0.758937      1.42463      1068.48      -3010.3      -1941.82      43.3182      197.255
19      0.8011      1.32696      995.219      -2936.29      -1941.08      41.0396      197.261
20      0.843263      1.2328      924.598      -2864.15      -1939.55      38.9889      197.267
21      0.885426      1.14419      858.142      -2795.42      -1937.28      37.1334      197.273
22      0.927589      1.063      797.253      -2731.58      -1934.33      35.4465      197.279
23      0.969753      0.990798      743.098      -2673.93      -1930.83      33.9063      197.284
24      1.01192      0.928709      696.531      -2623.48      -1926.95      32.4943      197.289
25      1.05408      0.877393      658.045      -2580.91      -1922.87      31.1953      197.294
26      1.09624      0.837024      627.768      -2546.54      -1918.77      29.9961      197.298
27      1.13841      0.807326      605.494      -2520.3      -1914.81      28.8858      197.302
28      1.18057      0.787653      590.74      -2501.87      -1911.13      27.8547      197.306
29      1.22273      0.77709      582.818      -2490.63      -1907.81      26.8946      197.31
30      1.26489      0.774548      580.911      -2485.82      -1904.91      25.9986      197.313
31      1.30706      0.778857      584.143      -2486.6      -1902.46      25.1603      197.316
32      1.34922      0.788849      591.637      -2492.08      -1900.44      24.3744      197.318
33      1.39138      0.803405      602.553      -2501.39      -1898.84      23.636      197.321
34      1.43355      0.821495      616.121      -2513.73      -1897.61      22.9411      197.323
35      1.47571      0.842199      631.649      -2528.37      -1896.72      22.2859      197.325
36      1.51787      0.864707      648.53      -2544.66      -1896.13      21.667      197.327
37      1.56004      0.888322      666.242      -2562.02      -1895.78      21.0816      197.329
38      1.6022      0.912452      684.339      -2579.99      -1895.65      20.527      197.33
39      1.64436      0.936596      702.447      -2598.14      -1895.7      20.0008      197.331
40      1.68653      0.960328      720.246      -2616.14      -1895.9      19.5009      197.333
41      1.72869      0.983282      737.462      -2633.69      -1896.23      19.0254      197.334
42      1.77085      1.00514      753.856      -2650.53      -1896.67      18.5725      197.335
43      1.81302      1.02563      769.223      -2666.44      -1897.22      18.1406      197.336
44      1.85518      1.04451      783.385      -2681.23      -1897.84      17.7284      197.336
45      1.89734      1.06159      796.193      -2694.73      -1898.54      17.3345      197.337
46      1.93951      1.0767      807.527      -2706.82      -1899.29      16.9577      197.338
47      1.98167      1.08974      817.306      -2717.39      -1900.08      16.597      197.338
48      2.02383      1.10064      825.483      -2726.37      -1900.89      16.2513      197.339
49      2.06599      1.10942      832.064      -2733.75      -1901.69      15.9197      197.34
50      2.10816      1.11612      837.092      -2739.55      -1902.45      15.6013      197.341
51      2.15032      1.12088      840.661      -2743.83      -1903.17      15.2955      197.341
52      2.19248      1.12387      842.902      -2746.72      -1903.81      15.0014      197.342
53      2.23465      1.1253      843.977      -2748.35      -1904.38      14.7184      197.343
54      2.27681      1.12543      844.072      -2748.91      -1904.84      14.446      197.344
55      2.31897      1.1245      843.374      -2748.59      -1905.21      14.1834      197.345
56      2.36114      1.12276      842.07      -2747.56      -1905.49      13.9302      197.347
57      2.4033      1.12044      840.333      -2746.02      -1905.69      13.6859      197.348
58      2.44546      1.11775      838.314      -2744.12      -1905.81      13.4501      197.35
59      2.48763      1.11486      836.142      -2742.01      -1905.87      13.2222      197.351
60      2.52979      1.11191      833.93      -2739.8      -1905.87      13.002      197.353
61      2.57195      1.10903      831.774      -2737.6      -1905.83      12.7889      197.355
62      2.61412      1.10637      829.777      -2735.51      -1905.73      12.5828      197.358
63      2.65628      1.10405      828.04      -2733.63      -1905.59      12.3832      197.36
64      2.69844      1.10224      826.68      -2732.06      -1905.38      12.1899      197.362
65      2.74061      1.1011      825.821      -2730.93      -1905.11      12.0025      197.365
66      2.78277      1.10078      825.586      -2730.37      -1904.78      11.8208      197.368
67      2.82493      1.10144      826.082      -2730.49      -1904.4      11.6446      197.371
68      2.86709      1.10317      827.38      -2731.38      -1904      11.4735      197.373
69      2.90926      1.10601      829.505      -2733.09      -1903.58      11.3074      197.376
70      2.95142      1.1099      832.423      -2735.62      -1903.19      11.146      197.379
71      2.99358      1.11473      836.044      -2738.9      -1902.86      10.9892      197.382
72      3.03575      1.12032      840.242      -2742.83      -1902.59      10.8367      197.385
73      3.07791      1.12649      844.871      -2747.26      -1902.39      10.6884      197.387
74      3.12007      1.13304      849.781      -2752.05      -1902.27      10.5441      197.39
75      3.16224      1.13978      854.839      -2757.05      -1902.21      10.4036      197.392
76      3.2044      1.14658      859.936      -2762.14      -1902.2      10.2669      197.395
77      3.24656      1.15332      864.992      -2767.23      -1902.24      10.1336      197.397
78      3.28873      1.15993      869.95      -2772.24      -1902.29      10.0038      197.399
79      3.33089      1.16637      874.778      -2777.14      -1902.36      9.87725      197.4
80      3.37305      1.1726      879.451      -2781.9      -1902.44      9.75384      197.401
81      3.41522      1.17861      883.957      -2786.49      -1902.53      9.63346      197.402
82      3.45738      1.18438      888.286      -2790.91      -1902.62      9.516      197.403
83      3.49954      1.1899      892.423      -2795.15      -1902.72      9.40135      197.403
84      3.54171      1.19515      896.362      -2799.19      -1902.82      9.28941      197.402
85      3.58387      1.20012      900.093      -2803.02      -1902.93      9.18008      197.401
86      3.62603      1.20482      903.615      -2806.65      -1903.03      9.07327      197.4
87      3.66819      1.20926      906.942      -2810.07      -1903.13      8.96888      197.398
88      3.71036      1.21346      910.096      -2813.31      -1903.21      8.86685      197.395
89      3.75252      1.21748      913.113      -2816.39      -1903.28      8.76708      197.392
90      3.79468      1.22139      916.044      -2819.36      -1903.31      8.66951      197.388
91      3.83685      1.22527      918.949      -2822.27      -1903.32      8.57405      197.384
92      3.87901      1.22919      921.891      -2825.18      -1903.29      8.48065      197.379
93      3.92117      1.23324      924.932      -2828.17      -1903.24      8.38923      197.374
94      3.96334      1.2375      928.127      -2831.28      -1903.15      8.29973      197.368
95      4.0055      1.24202      931.514      -2834.57      -1903.06      8.21211      197.362
96      4.04766      1.24681      935.107      -2838.06      -1902.95      8.12629      197.355
97      4.08983      1.25185      938.891      -2841.75      -1902.86      8.04222      197.348
98      4.13199      1.2571      942.825      -2845.62      -1902.79      7.95986      197.34
99      4.17415      1.26245      946.838      -2849.6      -1902.76      7.87915      197.333
100      4.21632      1.26779      950.84      -2853.62      -1902.78      7.80005      197.325
101      4.25848      1.27297      954.725      -2857.58      -1902.85      7.72251      197.317
102      4.30064      1.27784      958.382      -2861.36      -1902.98      7.64648      197.309
103      4.34281      1.28227      961.7      -2864.86      -1903.16      7.57193      197.3
104      4.38497      1.28612      964.588      -2867.97      -1903.38      7.49881      197.292
105      4.42713      1.28929      966.97      -2870.61      -1903.64      7.42709      197.284
106      4.46929      1.29173      968.799      -2872.72      -1903.92      7.35672      197.276
107      4.51146      1.29339      970.045      -2874.26      -1904.22      7.28768      197.268
108      4.55362      1.29427      970.703      -2875.21      -1904.51      7.21992      197.261
109      4.59578      1.29438      970.785      -2875.58      -1904.79      7.15341      197.253
110      4.63795      1.29375      970.313      -2875.38      -1905.07      7.08813      197.246
111      4.68011      1.29242      969.315      -2874.64      -1905.32      7.02404      197.24
112      4.72227      1.29044      967.831      -2873.39      -1905.56      6.9611      197.233
113      4.76444      1.28787      965.906      -2871.68      -1905.77      6.89929      197.227
114      4.8066      1.28479      963.59      -2869.55      -1905.96      6.83859      197.222
115      4.84876      1.28126      960.945      -2867.05      -1906.11      6.77895      197.217
116      4.89093      1.2774      958.053      -2864.27      -1906.22      6.72036      197.213
117      4.93309      1.27334      955.005      -2861.29      -1906.28      6.66278      197.209
118      4.97525      1.26921      951.909      -2858.2      -1906.29      6.6062      197.205
119      5.01742      1.26519      948.894      -2855.13      -1906.23      6.55058      197.202
120      5.05958      1.26146      946.091      -2852.2      -1906.11      6.4959      197.199
121      5.10174      1.25818      943.632      -2849.55      -1905.92      6.44214      197.197
122      5.14391      1.25551      941.63      -2847.31      -1905.68      6.38927      197.195
123      5.18607      1.25356      940.173      -2845.57      -1905.39      6.33727      197.193
124      5.22823      1.25241      939.31      -2844.4      -1905.09      6.28613      197.192
125      5.27039      1.25207      939.053      -2843.84      -1904.79      6.23581      197.191
126      5.31256      1.25252      939.39      -2843.89      -1904.5      6.1863      197.191
127      5.35472      1.25372      940.293      -2844.51      -1904.22      6.13759      197.19
128      5.39688      1.25564      941.729      -2845.69      -1903.96      6.08964      197.191
129      5.43905      1.25824      943.678      -2847.38      -1903.7      6.04246      197.191
130      5.48121      1.26151      946.132      -2849.59      -1903.45      5.99601      197.192
131      5.52337      1.26546      949.095      -2852.3      -1903.2      5.95028      197.194
132      5.56554      1.2701      952.576      -2855.52      -1902.95      5.90526      197.196
133      5.6077      1.27543      956.572      -2859.27      -1902.69      5.86093      197.198
134      5.64986      1.28142      961.064      -2863.52      -1902.45      5.81728      197.201
135      5.69203      1.28801      966.009      -2868.24      -1902.24      5.77429      197.204
136      5.73419      1.29511      971.332      -2873.39      -1902.06      5.73194      197.208
137      5.77635      1.30259      976.94      -2878.87      -1901.93      5.69022      197.212
138      5.81852      1.31029      982.719      -2884.59      -1901.87      5.64912      197.217
139      5.86068      1.31805      988.537      -2890.4      -1901.87      5.60862      197.222
140      5.90284      1.3257      994.274      -2896.2      -1901.92      5.56871      197.227
141      5.94501      1.33308      999.812      -2901.85      -1902.04      5.52938      197.233
142      5.98717      1.34007      1005.05      -2907.25      -1902.2      5.49062      197.24
143      6.02933      1.34655      1009.91      -2912.31      -1902.4      5.4524      197.246
144      6.07149      1.35246      1014.34      -2916.97      -1902.62      5.41473      197.253
145      6.11366      1.35775      1018.31      -2921.17      -1902.86      5.37758      197.26
146      6.15582      1.36239      1021.79      -2924.9      -1903.1      5.34095      197.268
147      6.19798      1.36639      1024.79      -2928.14      -1903.35      5.30482      197.275
148      6.24015      1.36972      1027.29      -2930.89      -1903.6      5.26919      197.283
149      6.28231      1.37239      1029.29      -2933.14      -1903.85      5.23404      197.291
150      6.32447      1.37438      1030.79      -2934.89      -1904.11      5.19936      197.299
151      6.36664      1.37566      1031.75      -2936.12      -1904.38      5.16514      197.307
152      6.4088      1.3762      1032.15      -2936.81      -1904.65      5.13137      197.316
153      6.45096      1.376      1032      -2936.93      -1904.94      5.09805      197.324
154      6.49313      1.37502      1031.27      -2936.49      -1905.22      5.06516      197.332
155      6.53529      1.37331      1029.98      -2935.48      -1905.5      5.0327      197.341
156      6.57745      1.3709      1028.17      -2933.92      -1905.75      5.00064      197.349
157      6.61962      1.36787      1025.9      -2931.87      -1905.97      4.969      197.357
158      6.66178      1.36433      1023.25      -2929.4      -1906.15      4.93775      197.365
159      6.70394      1.36041      1020.31      -2926.59      -1906.28      4.9069      197.373
160      6.74611      1.35626      1017.19      -2923.55      -1906.36      4.87642      197.381
161      6.78827      1.35201      1014.01      -2920.39      -1906.38      4.84632      197.389
162      6.83043      1.3478      1010.85      -2917.2      -1906.35      4.81659      197.396
163      6.87259      1.34375      1007.81      -2914.1      -1906.29      4.78722      197.404
164      6.91476      1.33991      1004.93      -2911.13      -1906.2      4.7582      197.411
165      6.95692      1.33635      1002.26      -2908.35      -1906.09      4.72952      197.418
166      6.99908      1.33307      999.802      -2905.79      -1905.99      4.70119      197.424
167      7.04125      1.33006      997.542      -2903.43      -1905.89      4.67319      197.431
168      7.08341      1.32727      995.452      -2901.26      -1905.81      4.64552      197.437
169      7.12557      1.32466      993.492      -2899.24      -1905.75      4.61817      197.443
170      7.16774      1.32216      991.62      -2897.33      -1905.71      4.59114      197.448
171      7.2099      1.31972      989.789      -2895.48      -1905.69      4.56441      197.454
172      7.25206      1.31727      987.954      -2893.65      -1905.7      4.53799      197.459
173      7.29423      1.31476      986.071      -2891.8      -1905.73      4.51187      197.464
174      7.33639      1.31213      984.096      -2889.87      -1905.78      4.48604      197.468
175      7.37855      1.30931      981.985      -2887.83      -1905.85      4.4605      197.472
176      7.42072      1.30626      979.696      -2885.64      -1905.94      4.43524      197.476
177      7.46288      1.30292      977.191      -2883.24      -1906.05      4.41025      197.479
178      7.50504      1.29926      974.445      -2880.62      -1906.17      4.38554      197.482
179      7.54721      1.29525      971.437      -2877.74      -1906.3      4.36109      197.484
180      7.58937      1.29089      968.168      -2874.6      -1906.43      4.33691      197.486
181      7.63153      1.28622      964.662      -2871.21      -1906.54      4.31298      197.488
182      7.67369      1.28129      960.97      -2867.6      -1906.63      4.2893      197.489
183      7.71586      1.27623      957.171      -2863.84      -1906.67      4.26587      197.489
184      7.75802      1.27115      953.363      -2860.02      -1906.66      4.24269      197.489
185      7.80018      1.26622      949.663      -2856.25      -1906.59      4.21974      197.489
186      7.84235      1.26159      946.19      -2852.65      -1906.46      4.19703      197.487
187      7.88451      1.25741      943.054      -2849.33      -1906.28      4.17455      197.486
188      7.92667      1.25378      940.335      -2846.4      -1906.06      4.1523      197.483
189      7.96884      1.25078      938.084      -2843.91      -1905.82      4.13027      197.481
190      8.011      1.24842      936.318      -2841.9      -1905.58      4.10847      197.477
191      8.05316      1.2467      935.028      -2840.37      -1905.34      4.08688      197.474
192      8.09533      1.24559      934.189      -2839.31      -1905.12      4.06551      197.47
193      8.13749      1.24501      933.758      -2838.68      -1904.93      4.04435      197.465
194      8.17965      1.24492      933.688      -2838.44      -1904.75      4.0234      197.46
195      8.22182      1.24523      933.925      -2838.53      -1904.61      4.00265      197.455
196      8.26398      1.24588      934.412      -2838.9      -1904.49      3.98211      197.449
197      8.30614      1.24679      935.092      -2839.49      -1904.4      3.96178      197.442
198      8.34831      1.24788      935.911      -2840.25      -1904.34      3.94164      197.436
199      8.39047      1.24909      936.817      -2841.12      -1904.3      3.92169      197.429
200      8.43263      1.25036      937.768      -2842.06      -1904.29      3.90194      197.422
201      8.47479      1.25164      938.73      -2843.02      -1904.29      3.88237      197.414
202      8.51696      1.25291      939.68      -2843.98      -1904.3      3.863      197.406
203      8.55912      1.25414      940.608      -2844.92      -1904.31      3.84381      197.398
204      8.60128      1.25534      941.504      -2845.83      -1904.33      3.8248      197.389
205      8.64345      1.25647      942.354      -2846.71      -1904.36      3.80598      197.381
206      8.68561      1.25753      943.144      -2847.53      -1904.39      3.78733      197.372
207      8.72777      1.25847      943.85      -2848.29      -1904.44      3.76886      197.362
208      8.76994      1.25924      944.432      -2848.94      -1904.5      3.75056      197.353
209      8.8121      1.25979      944.842      -2849.44      -1904.6      3.73243      197.343
210      8.85426      1.26004      945.027      -2849.74      -1904.72      3.71448      197.334
211      8.89643      1.2599      944.929      -2849.79      -1904.87      3.69669      197.324
212      8.93859      1.25933      944.497      -2849.53      -1905.04      3.67907      197.314
213      8.98075      1.25826      943.692      -2848.92      -1905.23      3.66161      197.304
214      9.02292      1.25666      942.493      -2847.92      -1905.43      3.64432      197.294
215      9.06508      1.25453      940.9      -2846.52      -1905.62      3.62719      197.284
216      9.10724      1.25191      938.933      -2844.74      -1905.8      3.61021      197.274
217      9.14941      1.24885      936.636      -2842.6      -1905.96      3.5934      197.265
218      9.19157      1.24542      934.062      -2840.16      -1906.09      3.57674      197.255
219      9.23373      1.24171      931.281      -2837.47      -1906.19      3.56023      197.245
220      9.27589      1.23783      928.369      -2834.61      -1906.24      3.54388      197.236
221      9.31806      1.23388      925.412      -2831.67      -1906.25      3.52768      197.226
222      9.36022      1.23      922.501      -2828.72      -1906.22      3.51162      197.217
223      9.40238      1.22631      919.735      -2825.87      -1906.13      3.49571      197.208
224      9.44455      1.22296      917.218      -2823.21      -1906      3.47995      197.199
225      9.48671      1.22007      915.055      -2820.86      -1905.8      3.46434      197.191
226      9.52887      1.21781      913.36      -2818.92      -1905.56      3.44886      197.182
227      9.57104      1.21631      912.234      -2817.49      -1905.26      3.43352      197.174
228      9.6132      1.2157      911.771      -2816.69      -1904.92      3.41833      197.166
229      9.65536      1.21606      912.049      -2816.59      -1904.54      3.40326      197.159
230      9.69753      1.2175      913.121      -2817.26      -1904.14      3.38834      197.151
231      9.73969      1.22002      915.016      -2818.74      -1903.72      3.37354      197.144
232      9.78185      1.22364      917.732      -2821.05      -1903.32      3.35888      197.137
233      9.82402      1.22831      921.232      -2824.16      -1902.93      3.34435      197.13
234      9.86618      1.23393      925.449      -2828.03      -1902.58      3.32994      197.123
235      9.90834      1.24038      930.282      -2832.57      -1902.29      3.31566      197.116
236      9.95051      1.24747      935.601      -2837.67      -1902.07      3.30151      197.11
237      9.99267      1.255      941.25      -2843.17      -1901.92      3.28748      197.104
238      10.0348      1.26275      947.063      -2848.92      -1901.86      3.27356      197.098
239      10.077      1.27049      952.867      -2854.76      -1901.89      3.25977      197.092
240      10.1192      1.278      958.499      -2860.49      -1902      3.24609      197.086
241      10.1613      1.28508      963.807      -2865.98      -1902.18      3.23254      197.081
242      10.2035      1.29155      968.665      -2871.08      -1902.42      3.21909      197.076
243      10.2456      1.2973      972.973      -2875.68      -1902.7      3.20576      197.07
244      10.2878      1.30222      976.664      -2879.68      -1903.02      3.19254      197.065
245      10.33      1.30626      979.699      -2883.05      -1903.35      3.17942      197.06
246      10.3721      1.30943      982.072      -2885.76      -1903.68      3.16642      197.055
247      10.4143      1.31174      983.806      -2887.81      -1904      3.15352      197.05
248      10.4565      1.31326      984.945      -2889.24      -1904.29      3.14073      197.046
249      10.4986      1.31408      985.557      -2890.11      -1904.55      3.12804      197.041
250      10.5408      1.31429      985.72      -2890.48      -1904.76      3.11546      197.036
251      10.583      1.31403      985.521      -2890.46      -1904.94      3.10297      197.032
252      10.6251      1.3134      985.047      -2890.11      -1905.06      3.09059      197.027
253      10.6673      1.3125      984.378      -2889.53      -1905.15      3.0783      197.023
254      10.7094      1.31143      983.574      -2888.79      -1905.21      3.06612      197.018
255      10.7516      1.31024      982.677      -2887.93      -1905.26      3.05403      197.014
256      10.7938      1.30894      981.706      -2887      -1905.29      3.04203      197.01
257      10.8359      1.30755      980.662      -2885.99      -1905.33      3.03013      197.006
258      10.8781      1.30603      979.523      -2884.9      -1905.38      3.01833      197.002
259      10.9203      1.30435      978.26      -2883.7      -1905.44      3.00662      196.998
260      10.9624      1.30245      976.839      -2882.37      -1905.53      2.995      196.995
261      11.0046      1.3003      975.222      -2880.85      -1905.63      2.98348      196.992
262      11.0467      1.29785      973.385      -2879.13      -1905.74      2.97205      196.989
263      11.0889      1.29507      971.305      -2877.17      -1905.86      2.96071      196.986
264      11.1311      1.29197      968.977      -2874.96      -1905.99      2.94946      196.984
265      11.1732      1.28855      966.411      -2872.51      -1906.1      2.9383      196.982
266      11.2154      1.28484      963.629      -2869.84      -1906.21      2.92723      196.98
267      11.2576      1.28089      960.664      -2866.96      -1906.29      2.91625      196.979
268      11.2997      1.27676      957.568      -2863.92      -1906.35      2.90535      196.978
269      11.3419      1.27253      954.396      -2860.78      -1906.38      2.89455      196.978
270      11.3841      1.26829      951.218      -2857.59      -1906.37      2.88383      196.978
271      11.4262      1.26415      948.11      -2854.44      -1906.33      2.87319      196.978
272      11.4684      1.2602      945.152      -2851.4      -1906.24      2.86264      196.979
273      11.5105      1.25656      942.423      -2848.54      -1906.12      2.85218      196.981
274      11.5527      1.25333      939.998      -2845.96      -1905.96      2.84179      196.982
275      11.5949      1.25059      937.944      -2843.71      -1905.76      2.83149      196.984
276      11.637      1.24842      936.315      -2841.86      -1905.55      2.82127      196.987
277      11.6792      1.24686      935.147      -2840.46      -1905.31      2.81112      196.99
278      11.7214      1.24595      934.459      -2839.53      -1905.07      2.80106      196.993
279      11.7635      1.24566      934.241      -2839.08      -1904.84      2.79107      196.997
280      11.8057      1.24596      934.472      -2839.09      -1904.62      2.78116      197.001
281      11.8478      1.24681      935.109      -2839.53      -1904.42      2.77132      197.005
282      11.89      1.24813      936.094      -2840.35      -1904.25      2.76155      197.009
283      11.9322      1.24982      937.366      -2841.48      -1904.12      2.75186      197.014
284      11.9743      1.25182      938.865      -2842.88      -1904.01      2.74223      197.019
285      12.0165      1.25405      940.535      -2844.47      -1903.93      2.73268      197.023
286      12.0587      1.25644      942.328      -2846.2      -1903.87      2.72319      197.028
287      12.1008      1.25895      944.212      -2848.04      -1903.83      2.71377      197.033
288      12.143      1.26155      946.159      -2849.96      -1903.8      2.70442      197.039
289      12.1852      1.26421      948.159      -2851.94      -1903.78      2.69514      197.044
290      12.2273      1.26694      950.203      -2853.96      -1903.76      2.68591      197.049
291      12.2695      1.26973      952.296      -2856.03      -1903.73      2.67676      197.054
292      12.3116      1.27258      954.433      -2858.14      -1903.71      2.66766      197.06
293      12.3538      1.27549      956.615      -2860.3      -1903.69      2.65863      197.065
294      12.396      1.27846      958.846      -2862.51      -1903.66      2.64966      197.071
295      12.4381      1.2815      961.127      -2864.76      -1903.64      2.64075      197.076
296      12.4803      1.28462      963.462      -2867.07      -1903.61      2.63191      197.082
297      12.5225      1.28782      965.861      -2869.44      -1903.58      2.62312      197.087
298      12.5646      1.2911      968.328      -2871.87      -1903.54      2.61439      197.093
299      12.6068      1.29449      970.865      -2874.37      -1903.51      2.60573      197.099
300      12.6489      1.29795      973.461      -2876.94      -1903.48      2.59712      197.105
301      12.6911      1.30145      976.087      -2879.56      -1903.47      2.58858      197.111
302      12.7333      1.30493      978.699      -2882.18      -1903.48      2.58009      197.118
303      12.7754      1.3083      981.228      -2884.76      -1903.53      2.57166      197.124
304      12.8176      1.31146      983.595      -2887.22      -1903.62      2.56329      197.131
305      12.8598      1.31428      985.713      -2889.47      -1903.76      2.55497      197.138
306      12.9019      1.31667      987.504      -2891.44      -1903.93      2.54671      197.145
307      12.9441      1.31854      988.903      -2893.04      -1904.13      2.53851      197.152
308      12.9863      1.31983      989.876      -2894.22      -1904.35      2.53037      197.16
309      13.0284      1.32057      990.428      -2894.98      -1904.55      2.52228      197.168
310      13.0706      1.3208      990.601      -2895.33      -1904.73      2.51424      197.175
311      13.1127      1.32063      990.475      -2895.35      -1904.87      2.50626      197.184
312      13.1549      1.32019      990.144      -2895.11      -1904.96      2.49833      197.192
313      13.1971      1.31959      989.694      -2894.71      -1905.01      2.49046      197.2
314      13.2392      1.31891      989.184      -2894.22      -1905.04      2.48263      197.209
315      13.2814      1.31815      988.616      -2893.68      -1905.07      2.47486      197.218
316      13.3236      1.31726      987.941      -2893.07      -1905.13      2.46714      197.227
317      13.3657      1.31609      987.068      -2892.31      -1905.24      2.45947      197.236
318      13.4079      1.31451      985.882      -2891.29      -1905.41      2.45185      197.245
319      13.45      1.31237      984.277      -2889.91      -1905.63      2.44428      197.254
320      13.4922      1.30955      982.162      -2888.05      -1905.89      2.43675      197.263
321      13.5344      1.30598      979.489      -2885.66      -1906.17      2.42927      197.272
322      13.5765      1.30166      976.246      -2882.7      -1906.46      2.42184      197.281
323      13.6187      1.29662      972.468      -2879.19      -1906.72      2.41445      197.29
324      13.6609      1.29097      968.229      -2875.16      -1906.93      2.40711      197.299
325      13.703      1.28485      963.64      -2870.73      -1907.09      2.39981      197.308
326      13.7452      1.27846      958.847      -2866.02      -1907.17      2.39256      197.317
327      13.7874      1.27204      954.031      -2861.19      -1907.16      2.38534      197.325
328      13.8295      1.26585      949.385      -2856.43      -1907.05      2.37817      197.333
329      13.8717      1.26016      945.116      -2851.95      -1906.83      2.37103      197.341
330      13.9138      1.25524      941.429      -2847.94      -1906.51      2.36394      197.349
331      13.956      1.25136      938.517      -2844.62      -1906.1      2.35689      197.356
332      13.9982      1.24873      936.544      -2842.16      -1905.61      2.34987      197.363
333      14.0403      1.24751      935.632      -2840.7      -1905.07      2.34289      197.37
334      14.0825      1.2478      935.848      -2840.35      -1904.5      2.33595      197.376
335      14.1247      1.24961      937.206      -2841.14      -1903.93      2.32904      197.382
336      14.1668      1.2529      939.672      -2843.06      -1903.38      2.32217      197.387
337      14.209      1.25755      943.16      -2846.05      -1902.89      2.31534      197.392
338      14.2511      1.26341      947.556      -2850.01      -1902.45      2.30854      197.396
339      14.2933      1.27028      952.71      -2854.8      -1902.09      2.30177      197.4
340      14.3355      1.27793      958.449      -2860.27      -1901.82      2.29504      197.403
341      14.3776      1.28612      964.586      -2866.23      -1901.65      2.28834      197.406
342      14.4198      1.29456      970.922      -2872.5      -1901.57      2.28167      197.408
343      14.462      1.30301      977.258      -2878.86      -1901.6      2.27504      197.409
344      14.5041      1.3112      983.401      -2885.12      -1901.72      2.26844      197.41
345      14.5463      1.3189      989.172      -2891.1      -1901.93      2.26187      197.411
346      14.5885      1.32589      994.418      -2896.62      -1902.21      2.25533      197.411
347      14.6306      1.33202      999.017      -2901.56      -1902.54      2.24883      197.411
348      14.6728      1.33717      1002.88      -2905.8      -1902.92      2.24236      197.41
349      14.7149      1.34127      1005.96      -2909.27      -1903.31      2.23592      197.408
350      14.7571      1.34433      1008.25      -2911.95      -1903.71      2.22951      197.407
351      14.7993      1.34638      1009.79      -2913.86      -1904.07      2.22313      197.404
352      14.8414      1.34753      1010.65      -2915.05      -1904.4      2.21679      197.402
353      14.8836      1.34791      1010.94      -2915.61      -1904.67      2.21048      197.399
354      14.9258      1.34771      1010.78      -2915.66      -1904.88      2.2042      197.396
355      14.9679      1.34711      1010.33      -2915.33      -1905      2.19796      197.393
356      15.0101      1.34631      1009.73      -2914.79      -1905.06      2.19175      197.39
357      15.0522      1.34549      1009.12      -2914.17      -1905.05      2.18557      197.387
358      15.0944      1.34481      1008.6      -2913.6      -1904.99      2.17943      197.384
359      15.1366      1.34433      1008.25      -2913.15      -1904.91      2.17333      197.38
360      15.1787      1.34409      1008.07      -2912.89      -1904.82      2.16726      197.377
361      15.2209      1.34405      1008.04      -2912.79      -1904.75      2.16122      197.374
362      15.2631      1.34411      1008.08      -2912.81      -1904.73      2.15522      197.371
363      15.3052      1.34414      1008.1      -2912.85      -1904.75      2.14925      197.368
364      15.3474      1.34399      1007.99      -2912.82      -1904.83      2.14331      197.366
365      15.3896      1.34353      1007.65      -2912.61      -1904.96      2.13741      197.363
366      15.4317      1.34262      1006.97      -2912.11      -1905.14      2.13154      197.36
367      15.4739      1.34117      1005.88      -2911.23      -1905.36      2.12571      197.358
368      15.516      1.33908      1004.31      -2909.91      -1905.6      2.11991      197.355
369      15.5582      1.3363      1002.23      -2908.09      -1905.87      2.11413      197.353
370      15.6004      1.3328      999.596      -2905.74      -1906.14      2.10839      197.35
371      15.6425      1.32856      996.422      -2902.84      -1906.42      2.10268      197.348
372      15.6847      1.32362      992.717      -2899.4      -1906.68      2.09701      197.345
373      15.7269      1.31803      988.526      -2895.44      -1906.92      2.09136      197.343
374      15.769      1.31189      983.919      -2891.03      -1907.11      2.08574      197.34
375      15.8112      1.30532      978.988      -2886.25      -1907.26      2.08015      197.338
376      15.8533      1.29847      973.851      -2881.2      -1907.35      2.07459      197.335
377      15.8955      1.29153      968.647      -2876.01      -1907.36      2.06906      197.333
378      15.9377      1.28469      963.521      -2870.83      -1907.31      2.06356      197.33
379      15.9798      1.27816      958.62      -2865.8      -1907.18      2.05809      197.327
380      16.022      1.27212      954.087      -2861.06      -1906.98      2.05264      197.325
381      16.0642      1.26673      950.045      -2856.76      -1906.72      2.04723      197.322
382      16.1063      1.26211      946.583      -2853      -1906.42      2.04184      197.32
383      16.1485      1.25836      943.769      -2849.86      -1906.09      2.03649      197.317
384      16.1907      1.25551      941.631      -2847.38      -1905.75      2.03116      197.315
385      16.2328      1.25356      940.171      -2845.58      -1905.41      2.02586      197.313
386      16.275      1.25248      939.362      -2844.45      -1905.09      2.0206      197.311
387      16.3171      1.25222      939.161      -2843.95      -1904.79      2.01536      197.309
388      16.3593      1.25269      939.515      -2844.03      -1904.52      2.01015      197.308
389      16.4015      1.25381      940.357      -2844.64      -1904.28      2.00496      197.306
390      16.4436      1.25549      941.62      -2845.7      -1904.08      1.99981      197.305
391      16.4858      1.25764      943.233      -2847.15      -1903.92      1.99469      197.304
392      16.528      1.26016      945.12      -2848.91      -1903.79      1.98959      197.303
393      16.5701      1.26294      947.203      -2850.91      -1903.7      1.98453      197.303
394      16.6123      1.26586      949.395      -2853.06      -1903.66      1.97949      197.303
395      16.6544      1.2688      951.602      -2855.27      -1903.67      1.97448      197.303
396      16.6966      1.27164      953.728      -2857.45      -1903.72      1.96949      197.303
397      16.7388      1.27423      955.672      -2859.49      -1903.82      1.96454      197.304
398      16.7809      1.27645      957.339      -2861.31      -1903.97      1.95961      197.305
399      16.8231      1.2782      958.649      -2862.81      -1904.16      1.95471      197.306
400      16.8653      1.27939      959.543      -2863.92      -1904.37      1.94984      197.308
401      16.9074      1.27997      959.981      -2864.59      -1904.6      1.945      197.309
402      16.9496      1.27993      959.947      -2864.79      -1904.84      1.94018      197.311
403      16.9918      1.27927      959.451      -2864.52      -1905.07      1.93539      197.314
404      17.0339      1.27802      958.518      -2863.8      -1905.28      1.93062      197.316
405      17.0761      1.27625      957.189      -2862.66      -1905.47      1.92588      197.319
406      17.1182      1.27403      955.52      -2861.16      -1905.64      1.92117      197.322
407      17.1604      1.27143      953.572      -2859.34      -1905.77      1.91648      197.326
408      17.2026      1.26856      951.417      -2857.28      -1905.86      1.91182      197.329
409      17.2447      1.26551      949.135      -2855.05      -1905.91      1.90718      197.333
410      17.2869      1.26242      946.811      -2852.73      -1905.92      1.90257      197.337
411      17.3291      1.25938      944.536      -2850.42      -1905.88      1.89798      197.341
412      17.3712      1.25654      942.407      -2848.21      -1905.8      1.89341      197.346
413      17.4134      1.25404      940.527      -2846.19      -1905.66      1.88887      197.35
414      17.4555      1.25199      938.995      -2844.47      -1905.48      1.88436      197.355
415      17.4977      1.25053      937.899      -2843.15      -1905.25      1.87986      197.36
416      17.5399      1.24976      937.317      -2842.3      -1904.99      1.87539      197.364
417      17.582      1.24973      937.299      -2842      -1904.7      1.87094      197.369
418      17.6242      1.25049      937.868      -2842.28      -1904.41      1.86651      197.374
419      17.6664      1.25202      939.017      -2843.14      -1904.12      1.8621      197.38
420      17.7085      1.25428      940.712      -2844.57      -1903.86      1.85772      197.385
421      17.7507      1.25719      942.895      -2846.52      -1903.62      1.85335      197.39
422      17.7929      1.26066      945.496      -2848.92      -1903.42      1.84901      197.395
423      17.835      1.26459      948.439      -2851.7      -1903.26      1.84468      197.4
424      17.8772      1.26886      951.647      -2854.79      -1903.14      1.84038      197.405
425      17.9193      1.2734      955.049      -2858.1      -1903.06      1.8361      197.41
426      17.9615      1.27811      958.579      -2861.58      -1903      1.83183      197.415
427      18.0037      1.2829      962.177      -2865.15      -1902.97      1.82758      197.419
428      18.0458      1.28773      965.798      -2868.77      -1902.97      1.82336      197.424
429      18.088      1.29254      969.402      -2872.39      -1902.99      1.81915      197.428
430      18.1302      1.29727      972.953      -2875.97      -1903.02      1.81495      197.432
431      18.1723      1.3019      976.423      -2879.49      -1903.06      1.81078      197.436
432      18.2145      1.30638      979.784      -2882.91      -1903.12      1.80662      197.44
433      18.2566      1.31068      983.012      -2886.2      -1903.19      1.80248      197.443
434      18.2988      1.31478      986.086      -2889.36      -1903.27      1.79835      197.446
435      18.341      1.31864      988.98      -2892.35      -1903.37      1.79424      197.449
436      18.3831      1.32223      991.672      -2895.14      -1903.47      1.79015      197.451
437      18.4253      1.32552      994.139      -2897.73      -1903.59      1.78607      197.453
438      18.4675      1.32847      996.353      -2900.07      -1903.72      1.78201      197.455
439      18.5096      1.33104      998.277      -2902.15      -1903.87      1.77796      197.456
440      18.5518      1.33316      999.869      -2903.91      -1904.04      1.77392      197.457
441      18.594      1.33476      1001.07      -2905.31      -1904.24      1.76991      197.457
442      18.6361      1.33576      1001.82      -2906.29      -1904.48      1.7659      197.457
443      18.6783      1.33608      1002.06      -2906.8      -1904.74      1.76191      197.457
444      18.7204      1.33565      1001.74      -2906.76      -1905.02      1.75794      197.456
445      18.7626      1.33444      1000.83      -2906.15      -1905.32      1.75398      197.456
446      18.8048      1.33242      999.317      -2904.93      -1905.62      1.75004      197.454
447      18.8469      1.32965      997.238      -2903.13      -1905.89      1.74611      197.453
448      18.8891      1.32621      994.654      -2900.79      -1906.14      1.7422      197.451
449      18.9313      1.32222      991.662      -2897.99      -1906.32      1.7383      197.449
450      18.9734      1.31785      988.385      -2894.83      -1906.45      1.73442      197.447
451      19.0156      1.31329      984.969      -2891.47      -1906.5      1.73056      197.445
452      19.0577      1.30875      981.56      -2888.04      -1906.47      1.72671      197.443
453      19.0999      1.30442      978.313      -2884.69      -1906.38      1.72288      197.441
454      19.1421      1.30048      975.358      -2881.57      -1906.21      1.71906      197.439
455      19.1842      1.29708      972.814      -2878.81      -1906      1.71527      197.436
456      19.2264      1.29435      970.763      -2876.5      -1905.74      1.71149      197.434
457      19.2686      1.29235      969.26      -2874.72      -1905.46      1.70772      197.432
458      19.3107      1.29109      968.317      -2873.5      -1905.18      1.70398      197.43
459      19.3529      1.29055      967.91      -2872.83      -1904.92      1.70025      197.428
460      19.3951      1.29063      967.974      -2872.67      -1904.69      1.69654      197.427
461      19.4372      1.29121      968.406      -2872.93      -1904.53      1.69284      197.425
462      19.4794      1.29209      969.069      -2873.5      -1904.43      1.68916      197.423
463      19.5215      1.29306      969.798      -2874.22      -1904.42      1.6855      197.422
464      19.5637      1.29389      970.419      -2874.91      -1904.49      1.68186      197.42
465      19.6059      1.29434      970.756      -2875.41      -1904.66      1.67823      197.419
466      19.648      1.29418      970.636      -2875.54      -1904.91      1.67462      197.418
467      19.6902      1.29322      969.912      -2875.14      -1905.23      1.67102      197.416
468      19.7324      1.29129      968.466      -2874.07      -1905.6      1.66744      197.415
469      19.7745      1.28829      966.22      -2872.23      -1906.01      1.66387      197.413
470      19.8167      1.28417      963.128      -2869.56      -1906.43      1.66032      197.412
471      19.8588      1.27893      959.199      -2866.05      -1906.85      1.65678      197.41
472      19.901      1.27264      954.48      -2861.71      -1907.23      1.65325      197.409
473      19.9432      1.26541      949.061      -2856.63      -1907.57      1.64975      197.407
474      19.9853      1.25743      943.069      -2850.91      -1907.84      1.64625      197.405
475      20.0275      1.24889      936.667      -2844.69      -1908.02      1.64277      197.403
476      20.0697      1.24006      930.045      -2838.15      -1908.1      1.6393      197.401
477      20.1118      1.23122      923.418      -2831.5      -1908.08      1.63585      197.399
478      20.154      1.22268      917.011      -2824.95      -1907.94      1.63241      197.397
479      20.1962      1.21474      911.052      -2818.74      -1907.69      1.62898      197.395
480      20.2383      1.20769      905.766      -2813.09      -1907.32      1.62557      197.393
481      20.2805      1.2018      901.353      -2808.21      -1906.86      1.62217      197.391
482      20.3226      1.1973      897.977      -2804.3      -1906.32      1.61879      197.388
483      20.3648      1.19435      895.762      -2801.49      -1905.73      1.61542      197.386
484      20.407      1.19304      894.78      -2799.89      -1905.11      1.61206      197.384
485      20.4491      1.19339      895.045      -2799.53      -1904.49      1.60872      197.381
486      20.4913      1.19536      896.517      -2800.41      -1903.89      1.60539      197.379
487      20.5335      1.1988      899.102      -2802.45      -1903.35      1.60208      197.377
488      20.5756      1.20355      902.661      -2805.54      -1902.88      1.59878      197.375
489      20.6178      1.20937      907.028      -2809.52      -1902.5      1.59549      197.373
490      20.6599      1.21602      912.017      -2814.23      -1902.21      1.59222      197.371
491      20.7021      1.22325      917.434      -2819.45      -1902.02      1.58896      197.369
492      20.7443      1.2308      923.098      -2825.01      -1901.92      1.58572      197.367
493      20.7864      1.23846      928.848      -2830.74      -1901.89      1.58249      197.366
494      20.8286      1.24607      934.554      -2836.48      -1901.93      1.57927      197.365
495      20.8708      1.25349      940.115      -2842.13      -1902.01      1.57608      197.363
496      20.9129      1.26062      945.469      -2847.59      -1902.13      1.57289      197.363
497      20.9551      1.26745      950.585      -2852.83      -1902.25      1.56972      197.362
498      20.9973      1.27394      955.457      -2857.83      -1902.37      1.56657      197.362
499      21.0394      1.28012      960.093      -2862.58      -1902.49      1.56343      197.361
500      21.0816      1.28602      964.515      -2867.11      -1902.6      1.5603      197.362
501      21.1237      1.29165      968.738      -2871.43      -1902.7      1.55719      197.362
502      21.1659      1.29704      972.778      -2875.57      -1902.79      1.55409      197.362
503      21.2081      1.3022      976.646      -2879.52      -1902.87      1.55101      197.363
504      21.2502      1.30712      980.344      -2883.31      -1902.96      1.54794      197.364
505      21.2924      1.31182      983.868      -2886.92      -1903.05      1.54488      197.366
506      21.3346      1.31628      987.208      -2890.35      -1903.14      1.54184      197.367
507      21.3767      1.32047      990.349      -2893.6      -1903.25      1.53881      197.368
508      21.4189      1.32436      993.27      -2896.63      -1903.36      1.5358      197.37
509      21.461      1.32792      995.939      -2899.43      -1903.49      1.53279      197.372
510      21.5032      1.33109      998.318      -2901.96      -1903.64      1.5298      197.374
511      21.5454      1.33382      1000.37      -2904.18      -1903.81      1.52682      197.376
512      21.5875      1.33605      1002.04      -2906.04      -1904      1.52386      197.378
513      21.6297      1.33773      1003.3      -2907.52      -1904.22      1.5209      197.38
514      21.6719      1.33881      1004.11      -2908.55      -1904.45      1.51796      197.383
515      21.714      1.33924      1004.43      -2909.12      -1904.69      1.51503      197.385
516      21.7562      1.339      1004.25      -2909.19      -1904.94      1.51212      197.387
517      21.7984      1.33809      1003.57      -2908.76      -1905.19      1.50921      197.39
518      21.8405      1.33653      1002.39      -2907.83      -1905.44      1.50631      197.392
519      21.8827      1.33432      1000.74      -2906.41      -1905.67      1.50343      197.395
520      21.9248      1.33153      998.647      -2904.53      -1905.89      1.50056      197.397
521      21.967      1.3282      996.149      -2902.23      -1906.08      1.4977      197.4
522      22.0092      1.32439      993.291      -2899.55      -1906.25      1.49485      197.403
523      22.0513      1.32016      990.119      -2896.52      -1906.4      1.49202      197.406
524      22.0935      1.31558      986.682      -2893.21      -1906.53      1.48919      197.409
525      22.1357      1.3107      983.024      -2889.66      -1906.63      1.48638      197.412
526      22.1778      1.30559      979.193      -2885.91      -1906.71      1.48358      197.415
527      22.22      1.30031      975.23      -2882      -1906.77      1.48079      197.419
528      22.2621      1.2949      971.174      -2877.99      -1906.81      1.47801      197.422
529      22.3043      1.28942      967.066      -2873.9      -1906.83      1.47525      197.426
530      22.3465      1.28393      962.945      -2869.78      -1906.83      1.4725      197.431
531      22.3886      1.27848      958.856      -2865.66      -1906.81      1.46976      197.435
532      22.4308      1.27314      954.851      -2861.61      -1906.75      1.46703      197.44
533      22.473      1.26799      950.996      -2857.66      -1906.67      1.46432      197.445
534      22.5151      1.26316      947.37      -2853.91      -1906.54      1.46161      197.45
535      22.5573      1.25876      944.071      -2850.43      -1906.36      1.45892      197.456
536      22.5995      1.25494      941.207      -2847.33      -1906.13      1.45624      197.462
537      22.6416      1.25187      938.906      -2844.73      -1905.83      1.45358      197.468
538      22.6838      1.24973      937.296      -2842.76      -1905.47      1.45092      197.475
539      22.7259      1.24866      936.493      -2841.54      -1905.05      1.44828      197.481
540      22.7681      1.24879      936.59      -2841.18      -1904.59      1.44565      197.488
541      22.8103      1.25018      937.634      -2841.75      -1904.11      1.44303      197.496
542      22.8524      1.25283      939.62      -2843.27      -1903.65      1.44042      197.503
543      22.8946      1.25665      942.485      -2845.7      -1903.22      1.43782      197.51
544      22.9368      1.26148      946.11      -2848.97      -1902.86      1.43524      197.518
545      22.9789      1.26711      950.336      -2852.91      -1902.58      1.43266      197.526
546      23.0211      1.27331      954.979      -2857.37      -1902.39      1.43009      197.533
547      23.0632      1.27981      959.855      -2862.15      -1902.3      1.42753      197.541
548      23.1054      1.28638      964.785      -2867.08      -1902.29      1.42498      197.549
549      23.1476      1.29282      969.612      -2871.98      -1902.37      1.42244      197.556
550      23.1897      1.29893      974.201      -2876.7      -1902.5      1.41991      197.564
551      23.2319      1.30459      978.445      -2881.13      -1902.69      1.41738      197.571
552      23.2741      1.30968      982.26      -2885.17      -1902.91      1.41487      197.578
553      23.3162      1.31411      985.579      -2888.75      -1903.17      1.41236      197.585
554      23.3584      1.31782      988.362      -2891.8      -1903.44      1.40985      197.591
555      23.4006      1.32078      990.585      -2894.31      -1903.72      1.40736      197.598
556      23.4427      1.32298      992.239      -2896.25      -1904.01      1.40487      197.603
557      23.4849      1.32444      993.33      -2897.62      -1904.29      1.40238      197.609
558      23.527      1.32517      993.878      -2898.44      -1904.56      1.39991      197.614
559      23.5692      1.32521      993.908      -2898.72      -1904.81      1.39744      197.619
560      23.6114      1.32461      993.454      -2898.51      -1905.05      1.39497      197.623
561      23.6535      1.3234      992.553      -2897.82      -1905.27      1.39251      197.627
562      23.6957      1.32166      991.241      -2896.71      -1905.47      1.39006      197.631
563      23.7379      1.31941      989.556      -2895.21      -1905.65      1.38761      197.634
564      23.78      1.31672      987.539      -2893.35      -1905.82      1.38517      197.636
565      23.8222      1.31365      985.239      -2891.19      -1905.95      1.38274      197.639
566      23.8643      1.31029      982.715      -2888.77      -1906.06      1.3803      197.64
567      23.9065      1.30672      980.037      -2886.16      -1906.12      1.37788      197.642
568      23.9487      1.30305      977.286      -2883.44      -1906.15      1.37546      197.642
569      23.9908      1.29941      974.555      -2880.68      -1906.13      1.37304      197.643
570      24.033      1.29592      971.937      -2878      -1906.06      1.37063      197.643
571      24.0752      1.2927      969.528      -2875.47      -1905.95      1.36823      197.642
572      24.1173      1.28988      967.412      -2873.2      -1905.79      1.36583      197.641
573      24.1595      1.28755      965.659      -2871.26      -1905.6      1.36344      197.64
574      24.2017      1.28575      964.313      -2869.71      -1905.39      1.36105      197.638
575      24.2438      1.28452      963.386      -2868.57      -1905.19      1.35866      197.635
576      24.286      1.28382      962.864      -2867.85      -1904.99      1.35628      197.632
577      24.3281      1.28359      962.695      -2867.51      -1904.82      1.35391      197.629
578      24.3703      1.28374      962.808      -2867.5      -1904.69      1.35154      197.625
579      24.4125      1.28414      963.104      -2867.72      -1904.61      1.34918      197.621
580      24.4546      1.28463      963.476      -2868.06      -1904.59      1.34682      197.616
581      24.4968      1.28507      963.801      -2868.43      -1904.63      1.34447      197.611
582      24.539      1.28528      963.958      -2868.68      -1904.73      1.34212      197.606
583      24.5811      1.28511      963.832      -2868.71      -1904.88      1.33978      197.6
584      24.6233      1.28442      963.316      -2868.4      -1905.09      1.33744      197.593
585      24.6654      1.2831      962.326      -2867.66      -1905.33      1.33511      197.587
586      24.7076      1.28106      960.797      -2866.41      -1905.61      1.33279      197.58
587      24.7498      1.27826      958.698      -2864.59      -1905.9      1.33047      197.573
588      24.7919      1.2747      956.025      -2862.21      -1906.18      1.32816      197.565
589      24.8341      1.27041      952.811      -2859.26      -1906.45      1.32585      197.558
590      24.8763      1.26549      949.118      -2855.79      -1906.68      1.32355      197.549
591      24.9184      1.26005      945.04      -2851.9      -1906.86      1.32125      197.541
592      24.9606      1.25425      940.686      -2847.67      -1906.98      1.31896      197.533
593      25.0028      1.24824      936.176      -2843.22      -1907.04      1.31668      197.524
594      25.0449      1.24218      931.635      -2838.68      -1907.04      1.31441      197.515
595      25.0871      1.23624      927.184      -2834.17      -1906.98      1.31214      197.507
596      25.1292      1.23057      922.928      -2829.8      -1906.87      1.30988      197.498
597      25.1714      1.22527      918.953      -2825.68      -1906.72      1.30762      197.489
598      25.2136      1.22043      915.326      -2821.87      -1906.54      1.30538      197.479
599      25.2557      1.21613      912.094      -2818.43      -1906.34      1.30314      197.47
600      25.2979      1.21238      909.282      -2815.41      -1906.13      1.3009      197.461
601      25.3401      1.2092      906.898      -2812.81      -1905.91      1.29868      197.451
602      25.3822      1.20659      904.942      -2810.64      -1905.7      1.29646      197.442
603      25.4244      1.20455      903.411      -2808.9      -1905.49      1.29425      197.432
604      25.4665      1.20306      902.294      -2807.57      -1905.28      1.29204      197.423
605      25.5087      1.20211      901.584      -2806.66      -1905.08      1.28984      197.413
606      25.5509      1.20171      901.279      -2806.15      -1904.87      1.28765      197.403
607      25.593      1.20185      901.387      -2806.06      -1904.67      1.28546      197.393
608      25.6352      1.20256      901.917      -2806.37      -1904.46      1.28328      197.384
609      25.6774      1.20385      902.891      -2807.12      -1904.23      1.28111      197.374
610      25.7195      1.20577      904.328      -2808.33      -1904      1.27895      197.363
611      25.7617      1.20833      906.244      -2810      -1903.76      1.27679      197.353
612      25.8039      1.21154      908.656      -2812.17      -1903.51      1.27463      197.343
613      25.846      1.21542      911.566      -2814.83      -1903.26      1.27249      197.332
614      25.8882      1.21995      914.963      -2817.99      -1903.02      1.27035      197.322
615      25.9303      1.22509      918.819      -2821.62      -1902.8      1.26821      197.311
616      25.9725      1.23078      923.083      -2825.69      -1902.61      1.26608      197.3
617      26.0147      1.23691      927.68      -2830.13      -1902.45      1.26396      197.289
618      26.0568      1.24335      932.515      -2834.86      -1902.35      1.26184      197.278
619      26.099      1.24997      937.477      -2839.78      -1902.3      1.25973      197.267
620      26.1412      1.25659      942.444      -2844.76      -1902.32      1.25763      197.255
621      26.1833      1.26305      947.286      -2849.68      -1902.39      1.25553      197.244
622      26.2255      1.26917      951.88      -2854.41      -1902.53      1.25344      197.232
623      26.2676      1.27482      956.113      -2858.84      -1902.73      1.25136      197.221
624      26.3098      1.27985      959.889      -2862.86      -1902.97      1.24928      197.21
625      26.352      1.28419      963.14      -2866.38      -1903.24      1.24721      197.198
626      26.3941      1.28776      965.823      -2869.35      -1903.52      1.24514      197.187
627      26.4363      1.29057      967.927      -2871.74      -1903.81      1.24309      197.176
628      26.4785      1.29263      969.472      -2873.56      -1904.09      1.24104      197.164
629      26.5206      1.29401      970.511      -2874.84      -1904.33      1.23899      197.154
630      26.5628      1.29483      971.125      -2875.66      -1904.53      1.23696      197.143
631      26.605      1.29522      971.411      -2876.1      -1904.69      1.23493      197.132
632      26.6471      1.2953      971.475      -2876.26      -1904.78      1.23292      197.122
633      26.6893      1.29522      971.416      -2876.25      -1904.83      1.23091      197.112
634      26.7314      1.29508      971.309      -2876.16      -1904.85      1.2289      197.102
635      26.7736      1.29492      971.192      -2876.05      -1904.85      1.22691      197.093
636      26.8158      1.29475      971.059      -2875.92      -1904.86      1.22493      197.084
637      26.8579      1.29448      970.863      -2875.77      -1904.9      1.22295      197.075
638      26.9001      1.29404      970.53      -2875.51      -1904.98      1.22098      197.067
639      26.9423      1.29329      969.966      -2875.07      -1905.11      1.21902      197.059
640      26.9844      1.29211      969.083      -2874.36      -1905.28      1.21707      197.052
641      27.0266      1.29041      967.808      -2873.29      -1905.48      1.21513      197.046
642      27.0687      1.28814      966.103      -2871.8      -1905.7      1.2132      197.039
643      27.1109      1.28528      963.961      -2869.88      -1905.91      1.21128      197.034
644      27.1531      1.28188      961.413      -2867.52      -1906.11      1.20937      197.029
645      27.1952      1.27803      958.522      -2864.8      -1906.27      1.20747      197.024
646      27.2374      1.27384      955.381      -2861.77      -1906.39      1.20557      197.02
647      27.2796      1.26946      952.096      -2858.54      -1906.44      1.20369      197.017
648      27.3217      1.26504      948.781      -2855.23      -1906.44      1.20181      197.014
649      27.3639      1.26072      945.54      -2851.94      -1906.4      1.19995      197.011
650      27.4061      1.25662      942.465      -2848.77      -1906.3      1.19809      197.01
651      27.4482      1.25283      939.621      -2845.8      -1906.18      1.19624      197.009
652      27.4904      1.2494      937.052      -2843.09      -1906.04      1.19441      197.008
653      27.5325      1.24638      934.783      -2840.67      -1905.89      1.19258      197.008
654      27.5747      1.24375      932.814      -2838.55      -1905.74      1.19076      197.008
655      27.6169      1.24151      931.134      -2836.73      -1905.59      1.18894      197.009
656      27.659      1.23964      929.727      -2835.19      -1905.46      1.18714      197.011
657      27.7012      1.2381      928.575      -2833.91      -1905.34      1.18535      197.013
658      27.7434      1.23688      927.66      -2832.88      -1905.22      1.18356      197.015
659      27.7855      1.23596      926.971      -2832.08      -1905.11      1.18178      197.018
660      27.8277      1.23533      926.497      -2831.5      -1905      1.18001      197.021
661      27.8698      1.23498      926.233      -2831.13      -1904.9      1.17825      197.025
662      27.912      1.23489      926.166      -2830.97      -1904.81      1.17649      197.029
663      27.9542      1.23504      926.277      -2831      -1904.72      1.17474      197.033
664      27.9963      1.23539      926.541      -2831.19      -1904.65      1.173      197.038
665      28.0385      1.23589      926.915      -2831.52      -1904.6      1.17126      197.042
666      28.0807      1.23647      927.355      -2831.93      -1904.57      1.16953      197.047
667      28.1228      1.23708      927.809      -2832.38      -1904.57      1.1678      197.051
668      28.165      1.23763      928.223      -2832.82      -1904.6      1.16608      197.056
669      28.2072      1.23807      928.549      -2833.2      -1904.65      1.16437      197.061
670      28.2493      1.23832      928.743      -2833.46      -1904.72      1.16265      197.065
671      28.2915      1.23836      928.768      -2833.58      -1904.81      1.16095      197.07
672      28.3336      1.23813      928.601      -2833.51      -1904.91      1.15924      197.074
673      28.3758      1.23764      928.231      -2833.24      -1905.01      1.15754      197.077
674      28.418      1.23689      927.664      -2832.77      -1905.11      1.15585      197.081
675      28.4601      1.2359      926.923      -2832.11      -1905.19      1.15415      197.084
676      28.5023      1.23473      926.046      -2831.29      -1905.25      1.15246      197.087
677      28.5445      1.23345      925.088      -2830.37      -1905.28      1.15077      197.089
678      28.5866      1.23216      924.123      -2829.39      -1905.27      1.14909      197.091
679      28.6288      1.23099      923.242      -2828.46      -1905.22      1.1474      197.092
680      28.6709      1.23006      922.549      -2827.66      -1905.11      1.14572      197.093
681      28.7131      1.22954      922.152      -2827.1      -1904.94      1.14404      197.093
682      28.7553      1.22954      922.158      -2826.89      -1904.73      1.14236      197.093
683      28.7974      1.23022      922.663      -2827.13      -1904.47      1.14068      197.092
684      28.8396      1.23165      923.736      -2827.91      -1904.18      1.139      197.091
685      28.8818      1.23389      925.42      -2829.29      -1903.87      1.13733      197.089
686      28.9239      1.23696      927.724      -2831.28      -1903.56      1.13566      197.086
687      28.9661      1.24083      930.619      -2833.89      -1903.27      1.13399      197.083
688      29.0083      1.24541      934.054      -2837.06      -1903.01      1.13232      197.079
689      29.0504      1.2506      937.953      -2840.74      -1902.79      1.13065      197.075
690      29.0926      1.2563      942.225      -2844.84      -1902.61      1.12899      197.071
691      29.1347      1.26237      946.778      -2849.26      -1902.48      1.12732      197.066
692      29.1769      1.26869      951.515      -2853.92      -1902.4      1.12567      197.061
693      29.2191      1.27513      956.344      -2858.72      -1902.37      1.12401      197.055
694      29.2612      1.28157      961.176      -2863.56      -1902.38      1.12236      197.049
695      29.3034      1.2879      965.921      -2868.36      -1902.44      1.12071      197.044
696      29.3456      1.294      970.499      -2873.03      -1902.53      1.11906      197.038
697      29.3877      1.29977      974.824      -2877.5      -1902.67      1.11742      197.031
698      29.4299      1.30508      978.813      -2881.66      -1902.85      1.11579      197.025
699      29.472      1.30986      982.392      -2885.46      -1903.07      1.11416      197.019
700      29.5142      1.31398      985.483      -2888.8      -1903.32      1.11253      197.013
701      29.5564      1.31737      988.025      -2891.63      -1903.6      1.11091      197.007
702      29.5985      1.31994      989.958      -2893.87      -1903.91      1.1093      197.002
703      29.6407      1.32166      991.242      -2895.48      -1904.24      1.10769      196.996
704      29.6829      1.32247      991.854      -2896.43      -1904.58      1.10609      196.991
705      29.725      1.32239      991.791      -2896.71      -1904.92      1.10449      196.986
706      29.7672      1.32143      991.075      -2896.31      -1905.24      1.1029      196.981
707      29.8094      1.31967      989.752      -2895.28      -1905.53      1.10131      196.976
708      29.8515      1.31719      987.892      -2893.68      -1905.79      1.09973      196.972
709      29.8937      1.31412      985.592      -2891.59      -1905.99      1.09816      196.968
710      29.9358      1.31063      982.972      -2889.11      -1906.14      1.09659      196.964
711      29.978      1.30689      980.17      -2886.38      -1906.21      1.09502      196.96
712      30.0202      1.30312      977.338      -2883.54      -1906.2      1.09347      196.956
713      30.0623      1.2995      974.629      -2880.75      -1906.12      1.09191      196.953
714      30.1045      1.29625      972.191      -2878.15      -1905.96      1.09036      196.949
715      30.1467      1.29354      970.159      -2875.9      -1905.74      1.08882      196.946
716      30.1888      1.29153      968.644      -2874.12      -1905.47      1.08728      196.943
717      30.231      1.2903      967.727      -2872.89      -1905.17      1.08575      196.94
718      30.2731      1.28993      967.451      -2872.29      -1904.84      1.08422      196.937
719      30.3153      1.29042      967.817      -2872.34      -1904.52      1.0827      196.934
720      30.3575      1.29172      968.789      -2873.02      -1904.23      1.08118      196.931
721      30.3996      1.29372      970.289      -2874.26      -1903.97      1.07966      196.928
722      30.4418      1.29628      972.21      -2875.99      -1903.78      1.07815      196.925
723      30.484      1.29923      974.421      -2878.07      -1903.65      1.07664      196.922
724      30.5261      1.30238      976.788      -2880.38      -1903.59      1.07514      196.919
725      30.5683      1.30557      979.18      -2882.77      -1903.59      1.07364      196.916
726      30.6105      1.30865      981.491      -2885.14      -1903.65      1.07215      196.914
727      30.6526      1.31152      983.637      -2887.38      -1903.74      1.07066      196.911
728      30.6948      1.31409      985.569      -2889.42      -1903.85      1.06918      196.909
729      30.7369      1.31636      987.274      -2891.24      -1903.97      1.0677      196.907
730      30.7791      1.31835      988.76      -2892.83      -1904.07      1.06622      196.904
731      30.8213      1.32008      990.058      -2894.22      -1904.17      1.06475      196.903
732      30.8634      1.32161      991.211      -2895.44      -1904.23      1.06329      196.901
733      30.9056      1.32301      992.256      -2896.54      -1904.29      1.06183      196.899
734      30.9478      1.32429      993.221      -2897.54      -1904.32      1.06038      196.898
735      30.9899      1.3255      994.123      -2898.48      -1904.35      1.05893      196.897
736      31.0321      1.32662      994.963      -2899.35      -1904.39      1.05748      196.895
737      31.0742      1.32763      995.719      -2900.15      -1904.43      1.05604      196.894
738      31.1164      1.32848      996.36      -2900.85      -1904.49      1.05461      196.894
739      31.1586      1.32913      996.847      -2901.42      -1904.57      1.05318      196.893
740      31.2007      1.32953      997.15      -2901.82      -1904.67      1.05175      196.892
741      31.2429      1.32967      997.254      -2902.02      -1904.77      1.05032      196.891
742      31.2851      1.32955      997.16      -2902.03      -1904.87      1.0489      196.89
743      31.3272      1.32919      996.895      -2901.84      -1904.95      1.04749      196.889
744      31.3694      1.32868      996.512      -2901.51      -1905      1.04608      196.889
745      31.4116      1.32812      996.088      -2901.1      -1905.01      1.04467      196.888
746      31.4537      1.32761      995.707      -2900.69      -1904.98      1.04326      196.887
747      31.4959      1.32728      995.458      -2900.36      -1904.9      1.04186      196.886
748      31.538      1.32723      995.424      -2900.21      -1904.79      1.04046      196.885
749      31.5802      1.32755      995.665      -2900.31      -1904.64      1.03907      196.884
750      31.6224      1.32829      996.218      -2900.7      -1904.49      1.03768      196.883
751      31.6645      1.32945      997.085      -2901.42      -1904.33      1.03629      196.882
752      31.7067      1.33099      998.239      -2902.43      -1904.19      1.0349      196.88
753      31.7489      1.33283      999.623      -2903.71      -1904.09      1.03353      196.879
754      31.791      1.33486      1001.15      -2905.18      -1904.03      1.03215      196.878
755      31.8332      1.33693      1002.7      -2906.73      -1904.03      1.03078      196.878
756      31.8753      1.33887      1004.15      -2908.25      -1904.1      1.02941      196.877
757      31.9175      1.34048      1005.36      -2909.6      -1904.24      1.02805      196.876
758      31.9597      1.34158      1006.19      -2910.64      -1904.45      1.02669      196.875
759      32.0018      1.34198      1006.48      -2911.21      -1904.73      1.02533      196.875
760      32.044      1.34149      1006.11      -2911.19      -1905.08      1.02398      196.875
761      32.0862      1.33996      1004.97      -2910.44      -1905.48      1.02263      196.875
762      32.1283      1.33728      1002.96      -2908.87      -1905.92      1.02129      196.875
763      32.1705      1.33337      1000.02      -2906.4      -1906.38      1.01995      196.875
764      32.2127      1.32821      996.155      -2903      -1906.85      1.01862      196.875
765      32.2548      1.32184      991.38      -2898.67      -1907.29      1.01729      196.875
766      32.297      1.31436      985.769      -2893.46      -1907.7      1.01597      196.876
767      32.3391      1.30591      979.434      -2887.47      -1908.04      1.01465      196.877
768      32.3813      1.29671      972.532      -2880.83      -1908.3      1.01333      196.877
769      32.4235      1.287      965.247      -2873.71      -1908.46      1.01202      196.878
770      32.4656      1.27705      957.786      -2866.31      -1908.52      1.01071      196.879
771      32.5078      1.26715      950.364      -2858.84      -1908.47      1.0094      196.88
772      32.55      1.2576      943.196      -2851.52      -1908.32      1.0081      196.881
773      32.5921      1.24864      936.478      -2844.55      -1908.07      1.0068      196.882
774      32.6343      1.24051      930.383      -2838.12      -1907.74      1.0055      196.883
775      32.6764      1.2334      925.052      -2832.39      -1907.34      1.00421      196.885
776      32.7186      1.22745      920.587      -2827.48      -1906.89      1.00292      196.886
777      32.7608      1.22274      917.054      -2823.47      -1906.42      1.00164      196.887
778      32.8029      1.21931      914.48      -2820.41      -1905.93      1.00036      196.888
779      32.8451      1.21715      912.86      -2818.32      -1905.46      0.999082      196.89
780      32.8873      1.21621      912.156      -2817.16      -1905.01      0.997809      196.891
781      32.9294      1.2164      912.302      -2816.89      -1904.59      0.99654      196.893
782      32.9716      1.21762      913.211      -2817.43      -1904.22      0.995274      196.895
783      33.0138      1.2197      914.773      -2818.68      -1903.91      0.994012      196.896
784      33.0559      1.22248      916.861      -2820.52      -1903.66      0.992754      196.898
785      33.0981      1.22579      919.344      -2822.83      -1903.48      0.991499      196.9
786      33.1402      1.22945      922.089      -2825.46      -1903.37      0.990249      196.902
787      33.1824      1.23329      924.966      -2828.28      -1903.32      0.989002      196.905
788      33.2246      1.23715      927.859      -2831.18      -1903.32      0.987759      196.907
789      33.2667      1.24089      930.666      -2834.05      -1903.38      0.986519      196.91
790      33.3089      1.2444      933.297      -2836.77      -1903.48      0.985283      196.912
791      33.3511      1.24757      935.675      -2839.29      -1903.61      0.984051      196.915
792      33.3932      1.25032      937.738      -2841.52      -1903.78      0.982823      196.918
793      33.4354      1.25256      939.423      -2843.4      -1903.98      0.981597      196.921
794      33.4775      1.25423      940.676      -2844.88      -1904.2      0.980376      196.923
795      33.5197      1.25526      941.443      -2845.89      -1904.45      0.979157      196.926
796      33.5619      1.25558      941.681      -2846.4      -1904.72      0.977942      196.929
797      33.604      1.25515      941.364      -2846.36      -1905      0.97673      196.933
798      33.6462      1.25398      940.482      -2845.76      -1905.28      0.975522      196.936
799      33.6884      1.25208      939.063      -2844.61      -1905.54      0.974317      196.939
800      33.7305      1.24956      937.17      -2842.94      -1905.77      0.973114      196.942
801      33.7727      1.24653      934.898      -2840.84      -1905.94      0.971915      196.945
802      33.8149      1.24316      932.37      -2838.43      -1906.06      0.970719      196.948
803      33.857      1.23963      929.723      -2835.82      -1906.1      0.969526      196.952
804      33.8992      1.23612      927.092      -2833.17      -1906.07      0.968337      196.955
805      33.9413      1.2328      924.6      -2830.59      -1905.99      0.96715      196.958
806      33.9835      1.2298      922.352      -2828.21      -1905.86      0.965966      196.962
807      34.0257      1.22723      920.424      -2826.11      -1905.69      0.964786      196.965
808      34.0678      1.22517      918.878      -2824.37      -1905.49      0.963609      196.968
809      34.11      1.22367      917.752      -2823.03      -1905.28      0.962434      196.972
810      34.1522      1.22277      917.075      -2822.13      -1905.05      0.961263      196.975
811      34.1943      1.22249      916.864      -2821.68      -1904.82      0.960096      196.979
812      34.2365      1.22284      917.128      -2821.71      -1904.58      0.958931      196.982
813      34.2786      1.22383      917.874      -2822.21      -1904.34      0.957769      196.986
814      34.3208      1.22547      919.104      -2823.2      -1904.1      0.95661      196.99
815      34.363      1.22775      920.811      -2824.67      -1903.86      0.955454      196.994
816      34.4051      1.23064      922.982      -2826.61      -1903.63      0.954302      196.997
817      34.4473      1.23413      925.6      -2829.01      -1903.41      0.953152      197.001
818      34.4895      1.23817      928.63      -2831.84      -1903.21      0.952005      197.005
819      34.5316      1.2427      932.022      -2835.06      -1903.04      0.95086      197.008
820      34.5738      1.24761      935.709      -2838.61      -1902.9      0.949718      197.012
821      34.616      1.25282      939.612      -2842.42      -1902.81      0.948579      197.016
822      34.6581      1.25817      943.629      -2846.4      -1902.77      0.947443      197.02
823      34.7003      1.26354      947.653      -2850.43      -1902.78      0.946309      197.023
824      34.7424      1.26875      951.566      -2854.42      -1902.85      0.945177      197.027
825      34.7846      1.27367      955.254      -2858.23      -1902.98      0.944048      197.03
826      34.8268      1.27814      958.608      -2861.77      -1903.16      0.942921      197.033
827      34.8689      1.28204      961.529      -2864.92      -1903.39      0.941797      197.037
828      34.9111      1.28525      963.937      -2867.59      -1903.65      0.940674      197.04
829      34.9533      1.28771      965.779      -2869.72      -1903.94      0.939554      197.043
830      34.9954      1.28938      967.031      -2871.27      -1904.24      0.938437      197.046
831      35.0376      1.29026      967.697      -2872.23      -1904.53      0.937321      197.049
832      35.0797      1.29042      967.812      -2872.61      -1904.8      0.936208      197.052
833      35.1219      1.28992      967.44      -2872.47      -1905.03      0.935098      197.054
834      35.1641      1.28889      966.671      -2871.89      -1905.22      0.933989      197.057
835      35.2062      1.28748      965.608      -2870.96      -1905.35      0.932883      197.06
836      35.2484      1.28581      964.357      -2869.79      -1905.43      0.93178      197.062
837      35.2906      1.28404      963.029      -2868.49      -1905.46      0.930678      197.065
838      35.3327      1.28229      961.716      -2867.16      -1905.44      0.92958      197.068
839      35.3749      1.28065      960.491      -2865.88      -1905.39      0.928484      197.07
840      35.4171      1.2792      959.403      -2864.72      -1905.31      0.927391      197.073
841      35.4592      1.27796      958.471      -2863.7      -1905.23      0.9263      197.075
842      35.5014      1.27693      957.696      -2862.85      -1905.15      0.925212      197.078
843      35.5435      1.27608      957.057      -2862.15      -1905.09      0.924126      197.08
844      35.5857      1.27536      956.522      -2861.56      -1905.04      0.923044      197.083
845      35.6279      1.27474      956.055      -2861.06      -1905.01      0.921964      197.086
846      35.67      1.27416      955.619      -2860.61      -1904.99      0.920886      197.088
847      35.7122      1.27359      955.192      -2860.18      -1904.99      0.919812      197.091
848      35.7544      1.27302      954.764      -2859.75      -1904.99      0.91874      197.094
849      35.7965      1.27246      954.343      -2859.32      -1904.98      0.91767      197.096
850      35.8387      1.27194      953.959      -2858.92      -1904.96      0.916604      197.099
851      35.8808      1.27154      953.653      -2858.57      -1904.91      0.915539      197.102
852      35.923      1.2713      953.476      -2858.32      -1904.84      0.914478      197.105
853      35.9652      1.2713      953.478      -2858.22      -1904.75      0.913419      197.108
854      36.0073      1.2716      953.704      -2858.33      -1904.63      0.912362      197.11
855      36.0495      1.27225      954.188      -2858.69      -1904.5      0.911308      197.113
856      36.0917      1.27325      954.937      -2859.3      -1904.37      0.910257      197.116
857      36.1338      1.27459      955.94      -2860.18      -1904.24      0.909208      197.119
858      36.176      1.27622      957.168      -2861.3      -1904.14      0.908161      197.122
859      36.2182      1.2781      958.576      -2862.63      -1904.05      0.907117      197.125
860      36.2603      1.28015      960.112      -2864.11      -1904      0.906075      197.127
861      36.3025      1.28229      961.72      -2865.69      -1903.97      0.905035      197.13
862      36.3446      1.28447      963.354      -2867.32      -1903.96      0.903998      197.133
863      36.3868      1.28663      964.974      -2868.95      -1903.97      0.902964      197.136
864      36.429      1.28873      966.545      -2870.55      -1904      0.901932      197.139
865      36.4711      1.29072      968.044      -2872.09      -1904.04      0.900902      197.142
866      36.5133      1.2926      969.45      -2873.54      -1904.09      0.899875      197.144
867      36.5555      1.29433      970.746      -2874.9      -1904.15      0.89885      197.147
868      36.5976      1.29589      971.917      -2876.13      -1904.22      0.897828      197.15
869      36.6398      1.29726      972.945      -2877.23      -1904.29      0.896808      197.153
870      36.6819      1.29842      973.815      -2878.18      -1904.37      0.895791      197.156
871      36.7241      1.29936      974.517      -2878.97      -1904.45      0.894776      197.159
872      36.7663      1.30006      975.046      -2879.59      -1904.54      0.893764      197.162
873      36.8084      1.30054      975.403      -2880.03      -1904.63      0.892754      197.165
874      36.8506      1.30079      975.59      -2880.3      -1904.71      0.891746      197.168
875      36.8928      1.30083      975.62      -2880.41      -1904.79      0.89074      197.171
876      36.9349      1.30067      975.501      -2880.36      -1904.86      0.889737      197.174
877      36.9771      1.30032      975.244      -2880.17      -1904.92      0.888735      197.177
878      37.0193      1.29981      974.855      -2879.84      -1904.99      0.887735      197.18
879      37.0614      1.29912      974.344      -2879.39      -1905.05      0.886737      197.182
880      37.1036      1.29829      973.715      -2878.82      -1905.1      0.885741      197.185
881      37.1457      1.2973      972.974      -2878.13      -1905.16      0.884747      197.187
882      37.1879      1.29617      972.13      -2877.34      -1905.21      0.883754      197.19
883      37.2301      1.29493      971.196      -2876.45      -1905.25      0.882762      197.192
884      37.2722      1.29358      970.187      -2875.47      -1905.28      0.881773      197.194
885      37.3144      1.29215      969.115      -2874.43      -1905.31      0.880784      197.196
886      37.3566      1.29066      967.993      -2873.33      -1905.34      0.879797      197.197
887      37.3987      1.28911      966.829      -2872.19      -1905.36      0.878812      197.199
888      37.4409      1.2875      965.627      -2871      -1905.37      0.877828      197.2
889      37.483      1.28585      964.39      -2869.78      -1905.39      0.876846      197.201
890      37.5252      1.28416      963.12      -2868.52      -1905.4      0.875866      197.202
891      37.5674      1.28244      961.827      -2867.24      -1905.41      0.874887      197.203
892      37.6095      1.28071      960.533      -2865.94      -1905.41      0.873911      197.204
893      37.6517      1.27903      959.275      -2864.66      -1905.38      0.872936      197.205
894      37.6939      1.27748      958.113      -2863.44      -1905.33      0.871964      197.206
895      37.736      1.27616      957.122      -2862.35      -1905.23      0.870994      197.207
896      37.7782      1.27519      956.395      -2861.48      -1905.09      0.870027      197.208
897      37.8204      1.27471      956.036      -2860.92      -1904.89      0.869062      197.209
898      37.8625      1.27486      956.148      -2860.79      -1904.64      0.868099      197.211
899      37.9047      1.27576      956.823      -2861.17      -1904.35      0.86714      197.212
900      37.9468      1.27751      958.129      -2862.16      -1904.03      0.866183      197.213
901      37.989      1.28013      960.101      -2863.79      -1903.69      0.865229      197.215
902      38.0312      1.28364      962.733      -2866.1      -1903.37      0.864278      197.217
903      38.0733      1.28797      965.98      -2869.05      -1903.07      0.863329      197.219
904      38.1155      1.29301      969.76      -2872.57      -1902.81      0.862384      197.221
905      38.1577      1.29862      973.967      -2876.58      -1902.62      0.861441      197.224
906      38.1998      1.30462      978.467      -2880.95      -1902.49      0.860502      197.226
907      38.242      1.31083      983.12      -2885.55      -1902.43      0.859565      197.229
908      38.2841      1.31704      987.778      -2890.22      -1902.45      0.858631      197.232
909      38.3263      1.32306      992.291      -2894.83      -1902.54      0.857699      197.235
910      38.3685      1.32868      996.513      -2899.22      -1902.7      0.85677      197.238
911      38.4106      1.33374      1000.3      -2903.24      -1902.93      0.855843      197.241
912      38.4528      1.33805      1003.54      -2906.76      -1903.23      0.854918      197.244
913      38.495      1.34148      1006.11      -2909.68      -1903.57      0.853996      197.247
914      38.5371      1.34393      1007.95      -2911.89      -1903.94      0.853075      197.25
915      38.5793      1.34534      1009      -2913.34      -1904.34      0.852155      197.253
916      38.6215      1.3457      1009.28      -2914      -1904.73      0.851237      197.256
917      38.6636      1.34504      1008.78      -2913.89      -1905.11      0.85032      197.259
918      38.7058      1.3434      1007.55      -2913.02      -1905.47      0.849404      197.261
919      38.7479      1.34084      1005.63      -2911.44      -1905.81      0.848489      197.263
920      38.7901      1.33742      1003.06      -2909.19      -1906.12      0.847575      197.265
921      38.8323      1.33319      999.891      -2906.31      -1906.42      0.846661      197.267
922      38.8744      1.3282      996.148      -2902.85      -1906.7      0.845748      197.268
923      38.9166      1.32251      991.882      -2898.83      -1906.95      0.844835      197.269
924      38.9588      1.31622      987.165      -2894.33      -1907.17      0.843922      197.269
925      39.0009      1.30948      982.107      -2889.43      -1907.32      0.84301      197.269
926      39.0431      1.30249      976.867      -2884.25      -1907.39      0.842098      197.269
927      39.0852      1.29552      971.643      -2878.99      -1907.35      0.841186      197.268
928      39.1274      1.28889      966.668      -2873.87      -1907.2      0.840274      197.266
929      39.1696      1.28291      962.186      -2869.11      -1906.92      0.839362      197.265
930      39.2117      1.2779      958.423      -2864.96      -1906.54      0.838451      197.263
931      39.2539      1.27408      955.563      -2861.63      -1906.07      0.83754      197.26
932      39.2961      1.27163      953.724      -2859.27      -1905.55      0.836629      197.257
933      39.3382      1.2706      952.948      -2857.97      -1905.02      0.835719      197.254
934      39.3804      1.27093      953.199      -2857.72      -1904.52      0.834808      197.25
935      39.4226      1.27249      954.364      -2858.44      -1904.08      0.833899      197.247
936      39.4647      1.27503      956.271      -2860      -1903.73      0.83299      197.242
937      39.5069      1.27828      958.711      -2862.21      -1903.5      0.832081      197.238
938      39.549      1.28194      961.453      -2864.83      -1903.38      0.831173      197.233
939      39.5912      1.28569      964.267      -2867.64      -1903.37      0.830266      197.227
940      39.6334      1.28925      966.935      -2870.4      -1903.47      0.829359      197.222
941      39.6755      1.29236      969.267      -2872.93      -1903.66      0.828454      197.216
942      39.7177      1.29481      971.109      -2875.03      -1903.92      0.827549      197.21
943      39.7599      1.29647      972.349      -2876.59      -1904.24      0.826645      197.204
944      39.802      1.29722      972.918      -2877.5      -1904.58      0.825742      197.197
945      39.8442      1.29705      972.787      -2877.72      -1904.93      0.824841      197.191
946      39.8863      1.29597      971.975      -2877.25      -1905.27      0.82394      197.184
947      39.9285      1.29404      970.528      -2876.11      -1905.58      0.82304      197.177
948      39.9707      1.29137      968.526      -2874.37      -1905.85      0.822141      197.169
949      40.0128      1.28809      966.065      -2872.13      -1906.07      0.821243      197.162
950      40.055      1.28434      963.258      -2869.48      -1906.22      0.820346      197.154
951      40.0972      1.28029      960.219      -2866.54      -1906.33      0.81945      197.146
952      40.1393      1.27609      957.064      -2863.43      -1906.37      0.818556      197.138
953      40.1815      1.27186      953.896      -2860.26      -1906.36      0.817662      197.129
954      40.2237      1.26774      950.805      -2857.12      -1906.31      0.816769      197.121
955      40.2658      1.26381      947.861      -2854.09      -1906.23      0.815877      197.112
956      40.308      1.26015      945.114      -2851.24      -1906.13      0.814987      197.103
957      40.3501      1.25678      942.588      -2848.6      -1906.02      0.814097      197.094
958      40.3923      1.25372      940.287      -2846.19      -1905.9      0.813209      197.084
959      40.4345      1.25093      938.2      -2844      -1905.8      0.812321      197.075
960      40.4766      1.24839      936.291      -2842.01      -1905.71      0.811435      197.065
961      40.5188      1.24603      934.523      -2840.17      -1905.65      0.81055      197.055
962      40.561      1.2438      932.853      -2838.46      -1905.6      0.809666      197.045
963      40.6031      1.24165      931.241      -2836.82      -1905.58      0.808784      197.035
964      40.6453      1.23954      929.652      -2835.22      -1905.57      0.807903      197.025
965      40.6874      1.23742      928.066      -2833.64      -1905.57      0.807023      197.014
966      40.7296      1.23529      926.47      -2832.05      -1905.58      0.806145      197.004
967      40.7718      1.23316      924.869      -2830.45      -1905.58      0.805268      196.993
968      40.8139      1.23103      923.273      -2828.84      -1905.57      0.804393      196.983
969      40.8561      1.22894      921.708      -2827.26      -1905.55      0.803519      196.972
970      40.8983      1.22694      920.204      -2825.72      -1905.52      0.802647      196.961
971      40.9404      1.22507      918.8      -2824.26      -1905.46      0.801776      196.95
972      40.9826      1.22339      917.545      -2822.92      -1905.38      0.800908      196.94
973      41.0248      1.22199      916.493      -2821.76      -1905.27      0.800041      196.929
974      41.0669      1.22093      915.694      -2820.83      -1905.14      0.799176      196.918
975      41.1091      1.22026      915.196      -2820.17      -1904.98      0.798313      196.907
976      41.1512      1.22006      915.042      -2819.84      -1904.8      0.797452      196.897
977      41.1934      1.22034      915.258      -2819.87      -1904.61      0.796593      196.886
978      41.2356      1.22115      915.861      -2820.28      -1904.42      0.795737      196.876
979      41.2777      1.22246      916.847      -2821.08      -1904.23      0.794882      196.866
980      41.3199      1.22426      918.196      -2822.25      -1904.05      0.794031      196.856
981      41.3621      1.2265      919.873      -2823.76      -1903.89      0.793181      196.846
982      41.4042      1.2291      921.827      -2825.58      -1903.76      0.792334      196.836
983      41.4464      1.232      923.998      -2827.65      -1903.66      0.791489      196.826
984      41.4885      1.23509      926.317      -2829.91      -1903.59      0.790648      196.817
985      41.5307      1.23828      928.711      -2832.27      -1903.56      0.789808      196.808
986      41.5729      1.24148      931.112      -2834.68      -1903.56      0.788972      196.799
987      41.615      1.24461      933.459      -2837.06      -1903.6      0.788138      196.79
988      41.6572      1.24761      935.706      -2839.36      -1903.65      0.787307      196.782
989      41.6994      1.25043      937.821      -2841.54      -1903.72      0.786478      196.774
990      41.7415      1.25305      939.787      -2843.59      -1903.8      0.785653      196.766
991      41.7837      1.25547      941.604      -2845.48      -1903.87      0.78483      196.758
992      41.8259      1.25771      943.283      -2847.22      -1903.94      0.78401      196.751
993      41.868      1.25978      944.835      -2848.84      -1904      0.783192      196.744
994      41.9102      1.2617      946.276      -2850.33      -1904.06      0.782377      196.737
995      41.9523      1.26349      947.618      -2851.72      -1904.11      0.781565      196.731
996      41.9945      1.26516      948.867      -2853.02      -1904.15      0.780755      196.725
997      42.0367      1.2667      950.023      -2854.22      -1904.2      0.779948      196.718
998      42.0788      1.2681      951.078      -2855.33      -1904.25      0.779143      196.713
999      42.121      1.26935      952.013      -2856.33      -1904.32      0.77834      196.707
1000      42.1632      1.2704      952.802      -2857.2      -1904.39      0.77754      196.701
1000      42.1632      1.2704      952.802      -2857.2      -1904.39      0.77754      196.701
Execution time in seconds: 1.82614
