Timestep Time Temperature KineticEnergy PotentialEnergy TotalEnergy DiffusionConstant MeanSquareDisplacement
1      0.0947421      2.43283      1824.62      -3730.19      -1905.57      346.81      197.145
2      0.189484      2.39892      1799.19      -3717.47      -1918.27      173.418      197.159
3      0.284226      2.33061      1747.96      -3679.12      -1931.16      115.621      197.175
4      0.378968      2.22706      1670.29      -3614.6      -1944.31      86.7225      197.191
5      0.473711      2.08776      1565.82      -3523.33      -1957.51      69.3838      197.207
6      0.568453      1.91393      1435.45      -3405.4      -1969.95      57.8246      197.223
7      0.663195      1.71083      1283.12      -3263.04      -1979.92      49.568      197.239
8      0.757937      1.49011      1117.58      -3102.44      -1984.86      43.3753      197.255
9      0.852679      1.27061      952.961      -2935.15      -1982.19      38.5586      197.269
10      0.947421      1.07529      806.467      -2777.35      -1970.88      34.705      197.281
11      1.04216      0.924109      693.081      -2645.87      -1952.79      31.5518      197.293
12      1.13691      0.82717      620.377      -2552.43      -1932.05      28.9239      197.302
13      1.23165      0.782774      587.08      -2500.07      -1912.99      26.7001      197.31
14      1.32639      0.780874      585.655      -2483.92      -1898.27      24.7937      197.317
15      1.42113      0.808412      606.309      -2494.84      -1888.53      23.1415      197.322
16      1.51587      0.853287      639.965      -2523.12      -1883.15      21.6956      197.327
17      1.61062      0.906022      679.516      -2560.59      -1881.07      20.4198      197.33
18      1.70536      0.95986      719.895      -2601.18      -1881.29      19.2856      197.333
19      1.8001      1.01011      757.581      -2640.67      -1883.09      18.2708      197.335
20      1.89484      1.05338      790.036      -2676.08      -1886.04      17.3574      197.337
21      1.98958      1.0873      815.477      -2705.25      -1889.77      16.531      197.339
22      2.08433      1.11061      832.957      -2726.79      -1893.83      15.7797      197.34
23      2.17907      1.12348      842.613      -2740.28      -1897.67      15.0938      197.342
24      2.27381      1.1276      845.696      -2746.44      -1900.74      14.465      197.344
25      2.36855      1.12559      844.195      -2746.95      -1902.76      13.8866      197.347
26      2.46329      1.12025      840.185      -2743.93      -1903.75      13.3527      197.351
27      2.55804      1.11377      835.325      -2739.29      -1903.97      12.8585      197.355
28      2.65278      1.10776      830.816      -2734.43      -1903.61      12.3996      197.36
29      2.74752      1.10379      827.84      -2730.49      -1902.65      11.9724      197.366
30      2.84226      1.10368      827.762      -2728.78      -1901.01      11.5736      197.372
31      2.93701      1.10887      831.649      -2730.6      -1898.95      11.2007      197.379
32      3.03175      1.11924      839.432      -2736.53      -1897.09      10.851      197.385
33      3.12649      1.1331      849.824      -2745.82      -1896      10.5225      197.391
34      3.22123      1.14826      861.198      -2756.91      -1895.71      10.2133      197.396
35      3.31597      1.16321      872.405      -2768.32      -1895.92      9.92169      197.4
36      3.41072      1.17724      882.93      -2779.25      -1896.32      9.64621      197.403
37      3.50546      1.19012      892.59      -2789.38      -1896.79      9.38552      197.403
38      3.6002      1.20169      901.268      -2798.57      -1897.3      9.13845      197.401
39      3.69494      1.21188      908.913      -2806.74      -1897.83      8.90392      197.397
40      3.78968      1.22097      915.727      -2813.94      -1898.21      8.68099      197.389
41      3.88443      1.22964      922.232      -2820.52      -1898.29      8.46881      197.379
42      3.97917      1.23884      929.127      -2827.14      -1898.01      8.26663      197.366
43      4.07391      1.24929      936.967      -2834.47      -1897.5      8.07376      197.351
44      4.16865      1.261      945.751      -2842.83      -1897.07      7.88958      197.334
45      4.26339      1.27305      954.787      -2851.85      -1897.07      7.71356      197.316
46      4.35814      1.28388      962.907      -2860.58      -1897.67      7.54516      197.297
47      4.45288      1.29192      968.938      -2867.76      -1898.83      7.38394      197.279
48      4.54762      1.29623      972.171      -2872.43      -1900.26      7.22947      197.261
49      4.64236      1.29661      972.457      -2874.17      -1901.71      7.08134      197.245
50      4.73711      1.29337      970.028      -2873.03      -1903      6.93921      197.231
51      4.83185      1.2871      965.324      -2869.37      -1904.05      6.80273      197.219
52      4.92659      1.27867      959.002      -2863.72      -1904.72      6.67158      197.209
53      5.02133      1.26943      952.072      -2856.92      -1904.85      6.54545      197.201
54      5.11607      1.26124      945.927      -2850.17      -1904.25      6.42406      197.196
55      5.21082      1.25597      941.98      -2844.97      -1902.99      6.30714      197.192
56      5.30556      1.25466      940.997      -2842.46      -1901.46      6.19446      197.19
57      5.4003      1.25726      942.945      -2842.98      -1900.04      6.08579      197.191
58      5.49504      1.26335      947.513      -2846.29      -1898.77      5.98093      197.193
59      5.58978      1.27286      954.649      -2852.16      -1897.52      5.87969      197.197
60      5.68453      1.28583      964.375      -2860.65      -1896.27      5.78189      197.204
61      5.77927      1.30169      976.27      -2871.59      -1895.32      5.68737      197.213
62      5.87401      1.31902      989.268      -2884.23      -1894.96      5.59596      197.224
63      5.96875      1.33595      1001.96      -2897.27      -1895.31      5.5075      197.237
64      6.06349      1.35084      1013.13      -2909.35      -1896.22      5.42186      197.253
65      6.15824      1.36276      1022.07      -2919.47      -1897.41      5.33889      197.269
66      6.25298      1.37142      1028.57      -2927.22      -1898.65      5.25847      197.287
67      6.34772      1.37676      1032.57      -2932.48      -1899.92      5.18047      197.305
68      6.44246      1.37852      1033.89      -2935.17      -1901.28      5.10477      197.324
69      6.53721      1.37649      1032.37      -2935.08      -1902.71      5.03127      197.343
70      6.63195      1.37085      1028.13      -2932.14      -1904.01      4.95986      197.361
71      6.72669      1.36254      1021.9      -2926.78      -1904.87      4.89045      197.379
72      6.82143      1.35309      1014.82      -2919.96      -1905.15      4.82294      197.396
73      6.91617      1.34401      1008.01      -2912.89      -1904.88      4.75727      197.413
74      7.01092      1.3362      1002.15      -2906.5      -1904.35      4.69334      197.428
75      7.10566      1.32975      997.311      -2901.16      -1903.85      4.63109      197.442
76      7.2004      1.32415      993.11      -2896.69      -1903.58      4.57044      197.454
77      7.29514      1.31872      989.039      -2892.61      -1903.57      4.51134      197.465
78      7.38988      1.31278      984.588      -2888.4      -1903.82      4.45371      197.475
79      7.48463      1.30568      979.26      -2883.56      -1904.3      4.3975      197.482
80      7.57937      1.29692      972.687      -2877.62      -1904.94      4.34265      197.487
81      7.67411      1.28643      964.824      -2870.36      -1905.54      4.28909      197.49
82      7.76885      1.27498      956.237      -2862      -1905.77      4.23679      197.49
83      7.86359      1.26412      948.088      -2853.46      -1905.37      4.18569      197.487
84      7.95834      1.25554      941.656      -2846.02      -1904.37      4.13575      197.482
85      8.05308      1.25015      937.615      -2840.74      -1903.13      4.08693      197.474
86      8.14782      1.24788      935.911      -2837.91      -1902      4.0392      197.464
87      8.24256      1.24809      936.065      -2837.21      -1901.15      3.99252      197.452
88      8.33731      1.24994      937.454      -2838.08      -1900.62      3.94687      197.438
89      8.43205      1.25259      939.444      -2839.86      -1900.41      3.90221      197.421
90      8.52679      1.25539      941.545      -2841.97      -1900.42      3.8585      197.404
91      8.62153      1.25804      943.529      -2844.04      -1900.51      3.81573      197.385
92      8.71627      1.26038      945.282      -2845.95      -1900.66      3.77387      197.364
93      8.81102      1.26209      946.567      -2847.53      -1900.96      3.73288      197.343
94      8.90576      1.26249      946.865      -2848.4      -1901.53      3.69276      197.321
95      9.0005      1.26075      945.565      -2847.96      -1902.4      3.65348      197.299
96      9.09524      1.25641      942.31      -2845.7      -1903.39      3.61501      197.277
97      9.18998      1.24966      937.242      -2841.48      -1904.24      3.57735      197.255
98      9.28473      1.24128      930.957      -2835.71      -1904.75      3.54046      197.233
99      9.37947      1.23243      924.326      -2829.12      -1904.8      3.50433      197.213
100      9.47421      1.22455      918.416      -2822.7      -1904.29      3.46894      197.193
101      9.56895      1.21925      914.434      -2817.6      -1903.16      3.43427      197.174
102      9.66369      1.21809      913.565      -2815.04      -1901.47      3.4003      197.157
103      9.75844      1.2222      916.651      -2816.07      -1899.42      3.36701      197.14
104      9.85318      1.23183      923.873      -2821.26      -1897.38      3.33437      197.125
105      9.94792      1.24614      934.604      -2830.37      -1895.76      3.30238      197.111
106      10.0427      1.26322      947.414      -2842.36      -1894.95      3.271      197.097
107      10.1374      1.28056      960.424      -2855.53      -1895.11      3.24022      197.084
108      10.2321      1.29578      971.836      -2867.96      -1896.12      3.21002      197.072
109      10.3269      1.3072      980.403      -2878.08      -1897.67      3.18039      197.061
110      10.4216      1.31418      985.634      -2885      -1899.37      3.1513      197.05
111      10.5164      1.31703      987.771      -2888.63      -1900.86      3.12274      197.039
112      10.6111      1.3168      987.599      -2889.51      -1901.91      3.0947      197.029
113      10.7059      1.31478      986.083      -2888.56      -1902.47      3.06716      197.019
114      10.8006      1.31194      983.953      -2886.67      -1902.72      3.04011      197.01
115      10.8953      1.30857      981.429      -2884.34      -1902.91      3.01354      197.001
116      10.9901      1.30438      978.286      -2881.54      -1903.25      2.98744      196.993
117      11.0848      1.29888      974.159      -2877.94      -1903.78      2.96181      196.987
118      11.1796      1.29179      968.839      -2873.21      -1904.38      2.93664      196.982
119      11.2743      1.28325      962.441      -2867.32      -1904.88      2.91192      196.979
120      11.3691      1.27387      955.402      -2860.52      -1905.12      2.88764      196.978
121      11.4638      1.26457      948.431      -2853.41      -1904.98      2.86379      196.98
122      11.5585      1.25653      942.4      -2846.8      -1904.4      2.84037      196.983
123      11.6533      1.25084      938.133      -2841.55      -1903.42      2.81736      196.989
124      11.748      1.24822      936.163      -2838.39      -1902.23      2.79474      196.996
125      11.8428      1.24871      936.532      -2837.61      -1901.08      2.77251      197.005
126      11.9375      1.25174      938.808      -2839.01      -1900.2      2.75065      197.015
127      12.0322      1.25641      942.31      -2841.98      -1899.66      2.72914      197.026
128      12.127      1.26193      946.449      -2845.85      -1899.4      2.70797      197.037
129      12.2217      1.26786      950.892      -2850.16      -1899.27      2.68714      197.049
130      12.3165      1.27407      955.556      -2854.72      -1899.16      2.66663      197.061
131      12.4112      1.28058      960.433      -2859.48      -1899.05      2.64644      197.073
132      12.506      1.2874      965.551      -2864.48      -1898.92      2.62656      197.086
133      12.6007      1.29465      970.99      -2869.74      -1898.75      2.60698      197.099
134      12.6954      1.30235      976.765      -2875.37      -1898.6      2.58771      197.112
135      12.7902      1.31007      982.552      -2881.22      -1898.67      2.56873      197.127
136      12.8849      1.31676      987.567      -2886.73      -1899.16      2.55004      197.143
137      12.9797      1.3212      990.9      -2890.99      -1900.09      2.53164      197.159
138      13.0744      1.32285      992.136      -2893.26      -1901.13      2.51352      197.177
139      13.1692      1.32238      991.786      -2893.58      -1901.8      2.49567      197.195
140      13.2639      1.32109      990.821      -2892.82      -1902      2.47809      197.215
141      13.3586      1.31932      989.491      -2891.71      -1902.22      2.46076      197.235
142      13.4534      1.31581      986.859      -2889.88      -1903.02      2.44369      197.255
143      13.5481      1.30902      981.763      -2886.11      -1904.35      2.42686      197.276
144      13.6429      1.29839      973.792      -2879.55      -1905.76      2.41025      197.296
145      13.7376      1.28479      963.592      -2870.31      -1906.71      2.39387      197.316
146      13.8323      1.27035      952.763      -2859.52      -1906.76      2.3777      197.335
147      13.9271      1.25803      943.522      -2849.18      -1905.66      2.36173      197.352
148      14.0218      1.25084      938.13      -2841.59      -1903.46      2.34596      197.368
149      14.1166      1.25085      938.134      -2838.77      -1900.64      2.33037      197.381
150      14.2113      1.25841      943.811      -2841.66      -1897.84      2.31497      197.393
151      14.3061      1.27231      954.233      -2849.88      -1895.65      2.29974      197.401
152      14.4008      1.29021      967.657      -2862.06      -1894.41      2.28468      197.407
153      14.4955      1.3092      981.901      -2876.19      -1894.29      2.26978      197.411
154      14.5903      1.32637      994.779      -2890.01      -1895.23      2.25505      197.411
155      14.685      1.33944      1004.58      -2901.52      -1896.94      2.24048      197.409
156      14.7798      1.34728      1010.46      -2909.39      -1898.93      2.22607      197.405
157      14.8745      1.35017      1012.63      -2913.32      -1900.69      2.21183      197.4
158      14.9693      1.34961      1012.21      -2914      -1901.8      2.19776      197.393
159      15.064      1.34776      1010.82      -2912.89      -1902.07      2.18386      197.386
160      15.1587      1.3465      1009.88      -2911.59      -1901.72      2.17013      197.378
161      15.2535      1.3464      1009.8      -2911.1      -1901.31      2.15658      197.372
162      15.3482      1.34654      1009.9      -2911.25      -1901.35      2.1432      197.365
163      15.443      1.34536      1009.02      -2911.02      -1902      2.12998      197.36
164      15.5377      1.3415      1006.12      -2909.25      -1903.13      2.11694      197.354
165      15.6324      1.33417      1000.62      -2905.12      -1904.49      2.10405      197.349
166      15.7272      1.32321      992.406      -2898.25      -1905.85      2.09131      197.343
167      15.8219      1.30925      981.941      -2888.82      -1906.87      2.07873      197.337
168      15.9167      1.2938      970.35      -2877.61      -1907.26      2.06629      197.331
169      16.0114      1.27896      959.223      -2866.05      -1906.82      2.05401      197.325
170      16.1062      1.26686      950.147      -2855.76      -1905.62      2.04186      197.32
171      16.2009      1.2589      944.172      -2848.15      -1903.98      2.02987      197.314
172      16.2956      1.25544      941.577      -2843.87      -1902.29      2.01802      197.31
173      16.3904      1.25599      941.994      -2842.85      -1900.86      2.00632      197.306
174      16.4851      1.25965      944.735      -2844.53      -1899.79      1.99477      197.304
175      16.5799      1.26531      948.983      -2848.13      -1899.15      1.98336      197.303
176      16.6746      1.27174      953.807      -2852.8      -1899      1.97209      197.303
177      16.7694      1.27752      958.137      -2857.52      -1899.38      1.96097      197.305
178      16.8641      1.28124      960.93      -2861.2      -1900.27      1.94998      197.308
179      16.9588      1.28204      961.531      -2862.94      -1901.4      1.93914      197.313
180      17.0536      1.27979      959.845      -2862.36      -1902.52      1.92842      197.319
181      17.1483      1.27501      956.259      -2859.65      -1903.39      1.91784      197.326
182      17.2431      1.26861      951.457      -2855.35      -1903.89      1.90738      197.335
183      17.3378      1.26175      946.31      -2850.25      -1903.94      1.89705      197.344
184      17.4325      1.25578      941.837      -2845.3      -1903.46      1.88684      197.355
185      17.5273      1.25222      939.163      -2841.6      -1902.44      1.87675      197.366
186      17.622      1.25225      939.185      -2840.21      -1901.03      1.86677      197.377
187      17.7168      1.25624      942.181      -2841.75      -1899.57      1.85689      197.389
188      17.8115      1.26362      947.717      -2846.12      -1898.41      1.84712      197.4
189      17.9063      1.27327      954.956      -2852.64      -1897.69      1.83746      197.412
190      18.001      1.28408      963.056      -2860.43      -1897.38      1.82788      197.423
191      18.0957      1.29512      971.337      -2868.71      -1897.37      1.81841      197.432
192      18.1905      1.30578      979.335      -2876.91      -1897.58      1.80902      197.441
193      18.2852      1.31562      986.714      -2884.65      -1897.94      1.79971      197.448
194      18.38      1.32427      993.205      -2891.63      -1898.43      1.79048      197.454
195      18.4747      1.3314      998.55      -2897.59      -1899.04      1.78133      197.458
196      18.5695      1.33656      1002.42      -2902.25      -1899.83      1.77226      197.46
197      18.6642      1.33902      1004.27      -2905.18      -1900.92      1.76327      197.46
198      18.7589      1.33794      1003.45      -2905.76      -1902.31      1.75434      197.458
199      18.8537      1.33287      999.653      -2903.44      -1903.78      1.7455      197.455
200      18.9484      1.3244      993.3      -2898.24      -1904.94      1.73674      197.451
201      19.0432      1.31418      985.632      -2891.02      -1905.39      1.72806      197.446
202      19.1379      1.3044      978.297      -2883.3      -1905.01      1.71946      197.441
203      19.2326      1.29706      972.794      -2876.72      -1903.93      1.71095      197.436
204      19.3274      1.29331      969.982      -2872.51      -1902.53      1.70252      197.432
205      19.4221      1.29305      969.786      -2871.08      -1901.29      1.69418      197.428
206      19.5169      1.29486      971.146      -2871.85      -1900.7      1.68593      197.425
207      19.6116      1.29636      972.269      -2873.34      -1901.08      1.67776      197.421
208      19.7064      1.29494      971.206      -2873.61      -1902.4      1.66967      197.418
209      19.8011      1.28866      966.495      -2870.85      -1904.36      1.66165      197.415
210      19.8958      1.27681      957.608      -2864.05      -1906.44      1.65371      197.411
211      19.9906      1.26016      945.118      -2853.22      -1908.1      1.64584      197.407
212      20.0853      1.24078      930.584      -2839.46      -1908.87      1.63804      197.403
213      20.1801      1.2217      916.274      -2824.72      -1908.44      1.63031      197.398
214      20.2748      1.20629      904.721      -2811.47      -1906.75      1.62264      197.393
215      20.3696      1.19746      898.097      -2802.15      -1904.06      1.61505      197.388
216      20.4643      1.19676      897.57      -2798.51      -1900.94      1.60753      197.382
217      20.559      1.20397      902.976      -2801.04      -1898.07      1.60009      197.377
218      20.6538      1.21722      912.912      -2808.94      -1896.03      1.59271      197.373
219      20.7485      1.23377      925.325      -2820.39      -1895.06      1.58541      197.369
220      20.8433      1.25095      938.213      -2833.27      -1895.05      1.57818      197.366
221      20.938      1.26699      950.246      -2845.86      -1895.61      1.57103      197.365
222      21.0327      1.28124      960.933      -2857.26      -1896.32      1.56395      197.364
223      21.1275      1.29382      970.362      -2867.31      -1896.94      1.55694      197.365
224      21.2222      1.30503      978.771      -2876.22      -1897.45      1.55      197.367
225      21.317      1.31507      986.3      -2884.19      -1897.89      1.54314      197.37
226      21.4117      1.32393      992.946      -2891.3      -1898.36      1.53634      197.374
227      21.5065      1.33138      998.536      -2897.46      -1898.92      1.5296      197.378
228      21.6012      1.33695      1002.71      -2902.39      -1899.69      1.52293      197.383
229      21.6959      1.34001      1005.01      -2905.68      -1900.67      1.51632      197.388
230      21.7907      1.34007      1005.05      -2906.88      -1901.83      1.50977      197.393
231      21.8854      1.33695      1002.71      -2905.72      -1903.01      1.50328      197.399
232      21.9802      1.33086      998.143      -2902.22      -1904.08      1.49684      197.405
233      22.0749      1.3223      991.722      -2896.66      -1904.94      1.49047      197.412
234      22.1697      1.31189      983.918      -2889.47      -1905.55      1.48415      197.419
235      22.2644      1.3003      975.224      -2881.14      -1905.92      1.4779      197.427
236      22.3591      1.28815      966.112      -2872.16      -1906.05      1.47171      197.437
237      22.4539      1.27611      957.08      -2862.99      -1905.91      1.46558      197.447
238      22.5486      1.26512      948.841      -2854.22      -1905.38      1.45951      197.46
239      22.6434      1.25661      942.461      -2846.73      -1904.27      1.45351      197.474
240      22.7381      1.25244      939.334      -2841.79      -1902.45      1.44756      197.489
241      22.8328      1.2542      940.65      -2840.78      -1900.13      1.44167      197.505
242      22.9276      1.26212      946.587      -2844.47      -1897.88      1.43584      197.522
243      23.0223      1.27461      955.955      -2852.34      -1896.38      1.43006      197.539
244      23.1171      1.28901      966.759      -2862.69      -1895.93      1.42432      197.557
245      23.2118      1.3028      977.098      -2873.48      -1896.38      1.41862      197.573
246      23.3066      1.31416      985.622      -2883.06      -1897.44      1.41297      197.589
247      23.4013      1.32209      991.569      -2890.37      -1898.8      1.40735      197.603
248      23.496      1.32624      994.682      -2894.91      -1900.23      1.40176      197.615
249      23.5908      1.32678      995.087      -2896.64      -1901.56      1.39621      197.625
250      23.6855      1.32417      993.126      -2895.82      -1902.69      1.39068      197.634
251      23.7803      1.31896      989.222      -2892.83      -1903.61      1.38518      197.64
252      23.875      1.31184      983.884      -2888.14      -1904.26      1.37971      197.643
253      23.9698      1.30376      977.82      -2882.34      -1904.52      1.37427      197.645
254      24.0645      1.296      971.998      -2876.28      -1904.28      1.36885      197.644
255      24.1592      1.28988      967.41      -2870.97      -1903.56      1.36346      197.641
256      24.254      1.28631      964.736      -2867.3      -1902.56      1.3581      197.635
257      24.3487      1.28531      963.981      -2865.63      -1901.65      1.35276      197.627
258      24.4435      1.28594      964.454      -2865.62      -1901.16      1.34744      197.617
259      24.5382      1.28665      964.988      -2866.29      -1901.3      1.34216      197.605
260      24.6329      1.2857      964.274      -2866.35      -1902.08      1.3369      197.591
261      24.7277      1.28164      961.228      -2864.57      -1903.35      1.33167      197.575
262      24.8224      1.27382      955.367      -2860.13      -1904.76      1.32648      197.558
263      24.9172      1.26265      946.991      -2852.92      -1905.93      1.32131      197.54
264      25.0119      1.24951      937.131      -2843.65      -1906.51      1.31618      197.52
265      25.1067      1.2362      927.151      -2833.55      -1906.4      1.31108      197.501
266      25.2014      1.22438      918.284      -2824      -1905.72      1.30601      197.48
267      25.2961      1.21506      911.296      -2816      -1904.71      1.30099      197.459
268      25.3909      1.20862      906.466      -2810.08      -1903.61      1.29599      197.438
269      25.4856      1.20508      903.807      -2806.34      -1902.53      1.29104      197.417
270      25.5804      1.20435      903.26      -2804.74      -1901.48      1.28611      197.395
271      25.6751      1.20649      904.87      -2805.27      -1900.4      1.28122      197.373
272      25.7699      1.21171      908.78      -2808.03      -1899.25      1.27636      197.35
273      25.8646      1.22014      915.108      -2813.16      -1898.05      1.27154      197.327
274      25.9593      1.23165      923.734      -2820.69      -1896.95      1.26674      197.302
275      26.0541      1.24543      934.076      -2830.29      -1896.22      1.26197      197.278
276      26.1488      1.26008      945.057      -2841.13      -1896.07      1.25724      197.252
277      26.2436      1.27374      955.308      -2851.93      -1896.62      1.25254      197.226
278      26.3383      1.28475      963.562      -2861.32      -1897.76      1.24787      197.201
279      26.433      1.29207      969.052      -2868.24      -1899.19      1.24324      197.175
280      26.5278      1.29567      971.753      -2872.29      -1900.54      1.23864      197.15
281      26.6225      1.29655      972.409      -2873.84      -1901.43      1.23408      197.126
282      26.7173      1.29625      972.185      -2873.91      -1901.72      1.22957      197.104
283      26.812      1.2959      971.928      -2873.61      -1901.68      1.22509      197.083
284      26.9068      1.29536      971.516      -2873.35      -1901.83      1.22066      197.064
285      27.0015      1.29335      970.011      -2872.51      -1902.5      1.21628      197.048
286      27.0962      1.28865      966.486      -2870.07      -1903.58      1.21194      197.034
287      27.191      1.281      960.751      -2865.4      -1904.65      1.20765      197.023
288      27.2857      1.2713      953.473      -2858.77      -1905.3      1.20341      197.015
289      27.3805      1.26108      945.811      -2851.15      -1905.34      1.19921      197.009
290      27.4752      1.25181      938.861      -2843.73      -1904.87      1.19506      197.007
291      27.57      1.24438      933.282      -2837.41      -1904.13      1.19095      197.007
292      27.6647      1.23901      929.256      -2832.61      -1903.35      1.18689      197.01
293      27.7594      1.23561      926.71      -2829.34      -1902.63      1.18287      197.015
294      27.8542      1.23405      925.54      -2827.5      -1901.96      1.17889      197.022
295      27.9489      1.23419      925.646      -2827      -1901.35      1.17494      197.031
296      28.0437      1.23567      926.752      -2827.66      -1900.91      1.17103      197.04
297      28.1384      1.23775      928.316      -2829.09      -1900.77      1.16715      197.05
298      28.2331      1.23952      929.642      -2830.62      -1900.98      1.16328      197.059
299      28.3279      1.24016      930.117      -2831.58      -1901.46      1.15944      197.067
300      28.4226      1.23923      929.421      -2831.48      -1902.06      1.15562      197.074
301      28.5174      1.23686      927.645      -2830.19      -1902.54      1.15181      197.079
302      28.6121      1.23382      925.365      -2828.05      -1902.68      1.14801      197.082
303      28.7069      1.2315      923.621      -2825.87      -1902.24      1.14422      197.081
304      28.8016      1.23162      923.713      -2824.87      -1901.16      1.14044      197.078
305      28.8963      1.23559      926.692      -2826.31      -1899.62      1.13666      197.073
306      28.9911      1.24382      932.864      -2830.9      -1898.04      1.1329      197.064
307      29.0858      1.25557      941.681      -2838.5      -1896.82      1.12915      197.054
308      29.1806      1.26951      952.132      -2848.29      -1896.16      1.12541      197.041
309      29.2753      1.28417      963.125      -2859.16      -1896.03      1.12169      197.027
310      29.3701      1.29822      973.664      -2870.06      -1896.4      1.11799      197.013
311      29.4648      1.31041      982.809      -2880.04      -1897.23      1.11432      196.999
312      29.5595      1.3196      989.702      -2888.17      -1898.46      1.11067      196.985
313      29.6543      1.32486      993.646      -2893.66      -1900.01      1.10705      196.973
314      29.749      1.3257      994.278      -2895.96      -1901.68      1.10346      196.961
315      29.8438      1.32234      991.757      -2894.94      -1903.18      1.0999      196.95
316      29.9385      1.31583      986.873      -2891.08      -1904.21      1.09636      196.941
317      30.0332      1.30799      980.993      -2885.48      -1904.49      1.09286      196.933
318      30.128      1.30102      975.766      -2879.71      -1903.94      1.08938      196.925
319      30.2227      1.2969      972.672      -2875.38      -1902.71      1.08593      196.918
320      30.3175      1.29676      972.566      -2873.72      -1901.15      1.0825      196.911
321      30.4122      1.30057      975.425      -2875.16      -1899.73      1.07909      196.905
322      30.507      1.30711      980.33      -2879.21      -1898.88      1.0757      196.898
323      30.6017      1.31445      985.834      -2884.61      -1898.77      1.07234      196.893
324      30.6964      1.32088      990.661      -2889.91      -1899.25      1.069      196.888
325      30.7912      1.32562      994.215      -2894.14      -1899.93      1.06569      196.883
326      30.8859      1.32881      996.61      -2897.08      -1900.47      1.0624      196.88
327      30.9807      1.33102      998.268      -2899.07      -1900.8      1.05914      196.878
328      31.0754      1.33262      999.463      -2900.49      -1901.02      1.0559      196.876
329      31.1702      1.33346      1000.09      -2901.43      -1901.33      1.05269      196.875
330      31.2649      1.33322      999.913      -2901.67      -1901.76      1.04949      196.874
331      31.3596      1.33197      998.977      -2901.07      -1902.1      1.04632      196.872
332      31.4544      1.33049      997.868      -2899.96      -1902.09      1.04316      196.871
333      31.5491      1.32998      997.486      -2899.12      -1901.63      1.04001      196.869
334      31.6439      1.33135      998.51      -2899.4      -1900.89      1.03689      196.867
335      31.7386      1.33461      1000.96      -2901.19      -1900.23      1.03378      196.865
336      31.8333      1.33888      1004.16      -2904.14      -1899.99      1.0307      196.863
337      31.9281      1.34249      1006.87      -2907.27      -1900.41      1.02763      196.862
338      32.0228      1.34349      1007.62      -2909.19      -1901.57      1.02459      196.862
339      32.1176      1.33996      1004.97      -2908.39      -1903.42      1.02157      196.862
340      32.2123      1.33061      997.954      -2903.62      -1905.66      1.01857      196.863
341      32.3071      1.31529      986.469      -2894.29      -1907.82      1.01559      196.864
342      32.4018      1.2953      971.472      -2880.83      -1909.36      1.01263      196.866
343      32.4965      1.27321      954.905      -2864.74      -1909.83      1.00969      196.868
344      32.5913      1.25224      939.182      -2848.27      -1909.08      1.00677      196.871
345      32.686      1.23536      926.517      -2833.81      -1907.3      1.00386      196.873
346      32.7808      1.22442      918.317      -2823.25      -1904.93      1.00097      196.876
347      32.8755      1.21995      914.959      -2817.47      -1902.51      0.998108      196.88
348      32.9703      1.22119      915.896      -2816.37      -1900.47      0.99526      196.884
349      33.065      1.22657      919.925      -2819.02      -1899.1      0.992432      196.888
350      33.1597      1.23412      925.592      -2824.06      -1898.46      0.989623      196.894
351      33.2545      1.24209      931.567      -2830.03      -1898.46      0.986835      196.9
352      33.3492      1.24912      936.839      -2835.76      -1898.93      0.984065      196.907
353      33.444      1.2543      940.728      -2840.43      -1899.7      0.981314      196.914
354      33.5387      1.25686      942.647      -2843.41      -1900.76      0.97858      196.922
355      33.6334      1.25612      942.092      -2844.14      -1902.05      0.975864      196.93
356      33.7282      1.25197      938.975      -2842.26      -1903.29      0.973163      196.938
357      33.8229      1.24536      934.021      -2838.09      -1904.07      0.970479      196.947
358      33.9177      1.23811      928.58      -2832.71      -1904.13      0.967811      196.955
359      34.0124      1.23192      923.942      -2827.55      -1903.6      0.965158      196.964
360      34.1072      1.22776      920.819      -2823.61      -1902.79      0.962521      196.973
361      34.2019      1.22603      919.519      -2821.37      -1901.85      0.9599      196.982
362      34.2966      1.22706      920.294      -2821.08      -1900.79      0.957294      196.992
363      34.3914      1.23123      923.421      -2823.01      -1899.59      0.954703      197.001
364      34.4861      1.23865      928.986      -2827.39      -1898.4      0.952126      197.011
365      34.5809      1.24886      936.645      -2834.09      -1897.45      0.949562      197.02
366      34.6756      1.2607      945.528      -2842.51      -1896.98      0.947011      197.029
367      34.7704      1.27254      954.403      -2851.57      -1897.17      0.944471      197.038
368      34.8651      1.28263      961.975      -2859.96      -1897.98      0.941942      197.045
369      34.9598      1.28962      967.213      -2866.47      -1899.26      0.939425      197.053
370      35.0546      1.29287      969.649      -2870.33      -1900.68      0.936918      197.06
371      35.1493      1.29271      969.529      -2871.42      -1901.89      0.934423      197.066
372      35.2441      1.2903      967.724      -2870.33      -1902.6      0.93194      197.072
373      35.3388      1.28713      965.347      -2868.1      -1902.75      0.929469      197.078
374      35.4335      1.28431      963.231      -2865.78      -1902.55      0.927011      197.084
375      35.5283      1.28213      961.601      -2863.9      -1902.3      0.924565      197.089
376      35.623      1.28018      960.137      -2862.39      -1902.25      0.922132      197.095
377      35.7178      1.27788      958.408      -2860.82      -1902.41      0.919713      197.101
378      35.8125      1.27514      956.356      -2858.88      -1902.53      0.917306      197.106
379      35.9073      1.27267      954.503      -2856.83      -1902.33      0.914911      197.112
380      36.002      1.27159      953.695      -2855.4      -1901.7      0.912528      197.117
381      36.0967      1.27274      954.556      -2855.38      -1900.83      0.910157      197.122
382      36.1915      1.27611      957.083      -2857.12      -1900.04      0.907798      197.127
383      36.2862      1.28101      960.754      -2860.32      -1899.57      0.905451      197.132
384      36.381      1.28651      964.88      -2864.32      -1899.44      0.903115      197.137
385      36.4757      1.2919      968.922      -2868.47      -1899.55      0.900791      197.142
386      36.5705      1.29666      972.492      -2872.33      -1899.84      0.89848      197.147
387      36.6652      1.30035      975.264      -2875.55      -1900.29      0.896181      197.152
388      36.7599      1.30264      976.98      -2877.82      -1900.84      0.893895      197.157
389      36.8547      1.30341      977.557      -2878.95      -1901.4      0.891621      197.162
390      36.9494      1.30284      977.13      -2879      -1901.87      0.889359      197.168
391      37.0442      1.3012      975.903      -2878.13      -1902.23      0.887108      197.173
392      37.1389      1.29867      974      -2876.54      -1902.54      0.884867      197.178
393      37.2336      1.29531      971.484      -2874.31      -1902.83      0.882636      197.183
394      37.3284      1.29133      968.494      -2871.52      -1903.03      0.880415      197.187
395      37.4231      1.28708      965.313      -2868.39      -1903.07      0.878204      197.191
396      37.5179      1.28305      962.285      -2865.23      -1902.95      0.876002      197.194
397      37.6126      1.27968      959.757      -2862.4      -1902.64      0.873812      197.198
398      37.7074      1.27757      958.175      -2860.27      -1902.09      0.871633      197.202
399      37.8021      1.27758      958.186      -2859.38      -1901.2      0.869467      197.206
400      37.8968      1.28074      960.557      -2860.48      -1899.93      0.867314      197.211
401      37.9916      1.28774      965.803      -2864.27      -1898.47      0.865175      197.216
402      38.0863      1.29829      973.716      -2870.93      -1897.22      0.863051      197.223
403      38.1811      1.31108      983.312      -2879.85      -1896.54      0.86094      197.23
404      38.2758      1.3243      993.223      -2889.79      -1896.57      0.858844      197.238
405      38.3706      1.33612      1002.09      -2899.35      -1897.26      0.856759      197.246
406      38.4653      1.34492      1008.69      -2907.23      -1898.53      0.854685      197.254
407      38.56      1.34948      1012.11      -2912.32      -1900.22      0.85262      197.262
408      38.6548      1.3492      1011.9      -2913.93      -1902.03      0.85056      197.269
409      38.7495      1.3443      1008.23      -2911.94      -1903.72      0.848504      197.275
410      38.8443      1.33527      1001.46      -2906.66      -1905.21      0.846451      197.279
411      38.939      1.32257      991.928      -2898.45      -1906.52      0.844399      197.28
412      39.0337      1.30706      980.297      -2887.73      -1907.44      0.842348      197.28
413      39.1285      1.29081      968.108      -2875.57      -1907.46      0.840298      197.278
414      39.2232      1.277      957.749      -2863.98      -1906.23      0.838248      197.273
415      39.318      1.2686      951.45      -2855.45      -1904      0.8362      197.266
416      39.4127      1.26686      950.144      -2851.65      -1901.51      0.834153      197.257
417      39.5075      1.27075      953.06      -2852.66      -1899.6      0.832108      197.247
418      39.6022      1.27759      958.189      -2856.98      -1898.79      0.830067      197.235
419      39.6969      1.28426      963.196      -2862.34      -1899.14      0.828031      197.222
420      39.7917      1.28837      966.278      -2866.57      -1900.29      0.825998      197.207
421      39.8864      1.28883      966.625      -2868.33      -1901.71      0.823972      197.192
422      39.9812      1.28597      964.475      -2867.36      -1902.89      0.82195      197.175
423      40.0759      1.28103      960.775      -2864.3      -1903.53      0.819935      197.158
424      40.1707      1.2756      956.698      -2860.28      -1903.58      0.817925      197.139
425      40.2654      1.27081      953.107      -2856.37      -1903.27      0.81592      197.12
426      40.3601      1.26703      950.271      -2853.16      -1902.89      0.813921      197.1
427      40.4549      1.2638      947.85      -2850.6      -1902.75      0.811928      197.079
428      40.5496      1.26024      945.18      -2848.13      -1902.95      0.80994      197.057
429      40.6444      1.25551      941.634      -2845.08      -1903.44      0.807958      197.034
430      40.7391      1.24927      936.954      -2840.96      -1904.01      0.805981      197.01
431      40.8338      1.2418      931.348      -2835.76      -1904.41      0.80401      196.985
432      40.9286      1.23389      925.418      -2829.88      -1904.47      0.802046      196.96
433      41.0233      1.22675      920.063      -2824.1      -1904.04      0.800089      196.934
434      41.1181      1.22179      916.342      -2819.43      -1903.08      0.798139      196.908
435      41.2128      1.22016      915.119      -2816.86      -1901.74      0.7962      196.882
436      41.3076      1.22233      916.748      -2817.06      -1900.31      0.794271      196.856
437      41.4023      1.22788      920.911      -2820.03      -1899.11      0.792355      196.832
438      41.497      1.23565      926.736      -2825.14      -1898.41      0.790451      196.808
439      41.5918      1.24422      933.162      -2831.39      -1898.23      0.788563      196.786
440      41.6865      1.25243      939.322      -2837.77      -1898.45      0.78669      196.766
441      41.7813      1.25967      944.755      -2843.6      -1898.84      0.784832      196.748
442      41.876      1.26587      949.406      -2848.64      -1899.24      0.78299      196.731
443      41.9708      1.27116      953.37      -2852.95      -1899.58      0.781163      196.716
444      42.0655      1.2756      956.702      -2856.61      -1899.91      0.779349      196.702
445      42.1602      1.27902      959.265      -2859.6      -1900.34      0.777548      196.69
446      42.255      1.28096      960.717      -2861.67      -1900.96      0.775757      196.678
447      42.3497      1.2809      960.674      -2862.44      -1901.76      0.773976      196.666
448      42.4445      1.27852      958.889      -2861.54      -1902.65      0.772204      196.655
449      42.5392      1.27398      955.484      -2858.91      -1903.43      0.770438      196.643
450      42.6339      1.26807      951.052      -2854.9      -1903.85      0.768679      196.631
451      42.7287      1.26206      946.543      -2850.31      -1903.76      0.766926      196.619
452      42.8234      1.25736      943.019      -2846.17      -1903.15      0.76518      196.606
453      42.9182      1.25512      941.337      -2843.48      -1902.14      0.76344      196.593
454      43.0129      1.25579      941.842      -2842.89      -1901.05      0.761708      196.58
455      43.1077      1.25899      944.241      -2844.41      -1900.17      0.759983      196.566
456      43.2024      1.26358      947.686      -2847.46      -1899.77      0.758266      196.553
457      43.2971      1.26819      951.145      -2851.04      -1899.89      0.756557      196.541
458      43.3919      1.27165      953.74      -2854.15      -1900.41      0.754856      196.528
459      43.4866      1.27327      954.954      -2856.1      -1901.15      0.753164      196.515
460      43.5814      1.27283      954.622      -2856.54      -1901.92      0.75148      196.503
461      43.6761      1.2705      952.872      -2855.47      -1902.6      0.749805      196.491
462      43.7709      1.26671      950.031      -2853.12      -1903.09      0.748138      196.48
463      43.8656      1.26195      946.461      -2849.87      -1903.41      0.746481      196.469
464      43.9603      1.25654      942.402      -2846.02      -1903.61      0.744833      196.459
465      44.0551      1.2507      938.026      -2841.76      -1903.73      0.743195      196.449
466      44.1498      1.24496      933.718      -2837.33      -1903.62      0.741568      196.44
467      44.2446      1.24042      930.312      -2833.34      -1903.03      0.739951      196.433
468      44.3393      1.23867      929.002      -2830.84      -1901.83      0.738347      196.427
469      44.434      1.24112      930.842      -2831.01      -1900.17      0.736753      196.422
470      44.5288      1.2483      936.222      -2834.63      -1898.41      0.735171      196.418
471      44.6235      1.25958      944.685      -2841.67      -1896.99      0.733601      196.415
472      44.7183      1.27345      955.091      -2851.28      -1896.19      0.732042      196.414
473      44.813      1.288      965.996      -2862.14      -1896.15      0.730496      196.414
474      44.9078      1.30118      975.887      -2872.73      -1896.84      0.728962      196.416
475      45.0025      1.31133      983.497      -2881.62      -1898.13      0.727442      196.42
476      45.0972      1.31727      987.949      -2887.74      -1899.79      0.725934      196.426
477      45.192      1.31854      988.906      -2890.46      -1901.55      0.724441      196.433
478      45.2867      1.31554      986.656      -2889.74      -1903.08      0.722962      196.444
479      45.3815      1.3095      982.127      -2886.22      -1904.09      0.721499      196.456
480      45.4762      1.30201      976.508      -2881      -1904.49      0.720051      196.471
481      45.571      1.29436      970.77      -2875.23      -1904.46      0.71862      196.489
482      45.6657      1.28715      965.36      -2869.62      -1904.26      0.717206      196.51
483      45.7604      1.2803      960.224      -2864.36      -1904.14      0.715809      196.534
484      45.8552      1.27343      955.073      -2859.24      -1904.16      0.714429      196.562
485      45.9499      1.26628      949.71      -2853.96      -1904.25      0.713066      196.592
486      46.0447      1.25909      944.318      -2848.51      -1904.19      0.711718      196.625
487      46.1394      1.2527      939.522      -2843.3      -1903.78      0.710384      196.66
488      46.2341      1.24827      936.206      -2839.12      -1902.92      0.709064      196.698
489      46.3289      1.24691      935.182      -2836.86      -1901.68      0.707755      196.737
490      46.4236      1.2492      936.903      -2837.19      -1900.29      0.706456      196.777
491      46.5184      1.25497      941.228      -2840.28      -1899.05      0.705165      196.819
492      46.6131      1.26326      947.449      -2845.67      -1898.23      0.70388      196.86
493      46.7079      1.27276      954.567      -2852.48      -1897.92      0.7026      196.902
494      46.8026      1.28219      961.641      -2859.7      -1898.06      0.701324      196.943
495      46.8973      1.2907      968.024      -2866.51      -1898.49      0.70005      196.983
496      46.9921      1.29772      973.293      -2872.4      -1899.1      0.698778      197.022
497      47.0868      1.30285      977.141      -2877.01      -1899.87      0.697507      197.06
498      47.1816      1.30568      979.262      -2880.04      -1900.77      0.696236      197.097
499      47.2763      1.30591      979.429      -2881.21      -1901.78      0.694965      197.132
500      47.3711      1.30348      977.608      -2880.37      -1902.76      0.693695      197.166
501      47.4658      1.29873      974.05      -2877.62      -1903.57      0.692426      197.199
502      47.5605      1.29247      969.356      -2873.4      -1904.04      0.691157      197.231
503      47.6553      1.28589      964.414      -2868.46      -1904.05      0.689891      197.262
504      47.75      1.28022      960.163      -2863.75      -1903.59      0.688626      197.291
505      47.8448      1.2765      957.375      -2860.16      -1902.78      0.687364      197.321
506      47.9395      1.2754      956.548      -2858.3      -1901.76      0.686104      197.349
507      48.0342      1.27719      957.894      -2858.56      -1900.67      0.684848      197.377
508      48.129      1.28162      961.213      -2860.95      -1899.74      0.683595      197.404
509      48.2237      1.28773      965.794      -2865.03      -1899.23      0.682345      197.431
510      48.3185      1.29408      970.562      -2869.84      -1899.28      0.681097      197.457
511      48.4132      1.29938      974.538      -2874.32      -1899.78      0.679851      197.483
512      48.508      1.30281      977.11      -2877.65      -1900.54      0.678605      197.506
513      48.6027      1.30402      978.012      -2879.41      -1901.4      0.677358      197.529
514      48.6974      1.30284      977.127      -2879.43      -1902.3      0.67611      197.549
515      48.7922      1.2992      974.399      -2877.62      -1903.22      0.674859      197.567
516      48.8869      1.29313      969.848      -2873.95      -1904.11      0.673606      197.583
517      48.9817      1.2848      963.598      -2868.51      -1904.91      0.672349      197.597
518      49.0764      1.27454      955.905      -2861.47      -1905.56      0.671089      197.608
519      49.1712      1.26297      947.23      -2853.18      -1905.95      0.669826      197.617
520      49.2659      1.25114      938.355      -2844.24      -1905.89      0.668561      197.624
521      49.3606      1.24066      930.494      -2835.67      -1905.17      0.667294      197.628
522      49.4554      1.23351      925.132      -2828.84      -1903.71      0.666025      197.631
523      49.5501      1.23132      923.493      -2825.21      -1901.72      0.664756      197.633
524      49.6449      1.23452      925.89      -2825.61      -1899.72      0.663488      197.632
525      49.7396      1.24193      931.448      -2829.76      -1898.31      0.66222      197.631
526      49.8343      1.25125      938.44      -2836.28      -1897.84      0.660955      197.629
527      49.9291      1.26006      945.043      -2843.28      -1898.23      0.659692      197.627
528      50.0238      1.26677      950.081      -2849.2      -1899.12      0.658432      197.624
529      50.1186      1.27109      953.318      -2853.32      -1900.01      0.657177      197.621
530      50.2133      1.27369      955.264      -2855.83      -1900.57      0.655926      197.617
531      50.3081      1.27562      956.718      -2857.45      -1900.73      0.65468      197.614
532      50.4028      1.27767      958.249      -2858.9      -1900.66      0.653439      197.611
533      50.4975      1.28001      960.011      -2860.57      -1900.56      0.652205      197.608
534      50.5923      1.28238      961.787      -2862.38      -1900.59      0.650977      197.607
535      50.687      1.28438      963.284      -2864.05      -1900.77      0.649757      197.606
536      50.7818      1.28579      964.341      -2865.35      -1901.01      0.648545      197.606
537      50.8765      1.28654      964.902      -2866.18      -1901.28      0.647342      197.607
538      50.9713      1.28628      964.71      -2866.43      -1901.72      0.646148      197.61
539      51.066      1.2842      963.151      -2865.65      -1902.5      0.644962      197.614
540      51.1607      1.27921      959.41      -2863.09      -1903.68      0.643784      197.619
541      51.2555      1.27052      952.892      -2857.99      -1905.1      0.642613      197.625
542      51.3502      1.25821      943.66      -2850.04      -1906.38      0.641449      197.631
543      51.445      1.2436      932.697      -2839.74      -1907.05      0.640289      197.638
544      51.5397      1.22908      921.807      -2828.55      -1906.74      0.639132      197.644
545      51.6344      1.21751      913.134      -2818.5      -1905.37      0.637976      197.649
546      51.7292      1.21133      908.496      -2811.66      -1903.17      0.636821      197.653
547      51.8239      1.21173      908.8      -2809.45      -1900.65      0.635665      197.656
548      51.9187      1.21846      913.844      -2812.22      -1898.38      0.634509      197.657
549      52.0134      1.23015      922.609      -2819.29      -1896.68      0.633353      197.657
550      52.1082      1.24498      933.736      -2829.43      -1895.7      0.632196      197.655
551      52.2029      1.2611      945.825      -2841.23      -1895.4      0.631041      197.653
552      52.2976      1.27685      957.639      -2853.34      -1895.7      0.629886      197.649
553      52.3924      1.29099      968.246      -2864.65      -1896.41      0.628734      197.645
554      52.4871      1.30286      977.146      -2874.45      -1897.31      0.627585      197.641
555      52.5819      1.31225      984.189      -2882.44      -1898.25      0.626438      197.636
556      52.6766      1.31913      989.345      -2888.54      -1899.19      0.625295      197.631
557      52.7714      1.3234      992.552      -2892.72      -1900.17      0.624156      197.625
558      52.8661      1.32511      993.83      -2894.92      -1901.09      0.623022      197.62
559      52.9608      1.32488      993.659      -2895.36      -1901.7      0.621891      197.615
560      53.0556      1.32426      993.194      -2894.86      -1901.66      0.620766      197.61
561      53.1503      1.32523      993.92      -2894.82      -1900.9      0.619645      197.606
562      53.2451      1.32899      996.74      -2896.55      -1899.82      0.618529      197.602
563      53.3398      1.33504      1001.28      -2900.35      -1899.08      0.617417      197.597
564      53.4345      1.34169      1006.27      -2905.3      -1899.03      0.616309      197.593
565      53.5293      1.34727      1010.45      -2910.03      -1899.58      0.615206      197.589
566      53.624      1.3506      1012.95      -2913.48      -1900.53      0.614105      197.585
567      53.7188      1.35088      1013.16      -2914.91      -1901.75      0.613008      197.58
568      53.8135      1.3476      1010.7      -2913.81      -1903.11      0.611912      197.575
569      53.9083      1.34081      1005.61      -2910.01      -1904.4      0.610819      197.569
570      54.003      1.33112      998.339      -2903.75      -1905.41      0.609728      197.563
571      54.0977      1.31949      989.618      -2895.65      -1906.03      0.608638      197.556
572      54.1925      1.30695      980.21      -2886.49      -1906.28      0.607551      197.548
573      54.2872      1.29433      970.745      -2876.98      -1906.23      0.606467      197.54
574      54.382      1.28221      961.66      -2867.65      -1905.99      0.605385      197.532
575      54.4767      1.27094      953.204      -2858.85      -1905.65      0.604305      197.523
576      54.5715      1.26061      945.455      -2850.73      -1905.27      0.603229      197.514
577      54.6662      1.25129      938.47      -2843.34      -1904.87      0.602153      197.505
578      54.7609      1.24318      932.382      -2836.76      -1904.38      0.60108      197.494
579      54.8557      1.23664      927.478      -2831.2      -1903.73      0.600006      197.482
580      54.9504      1.23228      924.209      -2827.04      -1902.83      0.598933      197.47
581      55.0452      1.23081      923.107      -2824.78      -1901.67      0.597859      197.456
582      55.1399      1.2327      924.526      -2824.91      -1900.39      0.596785      197.44
583      55.2346      1.23773      928.296      -2827.55      -1899.26      0.595711      197.423
584      55.3294      1.24496      933.722      -2832.25      -1898.53      0.594638      197.406
585      55.4241      1.25325      939.935      -2838.17      -1898.24      0.593565      197.387
586      55.5189      1.26177      946.329      -2844.54      -1898.21      0.592494      197.368
587      55.6136      1.27017      952.625      -2850.92      -1898.29      0.591425      197.348
588      55.7084      1.27813      958.6      -2857.1      -1898.5      0.59036      197.328
589      55.8031      1.28519      963.891      -2862.81      -1898.92      0.589296      197.307
590      55.8978      1.29075      968.065      -2867.61      -1899.54      0.588236      197.287
591      55.9926      1.2943      970.722      -2871.08      -1900.35      0.587177      197.265
592      56.0873      1.29556      971.669      -2872.89      -1901.22      0.58612      197.243
593      56.1821      1.29472      971.038      -2873.02      -1901.98      0.585064      197.221
594      56.2768      1.29232      969.241      -2871.74      -1902.5      0.58401      197.197
595      56.3716      1.28901      966.758      -2869.54      -1902.78      0.582957      197.173
596      56.4663      1.2853      963.974      -2866.87      -1902.89      0.581907      197.149
597      56.561      1.28154      961.153      -2864.03      -1902.88      0.58086      197.124
598      56.6558      1.27812      958.591      -2861.29      -1902.7      0.579817      197.1
599      56.7505      1.27571      956.78      -2859.04      -1902.26      0.578779      197.076
600      56.8453      1.27509      956.314      -2857.84      -1901.52      0.577747      197.053
601      56.94      1.27684      957.634      -2858.24      -1900.61      0.576722      197.031
602      57.0347      1.28116      960.872      -2860.53      -1899.66      0.575704      197.011
603      57.1295      1.28774      965.804      -2864.67      -1898.87      0.574694      196.992
604      57.2242      1.29603      972.021      -2870.32      -1898.3      0.573691      196.974
605      57.319      1.30532      978.989      -2877      -1898.01      0.572695      196.958
606      57.4137      1.31475      986.065      -2884.12      -1898.05      0.571705      196.942
607      57.5085      1.32339      992.54      -2891      -1898.46      0.570721      196.928
608      57.6032      1.33018      997.632      -2896.9      -1899.27      0.569742      196.914
609      57.6979      1.33405      1000.54      -2901      -1900.46      0.568768      196.9
610      57.7927      1.33416      1000.62      -2902.56      -1901.94      0.567799      196.888
611      57.8874      1.33019      997.641      -2901.11      -1903.46      0.566836      196.876
612      57.9822      1.32261      991.958      -2896.69      -1904.74      0.565879      196.865
613      58.0769      1.31254      984.404      -2889.95      -1905.54      0.564928      196.856
614      58.1717      1.30131      975.982      -2881.82      -1905.84      0.563984      196.847
615      58.2664      1.29      967.501      -2873.27      -1905.77      0.563046      196.84
616      58.3611      1.27924      959.428      -2864.92      -1905.5      0.562116      196.834
617      58.4559      1.26918      951.889      -2857.09      -1905.2      0.561193      196.83
618      58.5506      1.25982      944.863      -2849.78      -1904.92      0.560278      196.828
619      58.6454      1.25104      938.283      -2842.96      -1904.68      0.559371      196.827
620      58.7401      1.24269      932.016      -2836.53      -1904.52      0.558472      196.828
621      58.8348      1.23445      925.838      -2830.31      -1904.47      0.55758      196.831
622      58.9296      1.22617      919.628      -2824.09      -1904.46      0.556694      196.835
623      59.0243      1.21829      913.719      -2817.93      -1904.21      0.555815      196.84
624      59.1191      1.21208      909.058      -2812.49      -1903.43      0.55494      196.845
625      59.2138      1.20905      906.787      -2808.9      -1902.11      0.554071      196.852
626      59.3086      1.21001      907.508      -2808.1      -1900.59      0.553207      196.859
627      59.4033      1.21479      911.09      -2810.31      -1899.22      0.552349      196.868
628      59.498      1.22265      916.985      -2815.15      -1898.17      0.551497      196.878
629      59.5928      1.23267      924.503      -2821.97      -1897.47      0.550651      196.889
630      59.6875      1.24383      932.875      -2830.04      -1897.17      0.549812      196.901
631      59.7823      1.25519      941.392      -2838.59      -1897.19      0.548979      196.915
632      59.877      1.26604      949.532      -2847      -1897.47      0.548153      196.93
633      59.9718      1.27575      956.812      -2854.8      -1897.99      0.547332      196.947
634      60.0665      1.28318      962.385      -2861.38      -1898.99      0.546518      196.964
635      60.1612      1.28667      965      -2865.63      -1900.63      0.54571      196.983
636      60.256      1.28486      963.641      -2866.33      -1902.69      0.544908      197.004
637      60.3507      1.27789      958.418      -2862.94      -1904.52      0.544112      197.025
638      60.4455      1.26776      950.821      -2856.27      -1905.45      0.543321      197.048
639      60.5402      1.25755      943.162      -2848.35      -1905.19      0.542534      197.071
640      60.6349      1.25016      937.618      -2841.52      -1903.9      0.54175      197.094
641      60.7297      1.24746      935.598      -2837.62      -1902.03      0.540967      197.117
642      60.8244      1.25005      937.538      -2837.59      -1900.05      0.540185      197.139
643      60.9192      1.2574      943.051      -2841.41      -1898.36      0.539402      197.159
644      61.0139      1.26833      951.251      -2848.4      -1897.15      0.538617      197.179
645      61.1087      1.28143      961.074      -2857.56      -1896.49      0.53783      197.196
646      61.2034      1.29527      971.455      -2867.81      -1896.35      0.53704      197.212
647      61.2981      1.30852      981.391      -2878.11      -1896.72      0.536249      197.226
648      61.3929      1.31987      989.904      -2887.47      -1897.57      0.535455      197.239
649      61.4876      1.32807      996.05      -2894.92      -1898.87      0.534659      197.249
650      61.5824      1.33219      999.143      -2899.59      -1900.45      0.533863      197.259
651      61.6771      1.33218      999.136      -2901.09      -1901.96      0.533067      197.268
652      61.7719      1.3291      996.824      -2899.79      -1902.97      0.532272      197.277
653      61.8666      1.32474      993.551      -2896.83      -1903.28      0.53148      197.285
654      61.9613      1.32073      990.546      -2893.57      -1903.02      0.530691      197.294
655      62.0561      1.31794      988.457      -2890.97      -1902.52      0.529905      197.303
656      62.1508      1.3165      987.376      -2889.4      -1902.02      0.529122      197.312
657      62.2456      1.31609      987.066      -2888.74      -1901.67      0.528343      197.322
658      62.3403      1.31623      987.174      -2888.67      -1901.5      0.527568      197.333
659      62.435      1.31651      987.38      -2888.84      -1901.46      0.526797      197.343
660      62.5298      1.31678      987.585      -2889.03      -1901.44      0.526029      197.355
661      62.6245      1.3175      988.127      -2889.32      -1901.19      0.525265      197.367
662      62.7193      1.31969      989.769      -2890.3      -1900.53      0.524504      197.379
663      62.814      1.32428      993.209      -2892.79      -1899.58      0.523747      197.392
664      62.9088      1.33117      998.377      -2897.17      -1898.79      0.522992      197.405
665      63.0035      1.33899      1004.24      -2902.87      -1898.62      0.52224      197.418
666      63.0982      1.34589      1009.41      -2908.56      -1899.15      0.521488      197.43
667      63.193      1.35048      1012.86      -2912.98      -1900.12      0.520738      197.442
668      63.2877      1.35216      1014.12      -2915.38      -1901.26      0.519987      197.453
669      63.3825      1.35082      1013.11      -2915.51      -1902.4      0.519236      197.463
670      63.4772      1.34651      1009.88      -2913.39      -1903.51      0.518483      197.471
671      63.572      1.33946      1004.59      -2909.08      -1904.49      0.517728      197.478
672      63.6667      1.33026      997.692      -2902.91      -1905.21      0.516971      197.483
673      63.7614      1.31978      989.837      -2895.43      -1905.59      0.516211      197.486
674      63.8562      1.30893      981.696      -2887.34      -1905.65      0.515448      197.487
675      63.9509      1.29838      973.785      -2879.25      -1905.46      0.514684      197.487
676      64.0457      1.28868      966.509      -2871.59      -1905.08      0.513918      197.485
677      64.1404      1.28028      960.208      -2864.76      -1904.55      0.513151      197.482
678      64.2351      1.27336      955.02      -2859.01      -1903.99      0.512383      197.478
679      64.3299      1.26768      950.759      -2854.32      -1903.57      0.511616      197.473
680      64.4246      1.26264      946.977      -2850.36      -1903.38      0.510848      197.467
681      64.5194      1.25771      943.285      -2846.65      -1903.37      0.510081      197.461
682      64.6141      1.25286      939.645      -2842.97      -1903.33      0.509314      197.453
683      64.7089      1.24855      936.41      -2839.48      -1903.07      0.508548      197.445
684      64.8036      1.2455      934.126      -2836.67      -1902.54      0.507783      197.437
685      64.8983      1.24427      933.202      -2835.05      -1901.85      0.507017      197.428
686      64.9931      1.24483      933.62      -2834.84      -1901.22      0.506253      197.418
687      65.0878      1.24648      934.857      -2835.77      -1900.91      0.505489      197.407
688      65.1826      1.24809      936.064      -2837.11      -1901.04      0.504728      197.397
689      65.2773      1.24854      936.408      -2837.97      -1901.57      0.503968      197.386
690      65.3721      1.24717      935.378      -2837.68      -1902.3      0.503211      197.376
691      65.4668      1.24382      932.868      -2835.9      -1903.03      0.502457      197.365
692      65.5615      1.23876      929.073      -2832.71      -1903.63      0.501706      197.356
693      65.6563      1.23244      924.329      -2828.38      -1904.05      0.500959      197.347
694      65.751      1.22537      919.025      -2823.3      -1904.27      0.500216      197.338
695      65.8458      1.21809      913.568      -2817.85      -1904.28      0.499477      197.331
696      65.9405      1.21124      908.431      -2812.47      -1904.04      0.498741      197.323
697      66.0352      1.2055      904.124      -2807.67      -1903.55      0.498009      197.317
698      66.13      1.20151      901.135      -2803.97      -1902.83      0.497281      197.311
699      66.2247      1.19969      899.769      -2801.76      -1901.99      0.496557      197.306
700      66.3195      1.20009      900.069      -2801.25      -1901.18      0.495835      197.301
701      66.4142      1.20234      901.754      -2802.3      -1900.54      0.495117      197.297
702      66.509      1.20579      904.346      -2804.51      -1900.16      0.494401      197.292
703      66.6037      1.20985      907.39      -2807.39      -1900      0.493687      197.288
704      66.6984      1.2141      910.577      -2810.54      -1899.97      0.492974      197.284
705      66.7932      1.21836      913.766      -2813.75      -1899.98      0.492262      197.278
706      66.8879      1.22261      916.959      -2816.93      -1899.97      0.49155      197.273
707      66.9827      1.22704      920.278      -2820.16      -1899.89      0.490839      197.266
708      67.0774      1.23188      923.913      -2823.61      -1899.7      0.490126      197.258
709      67.1722      1.23739      928.043      -2827.47      -1899.42      0.489412      197.249
710      67.2669      1.2437      932.775      -2831.88      -1899.11      0.488696      197.238
711      67.3616      1.25085      938.134      -2836.92      -1898.79      0.487978      197.226
712      67.4564      1.2588      944.101      -2842.59      -1898.49      0.487257      197.212
713      67.5511      1.26746      950.596      -2848.84      -1898.24      0.486535      197.196
714      67.6459      1.27653      957.396      -2855.53      -1898.13      0.485812      197.179
715      67.7406      1.28553      964.146      -2862.36      -1898.22      0.485089      197.161
716      67.8353      1.29401      970.504      -2868.96      -1898.46      0.484367      197.143
717      67.9301      1.30163      976.225      -2875.04      -1898.81      0.483647      197.125
718      68.0248      1.30811      981.085      -2880.37      -1899.28      0.482929      197.107
719      68.1196      1.31307      984.804      -2884.7      -1899.89      0.482215      197.09
720      68.2143      1.31604      987.029      -2887.71      -1900.69      0.481504      197.073
721      68.3091      1.31649      987.367      -2889.04      -1901.67      0.480797      197.057
722      68.4038      1.31408      985.56      -2888.3      -1902.74      0.480095      197.042
723      68.4985      1.30899      981.74      -2885.44      -1903.7      0.479397      197.028
724      68.5933      1.30196      976.467      -2880.79      -1904.32      0.478704      197.015
725      68.688      1.29407      970.553      -2875.08      -1904.52      0.478016      197.004
726      68.7828      1.28641      964.806      -2869.14      -1904.34      0.477333      196.994
727      68.8775      1.27982      959.864      -2863.72      -1903.86      0.476655      196.985
728      68.9723      1.27497      956.227      -2859.37      -1903.15      0.47598      196.977
729      69.067      1.27232      954.241      -2856.53      -1902.28      0.47531      196.969
730      69.1617      1.27199      953.992      -2855.41      -1901.42      0.474643      196.963
731      69.2565      1.27363      955.22      -2855.96      -1900.74      0.47398      196.957
732      69.3512      1.27648      957.362      -2857.72      -1900.36      0.473322      196.953
733      69.446      1.27971      959.781      -2860.08      -1900.3      0.472668      196.949
734      69.5407      1.28257      961.927      -2862.42      -1900.49      0.472019      196.947
735      69.6354      1.28453      963.4      -2864.27      -1900.87      0.471376      196.947
736      69.7302      1.28524      963.929      -2865.3      -1901.37      0.470738      196.948
737      69.8249      1.2845      963.376      -2865.29      -1901.92      0.470104      196.95
738      69.9197      1.28245      961.839      -2864.22      -1902.38      0.469475      196.953
739      70.0144      1.27962      959.717      -2862.32      -1902.6      0.468849      196.957
740      70.1092      1.27686      957.642      -2860.14      -1902.49      0.468227      196.962
741      70.2039      1.27512      956.34      -2858.36      -1902.02      0.467606      196.967
742      70.2986      1.27528      956.461      -2857.7      -1901.24      0.466988      196.972
743      70.3934      1.27789      958.418      -2858.71      -1900.3      0.46637      196.976
744      70.4881      1.28295      962.216      -2861.63      -1899.41      0.465752      196.98
745      70.5829      1.28968      967.262      -2866.15      -1898.89      0.465134      196.983
746      70.6776      1.29657      972.43      -2871.42      -1898.99      0.464515      196.985
747      70.7724      1.30187      976.402      -2876.12      -1899.72      0.463895      196.986
748      70.8671      1.30436      978.271      -2879.09      -1900.82      0.463274      196.985
749      70.9618      1.30414      978.108      -2879.85      -1901.75      0.46265      196.983
750      71.0566      1.30256      976.917      -2879.01      -1902.09      0.462025      196.979
751      71.1513      1.30121      975.904      -2877.78      -1901.88      0.461397      196.974
752      71.2461      1.30091      975.683      -2877.14      -1901.46      0.460766      196.967
753      71.3408      1.30147      976.101      -2877.29      -1901.19      0.460133      196.957
754      71.4355      1.30207      976.556      -2877.82      -1901.26      0.459497      196.946
755      71.5303      1.30188      976.412      -2878.05      -1901.63      0.458858      196.934
756      71.625      1.30047      975.349      -2877.46      -1902.11      0.458218      196.919
757      71.7198      1.29808      973.561      -2875.98      -1902.42      0.457577      196.904
758      71.8145      1.29556      971.667      -2874.06      -1902.39      0.456935      196.887
759      71.9093      1.29387      970.403      -2872.4      -1902      0.456294      196.87
760      72.004      1.29359      970.193      -2871.65      -1901.45      0.455654      196.853
761      72.0987      1.29452      970.888      -2871.94      -1901.06      0.455017      196.837
762      72.1935      1.29581      971.858      -2872.87      -1901.01      0.454384      196.822
763      72.2882      1.2964      972.303      -2873.67      -1901.37      0.453756      196.807
764      72.383      1.29534      971.506      -2873.57      -1902.06      0.453134      196.795
765      72.4777      1.29198      968.986      -2871.94      -1902.96      0.452517      196.785
766      72.5725      1.28626      964.697      -2868.5      -1903.81      0.451907      196.776
767      72.6672      1.27892      959.19      -2863.49      -1904.3      0.451303      196.77
768      72.7619      1.27144      953.579      -2857.77      -1904.19      0.450705      196.765
769      72.8567      1.26548      949.108      -2852.59      -1903.49      0.450114      196.763
770      72.9514      1.26207      946.554      -2849.03      -1902.48      0.449528      196.762
771      73.0462      1.26117      945.876      -2847.47      -1901.59      0.448948      196.763
772      73.1409      1.26176      946.316      -2847.46      -1901.15      0.448373      196.766
773      73.2356      1.26253      946.897      -2848.08      -1901.18      0.447802      196.771
774      73.3304      1.26259      946.943      -2848.44      -1901.49      0.447236      196.776
775      73.4251      1.26182      946.363      -2848.13      -1901.77      0.446674      196.783
776      73.5199      1.26096      945.72      -2847.42      -1901.7      0.446115      196.79
777      73.6146      1.26137      946.028      -2847.1      -1901.08      0.445559      196.798
778      73.7094      1.2645      948.374      -2848.31      -1899.94      0.445006      196.807
779      73.8041      1.27126      953.446      -2851.99      -1898.54      0.444456      196.816
780      73.8988      1.28145      961.091      -2858.43      -1897.34      0.443909      196.826
781      73.9936      1.29367      970.252      -2867.03      -1896.77      0.443365      196.837
782      74.0883      1.30586      979.394      -2876.39      -1897      0.442823      196.848
783      74.1831      1.31623      987.17      -2885.01      -1897.84      0.442284      196.86
784      74.2778      1.32363      992.726      -2891.78      -1899.05      0.441746      196.872
785      74.3726      1.32754      995.656      -2896.06      -1900.41      0.44121      196.884
786      74.4673      1.32782      995.868      -2897.64      -1901.77      0.440675      196.895
787      74.562      1.32482      993.614      -2896.57      -1902.95      0.440142      196.907
788      74.6568      1.31936      989.518      -2893.3      -1903.78      0.439608      196.919
789      74.7515      1.31261      984.458      -2888.6      -1904.14      0.439076      196.93
790      74.8463      1.30569      979.269      -2883.38      -1904.11      0.438545      196.941
791      74.941      1.29937      974.529      -2878.36      -1903.83      0.438015      196.952
792      75.0357      1.29392      970.442      -2873.92      -1903.48      0.437486      196.963
793      75.1305      1.2892      966.898      -2870.12      -1903.23      0.43696      196.974
794      75.2252      1.28479      963.593      -2866.73      -1903.14      0.436436      196.986
795      75.32      1.28023      960.173      -2863.39      -1903.21      0.435914      196.998
796      75.4147      1.27535      956.512      -2859.83      -1903.32      0.435396      197.012
797      75.5095      1.27048      952.862      -2856.11      -1903.25      0.434881      197.026
798      75.6042      1.26646      949.848      -2852.69      -1902.84      0.43437      197.041
799      75.6989      1.26417      948.131      -2850.25      -1902.12      0.433863      197.058
800      75.7937      1.26412      948.088      -2849.35      -1901.26      0.433359      197.075
801      75.8884      1.26631      949.732      -2850.17      -1900.44      0.432859      197.094
802      75.9832      1.27036      952.768      -2852.57      -1899.81      0.432362      197.113
803      76.0779      1.27547      956.605      -2856.11      -1899.5      0.431868      197.133
804      76.1727      1.28053      960.399      -2860.04      -1899.64      0.431376      197.154
805      76.2674      1.28438      963.288      -2863.47      -1900.18      0.430885      197.175
806      76.3621      1.2863      964.724      -2865.67      -1900.95      0.430395      197.195
807      76.4569      1.28628      964.708      -2866.35      -1901.64      0.429905      197.215
808      76.5516      1.28495      963.71      -2865.77      -1902.06      0.429415      197.235
809      76.6464      1.28329      962.47      -2864.56      -1902.09      0.428924      197.253
810      76.7411      1.28235      961.765      -2863.5      -1901.73      0.428432      197.27
811      76.8358      1.28297      962.226      -2863.32      -1901.1      0.427939      197.286
812      76.9306      1.28551      964.132      -2864.52      -1900.38      0.427445      197.301
813      77.0253      1.28965      967.24      -2867.1      -1899.86      0.426949      197.315
814      77.1201      1.29435      970.761      -2870.55      -1899.78      0.426451      197.327
815      77.2148      1.29814      973.608      -2873.87      -1900.26      0.425951      197.338
816      77.3096      1.29974      974.805      -2875.98      -1901.18      0.425449      197.348
817      77.4043      1.29841      973.806      -2876.1      -1902.3      0.424946      197.356
818      77.499      1.29422      970.664      -2873.97      -1903.31      0.424441      197.363
819      77.5938      1.28803      966.023      -2869.95      -1903.93      0.423935      197.368
820      77.6885      1.28132      960.993      -2864.95      -1903.95      0.423429      197.373
821      77.7833      1.27571      956.779      -2860.17      -1903.39      0.422922      197.378
822      77.878      1.27244      954.326      -2856.74      -1902.41      0.422418      197.382
823      77.9728      1.2721      954.076      -2855.36      -1901.29      0.421914      197.387
824      78.0675      1.27459      955.944      -2856.22      -1900.27      0.421413      197.392
825      78.1622      1.27921      959.408      -2858.97      -1899.57      0.420914      197.397
826      78.257      1.28497      963.726      -2862.97      -1899.25      0.420417      197.403
827      78.3517      1.29092      968.19      -2867.46      -1899.27      0.419922      197.41
828      78.4465      1.29634      972.258      -2871.8      -1899.54      0.419428      197.416
829      78.5412      1.3007      975.525      -2875.53      -1900.01      0.418936      197.422
830      78.6359      1.30339      977.545      -2878.25      -1900.7      0.418445      197.429
831      78.7307      1.30382      977.866      -2879.48      -1901.61      0.417955      197.435
832      78.8254      1.30164      976.232      -2878.83      -1902.6      0.417465      197.441
833      78.9202      1.29713      972.847      -2876.27      -1903.42      0.416976      197.447
834      79.0149      1.29133      968.501      -2872.27      -1903.77      0.416486      197.452
835      79.1097      1.28589      964.415      -2867.9      -1903.48      0.415996      197.456
836      79.2044      1.28245      961.84      -2864.44      -1902.6      0.415506      197.459
837      79.2991      1.28209      961.57      -2862.96      -1901.39      0.415014      197.462
838      79.3939      1.28495      963.71      -2863.92      -1900.21      0.414522      197.463
839      79.4886      1.29033      967.75      -2867.11      -1899.36      0.414029      197.463
840      79.5834      1.29708      972.81      -2871.78      -1898.97      0.413534      197.463
841      79.6781      1.30384      977.878      -2876.98      -1899.1      0.413038      197.461
842      79.7729      1.30919      981.893      -2881.65      -1899.76      0.412541      197.458
843      79.8676      1.31199      983.993      -2884.8      -1900.81      0.412044      197.454
844      79.9623      1.31168      983.762      -2885.76      -1902      0.411546      197.449
845      80.0571      1.30846      981.348      -2884.39      -1903.04      0.411049      197.444
846      80.1518      1.30308      977.307      -2881.08      -1903.77      0.410552      197.439
847      80.2466      1.2965      972.374      -2876.49      -1904.12      0.410056      197.434
848      80.3413      1.28975      967.312      -2871.4      -1904.08      0.409562      197.428
849      80.436      1.28373      962.794      -2866.52      -1903.73      0.40907      197.424
850      80.5308      1.279      959.247      -2862.45      -1903.2      0.40858      197.419
851      80.6255      1.27558      956.684      -2859.4      -1902.72      0.408092      197.416
852      80.7203      1.27294      954.706      -2857.18      -1902.47      0.407606      197.412
853      80.815      1.27038      952.785      -2855.27      -1902.49      0.407122      197.409
854      80.9098      1.26747      950.599      -2853.23      -1902.63      0.406639      197.406
855      81.0045      1.26417      948.124      -2850.88      -1902.75      0.406157      197.403
856      81.0992      1.26076      945.571      -2848.33      -1902.75      0.405676      197.4
857      81.194      1.2578      943.349      -2845.88      -1902.53      0.405195      197.396
858      81.2887      1.25595      941.959      -2844.02      -1902.06      0.404714      197.392
859      81.3835      1.25559      941.695      -2843.19      -1901.5      0.404233      197.387
860      81.4782      1.25652      942.389      -2843.46      -1901.07      0.403752      197.382
861      81.573      1.25793      943.451      -2844.42      -1900.97      0.403273      197.377
862      81.6677      1.2588      944.097      -2845.37      -1901.27      0.402795      197.372
863      81.7624      1.25828      943.707      -2845.54      -1901.83      0.40232      197.368
864      81.8572      1.25622      942.168      -2844.55      -1902.38      0.401849      197.365
865      81.9519      1.25337      940.027      -2842.6      -1902.58      0.401381      197.364
866      82.0467      1.25102      938.263      -2840.52      -1902.26      0.400918      197.364
867      82.1414      1.25044      937.833      -2839.33      -1901.5      0.40046      197.366
868      82.2361      1.25238      939.285      -2839.8      -1900.52      0.400006      197.37
869      82.3309      1.25696      942.717      -2842.26      -1899.54      0.399555      197.375
870      82.4256      1.26387      947.901      -2846.62      -1898.72      0.399108      197.38
871      82.5204      1.27233      954.249      -2852.5      -1898.25      0.398663      197.387
872      82.6151      1.28101      960.761      -2859.09      -1898.33      0.39822      197.394
873      82.7099      1.28821      966.154      -2865.22      -1899.06      0.397778      197.401
874      82.8046      1.29226      969.192      -2869.58      -1900.38      0.397336      197.408
875      82.8993      1.2921      969.075      -2871.11      -1902.03      0.396895      197.414
876      82.9941      1.28747      965.601      -2869.29      -1903.69      0.396455      197.42
877      83.0888      1.2789      959.171      -2864.25      -1905.08      0.396015      197.426
878      83.1836      1.26753      950.651      -2856.63      -1905.98      0.395575      197.432
879      83.2783      1.25497      941.226      -2847.47      -1906.25      0.395136      197.438
880      83.3731      1.24302      932.268      -2838.08      -1905.81      0.394698      197.443
881      83.4678      1.23352      925.142      -2829.86      -1904.72      0.394259      197.448
882      83.5625      1.22771      920.786      -2824.03      -1903.25      0.393821      197.452
883      83.6573      1.22577      919.328      -2821.15      -1901.82      0.393382      197.455
884      83.752      1.22681      920.108      -2820.91      -1900.8      0.392941      197.458
885      83.8468      1.22962      922.218      -2822.45      -1900.24      0.3925      197.459
886      83.9415      1.23335      925.012      -2824.96      -1899.95      0.392056      197.459
887      84.0362      1.23767      928.252      -2827.99      -1899.74      0.39161      197.457
888      84.131      1.24251      931.879      -2831.43      -1899.55      0.391161      197.452
889      84.2257      1.2477      935.779      -2835.21      -1899.43      0.390709      197.446
890      84.3205      1.25307      939.803      -2839.18      -1899.38      0.390253      197.438
891      84.4152      1.25867      944.001      -2843.27      -1899.27      0.389794      197.427
892      84.51      1.26508      948.808      -2847.69      -1898.88      0.38933      197.414
893      84.6047      1.27334      955.005      -2853.1      -1898.09      0.388862      197.397
894      84.6994      1.28442      963.311      -2860.3      -1896.99      0.388389      197.378
895      84.7942      1.29836      973.77      -2869.76      -1895.99      0.387912      197.356
896      84.8889      1.314      985.501      -2881.05      -1895.55      0.387431      197.332
897      84.9837      1.32929      996.965      -2892.89      -1895.92      0.386947      197.305
898      85.0784      1.34193      1006.45      -2903.59      -1897.15      0.386459      197.276
899      85.1732      1.35011      1012.58      -2911.56      -1898.98      0.38597      197.246
900      85.2679      1.353      1014.75      -2915.76      -1901      0.385479      197.214
901      85.3626      1.35103      1013.27      -2916.03      -1902.76      0.384988      197.181
902      85.4574      1.34554      1009.15      -2913.09      -1903.94      0.384497      197.148
903      85.5521      1.33823      1003.67      -2908.15      -1904.48      0.384007      197.115
904      85.6469      1.33046      997.846      -2902.4      -1904.55      0.383518      197.083
905      85.7416      1.32302      992.267      -2896.65      -1904.38      0.383032      197.051
906      85.8363      1.31617      987.124      -2891.27      -1904.15      0.382548      197.019
907      85.9311      1.3099      982.425      -2886.35      -1903.92      0.382068      196.989
908      86.0258      1.30418      978.135      -2881.85      -1903.72      0.381591      196.96
909      86.1206      1.29899      974.243      -2877.75      -1903.51      0.381118      196.933
910      86.2153      1.29441      970.805      -2874.06      -1903.26      0.380649      196.907
911      86.3101      1.29052      967.894      -2870.88      -1902.98      0.380185      196.883
912      86.4048      1.2872      965.398      -2868.19      -1902.79      0.379725      196.86
913      86.4995      1.28391      962.935      -2865.76      -1902.82      0.37927      196.84
914      86.5943      1.2799      959.924      -2863.07      -1903.14      0.378819      196.822
915      86.689      1.27461      955.959      -2859.57      -1903.61      0.378373      196.805
916      86.7838      1.26835      951.265      -2855.14      -1903.88      0.377932      196.79
917      86.8785      1.26256      946.923      -2850.43      -1903.51      0.377494      196.777
918      86.9733      1.25932      944.492      -2846.84      -1902.35      0.377061      196.765
919      87.068      1.26029      945.215      -2845.89      -1900.67      0.376632      196.755
920      87.1627      1.26568      949.261      -2848.33      -1899.07      0.376206      196.747
921      87.2575      1.27418      955.632      -2853.73      -1898.1      0.375785      196.74
922      87.3522      1.28361      962.704      -2860.69      -1897.98      0.375366      196.734
923      87.447      1.29186      968.897      -2867.52      -1898.62      0.374951      196.73
924      87.5417      1.29742      973.067      -2872.83      -1899.76      0.374538      196.726
925      87.6364      1.2995      974.624      -2875.75      -1901.12      0.374127      196.723
926      87.7312      1.29798      973.484      -2875.95      -1902.46      0.373717      196.72
927      87.8259      1.2933      969.973      -2873.57      -1903.6      0.373308      196.717
928      87.9207      1.28614      964.608      -2869.07      -1904.46      0.372898      196.713
929      88.0154      1.27714      957.855      -2862.96      -1905.1      0.372488      196.708
930      88.1102      1.26659      949.939      -2855.59      -1905.65      0.372077      196.703
931      88.2049      1.25466      940.998      -2847.13      -1906.13      0.371666      196.697
932      88.2996      1.24192      931.439      -2837.79      -1906.35      0.371255      196.69
933      88.3944      1.22963      922.221      -2828.24      -1906.02      0.370844      196.683
934      88.4891      1.21967      914.753      -2819.71      -1904.95      0.370434      196.676
935      88.5839      1.21384      910.381      -2813.65      -1903.27      0.370025      196.669
936      88.6786      1.21309      909.82      -2811.15      -1901.33      0.369618      196.663
937      88.7734      1.21732      912.992      -2812.52      -1899.53      0.369212      196.657
938      88.8681      1.22561      919.209      -2817.33      -1898.12      0.368809      196.652
939      88.9628      1.2367      927.526      -2824.73      -1897.21      0.368408      196.647
940      89.0576      1.24942      937.065      -2833.78      -1896.71      0.368008      196.643
941      89.1523      1.2628      947.104      -2843.67      -1896.57      0.36761      196.64
942      89.2471      1.27587      956.904      -2853.71      -1896.81      0.367214      196.636
943      89.3418      1.28734      965.508      -2863.06      -1897.55      0.366818      196.633
944      89.4365      1.29571      971.781      -2870.64      -1898.86      0.366424      196.63
945      89.5313      1.29969      974.768      -2875.37      -1900.6      0.36603      196.627
946      89.626      1.29869      974.019      -2876.5      -1902.48      0.365637      196.623
947      89.7208      1.29306      969.795      -2873.92      -1904.12      0.365243      196.619
948      89.8155      1.28405      963.034      -2868.25      -1905.22      0.364849      196.615
949      89.9103      1.27358      955.184      -2860.73      -1905.55      0.364455      196.609
950      90.005      1.26378      947.835      -2852.92      -1905.08      0.36406      196.603
951      90.0997      1.25633      942.247      -2846.31      -1904.06      0.363665      196.597
952      90.1945      1.25199      938.991      -2841.84      -1902.84      0.36327      196.59
953      90.2892      1.25061      937.958      -2839.72      -1901.76      0.362875      196.582
954      90.384      1.25156      938.666      -2839.61      -1900.94      0.362482      196.575
955      90.4787      1.2541      940.575      -2840.97      -1900.4      0.36209      196.569
956      90.5735      1.25752      943.141      -2843.27      -1900.13      0.361702      196.563
957      90.6682      1.26108      945.809      -2845.95      -1900.14      0.361317      196.56
958      90.7629      1.26415      948.116      -2848.47      -1900.36      0.360935      196.557
959      90.8577      1.2665      949.875      -2850.5      -1900.62      0.360557      196.556
960      90.9524      1.26834      951.252      -2852.03      -1900.77      0.360183      196.557
961      91.0472      1.27018      952.633      -2853.35      -1900.72      0.359812      196.559
962      91.1419      1.2724      954.3      -2854.86      -1900.56      0.359445      196.563
963      91.2366      1.27499      956.24      -2856.68      -1900.44      0.35908      196.567
964      91.3314      1.27768      958.257      -2858.68      -1900.43      0.358717      196.573
965      91.4261      1.28035      960.263      -2860.7      -1900.43      0.358355      196.578
966      91.5209      1.28324      962.426      -2862.76      -1900.33      0.357995      196.584
967      91.6156      1.28672      965.04      -2865.13      -1900.08      0.357635      196.59
968      91.7104      1.29107      968.304      -2868.06      -1899.76      0.357275      196.595
969      91.8051      1.29633      972.245      -2871.68      -1899.43      0.356915      196.6
970      91.8998      1.30242      976.813      -2875.95      -1899.14      0.356555      196.604
971      91.9946      1.30928      981.96      -2880.83      -1898.88      0.356194      196.608
972      92.0893      1.31675      987.564      -2886.25      -1898.68      0.355833      196.61
973      92.1841      1.32439      993.296      -2891.99      -1898.69      0.355472      196.613
974      92.2788      1.33128      998.461      -2897.56      -1899.1      0.355111      196.615
975      92.3736      1.33614      1002.1      -2902.09      -1899.98      0.354751      196.617
976      92.4683      1.33782      1003.36      -2904.62      -1901.26      0.354391      196.62
977      92.563      1.33578      1001.83      -2904.5      -1902.67      0.354033      196.622
978      92.6578      1.33014      997.606      -2901.58      -1903.97      0.353677      196.625
979      92.7525      1.32152      991.143      -2896.14      -1905      0.353321      196.628
980      92.8473      1.31084      983.134      -2888.78      -1905.65      0.352965      196.631
981      92.942      1.29924      974.431      -2880.29      -1905.86      0.35261      196.633
982      93.0367      1.28794      965.953      -2871.57      -1905.62      0.352253      196.635
983      93.1315      1.27802      958.518      -2863.5      -1904.98      0.351896      196.635
984      93.2262      1.27035      952.766      -2856.83      -1904.06      0.351537      196.635
985      93.321      1.26547      949.1      -2852.08      -1902.98      0.351177      196.633
986      93.4157      1.2635      947.622      -2849.51      -1901.89      0.350816      196.631
987      93.5105      1.26404      948.031      -2849.04      -1901.01      0.350456      196.628
988      93.6052      1.26607      949.552      -2850.13      -1900.58      0.350096      196.625
989      93.6999      1.26817      951.124      -2851.81      -1900.69      0.349738      196.623
990      93.7947      1.26911      951.833      -2853.03      -1901.2      0.349383      196.622
991      93.8894      1.26861      951.455      -2853.16      -1901.71      0.349031      196.622
992      93.9842      1.26768      950.763      -2852.48      -1901.72      0.348684      196.625
993      94.0789      1.26837      951.278      -2852.19      -1900.91      0.348342      196.63
994      94.1737      1.27277      954.575      -2853.95      -1899.37      0.348005      196.638
995      94.2684      1.28188      961.414      -2859.01      -1897.6      0.347673      196.648
996      94.3631      1.29497      971.226      -2867.5      -1896.27      0.347346      196.66
997      94.4579      1.30973      982.301      -2878.21      -1895.91      0.347023      196.674
998      94.5526      1.32332      992.489      -2889.12      -1896.63      0.346703      196.69
999      94.6474      1.33327      999.949      -2898.16      -1898.21      0.346386      196.707
1000      94.7421      1.33805      1003.54      -2903.79      -1900.25      0.346073      196.726
1000      94.7421      1.33805      1003.54      -2903.79      -1900.25      0.346073      196.726
Execution time in seconds: 1.81819
