Timestep Time Temperature KineticEnergy PotentialEnergy TotalEnergy DiffusionConstant MeanSquareDisplacement
1      0.0263895      2.43283      1824.62      -3730.19      -1905.57      1245.04      197.135
2      0.0527789      2.4302      1822.65      -3729.21      -1906.55      622.53      197.139
3      0.0791684      2.42496      1818.72      -3726.25      -1907.54      415.028      197.143
4      0.105558      2.41708      1812.81      -3721.33      -1908.52      311.277      197.147
5      0.131947      2.40656      1804.92      -3714.43      -1909.51      249.027      197.151
6      0.158337      2.3934      1795.05      -3705.56      -1910.5      207.527      197.155
7      0.184726      2.37757      1783.18      -3694.68      -1911.5      177.884      197.159
8      0.211116      2.35905      1769.29      -3681.8      -1912.51      155.651      197.163
9      0.237505      2.33784      1753.38      -3666.9      -1913.52      138.36      197.167
10      0.263895      2.31389      1735.42      -3649.96      -1914.54      124.526      197.171
11      0.290284      2.28722      1715.41      -3630.98      -1915.57      113.208      197.176
12      0.316674      2.25778      1693.34      -3609.94      -1916.6      103.777      197.18
13      0.343063      2.22558      1669.18      -3586.82      -1917.63      95.796      197.184
14      0.369453      2.1906      1642.95      -3561.62      -1918.67      88.9554      197.189
15      0.395842      2.15285      1614.64      -3534.34      -1919.7      83.027      197.193
16      0.422232      2.11235      1584.26      -3504.99      -1920.73      77.8396      197.198
17      0.448621      2.06912      1551.84      -3473.58      -1921.74      73.2625      197.202
18      0.475011      2.02323      1517.42      -3440.15      -1922.73      69.1939      197.207
19      0.5014      1.97475      1481.06      -3404.75      -1923.69      65.5536      197.212
20      0.527789      1.92379      1442.84      -3367.44      -1924.6      62.2774      197.216
21      0.554179      1.8705      1402.88      -3328.33      -1925.45      59.3132      197.221
22      0.580568      1.81506      1361.29      -3287.53      -1926.23      56.6184      197.225
23      0.606958      1.75769      1318.27      -3245.2      -1926.93      54.158      197.23
24      0.633347      1.69866      1274      -3201.52      -1927.52      51.9026      197.234
25      0.659737      1.63829      1228.72      -3156.71      -1927.99      49.8276      197.239
26      0.686126      1.57694      1182.71      -3111.02      -1928.31      47.9122      197.243
27      0.712516      1.51501      1136.26      -3064.75      -1928.49      46.1387      197.247
28      0.738905      1.45295      1089.71      -3018.2      -1928.49      44.4918      197.251
29      0.765295      1.39122      1043.41      -2971.73      -1928.31      42.9585      197.255
30      0.791684      1.33033      997.745      -2925.7      -1927.95      41.5274      197.26
31      0.818074      1.27078      953.085      -2880.48      -1927.4      40.1886      197.263
32      0.844463      1.21308      909.812      -2836.47      -1926.66      38.9335      197.267
33      0.870853      1.15772      868.293      -2794.02      -1925.73      37.7544      197.271
34      0.897242      1.10517      828.874      -2753.51      -1924.64      36.6446      197.275
35      0.923632      1.05582      791.864      -2715.26      -1923.4      35.5983      197.278
36      0.950021      1.01004      757.529      -2679.56      -1922.03      34.61      197.282
37      0.976411      0.968117      726.088      -2646.65      -1920.56      33.6752      197.285
38      1.0028      0.930273      697.705      -2616.72      -1919.01      32.7895      197.288
39      1.02919      0.896649      672.487      -2589.9      -1917.42      31.9493      197.291
40      1.05558      0.867312      650.484      -2566.29      -1915.81      31.151      197.294
41      1.08197      0.842258      631.693      -2545.9      -1914.2      30.3916      197.297
42      1.10836      0.821416      616.062      -2528.7      -1912.63      29.6684      197.299
43      1.13475      0.804655      603.491      -2514.61      -1911.12      28.9788      197.302
44      1.16114      0.791794      593.845      -2503.52      -1909.68      28.3206      197.304
45      1.18753      0.782612      586.959      -2495.28      -1908.32      27.6915      197.307
46      1.21392      0.776858      582.644      -2489.7      -1907.06      27.0899      197.309
47      1.24031      0.77426      580.695      -2486.6      -1905.9      26.5138      197.311
48      1.26669      0.774533      580.9      -2485.75      -1904.85      25.9616      197.313
49      1.29308      0.777387      583.04      -2486.95      -1903.91      25.4321      197.315
50      1.31947      0.782534      586.901      -2489.98      -1903.08      24.9236      197.316
51      1.34586      0.789695      592.272      -2494.63      -1902.35      24.4351      197.318
52      1.37225      0.798601      598.951      -2500.68      -1901.73      23.9654      197.32
53      1.39864      0.808996      606.747      -2507.94      -1901.19      23.5134      197.321
54      1.42503      0.820642      615.481      -2516.23      -1900.75      23.0782      197.323
55      1.45142      0.833318      624.989      -2525.37      -1900.38      22.6587      197.324
56      1.47781      0.846819      635.114      -2535.21      -1900.1      22.2542      197.325
57      1.5042      0.860959      645.72      -2545.59      -1899.88      21.8639      197.326
58      1.53059      0.875568      656.676      -2556.39      -1899.72      21.4871      197.327
59      1.55698      0.890493      667.87      -2567.48      -1899.61      21.123      197.328
60      1.58337      0.905595      679.197      -2578.76      -1899.56      20.7711      197.329
61      1.60976      0.92075      690.563      -2590.12      -1899.56      20.4306      197.33
62      1.63615      0.935845      701.884      -2601.47      -1899.59      20.1012      197.331
63      1.66254      0.950782      713.086      -2612.75      -1899.66      19.7822      197.332
64      1.68893      0.965465      724.098      -2623.86      -1899.77      19.4732      197.333
65      1.71532      0.97981      734.857      -2634.76      -1899.9      19.1737      197.333
66      1.74171      0.993742      745.306      -2645.37      -1900.07      18.8832      197.334
67      1.76809      1.00719      755.391      -2655.65      -1900.26      18.6014      197.335
68      1.79448      1.02009      765.065      -2665.53      -1900.47      18.3279      197.335
69      1.82087      1.03238      774.282      -2674.99      -1900.7      18.0624      197.336
70      1.84726      1.04401      783.004      -2683.96      -1900.96      17.8044      197.336
71      1.87365      1.05493      791.196      -2692.42      -1901.23      17.5537      197.337
72      1.90004      1.0651      798.826      -2700.34      -1901.51      17.3099      197.337
73      1.92643      1.07449      805.869      -2707.68      -1901.81      17.0728      197.338
74      1.95282      1.08307      812.305      -2714.42      -1902.12      16.8421      197.338
75      1.97921      1.09083      818.12      -2720.55      -1902.43      16.6176      197.338
76      2.0056      1.09774      823.307      -2726.05      -1902.74      16.399      197.339
77      2.03199      1.10382      827.865      -2730.92      -1903.06      16.186      197.339
78      2.05838      1.10907      831.801      -2735.17      -1903.37      15.9786      197.34
79      2.08477      1.1135      835.128      -2738.8      -1903.67      15.7763      197.34
80      2.11116      1.11716      837.867      -2741.83      -1903.96      15.5792      197.341
81      2.13755      1.12006      840.046      -2744.29      -1904.24      15.3869      197.341
82      2.16394      1.12226      841.697      -2746.2      -1904.5      15.1993      197.342
83      2.19033      1.12381      842.858      -2747.6      -1904.74      15.0162      197.342
84      2.21672      1.12476      843.57      -2748.53      -1904.96      14.8375      197.343
85      2.24311      1.12517      843.88      -2749.03      -1905.15      14.663      197.343
86      2.26949      1.12511      843.833      -2749.16      -1905.33      14.4925      197.344
87      2.29588      1.12463      843.475      -2748.95      -1905.47      14.326      197.345
88      2.32227      1.12381      842.855      -2748.46      -1905.6      14.1632      197.345
89      2.34866      1.12269      842.014      -2747.72      -1905.7      14.0042      197.346
90      2.37505      1.12133      840.995      -2746.78      -1905.79      13.8486      197.347
91      2.40144      1.11979      839.839      -2745.69      -1905.85      13.6965      197.348
92      2.42783      1.11811      838.58      -2744.48      -1905.9      13.5477      197.349
93      2.45422      1.11633      837.249      -2743.18      -1905.93      13.4021      197.35
94      2.48061      1.1145      835.877      -2741.82      -1905.95      13.2596      197.351
95      2.507      1.11265      834.488      -2740.44      -1905.95      13.1201      197.352
96      2.53339      1.11081      833.108      -2739.05      -1905.94      12.9835      197.353
97      2.55978      1.10901      831.76      -2737.68      -1905.92      12.8497      197.355
98      2.58617      1.10729      830.469      -2736.36      -1905.89      12.7187      197.356
99      2.61256      1.10568      829.26      -2735.11      -1905.85      12.5903      197.358
100      2.63895      1.10421      828.16      -2733.95      -1905.79      12.4645      197.359
101      2.66534      1.10293      827.196      -2732.91      -1905.71      12.3412      197.36
102      2.69173      1.10187      826.399      -2732.03      -1905.63      12.2203      197.362
103      2.71812      1.10106      825.798      -2731.32      -1905.52      12.1017      197.364
104      2.74451      1.10057      825.426      -2730.83      -1905.41      11.9855      197.365
105      2.77089      1.10041      825.31      -2730.58      -1905.27      11.8714      197.367
106      2.79728      1.10064      825.477      -2730.61      -1905.13      11.7595      197.369
107      2.82367      1.10126      825.948      -2730.92      -1904.98      11.6497      197.37
108      2.85006      1.10231      826.736      -2731.55      -1904.82      11.542      197.372
109      2.87645      1.1038      827.849      -2732.5      -1904.65      11.4362      197.374
110      2.90284      1.10571      829.284      -2733.78      -1904.49      11.3323      197.376
111      2.92923      1.10804      831.029      -2735.37      -1904.34      11.2303      197.377
112      2.95562      1.11075      833.066      -2737.26      -1904.2      11.1302      197.379
113      2.98201      1.11382      835.366      -2739.43      -1904.07      11.0318      197.381
114      3.0084      1.1172      837.898      -2741.85      -1903.96      10.9351      197.383
115      3.03479      1.12084      840.627      -2744.49      -1903.86      10.8401      197.385
116      3.06118      1.12469      843.516      -2747.3      -1903.79      10.7467      197.386
117      3.08757      1.1287      846.529      -2750.26      -1903.73      10.655      197.388
118      3.11396      1.13284      849.63      -2753.32      -1903.69      10.5648      197.39
119      3.14035      1.13705      852.787      -2756.45      -1903.67      10.4761      197.391
120      3.16674      1.1413      855.973      -2759.63      -1903.66      10.3889      197.393
121      3.19313      1.14555      859.164      -2762.82      -1903.66      10.3031      197.394
122      3.21952      1.14979      862.342      -2766.01      -1903.67      10.2187      197.395
123      3.24591      1.15399      865.49      -2769.17      -1903.68      10.1357      197.397
124      3.27229      1.15813      868.599      -2772.3      -1903.7      10.054      197.398
125      3.29868      1.16221      871.658      -2775.39      -1903.73      9.97362      197.399
126      3.32507      1.16622      874.662      -2778.42      -1903.76      9.89451      197.4
127      3.35146      1.17014      877.605      -2781.4      -1903.79      9.81664      197.401
128      3.37785      1.17398      880.485      -2784.31      -1903.82      9.73998      197.401
129      3.40424      1.17773      883.297      -2787.15      -1903.86      9.6645      197.402
130      3.43063      1.18139      886.041      -2789.93      -1903.89      9.59018      197.402
131      3.45702      1.18495      888.712      -2792.64      -1903.93      9.51698      197.402
132      3.48341      1.18841      891.308      -2795.28      -1903.97      9.44489      197.403
133      3.5098      1.19177      893.826      -2797.83      -1904.01      9.37387      197.402
134      3.53619      1.19502      896.265      -2800.31      -1904.05      9.3039      197.402
135      3.56258      1.19816      898.622      -2802.71      -1904.09      9.23496      197.402
136      3.58897      1.20119      900.896      -2805.03      -1904.13      9.16702      197.401
137      3.61536      1.20412      903.09      -2807.26      -1904.17      9.10007      197.4
138      3.64175      1.20694      905.205      -2809.41      -1904.21      9.03408      197.399
139      3.66814      1.20966      907.249      -2811.49      -1904.24      8.96902      197.398
140      3.69453      1.2123      909.226      -2813.5      -1904.28      8.90489      197.396
141      3.72092      1.21486      911.146      -2815.45      -1904.3      8.84165      197.394
142      3.74731      1.21736      913.019      -2817.35      -1904.33      8.7793      197.392
143      3.77369      1.21981      914.86      -2819.2      -1904.34      8.71781      197.39
144      3.80008      1.22224      916.683      -2821.03      -1904.35      8.65716      197.388
145      3.82647      1.22467      918.503      -2822.85      -1904.35      8.59734      197.385
146      3.85286      1.22711      920.334      -2824.67      -1904.34      8.53833      197.382
147      3.87925      1.22959      922.194      -2826.52      -1904.32      8.48011      197.379
148      3.90564      1.23213      924.098      -2828.4      -1904.3      8.42267      197.376
149      3.93203      1.23474      926.058      -2830.33      -1904.27      8.366      197.372
150      3.95842      1.23745      928.086      -2832.32      -1904.24      8.31007      197.369
151      3.98481      1.24025      930.189      -2834.39      -1904.2      8.25487      197.365
152      4.0112      1.24316      932.373      -2836.53      -1904.16      8.2004      197.361
153      4.03759      1.24618      934.636      -2838.75      -1904.12      8.14663      197.356
154      4.06398      1.2493      936.976      -2841.06      -1904.08      8.09355      197.352
155      4.09037      1.25251      939.382      -2843.43      -1904.05      8.04115      197.348
156      4.11676      1.25579      941.843      -2845.87      -1904.02      7.98942      197.343
157      4.14315      1.25912      944.342      -2848.35      -1904.01      7.93834      197.338
158      4.16954      1.26247      946.856      -2850.86      -1904      7.88791      197.334
159      4.19593      1.26582      949.364      -2853.37      -1904.01      7.8381      197.329
160      4.22232      1.26912      951.84      -2855.87      -1904.03      7.78892      197.324
161      4.24871      1.27234      954.255      -2858.32      -1904.06      7.74034      197.319
162      4.27509      1.27545      956.584      -2860.69      -1904.11      7.69237      197.314
163      4.30148      1.2784      958.798      -2862.97      -1904.17      7.64498      197.308
164      4.32787      1.28116      960.872      -2865.11      -1904.24      7.59816      197.303
165      4.35426      1.28371      962.783      -2867.11      -1904.32      7.55192      197.298
166      4.38065      1.28602      964.512      -2868.93      -1904.42      7.50623      197.293
167      4.40704      1.28805      966.04      -2870.56      -1904.52      7.46109      197.288
168      4.43343      1.28981      967.356      -2871.98      -1904.63      7.41649      197.283
169      4.45982      1.29127      968.45      -2873.19      -1904.74      7.37242      197.278
170      4.48621      1.29242      969.316      -2874.17      -1904.85      7.32886      197.273
171      4.5126      1.29327      969.952      -2874.92      -1904.97      7.28582      197.268
172      4.53899      1.29381      970.357      -2875.44      -1905.08      7.24329      197.263
173      4.56538      1.29405      970.536      -2875.73      -1905.19      7.20125      197.259
174      4.59177      1.29399      970.492      -2875.8      -1905.3      7.1597      197.254
175      4.61816      1.29364      970.232      -2875.64      -1905.41      7.11862      197.25
176      4.64455      1.29302      969.762      -2875.28      -1905.51      7.07802      197.245
177      4.67094      1.29212      969.092      -2874.7      -1905.61      7.03788      197.241
178      4.69733      1.29097      968.23      -2873.94      -1905.71      6.9982      197.237
179      4.72372      1.28958      967.187      -2872.98      -1905.8      6.95897      197.233
180      4.75011      1.28797      965.975      -2871.85      -1905.88      6.92018      197.229
181      4.77649      1.28614      964.607      -2870.56      -1905.95      6.88182      197.226
182      4.80288      1.28413      963.095      -2869.12      -1906.02      6.84389      197.223
183      4.82927      1.28194      961.458      -2867.54      -1906.08      6.80639      197.219
184      4.85566      1.27962      959.714      -2865.85      -1906.13      6.76929      197.216
185      4.88205      1.27718      957.884      -2864.06      -1906.17      6.7326      197.214
186      4.90844      1.27466      955.992      -2862.19      -1906.2      6.69632      197.211
187      4.93483      1.27208      954.062      -2860.28      -1906.21      6.66043      197.208
188      4.96122      1.2695      952.124      -2858.34      -1906.21      6.62492      197.206
189      4.98761      1.26695      950.209      -2856.41      -1906.2      6.5898      197.204
190      5.014      1.26447      948.349      -2854.52      -1906.17      6.55505      197.202
191      5.04039      1.2621      946.577      -2852.7      -1906.12      6.52067      197.2
192      5.06678      1.2599      944.926      -2850.98      -1906.05      6.48666      197.199
193      5.09317      1.2579      943.425      -2849.4      -1905.97      6.453      197.197
194      5.11956      1.25614      942.103      -2847.98      -1905.88      6.41969      197.196
195      5.14595      1.25464      940.982      -2846.76      -1905.78      6.38673      197.195
196      5.17234      1.25344      940.081      -2845.75      -1905.67      6.35411      197.194
197      5.19873      1.25255      939.411      -2844.96      -1905.55      6.32183      197.193
198      5.22512      1.25197      938.978      -2844.41      -1905.43      6.28988      197.192
199      5.25151      1.25171      938.782      -2844.09      -1905.31      6.25825      197.191
200      5.27789      1.25176      938.822      -2844.02      -1905.19      6.22694      197.191
201      5.30428      1.25212      939.091      -2844.17      -1905.08      6.19595      197.191
202      5.33067      1.25278      939.583      -2844.55      -1904.97      6.16527      197.19
203      5.35706      1.25372      940.288      -2845.15      -1904.87      6.1349      197.19
204      5.38345      1.25493      941.2      -2845.96      -1904.76      6.10483      197.191
205      5.40984      1.25642      942.314      -2846.98      -1904.66      6.07506      197.191
206      5.43623      1.25817      943.627      -2848.19      -1904.56      6.04559      197.191
207      5.46262      1.26018      945.138      -2849.6      -1904.47      6.0164      197.192
208      5.48901      1.26246      946.847      -2851.21      -1904.37      5.9875      197.193
209      5.5154      1.26501      948.758      -2853.02      -1904.27      5.95888      197.194
210      5.54179      1.26783      950.872      -2855.04      -1904.17      5.93053      197.195
211      5.56818      1.27092      953.187      -2857.25      -1904.07      5.90247      197.196
212      5.59457      1.27427      955.704      -2859.67      -1903.97      5.87467      197.197
213      5.62096      1.27789      958.417      -2862.29      -1903.87      5.84713      197.199
214      5.64735      1.28176      961.317      -2865.1      -1903.78      5.81987      197.201
215      5.67374      1.28586      964.393      -2868.09      -1903.69      5.79285      197.203
216      5.70013      1.29017      967.626      -2871.24      -1903.62      5.7661      197.205
217      5.72652      1.29466      970.995      -2874.55      -1903.55      5.7396      197.207
218      5.75291      1.2993      974.476      -2877.98      -1903.5      5.71334      197.21
219      5.77929      1.30406      978.043      -2881.51      -1903.46      5.68733      197.213
220      5.80568      1.30889      981.665      -2885.1      -1903.44      5.66156      197.215
221      5.83207      1.31374      985.309      -2888.74      -1903.43      5.63603      197.218
222      5.85846      1.31859      988.945      -2892.39      -1903.44      5.61073      197.222
223      5.88485      1.32339      992.543      -2896.01      -1903.46      5.58567      197.225
224      5.91124      1.3281      996.074      -2899.58      -1903.5      5.56083      197.229
225      5.93763      1.33268      999.513      -2903.06      -1903.55      5.53622      197.232
226      5.96402      1.33711      1002.84      -2906.45      -1903.61      5.51183      197.236
227      5.99041      1.34136      1006.02      -2909.7      -1903.68      5.48766      197.24
228      6.0168      1.3454      1009.05      -2912.81      -1903.76      5.4637      197.244
229      6.04319      1.34922      1011.91      -2915.76      -1903.85      5.43996      197.248
230      6.06958      1.3528      1014.6      -2918.54      -1903.94      5.41643      197.253
231      6.09597      1.35614      1017.1      -2921.13      -1904.03      5.3931      197.257
232      6.12236      1.35922      1019.42      -2923.54      -1904.13      5.36998      197.262
233      6.14875      1.36206      1021.54      -2925.77      -1904.22      5.34706      197.266
234      6.17514      1.36464      1023.48      -2927.8      -1904.32      5.32433      197.271
235      6.20153      1.36696      1025.22      -2929.63      -1904.41      5.3018      197.276
236      6.22792      1.36902      1026.77      -2931.28      -1904.51      5.27947      197.281
237      6.25431      1.37083      1028.12      -2932.73      -1904.61      5.25733      197.286
238      6.28069      1.37237      1029.27      -2933.98      -1904.71      5.23537      197.291
239      6.30708      1.37363      1030.23      -2935.04      -1904.81      5.2136      197.296
240      6.33347      1.37463      1030.97      -2935.89      -1904.91      5.19201      197.301
241      6.35986      1.37534      1031.51      -2936.53      -1905.02      5.1706      197.306
242      6.38625      1.37577      1031.82      -2936.95      -1905.13      5.14937      197.311
243      6.41264      1.3759      1031.92      -2937.16      -1905.24      5.12831      197.316
244      6.43903      1.37573      1031.8      -2937.15      -1905.35      5.10743      197.322
245      6.46542      1.37527      1031.45      -2936.91      -1905.46      5.08672      197.327
246      6.49181      1.3745      1030.88      -2936.45      -1905.57      5.06618      197.332
247      6.5182      1.37345      1030.09      -2935.77      -1905.68      5.0458      197.337
248      6.54459      1.37212      1029.09      -2934.87      -1905.78      5.02559      197.342
249      6.57098      1.37053      1027.89      -2933.77      -1905.88      5.00553      197.348
250      6.59737      1.36869      1026.52      -2932.49      -1905.97      4.98564      197.353
251      6.62376      1.36664      1024.98      -2931.03      -1906.05      4.96591      197.358
252      6.65015      1.3644      1023.3      -2929.41      -1906.11      4.94633      197.363
253      6.67654      1.36201      1021.5      -2927.67      -1906.17      4.9269      197.368
254      6.70293      1.35949      1019.62      -2925.83      -1906.21      4.90763      197.373
255      6.72932      1.35689      1017.67      -2923.91      -1906.24      4.88851      197.378
256      6.75571      1.35425      1015.68      -2921.94      -1906.25      4.86953      197.383
257      6.78209      1.35158      1013.69      -2919.94      -1906.26      4.8507      197.387
258      6.80848      1.34894      1011.7      -2917.95      -1906.25      4.83201      197.392
259      6.83487      1.34634      1009.75      -2915.98      -1906.23      4.81347      197.397
260      6.86126      1.3438      1007.85      -2914.05      -1906.2      4.79507      197.401
261      6.88765      1.34135      1006.02      -2912.18      -1906.17      4.77681      197.406
262      6.91404      1.33901      1004.25      -2910.38      -1906.13      4.75868      197.41
263      6.94043      1.33677      1002.57      -2908.66      -1906.09      4.74069      197.415
264      6.96682      1.33463      1000.98      -2907.02      -1906.05      4.72283      197.419
265      6.99321      1.33261      999.46      -2905.47      -1906.01      4.70511      197.423
266      7.0196      1.3307      998.024      -2903.99      -1905.97      4.68752      197.427
267      7.04599      1.32888      996.659      -2902.59      -1905.93      4.67006      197.431
268      7.07238      1.32714      995.356      -2901.26      -1905.9      4.65272      197.435
269      7.09877      1.32548      994.106      -2899.98      -1905.88      4.63552      197.439
270      7.12516      1.32386      992.898      -2898.75      -1905.86      4.61843      197.442
271      7.15155      1.3223      991.723      -2897.56      -1905.84      4.60147      197.446
272      7.17794      1.32076      990.567      -2896.4      -1905.83      4.58464      197.449
273      7.20433      1.31923      989.421      -2895.25      -1905.83      4.56792      197.453
274      7.23072      1.3177      988.273      -2894.1      -1905.83      4.55133      197.456
275      7.25711      1.31615      987.11      -2892.95      -1905.84      4.53485      197.459
276      7.28349      1.31457      985.925      -2891.78      -1905.85      4.51849      197.462
277      7.30988      1.31294      984.706      -2890.58      -1905.87      4.50224      197.465
278      7.33627      1.31126      983.442      -2889.34      -1905.89      4.48611      197.468
279      7.36266      1.3095      982.122      -2888.04      -1905.92      4.47009      197.47
280      7.38905      1.30765      980.735      -2886.69      -1905.96      4.45418      197.473
281      7.41544      1.3057      979.273      -2885.27      -1906      4.43838      197.475
282      7.44183      1.30363      977.726      -2883.76      -1906.04      4.42269      197.477
283      7.46822      1.30145      976.088      -2882.17      -1906.09      4.4071      197.479
284      7.49461      1.29914      974.352      -2880.49      -1906.13      4.39163      197.481
285      7.521      1.29669      972.515      -2878.7      -1906.19      4.37625      197.483
286      7.54739      1.2941      970.574      -2876.81      -1906.24      4.36098      197.484
287      7.57378      1.29138      968.533      -2874.82      -1906.29      4.34582      197.486
288      7.60017      1.28853      966.395      -2872.73      -1906.33      4.33075      197.487
289      7.62656      1.28556      964.171      -2870.55      -1906.37      4.31579      197.488
290      7.65295      1.2825      961.876      -2868.28      -1906.41      4.30092      197.488
291      7.67934      1.27937      959.527      -2865.96      -1906.43      4.28615      197.489
292      7.70573      1.27619      957.146      -2863.59      -1906.44      4.27148      197.489
293      7.73212      1.27301      954.759      -2861.2      -1906.44      4.2569      197.489
294      7.75851      1.26986      952.393      -2858.82      -1906.43      4.24242      197.489
295      7.78489      1.26677      950.077      -2856.48      -1906.4      4.22803      197.489
296      7.81128      1.26379      947.84      -2854.2      -1906.36      4.21374      197.488
297      7.83767      1.26095      945.712      -2852.01      -1906.3      4.19953      197.487
298      7.86406      1.25829      943.718      -2849.95      -1906.23      4.18542      197.486
299      7.89045      1.25584      941.878      -2848.03      -1906.15      4.1714      197.485
300      7.91684      1.25361      940.209      -2846.27      -1906.06      4.15746      197.484
301      7.94323      1.25163      938.723      -2844.69      -1905.97      4.14362      197.482
302      7.96962      1.2499      937.425      -2843.3      -1905.87      4.12986      197.481
303      7.99601      1.24842      936.317      -2842.1      -1905.78      4.11619      197.479
304      8.0224      1.2472      935.397      -2841.08      -1905.69      4.10261      197.477
305      8.04879      1.24621      934.661      -2840.26      -1905.59      4.08911      197.474
306      8.07518      1.24547      934.1      -2839.61      -1905.51      4.07569      197.472
307      8.10157      1.24494      933.705      -2839.13      -1905.43      4.06236      197.469
308      8.12796      1.24462      933.464      -2838.82      -1905.35      4.04911      197.466
309      8.15435      1.24449      933.366      -2838.65      -1905.28      4.03595      197.463
310      8.18074      1.24453      933.398      -2838.62      -1905.22      4.02286      197.46
311      8.20713      1.24473      933.546      -2838.71      -1905.16      4.00986      197.456
312      8.23352      1.24506      933.797      -2838.91      -1905.11      3.99694      197.453
313      8.25991      1.24552      934.136      -2839.21      -1905.07      3.98409      197.449
314      8.28629      1.24607      934.55      -2839.59      -1905.04      3.97133      197.445
315      8.31268      1.2467      935.024      -2840.03      -1905.01      3.95864      197.441
316      8.33907      1.2474      935.547      -2840.53      -1904.99      3.94603      197.437
317      8.36546      1.24814      936.104      -2841.07      -1904.97      3.9335      197.433
318      8.39185      1.24892      936.687      -2841.65      -1904.96      3.92104      197.429
319      8.41824      1.24971      937.284      -2842.24      -1904.95      3.90866      197.424
320      8.44463      1.25052      937.889      -2842.84      -1904.95      3.89635      197.42
321      8.47102      1.25132      938.492      -2843.44      -1904.95      3.88412      197.415
322      8.49741      1.25212      939.091      -2844.05      -1904.96      3.87196      197.41
323      8.5238      1.25291      939.682      -2844.64      -1904.96      3.85987      197.405
324      8.55019      1.25369      940.264      -2845.23      -1904.97      3.84786      197.4
325      8.57658      1.25444      940.833      -2845.81      -1904.97      3.83592      197.394
326      8.60297      1.25518      941.387      -2846.37      -1904.98      3.82405      197.389
327      8.62936      1.2559      941.922      -2846.91      -1904.99      3.81225      197.384
328      8.65575      1.25658      942.433      -2847.44      -1905      3.80052      197.378
329      8.68214      1.25722      942.918      -2847.94      -1905.02      3.78886      197.372
330      8.70853      1.25783      943.37      -2848.41      -1905.04      3.77727      197.367
331      8.73492      1.25837      943.777      -2848.84      -1905.06      3.76575      197.361
332      8.76131      1.25884      944.13      -2849.22      -1905.09      3.75429      197.355
333      8.78769      1.25922      944.417      -2849.54      -1905.12      3.74291      197.349
334      8.81408      1.2595      944.624      -2849.79      -1905.16      3.73159      197.343
335      8.84047      1.25965      944.737      -2849.95      -1905.21      3.72033      197.337
336      8.86686      1.25966      944.743      -2850.01      -1905.27      3.70915      197.331
337      8.89325      1.2595      944.628      -2849.96      -1905.33      3.69803      197.325
338      8.91964      1.25917      944.38      -2849.78      -1905.4      3.68697      197.319
339      8.94603      1.25865      943.99      -2849.46      -1905.47      3.67598      197.312
340      8.97242      1.25793      943.449      -2849      -1905.55      3.66505      197.306
341      8.99881      1.25701      942.754      -2848.38      -1905.62      3.65419      197.3
342      9.0252      1.25587      941.903      -2847.61      -1905.7      3.64339      197.294
343      9.05159      1.25453      940.899      -2846.68      -1905.78      3.63265      197.288
344      9.07798      1.253      939.747      -2845.6      -1905.85      3.62198      197.281
345      9.10437      1.25127      938.454      -2844.37      -1905.92      3.61137      197.275
346      9.13076      1.24938      937.034      -2843.02      -1905.98      3.60082      197.269
347      9.15715      1.24733      935.499      -2841.54      -1906.04      3.59033      197.263
348      9.18354      1.24515      933.864      -2839.95      -1906.09      3.5799      197.257
349      9.20993      1.24286      932.148      -2838.27      -1906.12      3.56953      197.251
350      9.23632      1.24049      930.368      -2836.52      -1906.15      3.55923      197.245
351      9.26271      1.23806      928.544      -2834.72      -1906.17      3.54898      197.239
352      9.28909      1.23559      926.696      -2832.88      -1906.18      3.53879      197.233
353      9.31548      1.23313      924.848      -2831.03      -1906.18      3.52866      197.227
354      9.34187      1.2307      923.021      -2829.19      -1906.16      3.51859      197.221
355      9.36826      1.22832      921.241      -2827.38      -1906.14      3.50858      197.216
356      9.39465      1.22604      919.533      -2825.63      -1906.1      3.49862      197.21
357      9.42104      1.22389      917.92      -2823.97      -1906.05      3.48872      197.204
358      9.44743      1.22191      916.431      -2822.41      -1905.98      3.47888      197.199
359      9.47382      1.22012      915.09      -2820.99      -1905.9      3.4691      197.194
360      9.50021      1.21857      913.926      -2819.74      -1905.81      3.45937      197.188
361      9.5266      1.21729      912.964      -2818.67      -1905.71      3.44969      197.183
362      9.55299      1.21631      912.231      -2817.82      -1905.59      3.44007      197.178
363      9.57938      1.21566      911.748      -2817.21      -1905.46      3.43051      197.173
364      9.60577      1.21538      911.536      -2816.86      -1905.33      3.421      197.168
365      9.63216      1.21548      911.613      -2816.79      -1905.18      3.41154      197.163
366      9.65855      1.21599      911.996      -2817.02      -1905.02      3.40213      197.158
367      9.68494      1.21692      912.692      -2817.56      -1904.87      3.39278      197.153
368      9.71133      1.21828      913.711      -2818.42      -1904.71      3.38348      197.149
369      9.73772      1.22007      915.052      -2819.6      -1904.54      3.37423      197.144
370      9.76411      1.22229      916.714      -2821.1      -1904.38      3.36504      197.14
371      9.79049      1.22492      918.688      -2822.92      -1904.23      3.35589      197.135
372      9.81688      1.22795      920.961      -2825.04      -1904.08      3.3468      197.131
373      9.84327      1.23136      923.516      -2827.46      -1903.94      3.33775      197.127
374      9.86966      1.23511      926.329      -2830.15      -1903.82      3.32876      197.122
375      9.89605      1.23916      929.371      -2833.08      -1903.71      3.31981      197.118
376      9.92244      1.24348      932.61      -2836.22      -1903.61      3.31092      197.114
377      9.94883      1.24802      936.011      -2839.55      -1903.54      3.30207      197.11
378      9.97522      1.25271      939.534      -2843.01      -1903.48      3.29327      197.106
379      10.0016      1.25752      943.137      -2846.58      -1903.45      3.28451      197.103
380      10.028      1.26237      946.779      -2850.21      -1903.43      3.27581      197.099
381      10.0544      1.26722      950.417      -2853.86      -1903.44      3.26715      197.095
382      10.0808      1.27202      954.012      -2857.48      -1903.47      3.25854      197.092
383      10.1072      1.2767      957.523      -2861.04      -1903.51      3.24997      197.088
384      10.1336      1.28122      960.915      -2864.49      -1903.58      3.24145      197.085
385      10.1599      1.28554      964.153      -2867.81      -1903.66      3.23297      197.081
386      10.1863      1.28961      967.209      -2870.96      -1903.75      3.22454      197.078
387      10.2127      1.29341      970.057      -2873.92      -1903.86      3.21616      197.074
388      10.2391      1.29691      972.679      -2876.66      -1903.98      3.20781      197.071
389      10.2655      1.30008      975.058      -2879.16      -1904.1      3.19952      197.068
390      10.2919      1.30291      977.184      -2881.41      -1904.23      3.19126      197.065
391      10.3183      1.3054      979.052      -2883.41      -1904.36      3.18305      197.061
392      10.3447      1.30755      980.66      -2885.15      -1904.49      3.17488      197.058
393      10.3711      1.30935      982.012      -2886.63      -1904.62      3.16675      197.055
394      10.3975      1.31082      983.116      -2887.86      -1904.74      3.15866      197.052
395      10.4238      1.31197      983.981      -2888.84      -1904.86      3.15062      197.049
396      10.4502      1.31283      984.623      -2889.59      -1904.97      3.14261      197.046
397      10.4766      1.31341      985.059      -2890.13      -1905.07      3.13465      197.043
398      10.503      1.31374      985.309      -2890.47      -1905.16      3.12673      197.04
399      10.5294      1.31386      985.392      -2890.63      -1905.24      3.11885      197.037
400      10.5558      1.31377      985.33      -2890.64      -1905.31      3.111      197.035
401      10.5822      1.31353      985.146      -2890.52      -1905.37      3.1032      197.032
402      10.6086      1.31314      984.857      -2890.28      -1905.42      3.09544      197.029
403      10.635      1.31265      984.487      -2889.95      -1905.46      3.08771      197.026
404      10.6613      1.31207      984.05      -2889.54      -1905.49      3.08002      197.023
405      10.6877      1.31142      983.562      -2889.08      -1905.51      3.07238      197.021
406      10.7141      1.31071      983.033      -2888.57      -1905.53      3.06477      197.018
407      10.7405      1.30996      982.472      -2888.02      -1905.55      3.0572      197.015
408      10.7669      1.30918      981.881      -2887.44      -1905.56      3.04966      197.013
409      10.7933      1.30835      981.263      -2886.84      -1905.58      3.04217      197.01
410      10.8197      1.30749      980.615      -2886.21      -1905.59      3.03471      197.007
411      10.8461      1.30658      979.934      -2885.54      -1905.61      3.02729      197.005
412      10.8725      1.30561      979.211      -2884.84      -1905.63      3.0199      197.003
413      10.8989      1.30459      978.44      -2884.09      -1905.66      3.01255      197
414      10.9252      1.30348      977.611      -2883.3      -1905.68      3.00524      196.998
415      10.9516      1.30229      976.716      -2882.43      -1905.72      2.99797      196.996
416      10.978      1.30099      975.746      -2881.5      -1905.76      2.99073      196.994
417      11.0044      1.29959      974.692      -2880.49      -1905.8      2.98353      196.992
418      11.0308      1.29807      973.551      -2879.39      -1905.84      2.97636      196.99
419      11.0572      1.29642      972.315      -2878.21      -1905.89      2.96923      196.988
420      11.0836      1.29464      970.982      -2876.92      -1905.94      2.96214      196.986
421      11.11      1.29274      969.552      -2875.54      -1905.99      2.95508      196.985
422      11.1364      1.2907      968.025      -2874.06      -1906.04      2.94805      196.984
423      11.1627      1.28854      966.407      -2872.49      -1906.08      2.94107      196.982
424      11.1891      1.28627      964.703      -2870.83      -1906.12      2.93411      196.981
425      11.2155      1.28389      962.919      -2869.08      -1906.16      2.92719      196.98
426      11.2419      1.28142      961.067      -2867.26      -1906.19      2.92031      196.979
427      11.2683      1.27888      959.158      -2865.38      -1906.22      2.91346      196.979
428      11.2947      1.27627      957.205      -2863.45      -1906.24      2.90665      196.978
429      11.3211      1.27363      955.223      -2861.48      -1906.25      2.89987      196.978
430      11.3475      1.27097      953.229      -2859.49      -1906.26      2.89312      196.978
431      11.3739      1.26832      951.241      -2857.49      -1906.25      2.88641      196.978
432      11.4003      1.2657      949.277      -2855.52      -1906.24      2.87973      196.978
433      11.4266      1.26314      947.358      -2853.57      -1906.21      2.87308      196.978
434      11.453      1.26067      945.502      -2851.68      -1906.18      2.86647      196.979
435      11.4794      1.25831      943.73      -2849.87      -1906.14      2.85989      196.979
436      11.5058      1.25608      942.061      -2848.14      -1906.08      2.85335      196.98
437      11.5322      1.25402      940.512      -2846.53      -1906.02      2.84683      196.981
438      11.5586      1.25213      939.101      -2845.05      -1905.95      2.84035      196.982
439      11.585      1.25046      937.842      -2843.71      -1905.87      2.8339      196.984
440      11.6114      1.249      936.748      -2842.53      -1905.79      2.82748      196.985
441      11.6378      1.24777      935.83      -2841.53      -1905.7      2.82109      196.987
442      11.6641      1.24679      935.095      -2840.7      -1905.61      2.81473      196.989
443      11.6905      1.24606      934.547      -2840.06      -1905.51      2.80841      196.991
444      11.7169      1.24558      934.187      -2839.6      -1905.42      2.80211      196.993
445      11.7433      1.24535      934.011      -2839.34      -1905.33      2.79585      196.995
446      11.7697      1.24535      934.015      -2839.25      -1905.24      2.78961      196.997
447      11.7961      1.24559      934.19      -2839.34      -1905.15      2.7834      197
448      11.8225      1.24603      934.526      -2839.6      -1905.07      2.77723      197.002
449      11.8489      1.24668      935.008      -2840.01      -1905      2.77108      197.005
450      11.8753      1.2475      935.623      -2840.56      -1904.94      2.76496      197.008
451      11.9017      1.24847      936.355      -2841.24      -1904.88      2.75887      197.01
452      11.928      1.24959      937.19      -2842.02      -1904.83      2.7528      197.013
453      11.9544      1.25082      938.113      -2842.9      -1904.79      2.74677      197.016
454      11.9808      1.25215      939.109      -2843.86      -1904.75      2.74076      197.019
455      12.0072      1.25355      940.165      -2844.89      -1904.72      2.73478      197.022
456      12.0336      1.25503      941.27      -2845.97      -1904.7      2.72882      197.025
457      12.06      1.25656      942.416      -2847.1      -1904.68      2.72289      197.028
458      12.0864      1.25813      943.596      -2848.26      -1904.67      2.71699      197.032
459      12.1128      1.25974      944.803      -2849.46      -1904.65      2.71112      197.035
460      12.1392      1.26138      946.032      -2850.67      -1904.64      2.70527      197.038
461      12.1655      1.26304      947.281      -2851.91      -1904.63      2.69944      197.041
462      12.1919      1.26473      948.548      -2853.17      -1904.62      2.69365      197.045
463      12.2183      1.26644      949.833      -2854.45      -1904.62      2.68787      197.048
464      12.2447      1.26818      951.137      -2855.74      -1904.61      2.68212      197.051
465      12.2711      1.26994      952.459      -2857.06      -1904.6      2.6764      197.054
466      12.2975      1.27173      953.798      -2858.39      -1904.59      2.6707      197.058
467      12.3239      1.27354      955.155      -2859.73      -1904.58      2.66503      197.061
468      12.3503      1.27537      956.531      -2861.1      -1904.57      2.65938      197.065
469      12.3767      1.27723      957.926      -2862.49      -1904.56      2.65376      197.068
470      12.4031      1.27912      959.339      -2863.89      -1904.55      2.64816      197.071
471      12.4294      1.28103      960.774      -2865.31      -1904.54      2.64258      197.075
472      12.4558      1.28297      962.229      -2866.76      -1904.53      2.63703      197.078
473      12.4822      1.28494      963.708      -2868.22      -1904.52      2.6315      197.082
474      12.5086      1.28695      965.213      -2869.72      -1904.5      2.626      197.085
475      12.535      1.28899      966.743      -2871.23      -1904.49      2.62052      197.089
476      12.5614      1.29107      968.301      -2872.78      -1904.48      2.61506      197.093
477      12.5878      1.29318      969.887      -2874.35      -1904.46      2.60963      197.096
478      12.6142      1.29533      971.497      -2875.95      -1904.45      2.60422      197.1
479      12.6406      1.2975      973.128      -2877.57      -1904.44      2.59883      197.104
480      12.6669      1.29969      974.771      -2879.21      -1904.44      2.59347      197.108
481      12.6933      1.30189      976.416      -2880.85      -1904.44      2.58813      197.112
482      12.7197      1.30407      978.051      -2882.49      -1904.44      2.58281      197.116
483      12.7461      1.30621      979.658      -2884.12      -1904.46      2.57751      197.12
484      12.7725      1.30829      981.218      -2885.7      -1904.49      2.57224      197.124
485      12.7989      1.31028      982.712      -2887.23      -1904.52      2.56699      197.128
486      12.8253      1.31216      984.118      -2888.69      -1904.57      2.56177      197.132
487      12.8517      1.31389      985.417      -2890.04      -1904.62      2.55656      197.137
488      12.8781      1.31545      986.587      -2891.28      -1904.69      2.55138      197.141
489      12.9045      1.31682      987.612      -2892.38      -1904.76      2.54622      197.145
490      12.9308      1.31797      988.478      -2893.32      -1904.84      2.54108      197.15
491      12.9572      1.3189      989.178      -2894.11      -1904.93      2.53597      197.155
492      12.9836      1.31961      989.71      -2894.72      -1905.01      2.53087      197.159
493      13.01      1.3201      990.077      -2895.17      -1905.09      2.5258      197.164
494      13.0364      1.32038      990.288      -2895.46      -1905.17      2.52075      197.169
495      13.0628      1.32048      990.36      -2895.6      -1905.24      2.51572      197.174
496      13.0892      1.32042      990.313      -2895.61      -1905.29      2.51071      197.179
497      13.1156      1.32023      990.169      -2895.51      -1905.34      2.50572      197.184
498      13.142      1.31994      989.954      -2895.33      -1905.37      2.50076      197.189
499      13.1683      1.31958      989.687      -2895.08      -1905.39      2.49581      197.194
500      13.1947      1.31918      989.386      -2894.8      -1905.41      2.49089      197.2
501      13.2211      1.31875      989.063      -2894.48      -1905.42      2.48598      197.205
502      13.2475      1.31829      988.72      -2894.15      -1905.43      2.4811      197.21
503      13.2739      1.3178      988.353      -2893.8      -1905.44      2.47624      197.216
504      13.3003      1.31726      987.944      -2893.41      -1905.47      2.47139      197.222
505      13.3267      1.31663      987.474      -2892.97      -1905.5      2.46657      197.227
506      13.3531      1.31589      986.917      -2892.46      -1905.55      2.46176      197.233
507      13.3795      1.31499      986.245      -2891.85      -1905.61      2.45698      197.238
508      13.4059      1.31391      985.43      -2891.11      -1905.68      2.45221      197.244
509      13.4322      1.3126      984.447      -2890.21      -1905.77      2.44747      197.25
510      13.4586      1.31103      983.274      -2889.14      -1905.87      2.44274      197.256
511      13.485      1.30919      981.892      -2887.86      -1905.97      2.43803      197.261
512      13.5114      1.30706      980.292      -2886.37      -1906.08      2.43334      197.267
513      13.5378      1.30463      978.469      -2884.66      -1906.19      2.42867      197.273
514      13.5642      1.3019      976.424      -2882.73      -1906.3      2.42401      197.279
515      13.5906      1.29889      974.167      -2880.57      -1906.41      2.41937      197.284
516      13.617      1.29561      971.711      -2878.21      -1906.5      2.41476      197.29
517      13.6434      1.2921      969.079      -2875.67      -1906.59      2.41015      197.295
518      13.6697      1.28839      966.296      -2872.96      -1906.66      2.40557      197.301
519      13.6961      1.28453      963.395      -2870.11      -1906.71      2.401      197.307
520      13.7225      1.28055      960.413      -2867.16      -1906.75      2.39645      197.312
521      13.7489      1.27653      957.394      -2864.16      -1906.76      2.39191      197.317
522      13.7753      1.27251      954.383      -2861.13      -1906.75      2.3874      197.323
523      13.8017      1.26857      951.428      -2858.14      -1906.72      2.38289      197.328
524      13.8281      1.26477      948.578      -2855.24      -1906.66      2.37841      197.333
525      13.8545      1.26118      945.885      -2852.46      -1906.57      2.37394      197.338
526      13.8809      1.25787      943.4      -2849.86      -1906.46      2.36948      197.343
527      13.9073      1.25489      941.171      -2847.5      -1906.33      2.36504      197.348
528      13.9336      1.25233      939.245      -2845.41      -1906.17      2.36062      197.352
529      13.96      1.25022      937.665      -2843.66      -1905.99      2.35621      197.357
530      13.9864      1.24862      936.466      -2842.26      -1905.8      2.35182      197.361
531      14.0128      1.24757      935.677      -2841.27      -1905.59      2.34744      197.365
532      14.0392      1.24709      935.32      -2840.69      -1905.37      2.34308      197.369
533      14.0656      1.24721      935.408      -2840.55      -1905.15      2.33873      197.373
534      14.092      1.24793      935.944      -2840.87      -1904.92      2.33439      197.377
535      14.1184      1.24923      936.926      -2841.63      -1904.7      2.33007      197.381
536      14.1448      1.25112      938.342      -2842.83      -1904.48      2.32576      197.384
537      14.1711      1.25356      940.174      -2844.45      -1904.28      2.32147      197.387
538      14.1975      1.25653      942.396      -2846.48      -1904.09      2.31719      197.39
539      14.2239      1.25998      944.982      -2848.89      -1903.91      2.31292      197.393
540      14.2503      1.26386      947.895      -2851.65      -1903.75      2.30867      197.396
541      14.2767      1.26813      951.098      -2854.71      -1903.61      2.30443      197.398
542      14.3031      1.27273      954.547      -2858.04      -1903.49      2.30021      197.4
543      14.3295      1.2776      958.199      -2861.6      -1903.4      2.29599      197.402
544      14.3559      1.28268      962.006      -2865.33      -1903.33      2.29179      197.404
545      14.3823      1.28789      965.921      -2869.2      -1903.28      2.28761      197.406
546      14.4087      1.29319      969.893      -2873.15      -1903.26      2.28343      197.407
547      14.435      1.2985      973.874      -2877.13      -1903.26      2.27927      197.408
548      14.4614      1.30375      977.816      -2881.1      -1903.28      2.27512      197.409
549      14.4878      1.3089      981.673      -2885      -1903.33      2.27099      197.41
550      14.5142      1.31387      985.4      -2888.8      -1903.4      2.26687      197.411
551      14.5406      1.31861      988.956      -2892.45      -1903.49      2.26276      197.411
552      14.567      1.32307      992.306      -2895.91      -1903.6      2.25866      197.411
553      14.5934      1.32722      995.419      -2899.14      -1903.72      2.25457      197.411
554      14.6198      1.33102      998.266      -2902.12      -1903.86      2.2505      197.411
555      14.6462      1.33444      1000.83      -2904.83      -1904      2.24644      197.41
556      14.6725      1.33745      1003.09      -2907.24      -1904.16      2.24239      197.41
557      14.6989      1.34005      1005.04      -2909.35      -1904.31      2.23836      197.409
558      14.7253      1.34224      1006.68      -2911.15      -1904.46      2.23434      197.408
559      14.7517      1.34403      1008.02      -2912.64      -1904.62      2.23033      197.407
560      14.7781      1.34542      1009.06      -2913.83      -1904.76      2.22633      197.406
561      14.8045      1.34644      1009.83      -2914.73      -1904.9      2.22235      197.404
562      14.8309      1.34712      1010.34      -2915.36      -1905.02      2.21837      197.403
563      14.8573      1.34749      1010.62      -2915.75      -1905.13      2.21442      197.401
564      14.8837      1.3476      1010.7      -2915.93      -1905.23      2.21047      197.399
565      14.9101      1.34748      1010.61      -2915.92      -1905.31      2.20654      197.398
566      14.9364      1.3472      1010.4      -2915.77      -1905.37      2.20262      197.396
567      14.9628      1.34679      1010.09      -2915.5      -1905.41      2.19871      197.394
568      14.9892      1.3463      1009.73      -2915.16      -1905.43      2.19482      197.392
569      15.0156      1.34578      1009.34      -2914.78      -1905.44      2.19094      197.39
570      15.042      1.34528      1008.96      -2914.39      -1905.43      2.18707      197.388
571      15.0684      1.34482      1008.61      -2914.03      -1905.41      2.18322      197.386
572      15.0948      1.34443      1008.32      -2913.71      -1905.39      2.17938      197.384
573      15.1212      1.34412      1008.09      -2913.44      -1905.35      2.17556      197.382
574      15.1476      1.34392      1007.94      -2913.25      -1905.32      2.17174      197.38
575      15.1739      1.34379      1007.85      -2913.13      -1905.28      2.16794      197.378
576      15.2003      1.34375      1007.81      -2913.07      -1905.26      2.16416      197.376
577      15.2267      1.34376      1007.82      -2913.06      -1905.24      2.16039      197.374
578      15.2531      1.34379      1007.84      -2913.08      -1905.23      2.15663      197.372
579      15.2795      1.34382      1007.86      -2913.1      -1905.24      2.15288      197.37
580      15.3059      1.34381      1007.85      -2913.11      -1905.26      2.14915      197.368
581      15.3323      1.34371      1007.79      -2913.08      -1905.29      2.14544      197.367
582      15.3587      1.34351      1007.63      -2912.97      -1905.34      2.14173      197.365
583      15.3851      1.34316      1007.37      -2912.76      -1905.39      2.13804      197.363
584      15.4115      1.34263      1006.97      -2912.44      -1905.46      2.13436      197.362
585      15.4378      1.3419      1006.43      -2911.97      -1905.54      2.13069      197.36
586      15.4642      1.34095      1005.71      -2911.34      -1905.63      2.12704      197.358
587      15.4906      1.33974      1004.81      -2910.53      -1905.72      2.1234      197.357
588      15.517      1.33828      1003.71      -2909.53      -1905.82      2.11977      197.355
589      15.5434      1.33654      1002.4      -2908.33      -1905.93      2.11616      197.354
590      15.5698      1.33452      1000.89      -2906.92      -1906.04      2.11255      197.352
591      15.5962      1.33221      999.155      -2905.3      -1906.14      2.10896      197.351
592      15.6226      1.32961      997.21      -2903.46      -1906.25      2.10538      197.349
593      15.649      1.32674      995.053      -2901.41      -1906.36      2.10182      197.347
594      15.6753      1.32359      992.693      -2899.15      -1906.46      2.09826      197.346
595      15.7017      1.32019      990.14      -2896.69      -1906.55      2.09472      197.344
596      15.7281      1.31655      987.41      -2894.05      -1906.64      2.09119      197.343
597      15.7545      1.3127      984.523      -2891.24      -1906.71      2.08767      197.341
598      15.7809      1.30867      981.502      -2888.28      -1906.78      2.08416      197.34
599      15.8073      1.3045      978.372      -2885.2      -1906.83      2.08066      197.338
600      15.8337      1.30022      975.164      -2882.03      -1906.86      2.07718      197.336
601      15.8601      1.29588      971.913      -2878.79      -1906.88      2.07371      197.335
602      15.8865      1.29154      968.652      -2875.53      -1906.88      2.07024      197.333
603      15.9129      1.28722      965.419      -2872.28      -1906.86      2.06679      197.331
604      15.9392      1.283      962.249      -2869.08      -1906.83      2.06335      197.33
605      15.9656      1.2789      959.178      -2865.95      -1906.77      2.05993      197.328
606      15.992      1.27499      956.241      -2862.94      -1906.7      2.05651      197.327
607      16.0184      1.27129      953.471      -2860.09      -1906.61      2.05311      197.325
608      16.0448      1.26786      950.896      -2857.41      -1906.51      2.04971      197.323
609      16.0712      1.26472      948.54      -2854.94      -1906.4      2.04633      197.322
610      16.0976      1.2619      946.422      -2852.7      -1906.28      2.04296      197.32
611      16.124      1.25941      944.556      -2850.71      -1906.15      2.0396      197.319
612      16.1504      1.25727      942.953      -2848.97      -1906.02      2.03625      197.317
613      16.1767      1.25549      941.616      -2847.5      -1905.89      2.03292      197.316
614      16.2031      1.25406      940.545      -2846.3      -1905.75      2.02959      197.314
615      16.2295      1.25298      939.738      -2845.36      -1905.62      2.02628      197.313
616      16.2559      1.25225      939.186      -2844.68      -1905.5      2.02297      197.312
617      16.2823      1.25184      938.877      -2844.25      -1905.38      2.01968      197.311
618      16.3087      1.25174      938.801      -2844.06      -1905.26      2.0164      197.31
619      16.3351      1.25193      938.944      -2844.1      -1905.15      2.01314      197.308
620      16.3615      1.25239      939.29      -2844.34      -1905.05      2.00988      197.307
621      16.3879      1.2531      939.823      -2844.79      -1904.96      2.00663      197.307
622      16.4143      1.25403      940.526      -2845.41      -1904.88      2.0034      197.306
623      16.4406      1.25517      941.381      -2846.19      -1904.81      2.00018      197.305
624      16.467      1.2565      942.372      -2847.11      -1904.74      1.99696      197.304
625      16.4934      1.25797      943.48      -2848.16      -1904.68      1.99376      197.304
626      16.5198      1.25958      944.686      -2849.32      -1904.64      1.99057      197.303
627      16.5462      1.2613      945.971      -2850.57      -1904.6      1.9874      197.303
628      16.5726      1.26309      947.315      -2851.89      -1904.57      1.98423      197.303
629      16.599      1.26493      948.694      -2853.25      -1904.56      1.98107      197.303
630      16.6254      1.26678      950.086      -2854.64      -1904.56      1.97793      197.303
631      16.6518      1.26862      951.468      -2856.03      -1904.56      1.97479      197.303
632      16.6781      1.27042      952.814      -2857.4      -1904.59      1.97167      197.303
633      16.7045      1.27213      954.101      -2858.72      -1904.62      1.96856      197.303
634      16.7309      1.27374      955.305      -2859.97      -1904.66      1.96546      197.304
635      16.7573      1.2752      956.401      -2861.12      -1904.72      1.96237      197.304
636      16.7837      1.27649      957.37      -2862.15      -1904.79      1.95929      197.305
637      16.8101      1.27759      958.192      -2863.05      -1904.86      1.95622      197.306
638      16.8365      1.27847      958.854      -2863.8      -1904.94      1.95316      197.306
639      16.8629      1.27913      959.345      -2864.37      -1905.03      1.95012      197.307
640      16.8893      1.27954      959.656      -2864.78      -1905.12      1.94708      197.308
641      16.9157      1.27971      959.783      -2864.99      -1905.21      1.94405      197.31
642      16.942      1.27963      959.724      -2865.03      -1905.3      1.94104      197.311
643      16.9684      1.27931      959.482      -2864.88      -1905.4      1.93803      197.312
644      16.9948      1.27875      959.064      -2864.55      -1905.48      1.93504      197.314
645      17.0212      1.27797      958.477      -2864.04      -1905.57      1.93205      197.315
646      17.0476      1.27698      957.732      -2863.38      -1905.64      1.92908      197.317
647      17.074      1.27579      956.839      -2862.55      -1905.72      1.92611      197.319
648      17.1004      1.27442      955.814      -2861.59      -1905.78      1.92316      197.321
649      17.1268      1.2729      954.672      -2860.51      -1905.84      1.92022      197.323
650      17.1532      1.27124      953.43      -2859.31      -1905.88      1.91728      197.325
651      17.1795      1.26947      952.105      -2858.03      -1905.92      1.91436      197.327
652      17.2059      1.26762      950.716      -2856.67      -1905.95      1.91144      197.329
653      17.2323      1.26571      949.285      -2855.25      -1905.97      1.90854      197.332
654      17.2587      1.26378      947.832      -2853.81      -1905.98      1.90565      197.334
655      17.2851      1.26184      946.379      -2852.35      -1905.98      1.90276      197.337
656      17.3115      1.25993      944.948      -2850.91      -1905.96      1.89989      197.339
657      17.3379      1.25809      943.564      -2849.5      -1905.93      1.89702      197.342
658      17.3643      1.25633      942.251      -2848.15      -1905.9      1.89416      197.345
659      17.3907      1.25471      941.034      -2846.88      -1905.84      1.89131      197.347
660      17.4171      1.25325      939.94      -2845.72      -1905.78      1.88848      197.35
661      17.4434      1.25199      938.989      -2844.7      -1905.71      1.88565      197.353
662      17.4698      1.25094      938.206      -2843.83      -1905.62      1.88283      197.356
663      17.4962      1.25015      937.609      -2843.13      -1905.52      1.88002      197.359
664      17.5226      1.24962      937.216      -2842.64      -1905.42      1.87721      197.362
665      17.549      1.24939      937.039      -2842.35      -1905.31      1.87442      197.365
666      17.5754      1.24945      937.087      -2842.29      -1905.2      1.87163      197.368
667      17.6018      1.24982      937.365      -2842.45      -1905.08      1.86886      197.371
668      17.6282      1.2505      937.872      -2842.84      -1904.97      1.86609      197.375
669      17.6546      1.25147      938.604      -2843.46      -1904.86      1.86333      197.378
670      17.6809      1.25274      939.553      -2844.31      -1904.75      1.86058      197.381
671      17.7073      1.25427      940.704      -2845.36      -1904.65      1.85784      197.384
672      17.7337      1.25606      942.043      -2846.61      -1904.56      1.8551      197.387
673      17.7601      1.25807      943.553      -2848.03      -1904.48      1.85238      197.391
674      17.7865      1.26029      945.215      -2849.62      -1904.41      1.84966      197.394
675      17.8129      1.26268      947.011      -2851.35      -1904.34      1.84695      197.397
676      17.8393      1.26523      948.922      -2853.21      -1904.29      1.84425      197.4
677      17.8657      1.2679      950.928      -2855.17      -1904.24      1.84155      197.403
678      17.8921      1.27069      953.014      -2857.22      -1904.2      1.83886      197.406
679      17.9185      1.27355      955.164      -2859.34      -1904.17      1.83618      197.409
680      17.9448      1.27648      957.36      -2861.51      -1904.15      1.83351      197.412
681      17.9712      1.27945      959.589      -2863.73      -1904.14      1.83085      197.415
682      17.9976      1.28245      961.837      -2865.97      -1904.13      1.82819      197.418
683      18.024      1.28546      964.096      -2868.22      -1904.13      1.82554      197.421
684      18.0504      1.28847      966.352      -2870.48      -1904.13      1.8229      197.424
685      18.0768      1.29146      968.598      -2872.74      -1904.14      1.82026      197.427
686      18.1032      1.29443      970.826      -2874.97      -1904.15      1.81763      197.429
687      18.1296      1.29737      973.029      -2877.19      -1904.16      1.81501      197.432
688      18.156      1.30027      975.199      -2879.38      -1904.18      1.81239      197.434
689      18.1823      1.30311      977.33      -2881.53      -1904.2      1.80979      197.437
690      18.2087      1.30589      979.414      -2883.64      -1904.22      1.80718      197.439
691      18.2351      1.3086      981.446      -2885.7      -1904.25      1.80459      197.441
692      18.2615      1.31123      983.423      -2887.7      -1904.28      1.802      197.443
693      18.2879      1.31378      985.338      -2889.65      -1904.31      1.79942      197.445
694      18.3143      1.31625      987.185      -2891.53      -1904.35      1.79684      197.447
695      18.3407      1.31861      988.956      -2893.34      -1904.38      1.79427      197.449
696      18.3671      1.32086      990.648      -2895.07      -1904.42      1.7917      197.45
697      18.3935      1.32301      992.256      -2896.72      -1904.47      1.78915      197.452
698      18.4199      1.32503      993.772      -2898.29      -1904.51      1.78659      197.453
699      18.4462      1.32692      995.188      -2899.75      -1904.56      1.78405      197.454
700      18.4726      1.32866      996.498      -2901.12      -1904.62      1.78151      197.455
701      18.499      1.33025      997.691      -2902.37      -1904.68      1.77897      197.456
702      18.5254      1.33168      998.757      -2903.5      -1904.74      1.77644      197.456
703      18.5518      1.33291      999.68      -2904.5      -1904.82      1.77392      197.457
704      18.5782      1.33393      1000.45      -2905.34      -1904.9      1.77141      197.457
705      18.6046      1.33473      1001.05      -2906.03      -1904.98      1.76889      197.457
706      18.631      1.33528      1001.46      -2906.54      -1905.08      1.76639      197.457
707      18.6574      1.33556      1001.67      -2906.85      -1905.18      1.76389      197.457
708      18.6837      1.33556      1001.67      -2906.96      -1905.29      1.7614      197.457
709      18.7101      1.33526      1001.44      -2906.84      -1905.4      1.75891      197.457
710      18.7365      1.33465      1000.99      -2906.5      -1905.52      1.75643      197.456
711      18.7629      1.33373      1000.3      -2905.93      -1905.63      1.75395      197.455
712      18.7893      1.33249      999.371      -2905.12      -1905.75      1.75148      197.455
713      18.8157      1.33096      998.219      -2904.08      -1905.86      1.74902      197.454
714      18.8421      1.32914      996.852      -2902.82      -1905.97      1.74656      197.453
715      18.8685      1.32705      995.287      -2901.35      -1906.06      1.74411      197.452
716      18.8949      1.32473      993.547      -2899.69      -1906.15      1.74166      197.451
717      18.9213      1.32221      991.658      -2897.88      -1906.22      1.73922      197.45
718      18.9476      1.31954      989.653      -2895.92      -1906.27      1.73679      197.449
719      18.974      1.31675      987.565      -2893.87      -1906.31      1.73436      197.447
720      19.0004      1.31391      985.431      -2891.76      -1906.33      1.73194      197.446
721      19.0268      1.31105      983.286      -2889.61      -1906.33      1.72953      197.445
722      19.0532      1.30823      981.169      -2887.48      -1906.31      1.72712      197.443
723      19.0796      1.30549      979.117      -2885.39      -1906.27      1.72472      197.442
724      19.106      1.30288      977.162      -2883.38      -1906.22      1.72233      197.441
725      19.1324      1.30045      975.336      -2881.49      -1906.15      1.71994      197.439
726      19.1588      1.29822      973.668      -2879.74      -1906.07      1.71756      197.438
727      19.1851      1.29624      972.179      -2878.15      -1905.98      1.71518      197.436
728      19.2115      1.29452      970.889      -2876.76      -1905.87      1.71282      197.435
729      19.2379      1.29308      969.809      -2875.58      -1905.77      1.71046      197.434
730      19.2643      1.29193      968.95      -2874.61      -1905.66      1.7081      197.432
731      19.2907      1.29108      968.311      -2873.86      -1905.55      1.70575      197.431
732      19.3171      1.29052      967.887      -2873.33      -1905.44      1.70341      197.43
733      19.3435      1.29022      967.669      -2873.01      -1905.34      1.70108      197.429
734      19.3699      1.29018      967.639      -2872.89      -1905.25      1.69875      197.428
735      19.3963      1.29036      967.773      -2872.94      -1905.17      1.69643      197.426
736      19.4227      1.29073      968.045      -2873.15      -1905.1      1.69412      197.425
737      19.449      1.29123      968.42      -2873.48      -1905.06      1.69181      197.424
738      19.4754      1.29181      968.861      -2873.89      -1905.03      1.68951      197.423
739      19.5018      1.29243      969.325      -2874.35      -1905.02      1.68721      197.422
740      19.5282      1.29303      969.772      -2874.81      -1905.04      1.68493      197.421
741      19.5546      1.29354      970.155      -2875.23      -1905.07      1.68264      197.421
742      19.581      1.29391      970.434      -2875.57      -1905.13      1.68037      197.42
743      19.6074      1.29408      970.563      -2875.78      -1905.21      1.6781      197.419
744      19.6338      1.29401      970.504      -2875.82      -1905.31      1.67584      197.418
745      19.6602      1.29362      970.218      -2875.65      -1905.43      1.67358      197.417
746      19.6865      1.2929      969.674      -2875.24      -1905.56      1.67133      197.416
747      19.7129      1.29179      968.845      -2874.55      -1905.71      1.66908      197.415
748      19.7393      1.29028      967.71      -2873.57      -1905.86      1.66684      197.414
749      19.7657      1.28834      966.253      -2872.28      -1906.03      1.66461      197.413
750      19.7921      1.28595      964.465      -2870.66      -1906.19      1.66238      197.413
751      19.8185      1.28313      962.344      -2868.7      -1906.36      1.66016      197.412
752      19.8449      1.27986      959.896      -2866.42      -1906.52      1.65795      197.411
753      19.8713      1.27618      957.132      -2863.81      -1906.68      1.65574      197.41
754      19.8977      1.27209      954.069      -2860.89      -1906.82      1.65353      197.409
755      19.9241      1.26764      950.733      -2857.69      -1906.96      1.65133      197.408
756      19.9504      1.26287      947.153      -2854.23      -1907.07      1.64914      197.407
757      19.9768      1.25782      943.365      -2850.54      -1907.17      1.64695      197.405
758      20.0032      1.25255      939.41      -2846.66      -1907.25      1.64477      197.404
759      20.0296      1.24711      935.332      -2842.64      -1907.31      1.64259      197.403
760      20.056      1.24157      931.181      -2838.52      -1907.34      1.64042      197.402
761      20.0824      1.23601      927.01      -2834.35      -1907.34      1.63826      197.401
762      20.1088      1.2305      922.872      -2830.19      -1907.32      1.6361      197.399
763      20.1352      1.2251      918.825      -2826.09      -1907.26      1.63394      197.398
764      20.1616      1.2199      914.923      -2822.11      -1907.18      1.63179      197.397
765      20.1879      1.21497      911.224      -2818.3      -1907.08      1.62965      197.396
766      20.2143      1.21038      907.783      -2814.72      -1906.94      1.62751      197.394
767      20.2407      1.2062      904.649      -2811.43      -1906.78      1.62538      197.393
768      20.2671      1.20249      901.871      -2808.47      -1906.6      1.62325      197.391
769      20.2935      1.19932      899.488      -2805.88      -1906.39      1.62113      197.39
770      20.3199      1.19672      897.536      -2803.71      -1906.17      1.61901      197.389
771      20.3463      1.19472      896.042      -2801.98      -1905.94      1.6169      197.387
772      20.3727      1.19337      895.025      -2800.73      -1905.7      1.61479      197.386
773      20.3991      1.19266      894.495      -2799.95      -1905.46      1.61269      197.384
774      20.4255      1.19261      894.456      -2799.67      -1905.21      1.61059      197.383
775      20.4518      1.1932      894.901      -2799.87      -1904.97      1.6085      197.381
776      20.4782      1.19442      895.814      -2800.55      -1904.74      1.60642      197.38
777      20.5046      1.19623      897.172      -2801.69      -1904.52      1.60434      197.378
778      20.531      1.1986      898.946      -2803.26      -1904.32      1.60227      197.377
779      20.5574      1.20147      901.099      -2805.23      -1904.13      1.6002      197.376
780      20.5838      1.20479      903.59      -2807.56      -1903.97      1.59814      197.374
781      20.6102      1.2085      906.374      -2810.2      -1903.83      1.59608      197.373
782      20.6366      1.21254      909.407      -2813.11      -1903.71      1.59403      197.372
783      20.663      1.21685      912.641      -2816.25      -1903.61      1.59198      197.371
784      20.6893      1.22137      916.03      -2819.57      -1903.54      1.58994      197.369
785      20.7157      1.22604      919.528      -2823.02      -1903.49      1.58791      197.368
786      20.7421      1.23079      923.094      -2826.56      -1903.46      1.58588      197.367
787      20.7685      1.23559      926.69      -2830.14      -1903.45      1.58386      197.366
788      20.7949      1.24038      930.284      -2833.74      -1903.46      1.58184      197.365
789      20.8213      1.24513      933.847      -2837.32      -1903.48      1.57983      197.365
790      20.8477      1.24981      937.355      -2840.86      -1903.51      1.57782      197.364
791      20.8741      1.25439      940.793      -2844.34      -1903.54      1.57582      197.363
792      20.9005      1.25886      944.148      -2847.74      -1903.59      1.57383      197.363
793      20.9269      1.26322      947.411      -2851.05      -1903.63      1.57184      197.362
794      20.9532      1.26744      950.581      -2854.26      -1903.68      1.56986      197.362
795      20.9796      1.27154      953.657      -2857.39      -1903.73      1.56788      197.362
796      21.006      1.27552      956.642      -2860.42      -1903.78      1.56591      197.361
797      21.0324      1.27938      959.537      -2863.36      -1903.82      1.56395      197.361
798      21.0588      1.28313      962.349      -2866.21      -1903.86      1.56199      197.361
799      21.0852      1.28678      965.083      -2868.98      -1903.9      1.56003      197.361
800      21.1116      1.29032      967.742      -2871.68      -1903.94      1.55808      197.362
801      21.138      1.29377      970.33      -2874.3      -1903.97      1.55614      197.362
802      21.1644      1.29713      972.849      -2876.86      -1904.01      1.5542      197.362
803      21.1907      1.3004      975.301      -2879.34      -1904.04      1.55227      197.363
804      21.2171      1.30358      977.688      -2881.76      -1904.08      1.55034      197.363
805      21.2435      1.30668      980.006      -2884.12      -1904.11      1.54842      197.364
806      21.2699      1.30968      982.258      -2886.4      -1904.14      1.54651      197.365
807      21.2963      1.31258      984.439      -2888.62      -1904.18      1.5446      197.365
808      21.3227      1.31539      986.545      -2890.76      -1904.22      1.54269      197.366
809      21.3491      1.3181      988.575      -2892.83      -1904.26      1.54079      197.367
810      21.3755      1.32069      990.521      -2894.82      -1904.3      1.5389      197.368
811      21.4019      1.32317      992.378      -2896.72      -1904.35      1.53701      197.369
812      21.4283      1.32552      994.139      -2898.53      -1904.39      1.53512      197.37
813      21.4546      1.32772      995.794      -2900.24      -1904.45      1.53325      197.371
814      21.481      1.32978      997.333      -2901.84      -1904.51      1.53137      197.373
815      21.5074      1.33166      998.747      -2903.32      -1904.57      1.5295      197.374
816      21.5338      1.33337      1000.03      -2904.67      -1904.64      1.52764      197.375
817      21.5602      1.33488      1001.16      -2905.87      -1904.72      1.52578      197.376
818      21.5866      1.33617      1002.13      -2906.93      -1904.8      1.52392      197.378
819      21.613      1.33725      1002.94      -2907.82      -1904.88      1.52207      197.379
820      21.6394      1.33809      1003.57      -2908.54      -1904.97      1.52023      197.38
821      21.6658      1.33868      1004.01      -2909.08      -1905.06      1.51839      197.382
822      21.6921      1.33902      1004.27      -2909.43      -1905.16      1.51655      197.383
823      21.7185      1.3391      1004.32      -2909.58      -1905.26      1.51472      197.385
824      21.7449      1.33891      1004.18      -2909.54      -1905.36      1.51289      197.386
825      21.7713      1.33846      1003.84      -2909.3      -1905.46      1.51107      197.388
826      21.7977      1.33774      1003.3      -2908.86      -1905.56      1.50925      197.389
827      21.8241      1.33676      1002.57      -2908.22      -1905.65      1.50744      197.391
828      21.8505      1.33553      1001.65      -2907.39      -1905.75      1.50563      197.392
829      21.8769      1.33406      1000.54      -2906.38      -1905.84      1.50382      197.394
830      21.9033      1.33235      999.261      -2905.18      -1905.92      1.50203      197.395
831      21.9297      1.33042      997.816      -2903.82      -1906      1.50023      197.397
832      21.956      1.32829      996.217      -2902.3      -1906.08      1.49844      197.399
833      21.9824      1.32597      994.476      -2900.62      -1906.15      1.49665      197.401
834      22.0088      1.32347      992.602      -2898.82      -1906.21      1.49487      197.402
835      22.0352      1.32081      990.61      -2896.88      -1906.27      1.4931      197.404
836      22.0616      1.31801      988.509      -2894.83      -1906.32      1.49132      197.406
837      22.088      1.31508      986.312      -2892.68      -1906.37      1.48956      197.408
838      22.1144      1.31204      984.03      -2890.44      -1906.41      1.48779      197.41
839      22.1408      1.3089      981.675      -2888.12      -1906.44      1.48604      197.412
840      22.1672      1.30568      979.258      -2885.73      -1906.47      1.48428      197.414
841      22.1935      1.30238      976.788      -2883.29      -1906.5      1.48253      197.416
842      22.2199      1.29903      974.275      -2880.79      -1906.52      1.48079      197.418
843      22.2463      1.29564      971.729      -2878.26      -1906.53      1.47905      197.421
844      22.2727      1.29221      969.159      -2875.7      -1906.54      1.47732      197.423
845      22.2991      1.28877      966.576      -2873.13      -1906.55      1.47559      197.426
846      22.3255      1.28532      963.989      -2870.54      -1906.55      1.47386      197.428
847      22.3519      1.28188      961.408      -2867.95      -1906.55      1.47214      197.431
848      22.3783      1.27846      958.845      -2865.38      -1906.53      1.47043      197.434
849      22.4047      1.27508      956.313      -2862.83      -1906.52      1.46872      197.437
850      22.4311      1.27177      953.827      -2860.32      -1906.49      1.46701      197.44
851      22.4574      1.26854      951.404      -2857.86      -1906.46      1.46531      197.443
852      22.4838      1.26542      949.064      -2855.48      -1906.41      1.46361      197.446
853      22.5102      1.26244      946.828      -2853.18      -1906.36      1.46192      197.449
854      22.5366      1.25963      944.722      -2851.01      -1906.29      1.46024      197.453
855      22.563      1.25703      942.771      -2848.98      -1906.21      1.45856      197.456
856      22.5894      1.25467      941.005      -2847.11      -1906.11      1.45688      197.46
857      22.6158      1.25261      939.455      -2845.45      -1906      1.45521      197.464
858      22.6422      1.25087      938.153      -2844.02      -1905.87      1.45354      197.468
859      22.6686      1.24951      937.131      -2842.86      -1905.73      1.45188      197.472
860      22.6949      1.24855      936.416      -2841.98      -1905.57      1.45022      197.476
861      22.7213      1.24805      936.035      -2841.43      -1905.4      1.44857      197.48
862      22.7477      1.24801      936.009      -2841.23      -1905.22      1.44692      197.484
863      22.7741      1.24847      936.351      -2841.38      -1905.03      1.44527      197.489
864      22.8005      1.24942      937.067      -2841.91      -1904.85      1.44363      197.493
865      22.8269      1.25087      938.154      -2842.81      -1904.66      1.442      197.498
866      22.8533      1.2528      939.601      -2844.08      -1904.48      1.44037      197.503
867      22.8797      1.25518      941.388      -2845.7      -1904.32      1.43874      197.507
868      22.9061      1.25798      943.486      -2847.65      -1904.16      1.43712      197.512
869      22.9325      1.26114      945.857      -2849.89      -1904.03      1.4355      197.517
870      22.9588      1.26462      948.463      -2852.38      -1903.92      1.43388      197.521
871      22.9852      1.26834      951.257      -2855.09      -1903.83      1.43227      197.526
872      23.0116      1.27226      954.194      -2857.96      -1903.77      1.43066      197.531
873      23.038      1.2763      957.228      -2860.95      -1903.72      1.42906      197.536
874      23.0644      1.28042      960.315      -2864.02      -1903.7      1.42746      197.541
875      23.0908      1.28455      963.412      -2867.12      -1903.7      1.42586      197.545
876      23.1172      1.28864      966.481      -2870.2      -1903.72      1.42427      197.55
877      23.1436      1.29265      969.486      -2873.24      -1903.76      1.42268      197.555
878      23.17      1.29653      972.395      -2876.2      -1903.81      1.42109      197.56
879      23.1963      1.30024      975.181      -2879.06      -1903.87      1.41951      197.564
880      23.2227      1.30376      977.822      -2881.77      -1903.95      1.41793      197.569
881      23.2491      1.30706      980.297      -2884.33      -1904.04      1.41635      197.573
882      23.2755      1.31012      982.587      -2886.72      -1904.13      1.41477      197.578
883      23.3019      1.31291      984.681      -2888.91      -1904.23      1.4132      197.582
884      23.3283      1.31542      986.566      -2890.9      -1904.34      1.41163      197.586
885      23.3547      1.31765      988.236      -2892.68      -1904.45      1.41007      197.59
886      23.3811      1.31958      989.686      -2894.24      -1904.56      1.40851      197.594
887      23.4075      1.32122      990.913      -2895.58      -1904.67      1.40694      197.598
888      23.4339      1.32256      991.917      -2896.7      -1904.78      1.40539      197.602
889      23.4602      1.3236      992.7      -2897.59      -1904.89      1.40383      197.605
890      23.4866      1.32435      993.265      -2898.26      -1905      1.40228      197.609
891      23.513      1.32482      993.618      -2898.72      -1905.1      1.40073      197.612
892      23.5394      1.32502      993.765      -2898.97      -1905.21      1.39918      197.615
893      23.5658      1.32495      993.714      -2899.02      -1905.3      1.39763      197.618
894      23.5922      1.32463      993.473      -2898.87      -1905.4      1.39609      197.621
895      23.6186      1.32407      993.052      -2898.54      -1905.49      1.39455      197.624
896      23.645      1.32328      992.459      -2898.03      -1905.57      1.39301      197.626
897      23.6714      1.32227      991.705      -2897.36      -1905.65      1.39147      197.628
898      23.6977      1.32106      990.796      -2896.52      -1905.73      1.38994      197.631
899      23.7241      1.31966      989.742      -2895.54      -1905.8      1.38841      197.633
900      23.7505      1.31807      988.556      -2894.42      -1905.86      1.38688      197.634
901      23.7769      1.31633      987.246      -2893.17      -1905.92      1.38535      197.636
902      23.8033      1.31443      985.826      -2891.8      -1905.98      1.38382      197.637
903      23.8297      1.31241      984.31      -2890.33      -1906.02      1.3823      197.639
904      23.8561      1.31028      982.712      -2888.77      -1906.06      1.38078      197.64
905      23.8825      1.30807      981.052      -2887.14      -1906.09      1.37926      197.641
906      23.9089      1.3058      979.348      -2885.46      -1906.11      1.37774      197.641
907      23.9353      1.3035      977.622      -2883.74      -1906.12      1.37623      197.642
908      23.9616      1.30119      975.895      -2882.01      -1906.12      1.37471      197.642
909      23.988      1.29892      974.192      -2880.29      -1906.1      1.3732      197.643
910      24.0144      1.29672      972.537      -2878.61      -1906.08      1.37169      197.643
911      24.0408      1.2946      970.951      -2876.99      -1906.04      1.37019      197.642
912      24.0672      1.29261      969.458      -2875.45      -1905.99      1.36868      197.642
913      24.0936      1.29077      968.079      -2874.01      -1905.93      1.36718      197.642
914      24.12      1.28911      966.833      -2872.7      -1905.86      1.36568      197.641
915      24.1464      1.28765      965.735      -2871.52      -1905.79      1.36418      197.64
916      24.1728      1.28639      964.795      -2870.5      -1905.71      1.36268      197.639
917      24.1991      1.28536      964.019      -2869.64      -1905.62      1.36119      197.638
918      24.2255      1.28454      963.409      -2868.95      -1905.54      1.3597      197.636
919      24.2519      1.28395      962.961      -2868.42      -1905.46      1.35821      197.635
920      24.2783      1.28356      962.67      -2868.05      -1905.38      1.35672      197.633
921      24.3047      1.28336      962.519      -2867.84      -1905.32      1.35523      197.631
922      24.3311      1.28332      962.493      -2867.75      -1905.26      1.35375      197.629
923      24.3575      1.28343      962.573      -2867.78      -1905.21      1.35226      197.626
924      24.3839      1.28364      962.732      -2867.9      -1905.17      1.35078      197.624
925      24.4103      1.28393      962.946      -2868.09      -1905.15      1.3493      197.621
926      24.4367      1.28425      963.186      -2868.32      -1905.14      1.34783      197.618
927      24.463      1.28456      963.423      -2868.56      -1905.14      1.34635      197.615
928      24.4894      1.28483      963.626      -2868.79      -1905.16      1.34488      197.612
929      24.5158      1.28502      963.766      -2868.96      -1905.2      1.34341      197.609
930      24.5422      1.28508      963.813      -2869.06      -1905.25      1.34194      197.605
931      24.5686      1.28499      963.74      -2869.05      -1905.31      1.34048      197.602
932      24.595      1.28469      963.521      -2868.91      -1905.39      1.33901      197.598
933      24.6214      1.28418      963.133      -2868.61      -1905.47      1.33755      197.594
934      24.6478      1.28341      962.555      -2868.12      -1905.57      1.33609      197.59
935      24.6742      1.28236      961.771      -2867.45      -1905.67      1.33463      197.586
936      24.7005      1.28103      960.77      -2866.56      -1905.78      1.33318      197.581
937      24.7269      1.27939      959.546      -2865.44      -1905.9      1.33173      197.577
938      24.7533      1.27746      958.094      -2864.1      -1906.01      1.33027      197.572
939      24.7797      1.27522      956.418      -2862.54      -1906.12      1.32883      197.568
940      24.8061      1.2727      954.527      -2860.76      -1906.23      1.32738      197.563
941      24.8325      1.26991      952.432      -2858.76      -1906.33      1.32594      197.558
942      24.8589      1.26687      950.152      -2856.57      -1906.42      1.3245      197.553
943      24.8853      1.26361      947.709      -2854.21      -1906.5      1.32306      197.548
944      24.9117      1.26017      945.127      -2851.69      -1906.56      1.32162      197.543
945      24.9381      1.25658      942.435      -2849.05      -1906.62      1.32019      197.538
946      24.9644      1.25288      939.661      -2846.31      -1906.65      1.31876      197.532
947      24.9908      1.24911      936.836      -2843.51      -1906.67      1.31733      197.527
948      25.0172      1.24532      933.989      -2840.67      -1906.68      1.3159      197.521
949      25.0436      1.24154      931.153      -2837.83      -1906.67      1.31448      197.516
950      25.07      1.23781      928.354      -2835      -1906.65      1.31306      197.51
951      25.0964      1.23416      925.62      -2832.23      -1906.61      1.31164      197.505
952      25.1228      1.23063      922.975      -2829.54      -1906.57      1.31023      197.499
953      25.1492      1.22725      920.438      -2826.95      -1906.51      1.30881      197.494
954      25.1756      1.22403      918.026      -2824.47      -1906.45      1.3074      197.488
955      25.2019      1.22101      915.755      -2822.13      -1906.37      1.306      197.482
956      25.2283      1.21818      913.636      -2819.93      -1906.3      1.30459      197.476
957      25.2547      1.21557      911.676      -2817.89      -1906.22      1.30319      197.47
958      25.2811      1.21317      909.88      -2816.01      -1906.13      1.30179      197.465
959      25.3075      1.211      908.251      -2814.3      -1906.05      1.3004      197.459
960      25.3339      1.20905      906.788      -2812.75      -1905.97      1.299      197.453
961      25.3603      1.20732      905.491      -2811.37      -1905.88      1.29761      197.447
962      25.3867      1.20582      904.361      -2810.16      -1905.8      1.29622      197.441
963      25.4131      1.20453      903.397      -2809.11      -1905.72      1.29484      197.435
964      25.4395      1.20346      902.595      -2808.23      -1905.64      1.29346      197.429
965      25.4658      1.2026      901.951      -2807.51      -1905.56      1.29208      197.423
966      25.4922      1.20195      901.466      -2806.94      -1905.48      1.2907      197.417
967      25.5186      1.20152      901.138      -2806.54      -1905.4      1.28933      197.411
968      25.545      1.20129      900.971      -2806.29      -1905.32      1.28795      197.405
969      25.5714      1.20128      900.964      -2806.2      -1905.24      1.28658      197.399
970      25.5978      1.20149      901.121      -2806.28      -1905.16      1.28522      197.392
971      25.6242      1.20193      901.444      -2806.52      -1905.07      1.28385      197.386
972      25.6506      1.20259      901.941      -2806.93      -1904.99      1.28249      197.38
973      25.677      1.20349      902.615      -2807.51      -1904.9      1.28113      197.374
974      25.7033      1.20463      903.473      -2808.28      -1904.81      1.27978      197.367
975      25.7297      1.20602      904.519      -2809.23      -1904.71      1.27842      197.361
976      25.7561      1.20767      905.756      -2810.37      -1904.62      1.27707      197.355
977      25.7825      1.20959      907.189      -2811.71      -1904.52      1.27572      197.348
978      25.8089      1.21176      908.819      -2813.24      -1904.42      1.27438      197.342
979      25.8353      1.2142      910.647      -2814.97      -1904.32      1.27303      197.335
980      25.8617      1.21689      912.669      -2816.89      -1904.23      1.27169      197.328
981      25.8881      1.21984      914.88      -2819.01      -1904.13      1.27035      197.322
982      25.9145      1.22303      917.272      -2821.31      -1904.04      1.26901      197.315
983      25.9409      1.22644      919.831      -2823.79      -1903.96      1.26768      197.308
984      25.9672      1.23006      922.544      -2826.43      -1903.89      1.26635      197.301
985      25.9936      1.23385      925.39      -2829.21      -1903.82      1.26502      197.294
986      26.02      1.23779      928.346      -2832.12      -1903.77      1.26369      197.288
987      26.0464      1.24185      931.387      -2835.12      -1903.73      1.26237      197.281
988      26.0728      1.24598      934.488      -2838.19      -1903.71      1.26104      197.274
989      26.0992      1.25015      937.616      -2841.31      -1903.7      1.25972      197.267
990      26.1256      1.25432      940.741      -2844.44      -1903.7      1.25841      197.259
991      26.152      1.25844      943.832      -2847.56      -1903.72      1.25709      197.252
992      26.1784      1.26248      946.858      -2850.62      -1903.76      1.25578      197.245
993      26.2047      1.26638      949.787      -2853.6      -1903.81      1.25447      197.238
994      26.2311      1.27012      952.591      -2856.47      -1903.88      1.25316      197.231
995      26.2575      1.27366      955.244      -2859.2      -1903.96      1.25186      197.224
996      26.2839      1.27697      957.724      -2861.77      -1904.05      1.25055      197.217
997      26.3103      1.28001      960.009      -2864.16      -1904.15      1.24925      197.21
998      26.3367      1.28278      962.086      -2866.34      -1904.25      1.24796      197.202
999      26.3631      1.28526      963.943      -2868.31      -1904.36      1.24666      197.195
1000      26.3895      1.28743      965.573      -2870.05      -1904.48      1.24537      197.188
1000      26.3895      1.28743      965.573      -2870.05      -1904.48      1.24537      197.188
Execution time in seconds: 1.84127
