Timestep Time Temperature KineticEnergy PotentialEnergy TotalEnergy DiffusionConstant MeanSquareDisplacement
1      0.0158737      2.43283      1824.62      -3730.19      -1905.57      2069.82      197.134
2      0.0317474      2.43188      1823.91      -3729.84      -1905.93      1034.92      197.136
3      0.0476211      2.42998      1822.49      -3728.77      -1906.28      689.955      197.138
4      0.0634947      2.42713      1820.35      -3726.99      -1906.64      517.472      197.14
5      0.0793684      2.42333      1817.5      -3724.49      -1906.99      413.982      197.143
6      0.0952421      2.41858      1813.94      -3721.29      -1907.35      344.989      197.145
7      0.111116      2.41288      1809.66      -3717.37      -1907.71      295.709      197.147
8      0.126989      2.40622      1804.67      -3712.73      -1908.07      258.748      197.15
9      0.142863      2.3986      1798.95      -3707.38      -1908.43      230.001      197.152
10      0.158737      2.39002      1792.52      -3701.3      -1908.79      207.004      197.155
11      0.174611      2.38048      1785.36      -3694.51      -1909.15      188.187      197.157
12      0.190484      2.36996      1777.47      -3686.98      -1909.51      172.507      197.16
13      0.206358      2.35847      1768.85      -3678.73      -1909.88      159.24      197.162
14      0.222232      2.346      1759.5      -3669.75      -1910.24      147.867      197.165
15      0.238105      2.33255      1749.41      -3660.03      -1910.61      138.011      197.167
16      0.253979      2.31812      1738.59      -3649.57      -1910.98      129.387      197.17
17      0.269853      2.30269      1727.02      -3638.37      -1911.35      121.778      197.172
18      0.285726      2.28627      1714.7      -3626.43      -1911.72      115.014      197.175
19      0.3016      2.26885      1701.64      -3613.74      -1912.1      108.962      197.178
20      0.317474      2.25043      1687.83      -3600.3      -1912.47      103.515      197.18
21      0.333347      2.23101      1673.26      -3586.11      -1912.85      98.5873      197.183
22      0.349221      2.21059      1657.94      -3571.17      -1913.22      94.1073      197.186
23      0.365095      2.18916      1641.87      -3555.47      -1913.6      90.0169      197.188
24      0.380968      2.16673      1625.05      -3539.02      -1913.97      86.2674      197.191
25      0.396842      2.1433      1607.48      -3521.82      -1914.35      82.8178      197.194
26      0.412716      2.11888      1589.16      -3503.88      -1914.72      79.6336      197.196
27      0.428589      2.09346      1570.1      -3485.19      -1915.09      76.6853      197.199
28      0.444463      2.06708      1550.31      -3465.76      -1915.45      73.9475      197.202
29      0.460337      2.03972      1529.79      -3445.6      -1915.81      71.3986      197.205
30      0.476211      2.01142      1508.57      -3424.73      -1916.16      69.0196      197.207
31      0.492084      1.98219      1486.64      -3403.15      -1916.51      66.7941      197.21
32      0.507958      1.95206      1464.05      -3380.89      -1916.84      64.7077      197.213
33      0.523832      1.92105      1440.79      -3357.96      -1917.17      62.7477      197.215
34      0.539705      1.88921      1416.9      -3334.38      -1917.48      60.903      197.218
35      0.555579      1.85655      1392.41      -3310.19      -1917.77      59.1638      197.221
36      0.571453      1.82314      1367.36      -3285.41      -1918.05      57.5211      197.224
37      0.587326      1.78902      1341.76      -3260.08      -1918.31      55.9673      197.226
38      0.6032      1.75424      1315.68      -3234.23      -1918.55      54.4952      197.229
39      0.619074      1.71887      1289.15      -3207.92      -1918.77      53.0986      197.232
40      0.634947      1.68297      1262.23      -3181.18      -1918.96      51.7718      197.234
41      0.650821      1.64661      1234.96      -3154.08      -1919.12      50.5098      197.237
42      0.666695      1.60988      1207.41      -3126.67      -1919.25      49.3078      197.24
43      0.682568      1.57286      1179.65      -3099      -1919.35      48.1618      197.242
44      0.698442      1.53564      1151.73      -3071.15      -1919.42      47.0678      197.245
45      0.714316      1.49832      1123.74      -3043.19      -1919.45      46.0225      197.247
46      0.730189      1.46099      1095.74      -3015.18      -1919.44      45.0226      197.25
47      0.746063      1.42376      1067.82      -2987.21      -1919.39      44.0652      197.252
48      0.761937      1.38674      1040.05      -2959.36      -1919.3      43.1477      197.255
49      0.777811      1.35003      1012.52      -2931.69      -1919.18      42.2677      197.257
50      0.793684      1.31374      985.307      -2904.31      -1919      41.4228      197.26
51      0.809558      1.278      958.497      -2877.29      -1918.79      40.6111      197.262
52      0.825432      1.2429      932.172      -2850.71      -1918.54      39.8306      197.265
53      0.841305      1.20855      906.412      -2824.66      -1918.25      39.0795      197.267
54      0.857179      1.17506      881.298      -2799.21      -1917.91      38.3563      197.269
55      0.873053      1.14254      856.905      -2774.45      -1917.54      37.6593      197.271
56      0.888926      1.11107      833.304      -2750.44      -1917.14      36.9872      197.274
57      0.9048      1.08075      810.563      -2727.26      -1916.7      36.3387      197.276
58      0.920674      1.05166      788.742      -2704.97      -1916.23      35.7126      197.278
59      0.936547      1.02386      767.897      -2683.64      -1915.74      35.1077      197.28
60      0.952421      0.997436      748.077      -2663.3      -1915.22      34.5229      197.282
61      0.968295      0.972431      729.323      -2644      -1914.68      33.9573      197.284
62      0.984168      0.948895      711.671      -2625.8      -1914.13      33.4099      197.286
63      1.00004      0.926864      695.148      -2608.71      -1913.56      32.8799      197.288
64      1.01592      0.906363      679.772      -2592.76      -1912.98      32.3665      197.29
65      1.03179      0.88741      665.557      -2577.96      -1912.4      31.8688      197.291
66      1.04766      0.870011      652.508      -2564.33      -1911.82      31.3862      197.293
67      1.06354      0.854163      640.622      -2551.86      -1911.24      30.918      197.295
68      1.07941      0.839856      629.892      -2540.55      -1910.66      30.4636      197.296
69      1.09528      0.827069      620.302      -2530.4      -1910.09      30.0224      197.298
70      1.11116      0.815776      611.832      -2521.37      -1909.54      29.5937      197.3
71      1.12703      0.805942      604.457      -2513.45      -1908.99      29.1771      197.301
72      1.14291      0.797527      598.145      -2506.61      -1908.46      28.7721      197.303
73      1.15878      0.790484      592.863      -2500.82      -1907.95      28.3782      197.304
74      1.17465      0.784764      588.573      -2496.04      -1907.46      27.9949      197.306
75      1.19053      0.780312      585.234      -2492.23      -1906.99      27.6218      197.307
76      1.2064      0.777071      582.803      -2489.35      -1906.55      27.2585      197.308
77      1.22227      0.77498      581.235      -2487.35      -1906.12      26.9047      197.309
78      1.23815      0.773979      580.485      -2486.2      -1905.72      26.5599      197.311
79      1.25402      0.774005      580.504      -2485.84      -1905.34      26.2239      197.312
80      1.26989      0.774995      581.247      -2486.23      -1904.98      25.8963      197.313
81      1.28577      0.776886      582.664      -2487.32      -1904.65      25.5767      197.314
82      1.30164      0.779615      584.711      -2489.05      -1904.34      25.2649      197.315
83      1.31752      0.78312      587.34      -2491.4      -1904.06      24.9607      197.316
84      1.33339      0.787343      590.507      -2494.3      -1903.79      24.6636      197.317
85      1.34926      0.792223      594.167      -2497.72      -1903.55      24.3736      197.318
86      1.36514      0.797703      598.277      -2501.61      -1903.33      24.0903      197.319
87      1.38101      0.803728      602.796      -2505.93      -1903.14      23.8135      197.32
88      1.39688      0.810247      607.685      -2510.64      -1902.96      23.543      197.321
89      1.41276      0.817207      612.905      -2515.7      -1902.8      23.2786      197.322
90      1.42863      0.824561      618.421      -2521.07      -1902.65      23.02      197.323
91      1.44451      0.832262      624.196      -2526.72      -1902.53      22.7671      197.324
92      1.46038      0.840266      630.199      -2532.62      -1902.42      22.5198      197.324
93      1.47625      0.848531      636.398      -2538.72      -1902.32      22.2777      197.325
94      1.49213      0.857019      642.764      -2545.01      -1902.25      22.0408      197.326
95      1.508      0.865692      649.269      -2551.45      -1902.18      21.8088      197.326
96      1.52387      0.874514      655.886      -2558.01      -1902.13      21.5817      197.327
97      1.53975      0.883454      662.59      -2564.68      -1902.09      21.3593      197.328
98      1.55562      0.89248      669.36      -2571.42      -1902.06      21.1414      197.328
99      1.57149      0.901564      676.173      -2578.21      -1902.04      20.9279      197.329
100      1.58737      0.910677      683.008      -2585.04      -1902.03      20.7187      197.33
101      1.60324      0.919795      689.846      -2591.88      -1902.03      20.5136      197.33
102      1.61912      0.928893      696.67      -2598.71      -1902.04      20.3126      197.331
103      1.63499      0.937948      703.461      -2605.52      -1902.06      20.1154      197.331
104      1.65086      0.946941      710.206      -2612.29      -1902.09      19.9221      197.332
105      1.66674      0.95585      716.888      -2619.01      -1902.12      19.7324      197.332
106      1.68261      0.964656      723.492      -2625.65      -1902.16      19.5463      197.332
107      1.69848      0.973341      730.006      -2632.21      -1902.21      19.3636      197.333
108      1.71436      0.981888      736.416      -2638.68      -1902.26      19.1844      197.333
109      1.73023      0.990282      742.711      -2645.03      -1902.32      19.0084      197.334
110      1.74611      0.998505      748.879      -2651.27      -1902.39      18.8356      197.334
111      1.76198      1.00654      754.908      -2657.37      -1902.46      18.666      197.334
112      1.77785      1.01439      760.789      -2663.32      -1902.53      18.4994      197.335
113      1.79373      1.02202      766.512      -2669.13      -1902.61      18.3357      197.335
114      1.8096      1.02942      772.067      -2674.77      -1902.7      18.1749      197.335
115      1.82547      1.03659      777.446      -2680.24      -1902.79      18.0169      197.336
116      1.84135      1.04352      782.641      -2685.52      -1902.88      17.8616      197.336
117      1.85722      1.05019      787.644      -2690.62      -1902.98      17.7089      197.336
118      1.87309      1.0566      792.448      -2695.53      -1903.08      17.5589      197.337
119      1.88897      1.06273      797.047      -2700.23      -1903.18      17.4114      197.337
120      1.90484      1.06858      801.436      -2704.73      -1903.29      17.2663      197.337
121      1.92072      1.07415      805.609      -2709.01      -1903.4      17.1236      197.337
122      1.93659      1.07942      809.563      -2713.07      -1903.51      16.9833      197.338
123      1.95246      1.08439      813.293      -2716.91      -1903.62      16.8452      197.338
124      1.96834      1.08906      816.799      -2720.53      -1903.73      16.7094      197.338
125      1.98421      1.09344      820.077      -2723.92      -1903.85      16.5757      197.339
126      2.00008      1.0975      823.127      -2727.09      -1903.96      16.4442      197.339
127      2.01596      1.10127      825.949      -2730.03      -1904.08      16.3147      197.339
128      2.03183      1.10473      828.546      -2732.73      -1904.19      16.1873      197.339
129      2.04771      1.10789      830.918      -2735.22      -1904.3      16.0618      197.34
130      2.06358      1.11076      833.068      -2737.48      -1904.41      15.9383      197.34
131      2.07945      1.11333      835.001      -2739.52      -1904.52      15.8167      197.34
132      2.09533      1.11563      836.721      -2741.35      -1904.63      15.6969      197.34
133      2.1112      1.11764      838.234      -2742.96      -1904.73      15.5789      197.341
134      2.12707      1.11939      839.545      -2744.37      -1904.83      15.4626      197.341
135      2.14295      1.12088      840.663      -2745.59      -1904.92      15.3481      197.341
136      2.15882      1.12213      841.596      -2746.61      -1905.02      15.2353      197.341
137      2.17469      1.12313      842.351      -2747.45      -1905.1      15.1241      197.342
138      2.19057      1.12392      842.938      -2748.12      -1905.19      15.0145      197.342
139      2.20644      1.12449      843.365      -2748.63      -1905.26      14.9065      197.342
140      2.22232      1.12486      843.644      -2748.98      -1905.34      14.8001      197.343
141      2.23819      1.12504      843.783      -2749.19      -1905.41      14.6952      197.343
142      2.25406      1.12506      843.793      -2749.26      -1905.47      14.5917      197.344
143      2.26994      1.12491      843.684      -2749.21      -1905.53      14.4897      197.344
144      2.28581      1.12462      843.467      -2749.05      -1905.58      14.3891      197.344
145      2.30168      1.1242      843.152      -2748.78      -1905.63      14.2899      197.345
146      2.31756      1.12366      842.747      -2748.42      -1905.67      14.192      197.345
147      2.33343      1.12302      842.263      -2747.97      -1905.71      14.0955      197.346
148      2.34931      1.12228      841.709      -2747.45      -1905.74      14.0003      197.346
149      2.36518      1.12146      841.094      -2746.87      -1905.77      13.9064      197.347
150      2.38105      1.12057      840.427      -2746.23      -1905.8      13.8137      197.347
151      2.39693      1.11962      839.715      -2745.53      -1905.82      13.7223      197.348
152      2.4128      1.11862      838.967      -2744.8      -1905.84      13.632      197.348
153      2.42867      1.11758      838.188      -2744.04      -1905.85      13.543      197.349
154      2.44455      1.11651      837.386      -2743.25      -1905.86      13.4551      197.35
155      2.46042      1.11542      836.566      -2742.44      -1905.87      13.3683      197.35
156      2.47629      1.11432      835.736      -2741.61      -1905.87      13.2827      197.351
157      2.49217      1.1132      834.901      -2740.78      -1905.88      13.1981      197.352
158      2.50804      1.11209      834.065      -2739.94      -1905.88      13.1146      197.352
159      2.52392      1.11098      833.234      -2739.11      -1905.87      13.0322      197.353
160      2.53979      1.10988      832.414      -2738.28      -1905.87      12.9508      197.354
161      2.55566      1.10881      831.608      -2737.47      -1905.86      12.8704      197.355
162      2.57154      1.10777      830.824      -2736.67      -1905.85      12.791      197.355
163      2.58741      1.10676      830.067      -2735.9      -1905.83      12.7126      197.356
164      2.60328      1.10579      829.341      -2735.16      -1905.82      12.6351      197.357
165      2.61916      1.10487      828.654      -2734.45      -1905.8      12.5586      197.358
166      2.63503      1.10401      828.009      -2733.78      -1905.77      12.483      197.359
167      2.65091      1.10322      827.414      -2733.16      -1905.75      12.4083      197.36
168      2.66678      1.1025      826.876      -2732.59      -1905.72      12.3345      197.361
169      2.68265      1.10187      826.4      -2732.09      -1905.69      12.2616      197.361
170      2.69853      1.10133      825.994      -2731.64      -1905.65      12.1895      197.362
171      2.7144      1.10089      825.665      -2731.28      -1905.61      12.1183      197.363
172      2.73027      1.10056      825.419      -2730.99      -1905.57      12.0479      197.364
173      2.74615      1.10035      825.262      -2730.78      -1905.52      11.9783      197.365
174      2.76202      1.10027      825.2      -2730.67      -1905.47      11.9095      197.366
175      2.77789      1.10032      825.239      -2730.66      -1905.42      11.8415      197.367
176      2.79377      1.10051      825.385      -2730.75      -1905.37      11.7743      197.368
177      2.80964      1.10086      825.642      -2730.96      -1905.31      11.7079      197.369
178      2.82552      1.10135      826.012      -2731.27      -1905.26      11.6422      197.37
179      2.84139      1.102      826.497      -2731.7      -1905.2      11.5772      197.372
180      2.85726      1.1028      827.1      -2732.24      -1905.14      11.5129      197.373
181      2.87314      1.10376      827.821      -2732.9      -1905.08      11.4494      197.374
182      2.88901      1.10488      828.658      -2733.68      -1905.02      11.3865      197.375
183      2.90488      1.10615      829.609      -2734.58      -1904.97      11.3244      197.376
184      2.92076      1.10756      830.671      -2735.58      -1904.91      11.2629      197.377
185      2.93663      1.10912      831.84      -2736.7      -1904.86      11.2021      197.378
186      2.95251      1.11081      833.109      -2737.92      -1904.81      11.1419      197.379
187      2.96838      1.11263      834.474      -2739.24      -1904.76      11.0824      197.38
188      2.98425      1.11457      835.926      -2740.65      -1904.72      11.0235      197.381
189      3.00013      1.11661      837.459      -2742.14      -1904.68      10.9652      197.382
190      3.016      1.11875      839.064      -2743.71      -1904.64      10.9076      197.383
191      3.03187      1.12098      840.735      -2745.35      -1904.61      10.8505      197.384
192      3.04775      1.12328      842.462      -2747.05      -1904.59      10.7941      197.385
193      3.06362      1.12565      844.238      -2748.8      -1904.56      10.7382      197.386
194      3.07949      1.12807      846.056      -2750.6      -1904.54      10.6829      197.387
195      3.09537      1.13054      847.906      -2752.43      -1904.53      10.6282      197.388
196      3.11124      1.13304      849.784      -2754.3      -1904.52      10.574      197.389
197      3.12712      1.13557      851.68      -2756.19      -1904.51      10.5204      197.39
198      3.14299      1.13812      853.59      -2758.09      -1904.5      10.4673      197.391
199      3.15886      1.14068      855.508      -2760      -1904.5      10.4147      197.392
200      3.17474      1.14324      857.428      -2761.92      -1904.5      10.3627      197.393
201      3.19061      1.1458      859.347      -2763.85      -1904.5      10.3112      197.394
202      3.20648      1.14835      861.26      -2765.76      -1904.5      10.2602      197.395
203      3.22236      1.15089      863.164      -2767.67      -1904.51      10.2097      197.395
204      3.23823      1.15341      865.057      -2769.57      -1904.51      10.1597      197.396
205      3.25411      1.15591      866.935      -2771.46      -1904.52      10.1101      197.397
206      3.26998      1.1584      868.797      -2773.33      -1904.53      10.0611      197.398
207      3.28585      1.16085      870.641      -2775.18      -1904.54      10.0125      197.398
208      3.30173      1.16329      872.466      -2777.01      -1904.55      9.96443      197.399
209      3.3176      1.16569      874.27      -2778.83      -1904.56      9.91678      197.399
210      3.33347      1.16807      876.052      -2780.62      -1904.57      9.86959      197.4
211      3.34935      1.17041      877.811      -2782.39      -1904.58      9.82283      197.401
212      3.36522      1.17273      879.548      -2784.14      -1904.59      9.77652      197.401
213      3.38109      1.17501      881.26      -2785.86      -1904.6      9.73064      197.401
214      3.39697      1.17726      882.948      -2787.57      -1904.62      9.68519      197.402
215      3.41284      1.17948      884.611      -2789.24      -1904.63      9.64015      197.402
216      3.42872      1.18167      886.249      -2790.89      -1904.64      9.59553      197.402
217      3.44459      1.18381      887.86      -2792.52      -1904.66      9.55132      197.402
218      3.46046      1.18593      889.444      -2794.11      -1904.67      9.50752      197.402
219      3.47634      1.188      891.001      -2795.68      -1904.68      9.4641      197.402
220      3.49221      1.19004      892.529      -2797.23      -1904.7      9.42108      197.402
221      3.50808      1.19204      894.029      -2798.74      -1904.71      9.37845      197.402
222      3.52396      1.194      895.5      -2800.23      -1904.73      9.3362      197.402
223      3.53983      1.19592      896.942      -2801.68      -1904.74      9.29432      197.402
224      3.55571      1.1978      898.354      -2803.11      -1904.76      9.25282      197.402
225      3.57158      1.19965      899.736      -2804.51      -1904.77      9.21168      197.401
226      3.58745      1.20145      901.088      -2805.87      -1904.79      9.1709      197.401
227      3.60333      1.20321      902.411      -2807.21      -1904.8      9.13047      197.4
228      3.6192      1.20494      903.706      -2808.52      -1904.82      9.0904      197.4
229      3.63507      1.20663      904.973      -2809.8      -1904.83      9.05067      197.399
230      3.65095      1.20828      906.213      -2811.06      -1904.84      9.01129      197.398
231      3.66682      1.2099      907.429      -2812.28      -1904.85      8.97224      197.398
232      3.68269      1.21149      908.621      -2813.49      -1904.87      8.93353      197.397
233      3.69857      1.21305      909.791      -2814.67      -1904.88      8.89514      197.396
234      3.71444      1.21459      910.942      -2815.83      -1904.89      8.85708      197.395
235      3.73032      1.2161      912.075      -2816.97      -1904.89      8.81934      197.394
236      3.74619      1.21759      913.195      -2818.1      -1904.9      8.78192      197.392
237      3.76206      1.21907      914.303      -2819.21      -1904.91      8.7448      197.391
238      3.77794      1.22054      915.403      -2820.31      -1904.91      8.708      197.39
239      3.79381      1.222      916.499      -2821.41      -1904.91      8.6715      197.388
240      3.80968      1.22346      917.593      -2822.51      -1904.91      8.6353      197.387
241      3.82556      1.22492      918.689      -2823.6      -1904.91      8.5994      197.385
242      3.84143      1.22639      919.791      -2824.7      -1904.91      8.56379      197.383
243      3.85731      1.22787      920.901      -2825.81      -1904.9      8.52847      197.382
244      3.87318      1.22936      922.024      -2826.92      -1904.9      8.49344      197.38
245      3.88905      1.23088      923.162      -2828.05      -1904.89      8.45869      197.378
246      3.90493      1.23242      924.318      -2829.2      -1904.88      8.42422      197.376
247      3.9208      1.23399      925.496      -2830.36      -1904.87      8.39003      197.374
248      3.93667      1.2356      926.697      -2831.55      -1904.86      8.3561      197.372
249      3.95255      1.23723      927.924      -2832.77      -1904.84      8.32245      197.369
250      3.96842      1.2389      929.178      -2834.01      -1904.83      8.28907      197.367
251      3.98429      1.24061      930.461      -2835.28      -1904.82      8.25595      197.365
252      4.00017      1.24236      931.773      -2836.57      -1904.8      8.22308      197.362
253      4.01604      1.24415      933.114      -2837.9      -1904.79      8.19048      197.36
254      4.03192      1.24598      934.484      -2839.26      -1904.77      8.15813      197.357
255      4.04779      1.24784      935.881      -2840.64      -1904.76      8.12603      197.355
256      4.06366      1.24974      937.304      -2842.05      -1904.75      8.09418      197.352
257      4.07954      1.25167      938.75      -2843.48      -1904.73      8.06258      197.349
258      4.09541      1.25362      940.218      -2844.94      -1904.72      8.03122      197.347
259      4.11128      1.2556      941.703      -2846.42      -1904.72      8.0001      197.344
260      4.12716      1.2576      943.201      -2847.91      -1904.71      7.96921      197.341
261      4.14303      1.25961      944.709      -2849.41      -1904.71      7.93856      197.338
262      4.15891      1.26163      946.221      -2850.93      -1904.7      7.90815      197.335
263      4.17478      1.26364      947.733      -2852.44      -1904.71      7.87796      197.333
264      4.19065      1.26565      949.238      -2853.95      -1904.71      7.84801      197.33
265      4.20653      1.26764      950.732      -2855.45      -1904.72      7.81827      197.327
266      4.2224      1.26961      952.209      -2856.93      -1904.72      7.78876      197.324
267      4.23827      1.27155      953.661      -2858.4      -1904.74      7.75947      197.321
268      4.25415      1.27345      955.085      -2859.84      -1904.75      7.7304      197.318
269      4.27002      1.2753      956.473      -2861.24      -1904.77      7.70154      197.315
270      4.28589      1.27709      957.819      -2862.61      -1904.79      7.6729      197.311
271      4.30177      1.27882      959.119      -2863.94      -1904.82      7.64447      197.308
272      4.31764      1.28049      960.366      -2865.21      -1904.84      7.61625      197.305
273      4.33352      1.28207      961.555      -2866.43      -1904.87      7.58823      197.302
274      4.34939      1.28358      962.683      -2867.59      -1904.9      7.56042      197.299
275      4.36526      1.28499      963.744      -2868.68      -1904.94      7.53281      197.296
276      4.38114      1.28631      964.736      -2869.71      -1904.97      7.5054      197.293
277      4.39701      1.28754      965.654      -2870.66      -1905.01      7.47818      197.29
278      4.41288      1.28866      966.495      -2871.54      -1905.05      7.45117      197.287
279      4.42876      1.28968      967.259      -2872.35      -1905.09      7.42435      197.284
280      4.44463      1.29059      967.942      -2873.07      -1905.13      7.39772      197.281
281      4.46051      1.29139      968.543      -2873.71      -1905.17      7.37128      197.278
282      4.47638      1.29208      969.061      -2874.27      -1905.21      7.34503      197.275
283      4.49225      1.29266      969.496      -2874.75      -1905.25      7.31897      197.272
284      4.50813      1.29313      969.848      -2875.14      -1905.29      7.29309      197.269
285      4.524      1.29349      970.116      -2875.45      -1905.34      7.26739      197.266
286      4.53987      1.29374      970.301      -2875.68      -1905.38      7.24187      197.263
287      4.55575      1.29387      970.405      -2875.82      -1905.42      7.21654      197.26
288      4.57162      1.2939      970.428      -2875.89      -1905.46      7.19138      197.258
289      4.58749      1.29383      970.372      -2875.87      -1905.5      7.16639      197.255
290      4.60337      1.29365      970.237      -2875.77      -1905.54      7.14158      197.252
291      4.61924      1.29337      970.025      -2875.6      -1905.57      7.11695      197.249
292      4.63512      1.29298      969.738      -2875.35      -1905.61      7.09248      197.247
293      4.65099      1.2925      969.378      -2875.03      -1905.65      7.06818      197.244
294      4.66686      1.29193      968.947      -2874.63      -1905.68      7.04405      197.242
295      4.68274      1.29126      968.447      -2874.16      -1905.72      7.02008      197.239
296      4.69861      1.29051      967.879      -2873.63      -1905.75      6.99628      197.237
297      4.71448      1.28966      967.248      -2873.03      -1905.78      6.97264      197.235
298      4.73036      1.28874      966.554      -2872.37      -1905.81      6.94917      197.232
299      4.74623      1.28774      965.802      -2871.64      -1905.84      6.92585      197.23
300      4.76211      1.28666      964.993      -2870.86      -1905.87      6.90268      197.228
301      4.77798      1.28551      964.13      -2870.02      -1905.89      6.87968      197.226
302      4.79385      1.28429      963.217      -2869.14      -1905.92      6.85683      197.224
303      4.80973      1.28301      962.257      -2868.2      -1905.94      6.83413      197.222
304      4.8256      1.28167      961.254      -2867.22      -1905.96      6.81158      197.22
305      4.84147      1.28029      960.214      -2866.19      -1905.98      6.78919      197.218
306      4.85735      1.27885      959.139      -2865.14      -1906      6.76694      197.216
307      4.87322      1.27738      958.036      -2864.05      -1906.01      6.74484      197.215
308      4.88909      1.27588      956.909      -2862.93      -1906.02      6.72288      197.213
309      4.90497      1.27435      955.763      -2861.79      -1906.03      6.70107      197.211
310      4.92084      1.27281      954.604      -2860.64      -1906.04      6.6794      197.21
311      4.93672      1.27125      953.438      -2859.48      -1906.04      6.65788      197.208
312      4.95259      1.2697      952.273      -2858.31      -1906.04      6.63649      197.207
313      4.96846      1.26815      951.114      -2857.15      -1906.03      6.61524      197.206
314      4.98434      1.26662      949.968      -2855.99      -1906.03      6.59413      197.204
315      5.00021      1.26512      948.843      -2854.86      -1906.01      6.57316      197.203
316      5.01608      1.26366      947.746      -2853.75      -1906      6.55232      197.202
317      5.03196      1.26225      946.685      -2852.67      -1905.98      6.53162      197.201
318      5.04783      1.26089      945.665      -2851.62      -1905.96      6.51104      197.2
319      5.06371      1.25959      944.694      -2850.63      -1905.93      6.4906      197.199
320      5.07958      1.25837      943.779      -2849.68      -1905.91      6.47029      197.198
321      5.09545      1.25723      942.925      -2848.8      -1905.87      6.4501      197.197
322      5.11133      1.25618      942.137      -2847.98      -1905.84      6.43004      197.196
323      5.1272      1.25523      941.422      -2847.23      -1905.8      6.41011      197.196
324      5.14307      1.25438      940.784      -2846.55      -1905.76      6.3903      197.195
325      5.15895      1.25363      940.225      -2845.95      -1905.72      6.37062      197.194
326      5.17482      1.253      939.75      -2845.43      -1905.68      6.35106      197.194
327      5.19069      1.25248      939.358      -2845      -1905.64      6.33162      197.193
328      5.20657      1.25207      939.052      -2844.65      -1905.6      6.3123      197.193
329      5.22244      1.25178      938.833      -2844.39      -1905.55      6.2931      197.192
330      5.23832      1.2516      938.699      -2844.21      -1905.51      6.27402      197.192
331      5.25419      1.25153      938.651      -2844.12      -1905.47      6.25505      197.191
332      5.27006      1.25158      938.688      -2844.11      -1905.43      6.2362      197.191
333      5.28594      1.25174      938.807      -2844.19      -1905.39      6.21747      197.191
334      5.30181      1.25201      939.009      -2844.35      -1905.34      6.19885      197.191
335      5.31768      1.25239      939.291      -2844.6      -1905.3      6.18034      197.19
336      5.33356      1.25287      939.651      -2844.92      -1905.27      6.16194      197.19
337      5.34943      1.25345      940.088      -2845.32      -1905.23      6.14365      197.19
338      5.36531      1.25413      940.6      -2845.79      -1905.19      6.12548      197.19
339      5.38118      1.25491      941.186      -2846.34      -1905.15      6.10741      197.19
340      5.39705      1.25579      941.845      -2846.96      -1905.12      6.08945      197.191
341      5.41293      1.25677      942.576      -2847.66      -1905.08      6.0716      197.191
342      5.4288      1.25784      943.379      -2848.42      -1905.05      6.05386      197.191
343      5.44467      1.259      944.253      -2849.26      -1905.01      6.03622      197.191
344      5.46055      1.26027      945.199      -2850.17      -1904.97      6.01868      197.192
345      5.47642      1.26162      946.217      -2851.16      -1904.94      6.00125      197.192
346      5.49229      1.26308      947.307      -2852.21      -1904.9      5.98392      197.193
347      5.50817      1.26463      948.47      -2853.34      -1904.87      5.96669      197.193
348      5.52404      1.26628      949.707      -2854.54      -1904.83      5.94956      197.194
349      5.53992      1.26802      951.017      -2855.81      -1904.79      5.93254      197.195
350      5.55579      1.26987      952.4      -2857.16      -1904.76      5.91561      197.195
351      5.57166      1.27181      953.856      -2858.58      -1904.72      5.89878      197.196
352      5.58754      1.27385      955.385      -2860.07      -1904.68      5.88205      197.197
353      5.60341      1.27598      956.984      -2861.63      -1904.65      5.86541      197.198
354      5.61928      1.2782      958.653      -2863.27      -1904.62      5.84887      197.199
355      5.63516      1.28052      960.39      -2864.97      -1904.58      5.83243      197.2
356      5.65103      1.28292      962.192      -2866.74      -1904.55      5.81608      197.201
357      5.66691      1.28541      964.055      -2868.57      -1904.52      5.79982      197.202
358      5.68278      1.28797      965.975      -2870.47      -1904.49      5.78366      197.203
359      5.69865      1.2906      967.949      -2872.41      -1904.47      5.76759      197.205
360      5.71453      1.29329      969.97      -2874.41      -1904.44      5.75161      197.206
361      5.7304      1.29605      972.034      -2876.46      -1904.42      5.73571      197.208
362      5.74627      1.29885      974.136      -2878.54      -1904.4      5.71991      197.209
363      5.76215      1.30169      976.27      -2880.66      -1904.39      5.7042      197.211
364      5.77802      1.30457      978.429      -2882.81      -1904.38      5.68858      197.212
365      5.79389      1.30747      980.606      -2884.98      -1904.37      5.67304      197.214
366      5.80977      1.31039      982.794      -2887.16      -1904.37      5.65759      197.216
367      5.82564      1.31332      984.986      -2889.35      -1904.36      5.64223      197.218
368      5.84152      1.31624      987.177      -2891.54      -1904.37      5.62695      197.22
369      5.85739      1.31914      989.358      -2893.73      -1904.37      5.61176      197.221
370      5.87326      1.32203      991.524      -2895.9      -1904.38      5.59665      197.223
371      5.88914      1.32489      993.669      -2898.06      -1904.39      5.58162      197.226
372      5.90501      1.32771      995.786      -2900.19      -1904.41      5.56667      197.228
373      5.92088      1.33049      997.87      -2902.29      -1904.42      5.55181      197.23
374      5.93676      1.33322      999.915      -2904.36      -1904.44      5.53703      197.232
375      5.95263      1.33589      1001.92      -2906.38      -1904.47      5.52233      197.234
376      5.96851      1.3385      1003.87      -2908.36      -1904.49      5.5077      197.237
377      5.98438      1.34103      1005.77      -2910.29      -1904.52      5.49316      197.239
378      6.00025      1.34349      1007.62      -2912.17      -1904.55      5.4787      197.241
379      6.01613      1.34588      1009.41      -2913.98      -1904.58      5.46431      197.244
380      6.032      1.34818      1011.13      -2915.74      -1904.61      5.45      197.246
381      6.04787      1.3504      1012.8      -2917.44      -1904.64      5.43576      197.249
382      6.06375      1.35253      1014.4      -2919.07      -1904.67      5.42161      197.252
383      6.07962      1.35457      1015.93      -2920.63      -1904.7      5.40752      197.254
384      6.09549      1.35652      1017.39      -2922.13      -1904.74      5.39351      197.257
385      6.11137      1.35838      1018.79      -2923.56      -1904.77      5.37958      197.26
386      6.12724      1.36016      1020.12      -2924.92      -1904.81      5.36572      197.262
387      6.14312      1.36183      1021.38      -2926.22      -1904.84      5.35193      197.265
388      6.15899      1.36342      1022.57      -2927.44      -1904.88      5.33821      197.268
389      6.17486      1.36491      1023.69      -2928.6      -1904.91      5.32456      197.271
390      6.19074      1.36631      1024.74      -2929.68      -1904.95      5.31099      197.274
391      6.20661      1.36762      1025.72      -2930.7      -1904.98      5.29748      197.277
392      6.22248      1.36883      1026.63      -2931.64      -1905.02      5.28405      197.279
393      6.23836      1.36995      1027.47      -2932.52      -1905.05      5.27068      197.282
394      6.25423      1.37098      1028.23      -2933.32      -1905.09      5.25739      197.285
395      6.27011      1.37191      1028.93      -2934.05      -1905.12      5.24416      197.288
396      6.28598      1.37274      1029.55      -2934.71      -1905.16      5.23099      197.291
397      6.30185      1.37347      1030.1      -2935.3      -1905.2      5.2179      197.295
398      6.31773      1.37411      1030.58      -2935.81      -1905.23      5.20487      197.298
399      6.3336      1.37464      1030.98      -2936.25      -1905.27      5.1919      197.301
400      6.34947      1.37507      1031.3      -2936.61      -1905.31      5.17901      197.304
401      6.36535      1.3754      1031.55      -2936.9      -1905.35      5.16617      197.307
402      6.38122      1.37562      1031.71      -2937.1      -1905.39      5.1534      197.31
403      6.39709      1.37573      1031.8      -2937.23      -1905.43      5.1407      197.313
404      6.41297      1.37574      1031.8      -2937.27      -1905.47      5.12805      197.316
405      6.42884      1.37564      1031.73      -2937.24      -1905.51      5.11547      197.319
406      6.44472      1.37543      1031.57      -2937.12      -1905.55      5.10295      197.323
407      6.46059      1.37511      1031.34      -2936.93      -1905.59      5.0905      197.326
408      6.47646      1.37469      1031.02      -2936.65      -1905.63      5.0781      197.329
409      6.49234      1.37416      1030.62      -2936.29      -1905.67      5.06577      197.332
410      6.50821      1.37352      1030.14      -2935.85      -1905.71      5.05349      197.335
411      6.52408      1.37279      1029.59      -2935.34      -1905.75      5.04128      197.338
412      6.53996      1.37195      1028.96      -2934.75      -1905.78      5.02912      197.341
413      6.55583      1.37102      1028.27      -2934.09      -1905.82      5.01702      197.344
414      6.57171      1.37      1027.5      -2933.35      -1905.85      5.00498      197.348
415      6.58758      1.3689      1026.67      -2932.56      -1905.88      4.993      197.351
416      6.60345      1.36771      1025.78      -2931.7      -1905.91      4.98108      197.354
417      6.61933      1.36645      1024.84      -2930.78      -1905.94      4.96921      197.357
418      6.6352      1.36512      1023.84      -2929.81      -1905.97      4.9574      197.36
419      6.65107      1.36373      1022.8      -2928.79      -1905.99      4.94564      197.363
420      6.66695      1.36229      1021.72      -2927.72      -1906.01      4.93394      197.366
421      6.68282      1.3608      1020.6      -2926.63      -1906.02      4.9223      197.369
422      6.69869      1.35928      1019.46      -2925.49      -1906.04      4.91071      197.372
423      6.71457      1.35772      1018.29      -2924.34      -1906.05      4.89917      197.375
424      6.73044      1.35614      1017.11      -2923.16      -1906.05      4.88769      197.378
425      6.74632      1.35455      1015.91      -2921.97      -1906.06      4.87626      197.381
426      6.76219      1.35295      1014.71      -2920.77      -1906.06      4.86489      197.384
427      6.77806      1.35135      1013.51      -2919.57      -1906.06      4.85356      197.387
428      6.79394      1.34975      1012.31      -2918.37      -1906.06      4.84229      197.389
429      6.80981      1.34817      1011.13      -2917.18      -1906.05      4.83108      197.392
430      6.82568      1.3466      1009.95      -2916      -1906.05      4.81991      197.395
431      6.84156      1.34506      1008.8      -2914.84      -1906.04      4.80879      197.398
432      6.85743      1.34355      1007.66      -2913.69      -1906.03      4.79773      197.401
433      6.87331      1.34207      1006.55      -2912.57      -1906.01      4.78672      197.403
434      6.88918      1.34062      1005.47      -2911.47      -1906      4.77575      197.406
435      6.90505      1.33921      1004.41      -2910.39      -1905.99      4.76484      197.409
436      6.92093      1.33784      1003.38      -2909.35      -1905.97      4.75397      197.411
437      6.9368      1.33651      1002.38      -2908.34      -1905.96      4.74316      197.414
438      6.95267      1.33522      1001.41      -2907.35      -1905.94      4.73239      197.416
439      6.96855      1.33396      1000.47      -2906.4      -1905.93      4.72167      197.419
440      6.98442      1.33275      999.563      -2905.48      -1905.91      4.711      197.422
441      7.00029      1.33158      998.682      -2904.58      -1905.9      4.70037      197.424
442      7.01617      1.33044      997.828      -2903.71      -1905.88      4.6898      197.426
443      7.03204      1.32933      997.001      -2902.87      -1905.87      4.67927      197.429
444      7.04792      1.32826      996.197      -2902.06      -1905.86      4.66879      197.431
445      7.06379      1.32722      995.415      -2901.26      -1905.85      4.65835      197.434
446      7.07966      1.3262      994.652      -2900.49      -1905.84      4.64796      197.436
447      7.09554      1.32521      993.907      -2899.74      -1905.83      4.63761      197.438
448      7.11141      1.32424      993.177      -2899      -1905.82      4.62731      197.44
449      7.12728      1.32328      992.459      -2898.28      -1905.82      4.61706      197.443
450      7.14316      1.32234      991.753      -2897.57      -1905.81      4.60685      197.445
451      7.15903      1.32141      991.054      -2896.86      -1905.81      4.59668      197.447
452      7.17491      1.32048      990.361      -2896.17      -1905.81      4.58656      197.449
453      7.19078      1.31956      989.67      -2895.48      -1905.81      4.57649      197.451
454      7.20665      1.31864      988.981      -2894.79      -1905.81      4.56645      197.453
455      7.22253      1.31772      988.289      -2894.1      -1905.81      4.55646      197.455
456      7.2384      1.31679      987.593      -2893.4      -1905.81      4.54651      197.457
457      7.25427      1.31585      986.89      -2892.7      -1905.81      4.53661      197.459
458      7.27015      1.31491      986.179      -2892      -1905.82      4.52674      197.461
459      7.28602      1.31394      985.458      -2891.28      -1905.82      4.51692      197.462
460      7.30189      1.31296      984.722      -2890.55      -1905.83      4.50714      197.464
461      7.31777      1.31196      983.971      -2889.81      -1905.84      4.4974      197.466
462      7.33364      1.31093      983.201      -2889.05      -1905.85      4.48771      197.467
463      7.34952      1.30988      982.411      -2888.27      -1905.86      4.47805      197.469
464      7.36539      1.3088      981.598      -2887.47      -1905.87      4.46843      197.471
465      7.38126      1.30768      980.76      -2886.64      -1905.88      4.45886      197.472
466      7.39714      1.30653      979.896      -2885.79      -1905.9      4.44932      197.473
467      7.41301      1.30534      979.002      -2884.91      -1905.91      4.43983      197.475
468      7.42888      1.3041      978.077      -2884      -1905.93      4.43037      197.476
469      7.44476      1.30283      977.12      -2883.06      -1905.94      4.42095      197.477
470      7.46063      1.30151      976.129      -2882.09      -1905.96      4.41157      197.479
471      7.47651      1.30014      975.103      -2881.08      -1905.98      4.40223      197.48
472      7.49238      1.29872      974.042      -2880.04      -1905.99      4.39293      197.481
473      7.50825      1.29726      972.943      -2878.96      -1906.01      4.38366      197.482
474      7.52413      1.29574      971.807      -2877.84      -1906.03      4.37444      197.483
475      7.54      1.29418      970.633      -2876.68      -1906.05      4.36525      197.484
476      7.55587      1.29256      969.423      -2875.49      -1906.07      4.35609      197.485
477      7.57175      1.2909      968.177      -2874.26      -1906.09      4.34698      197.485
478      7.58762      1.2892      966.897      -2873      -1906.1      4.3379      197.486
479      7.60349      1.28745      965.584      -2871.7      -1906.12      4.32886      197.487
480      7.61937      1.28566      964.242      -2870.38      -1906.13      4.31985      197.487
481      7.63524      1.28383      962.873      -2869.02      -1906.15      4.31088      197.488
482      7.65112      1.28197      961.481      -2867.64      -1906.16      4.30195      197.488
483      7.66699      1.28009      960.071      -2866.24      -1906.17      4.29305      197.488
484      7.68286      1.2782      958.647      -2864.82      -1906.17      4.28418      197.489
485      7.69874      1.27629      957.214      -2863.39      -1906.18      4.27535      197.489
486      7.71461      1.27437      955.778      -2861.95      -1906.18      4.26656      197.489
487      7.73048      1.27246      954.344      -2860.52      -1906.17      4.2578      197.489
488      7.74636      1.27056      952.92      -2859.09      -1906.17      4.24907      197.489
489      7.76223      1.26868      951.511      -2857.67      -1906.16      4.24038      197.489
490      7.77811      1.26683      950.123      -2856.27      -1906.15      4.23172      197.489
491      7.79398      1.26502      948.763      -2854.9      -1906.13      4.2231      197.488
492      7.80985      1.26325      947.438      -2853.55      -1906.12      4.21451      197.488
493      7.82573      1.26154      946.153      -2852.25      -1906.09      4.20595      197.488
494      7.8416      1.25988      944.914      -2850.98      -1906.07      4.19743      197.487
495      7.85747      1.2583      943.726      -2849.77      -1906.04      4.18893      197.487
496      7.87335      1.25679      942.593      -2848.61      -1906.02      4.18048      197.486
497      7.88922      1.25536      941.52      -2847.51      -1905.99      4.17205      197.485
498      7.90509      1.25401      940.51      -2846.46      -1905.95      4.16366      197.485
499      7.92097      1.25275      939.564      -2845.49      -1905.92      4.15529      197.484
500      7.93684      1.25158      938.686      -2844.57      -1905.89      4.14696      197.483
501      7.95272      1.2505      937.875      -2843.73      -1905.85      4.13866      197.482
502      7.96859      1.24951      937.133      -2842.95      -1905.82      4.1304      197.481
503      7.98446      1.24861      936.46      -2842.25      -1905.79      4.12216      197.48
504      8.00034      1.24781      935.856      -2841.61      -1905.75      4.11396      197.478
505      8.01621      1.24709      935.319      -2841.04      -1905.72      4.10578      197.477
506      8.03208      1.24646      934.848      -2840.53      -1905.68      4.09764      197.476
507      8.04796      1.24592      934.443      -2840.09      -1905.65      4.08953      197.474
508      8.06383      1.24547      934.1      -2839.72      -1905.62      4.08145      197.473
509      8.07971      1.24509      933.818      -2839.41      -1905.59      4.0734      197.471
510      8.09558      1.24479      933.595      -2839.16      -1905.56      4.06538      197.47
511      8.11145      1.24457      933.428      -2838.96      -1905.53      4.05739      197.468
512      8.12733      1.24442      933.315      -2838.82      -1905.51      4.04943      197.466
513      8.1432      1.24434      933.252      -2838.73      -1905.48      4.0415      197.464
514      8.15907      1.24432      933.238      -2838.7      -1905.46      4.0336      197.462
515      8.17495      1.24436      933.268      -2838.71      -1905.44      4.02573      197.461
516      8.19082      1.24446      933.342      -2838.76      -1905.42      4.01788      197.459
517      8.20669      1.24461      933.454      -2838.85      -1905.4      4.01007      197.457
518      8.22257      1.2448      933.602      -2838.98      -1905.38      4.00229      197.454
519      8.23844      1.24505      933.784      -2839.15      -1905.36      3.99453      197.452
520      8.25432      1.24533      933.996      -2839.34      -1905.35      3.9868      197.45
521      8.27019      1.24565      934.235      -2839.57      -1905.34      3.97911      197.448
522      8.28606      1.246      934.498      -2839.82      -1905.32      3.97144      197.445
523      8.30194      1.24638      934.783      -2840.1      -1905.31      3.9638      197.443
524      8.31781      1.24678      935.086      -2840.39      -1905.3      3.95618      197.441
525      8.33368      1.24721      935.405      -2840.7      -1905.3      3.9486      197.438
526      8.34956      1.24765      935.736      -2841.03      -1905.29      3.94104      197.436
527      8.36543      1.2481      936.078      -2841.36      -1905.29      3.93351      197.433
528      8.38131      1.24857      936.428      -2841.71      -1905.28      3.92601      197.43
529      8.39718      1.24905      936.784      -2842.06      -1905.28      3.91853      197.428
530      8.41305      1.24953      937.145      -2842.42      -1905.28      3.91109      197.425
531      8.42893      1.25001      937.508      -2842.78      -1905.28      3.90367      197.422
532      8.4448      1.2505      937.872      -2843.15      -1905.28      3.89627      197.42
533      8.46067      1.25098      938.235      -2843.51      -1905.28      3.88891      197.417
534      8.47655      1.25146      938.597      -2843.88      -1905.28      3.88157      197.414
535      8.49242      1.25194      938.957      -2844.24      -1905.28      3.87425      197.411
536      8.50829      1.25242      939.314      -2844.59      -1905.28      3.86697      197.408
537      8.52417      1.25289      939.668      -2844.95      -1905.28      3.85971      197.405
538      8.54004      1.25336      940.018      -2845.3      -1905.28      3.85247      197.402
539      8.55592      1.25382      940.364      -2845.65      -1905.29      3.84526      197.399
540      8.57179      1.25427      940.706      -2845.99      -1905.29      3.83808      197.395
541      8.58766      1.25472      941.041      -2846.33      -1905.29      3.83093      197.392
542      8.60354      1.25516      941.37      -2846.67      -1905.3      3.8238      197.389
543      8.61941      1.25559      941.692      -2846.99      -1905.3      3.81669      197.386
544      8.63528      1.25601      942.006      -2847.31      -1905.3      3.80961      197.382
545      8.65116      1.25641      942.311      -2847.62      -1905.31      3.80256      197.379
546      8.66703      1.25681      942.607      -2847.92      -1905.31      3.79553      197.376
547      8.68291      1.25719      942.891      -2848.21      -1905.32      3.78852      197.372
548      8.69878      1.25755      943.163      -2848.49      -1905.33      3.78154      197.369
549      8.71465      1.25789      943.419      -2848.75      -1905.33      3.77459      197.365
550      8.73053      1.25821      943.658      -2849      -1905.34      3.76766      197.362
551      8.7464      1.2585      943.877      -2849.23      -1905.35      3.76075      197.358
552      8.76227      1.25877      944.074      -2849.44      -1905.36      3.75387      197.355
553      8.77815      1.25899      944.246      -2849.62      -1905.38      3.74702      197.351
554      8.79402      1.25919      944.39      -2849.78      -1905.39      3.74019      197.348
555      8.80989      1.25934      944.503      -2849.91      -1905.41      3.73338      197.344
556      8.82577      1.25944      944.582      -2850.01      -1905.43      3.7266      197.34
557      8.84164      1.2595      944.624      -2850.07      -1905.44      3.71984      197.337
558      8.85752      1.2595      944.626      -2850.09      -1905.46      3.7131      197.333
559      8.87339      1.25945      944.585      -2850.07      -1905.49      3.70639      197.329
560      8.88926      1.25933      944.498      -2850.01      -1905.51      3.6997      197.326
561      8.90514      1.25915      944.363      -2849.9      -1905.53      3.69304      197.322
562      8.92101      1.2589      944.179      -2849.74      -1905.56      3.6864      197.318
563      8.93688      1.25859      943.941      -2849.53      -1905.59      3.67978      197.315
564      8.95276      1.2582      943.65      -2849.26      -1905.61      3.67319      197.311
565      8.96863      1.25774      943.303      -2848.94      -1905.64      3.66662      197.307
566      8.98451      1.2572      942.9      -2848.57      -1905.67      3.66007      197.303
567      9.00038      1.25659      942.441      -2848.14      -1905.7      3.65355      197.3
568      9.01625      1.2559      941.926      -2847.65      -1905.72      3.64704      197.296
569      9.03213      1.25514      941.355      -2847.11      -1905.75      3.64057      197.292
570      9.048      1.2543      940.728      -2846.51      -1905.78      3.63411      197.289
571      9.06387      1.2534      940.049      -2845.85      -1905.81      3.62768      197.285
572      9.07975      1.25242      939.317      -2845.15      -1905.83      3.62127      197.281
573      9.09562      1.25138      938.536      -2844.39      -1905.86      3.61488      197.277
574      9.11149      1.25028      937.708      -2843.59      -1905.88      3.60851      197.274
575      9.12737      1.24911      936.836      -2842.74      -1905.9      3.60217      197.27
576      9.14324      1.2479      935.922      -2841.84      -1905.92      3.59585      197.266
577      9.15912      1.24663      934.97      -2840.91      -1905.94      3.58955      197.263
578      9.17499      1.24531      933.984      -2839.94      -1905.96      3.58327      197.259
579      9.19086      1.24396      932.967      -2838.94      -1905.97      3.57702      197.255
580      9.20674      1.24257      931.924      -2837.91      -1905.98      3.57078      197.252
581      9.22261      1.24114      930.858      -2836.85      -1905.99      3.56457      197.248
582      9.23848      1.2397      929.774      -2835.78      -1906      3.55838      197.244
583      9.25436      1.23823      928.675      -2834.69      -1906.01      3.55222      197.241
584      9.27023      1.23676      927.567      -2833.58      -1906.01      3.54607      197.237
585      9.28611      1.23527      926.455      -2832.47      -1906.02      3.53994      197.234
586      9.30198      1.23379      925.342      -2831.36      -1906.01      3.53384      197.23
587      9.31785      1.23231      924.235      -2830.25      -1906.01      3.52776      197.227
588      9.33373      1.23085      923.139      -2829.14      -1906.01      3.52169      197.223
589      9.3496      1.22941      922.058      -2828.05      -1906      3.51565      197.22
590      9.36547      1.228      920.997      -2826.98      -1905.99      3.50963      197.216
591      9.38135      1.22662      919.964      -2825.94      -1905.97      3.50364      197.213
592      9.39722      1.22528      918.962      -2824.92      -1905.96      3.49766      197.21
593      9.41309      1.224      917.997      -2823.93      -1905.94      3.4917      197.206
594      9.42897      1.22277      917.076      -2822.99      -1905.91      3.48576      197.203
595      9.44484      1.22161      916.204      -2822.09      -1905.89      3.47985      197.2
596      9.46072      1.22052      915.387      -2821.25      -1905.86      3.47395      197.196
597      9.47659      1.21951      914.63      -2820.46      -1905.83      3.46807      197.193
598      9.49246      1.21859      913.94      -2819.74      -1905.8      3.46222      197.19
599      9.50834      1.21776      913.323      -2819.08      -1905.76      3.45638      197.187
600      9.52421      1.21704      912.783      -2818.5      -1905.72      3.45057      197.183
601      9.54008      1.21644      912.327      -2818      -1905.68      3.44477      197.18
602      9.55596      1.21594      911.958      -2817.59      -1905.63      3.43899      197.177
603      9.57183      1.21558      911.683      -2817.27      -1905.58      3.43324      197.174
604      9.58771      1.21534      911.505      -2817.04      -1905.54      3.4275      197.171
605      9.60358      1.21524      911.428      -2816.91      -1905.48      3.42178      197.168
606      9.61945      1.21528      911.457      -2816.89      -1905.43      3.41608      197.165
607      9.63533      1.21546      911.595      -2816.97      -1905.38      3.41041      197.162
608      9.6512      1.21579      911.844      -2817.16      -1905.32      3.40475      197.159
609      9.66707      1.21628      912.206      -2817.47      -1905.26      3.39911      197.156
610      9.68295      1.21691      912.684      -2817.89      -1905.21      3.39348      197.154
611      9.69882      1.21771      913.279      -2818.43      -1905.15      3.38788      197.151
612      9.71469      1.21865      913.99      -2819.08      -1905.09      3.3823      197.148
613      9.73057      1.21976      914.818      -2819.85      -1905.03      3.37673      197.145
614      9.74644      1.22102      915.762      -2820.73      -1904.97      3.37119      197.143
615      9.76232      1.22243      916.821      -2821.74      -1904.91      3.36566      197.14
616      9.77819      1.22399      917.993      -2822.85      -1904.86      3.36015      197.137
617      9.79406      1.2257      919.274      -2824.08      -1904.8      3.35466      197.135
618      9.80994      1.22755      920.661      -2825.41      -1904.75      3.34919      197.132
619      9.82581      1.22954      922.151      -2826.85      -1904.7      3.34373      197.129
620      9.84168      1.23165      923.739      -2828.39      -1904.65      3.3383      197.127
621      9.85756      1.23389      925.419      -2830.03      -1904.61      3.33288      197.124
622      9.87343      1.23625      927.185      -2831.75      -1904.57      3.32748      197.122
623      9.88931      1.23871      929.03      -2833.56      -1904.53      3.3221      197.119
624      9.90518      1.24126      930.947      -2835.44      -1904.49      3.31673      197.117
625      9.92105      1.24391      932.93      -2837.39      -1904.46      3.31138      197.114
626      9.93693      1.24663      934.969      -2839.4      -1904.43      3.30605      197.112
627      9.9528      1.24941      937.056      -2841.47      -1904.41      3.30074      197.11
628      9.96867      1.25224      939.182      -2843.57      -1904.39      3.29545      197.107
629      9.98455      1.25512      941.338      -2845.72      -1904.38      3.29017      197.105
630      10.0004      1.25802      943.516      -2847.88      -1904.37      3.28491      197.103
631      10.0163      1.26094      945.705      -2850.07      -1904.36      3.27966      197.1
632      10.0322      1.26386      947.897      -2852.26      -1904.36      3.27444      197.098
633      10.048      1.26678      950.083      -2854.45      -1904.37      3.26923      197.096
634      10.0639      1.26967      952.254      -2856.63      -1904.38      3.26404      197.094
635      10.0798      1.27253      954.401      -2858.79      -1904.39      3.25886      197.092
636      10.0957      1.27535      956.516      -2860.92      -1904.41      3.2537      197.09
637      10.1115      1.27812      958.59      -2863.02      -1904.43      3.24856      197.087
638      10.1274      1.28082      960.617      -2865.07      -1904.45      3.24343      197.085
639      10.1433      1.28345      962.589      -2867.07      -1904.48      3.23832      197.083
640      10.1592      1.286      964.499      -2869.01      -1904.51      3.23323      197.081
641      10.175      1.28846      966.343      -2870.89      -1904.55      3.22815      197.079
642      10.1909      1.29082      968.112      -2872.7      -1904.58      3.22309      197.077
643      10.2068      1.29307      969.805      -2874.43      -1904.62      3.21804      197.075
644      10.2227      1.29522      971.415      -2876.08      -1904.67      3.21301      197.073
645      10.2385      1.29725      972.94      -2877.65      -1904.71      3.208      197.071
646      10.2544      1.29917      974.376      -2879.13      -1904.75      3.203      197.069
647      10.2703      1.30096      975.722      -2880.52      -1904.8      3.19802      197.067
648      10.2861      1.30263      976.974      -2881.82      -1904.85      3.19305      197.065
649      10.302      1.30418      978.134      -2883.03      -1904.89      3.1881      197.063
650      10.3179      1.3056      979.2      -2884.14      -1904.94      3.18317      197.061
651      10.3338      1.3069      980.172      -2885.16      -1904.99      3.17825      197.06
652      10.3496      1.30807      981.05      -2886.08      -1905.03      3.17334      197.058
653      10.3655      1.30912      981.838      -2886.92      -1905.08      3.16845      197.056
654      10.3814      1.31005      982.535      -2887.66      -1905.12      3.16358      197.054
655      10.3973      1.31086      983.144      -2888.31      -1905.17      3.15872      197.052
656      10.4131      1.31156      983.668      -2888.88      -1905.21      3.15387      197.05
657      10.429      1.31215      984.109      -2889.36      -1905.25      3.14905      197.049
658      10.4449      1.31263      984.473      -2889.76      -1905.29      3.14423      197.047
659      10.4608      1.31301      984.761      -2890.09      -1905.33      3.13943      197.045
660      10.4766      1.31331      984.979      -2890.34      -1905.36      3.13465      197.043
661      10.4925      1.31351      985.131      -2890.53      -1905.39      3.12988      197.041
662      10.5084      1.31363      985.222      -2890.65      -1905.42      3.12512      197.04
663      10.5243      1.31367      985.255      -2890.71      -1905.45      3.12038      197.038
664      10.5401      1.31365      985.235      -2890.71      -1905.48      3.11565      197.036
665      10.556      1.31356      985.168      -2890.67      -1905.5      3.11094      197.034
666      10.5719      1.31341      985.058      -2890.58      -1905.52      3.10624      197.033
667      10.5877      1.31321      984.909      -2890.45      -1905.54      3.10156      197.031
668      10.6036      1.31297      984.726      -2890.28      -1905.56      3.09689      197.029
669      10.6195      1.31268      984.513      -2890.09      -1905.57      3.09223      197.028
670      10.6354      1.31237      984.274      -2889.86      -1905.58      3.08759      197.026
671      10.6512      1.31202      984.013      -2889.61      -1905.6      3.08296      197.024
672      10.6671      1.31164      983.732      -2889.34      -1905.61      3.07835      197.023
673      10.683      1.31124      983.433      -2889.05      -1905.61      3.07375      197.021
674      10.6989      1.31083      983.121      -2888.74      -1905.62      3.06916      197.019
675      10.7147      1.31039      982.795      -2888.42      -1905.63      3.06459      197.018
676      10.7306      1.30994      982.459      -2888.09      -1905.63      3.06003      197.016
677      10.7465      1.30948      982.111      -2887.75      -1905.64      3.05549      197.015
678      10.7624      1.30901      981.754      -2887.4      -1905.64      3.05096      197.013
679      10.7782      1.30852      981.386      -2887.03      -1905.65      3.04644      197.011
680      10.7941      1.30801      981.009      -2886.66      -1905.65      3.04194      197.01
681      10.81      1.30749      980.62      -2886.28      -1905.66      3.03745      197.008
682      10.8259      1.30696      980.22      -2885.88      -1905.66      3.03297      197.007
683      10.8417      1.30641      979.806      -2885.48      -1905.67      3.02851      197.005
684      10.8576      1.30584      979.377      -2885.06      -1905.68      3.02406      197.004
685      10.8735      1.30524      978.932      -2884.62      -1905.69      3.01962      197.002
686      10.8893      1.30463      978.469      -2884.16      -1905.7      3.0152      197.001
687      10.9052      1.30398      977.985      -2883.69      -1905.71      3.01078      197
688      10.9211      1.30331      977.479      -2883.2      -1905.72      3.00639      196.998
689      10.937      1.3026      976.949      -2882.68      -1905.73      3.002      196.997
690      10.9528      1.30186      976.393      -2882.14      -1905.74      2.99763      196.996
691      10.9687      1.30108      975.81      -2881.57      -1905.76      2.99328      196.994
692      10.9846      1.30026      975.196      -2880.97      -1905.77      2.98893      196.993
693      11.0005      1.2994      974.551      -2880.34      -1905.79      2.9846      196.992
694      11.0163      1.2985      973.875      -2879.68      -1905.8      2.98028      196.991
695      11.0322      1.29755      973.164      -2878.98      -1905.82      2.97598      196.99
696      11.0481      1.29656      972.42      -2878.26      -1905.84      2.97169      196.989
697      11.064      1.29552      971.64      -2877.5      -1905.86      2.96741      196.988
698      11.0798      1.29443      970.825      -2876.7      -1905.87      2.96314      196.987
699      11.0957      1.2933      969.975      -2875.87      -1905.89      2.95889      196.986
700      11.1116      1.29212      969.089      -2875      -1905.91      2.95465      196.985
701      11.1275      1.29089      968.169      -2874.09      -1905.93      2.95042      196.984
702      11.1433      1.28962      967.215      -2873.16      -1905.94      2.94621      196.983
703      11.1592      1.2883      966.228      -2872.19      -1905.96      2.942      196.982
704      11.1751      1.28695      965.211      -2871.18      -1905.97      2.93781      196.982
705      11.1909      1.28555      964.164      -2870.15      -1905.99      2.93364      196.981
706      11.2068      1.28412      963.089      -2869.09      -1906      2.92947      196.98
707      11.2227      1.28265      961.988      -2868      -1906.01      2.92532      196.98
708      11.2386      1.28115      960.864      -2866.89      -1906.03      2.92118      196.979
709      11.2544      1.27963      959.72      -2865.76      -1906.04      2.91706      196.979
710      11.2703      1.27808      958.558      -2864.6      -1906.04      2.91294      196.979
711      11.2862      1.27651      957.382      -2863.43      -1906.05      2.90884      196.978
712      11.3021      1.27493      956.194      -2862.25      -1906.06      2.90475      196.978
713      11.3179      1.27333      954.999      -2861.06      -1906.06      2.90067      196.978
714      11.3338      1.27173      953.799      -2859.86      -1906.06      2.89661      196.978
715      11.3497      1.27013      952.6      -2858.66      -1906.06      2.89256      196.978
716      11.3656      1.26854      951.404      -2857.46      -1906.06      2.88852      196.978
717      11.3814      1.26695      950.216      -2856.27      -1906.05      2.88449      196.978
718      11.3973      1.26539      949.04      -2855.09      -1906.05      2.88047      196.978
719      11.4132      1.26384      947.881      -2853.92      -1906.04      2.87647      196.978
720      11.4291      1.26232      946.742      -2852.77      -1906.03      2.87248      196.978
721      11.4449      1.26084      945.629      -2851.64      -1906.01      2.8685      196.979
722      11.4608      1.25939      944.544      -2850.54      -1906      2.86453      196.979
723      11.4767      1.25799      943.493      -2849.47      -1905.98      2.86058      196.979
724      11.4925      1.25664      942.48      -2848.44      -1905.96      2.85663      196.98
725      11.5084      1.25535      941.509      -2847.45      -1905.94      2.8527      196.98
726      11.5243      1.25411      940.583      -2846.5      -1905.92      2.84878      196.981
727      11.5402      1.25294      939.706      -2845.6      -1905.89      2.84487      196.982
728      11.556      1.25184      938.882      -2844.75      -1905.87      2.84097      196.982
729      11.5719      1.25082      938.113      -2843.95      -1905.84      2.83709      196.983
730      11.5878      1.24987      937.403      -2843.21      -1905.81      2.83321      196.984
731      11.6037      1.249      936.753      -2842.53      -1905.78      2.82935      196.985
732      11.6195      1.24822      936.167      -2841.91      -1905.75      2.8255      196.986
733      11.6354      1.24753      935.646      -2841.36      -1905.71      2.82166      196.987
734      11.6513      1.24692      935.191      -2840.87      -1905.68      2.81783      196.988
735      11.6672      1.24641      934.804      -2840.45      -1905.64      2.81401      196.989
736      11.683      1.24598      934.485      -2840.1      -1905.61      2.8102      196.99
737      11.6989      1.24565      934.234      -2839.81      -1905.58      2.80641      196.991
738      11.7148      1.2454      934.05      -2839.59      -1905.54      2.80262      196.993
739      11.7307      1.24524      933.933      -2839.44      -1905.51      2.79885      196.994
740      11.7465      1.24518      933.882      -2839.36      -1905.48      2.79508      196.995
741      11.7624      1.24519      933.894      -2839.34      -1905.45      2.79133      196.997
742      11.7783      1.24529      933.969      -2839.38      -1905.41      2.78759      196.998
743      11.7941      1.24547      934.105      -2839.49      -1905.38      2.78386      196.999
744      11.81      1.24573      934.298      -2839.65      -1905.36      2.78014      197.001
745      11.8259      1.24606      934.546      -2839.87      -1905.33      2.77643      197.003
746      11.8418      1.24646      934.845      -2840.15      -1905.3      2.77273      197.004
747      11.8576      1.24692      935.193      -2840.47      -1905.28      2.76904      197.006
748      11.8735      1.24745      935.586      -2840.84      -1905.26      2.76536      197.007
749      11.8894      1.24803      936.02      -2841.26      -1905.24      2.76169      197.009
750      11.9053      1.24866      936.493      -2841.71      -1905.22      2.75803      197.011
751      11.9211      1.24934      937.002      -2842.2      -1905.2      2.75439      197.012
752      11.937      1.25006      937.543      -2842.73      -1905.19      2.75075      197.014
753      11.9529      1.25082      938.113      -2843.28      -1905.17      2.74712      197.016
754      11.9688      1.25161      938.709      -2843.87      -1905.16      2.7435      197.018
755      11.9846      1.25244      939.328      -2844.48      -1905.15      2.73989      197.02
756      12.0005      1.25329      939.967      -2845.1      -1905.14      2.73629      197.021
757      12.0164      1.25417      940.625      -2845.75      -1905.13      2.7327      197.023
758      12.0323      1.25506      941.299      -2846.42      -1905.12      2.72912      197.025
759      12.0481      1.25598      941.986      -2847.1      -1905.11      2.72555      197.027
760      12.064      1.25692      942.687      -2847.8      -1905.11      2.72199      197.029
761      12.0799      1.25787      943.399      -2848.5      -1905.1      2.71844      197.031
762      12.0957      1.25883      944.121      -2849.22      -1905.1      2.7149      197.033
763      12.1116      1.2598      944.852      -2849.94      -1905.09      2.71137      197.035
764      12.1275      1.26079      945.59      -2850.68      -1905.09      2.70785      197.037
765      12.1434      1.26178      946.337      -2851.42      -1905.09      2.70434      197.038
766      12.1592      1.26279      947.09      -2852.17      -1905.08      2.70083      197.04
767      12.1751      1.2638      947.849      -2852.93      -1905.08      2.69734      197.042
768      12.191      1.26482      948.616      -2853.69      -1905.08      2.69385      197.044
769      12.2069      1.26585      949.388      -2854.46      -1905.07      2.69038      197.046
770      12.2227      1.26689      950.168      -2855.24      -1905.07      2.68691      197.048
771      12.2386      1.26794      950.954      -2856.02      -1905.07      2.68345      197.05
772      12.2545      1.269      951.747      -2856.81      -1905.06      2.68      197.052
773      12.2704      1.27006      952.546      -2857.6      -1905.06      2.67656      197.054
774      12.2862      1.27113      953.351      -2858.41      -1905.06      2.67313      197.056
775      12.3021      1.27222      954.163      -2859.22      -1905.05      2.66971      197.058
776      12.318      1.27331      954.982      -2860.03      -1905.05      2.6663      197.06
777      12.3339      1.27441      955.807      -2860.85      -1905.05      2.66289      197.062
778      12.3497      1.27552      956.639      -2861.68      -1905.04      2.6595      197.064
779      12.3656      1.27664      957.478      -2862.52      -1905.04      2.65611      197.067
780      12.3815      1.27777      958.324      -2863.36      -1905.04      2.65273      197.069
781      12.3973      1.2789      959.177      -2864.21      -1905.03      2.64937      197.071
782      12.4132      1.28005      960.037      -2865.07      -1905.03      2.64601      197.073
783      12.4291      1.28121      960.906      -2865.93      -1905.02      2.64265      197.075
784      12.445      1.28238      961.782      -2866.8      -1905.02      2.63931      197.077
785      12.4608      1.28355      962.666      -2867.68      -1905.02      2.63598      197.079
786      12.4767      1.28475      963.559      -2868.57      -1905.01      2.63265      197.081
787      12.4926      1.28595      964.461      -2869.47      -1905.01      2.62934      197.083
788      12.5085      1.28716      965.373      -2870.38      -1905      2.62603      197.085
789      12.5243      1.28839      966.294      -2871.29      -1905      2.62273      197.088
790      12.5402      1.28963      967.226      -2872.22      -1904.99      2.61944      197.09
791      12.5561      1.29089      968.167      -2873.15      -1904.99      2.61615      197.092
792      12.572      1.29216      969.118      -2874.1      -1904.98      2.61288      197.094
793      12.5878      1.29344      970.078      -2875.06      -1904.98      2.60962      197.096
794      12.6037      1.29473      971.048      -2876.02      -1904.97      2.60636      197.099
795      12.6196      1.29603      972.025      -2877      -1904.97      2.60311      197.101
796      12.6355      1.29734      973.009      -2877.98      -1904.97      2.59987      197.103
797      12.6513      1.29866      973.997      -2878.96      -1904.96      2.59664      197.105
798      12.6672      1.29998      974.987      -2879.95      -1904.96      2.59341      197.108
799      12.6831      1.3013      975.978      -2880.94      -1904.96      2.5902      197.11
800      12.6989      1.30262      976.966      -2881.93      -1904.97      2.58699      197.113
801      12.7148      1.30393      977.947      -2882.92      -1904.97      2.58379      197.115
802      12.7307      1.30523      978.919      -2883.89      -1904.98      2.5806      197.117
803      12.7466      1.3065      979.877      -2884.86      -1904.98      2.57742      197.12
804      12.7624      1.30776      980.817      -2885.81      -1904.99      2.57425      197.122
805      12.7783      1.30898      981.734      -2886.74      -1905      2.57108      197.125
806      12.7942      1.31016      982.623      -2887.64      -1905.02      2.56793      197.127
807      12.8101      1.31131      983.481      -2888.52      -1905.04      2.56478      197.13
808      12.8259      1.3124      984.303      -2889.36      -1905.05      2.56164      197.132
809      12.8418      1.31345      985.085      -2890.16      -1905.07      2.5585      197.135
810      12.8577      1.31443      985.821      -2890.92      -1905.1      2.55538      197.138
811      12.8736      1.31534      986.508      -2891.63      -1905.12      2.55226      197.14
812      12.8894      1.31619      987.142      -2892.29      -1905.15      2.54915      197.143
813      12.9053      1.31696      987.721      -2892.9      -1905.18      2.54605      197.146
814      12.9212      1.31765      988.241      -2893.45      -1905.21      2.54296      197.148
815      12.9371      1.31827      988.701      -2893.94      -1905.24      2.53988      197.151
816      12.9529      1.3188      989.101      -2894.37      -1905.27      2.5368      197.154
817      12.9688      1.31925      989.439      -2894.74      -1905.3      2.53373      197.157
818      12.9847      1.31962      989.717      -2895.04      -1905.33      2.53067      197.159
819      13.0005      1.31991      989.936      -2895.29      -1905.36      2.52762      197.162
820      13.0164      1.32013      990.097      -2895.48      -1905.39      2.52457      197.165
821      13.0323      1.32027      990.204      -2895.62      -1905.41      2.52153      197.168
822      13.0482      1.32035      990.261      -2895.7      -1905.44      2.5185      197.171
823      13.064      1.32036      990.272      -2895.73      -1905.46      2.51548      197.174
824      13.0799      1.32032      990.241      -2895.72      -1905.48      2.51247      197.177
825      13.0958      1.32023      990.173      -2895.67      -1905.5      2.50946      197.18
826      13.1117      1.3201      990.075      -2895.59      -1905.51      2.50646      197.183
827      13.1275      1.31993      989.951      -2895.47      -1905.52      2.50347      197.186
828      13.1434      1.31974      989.805      -2895.34      -1905.53      2.50049      197.189
829      13.1593      1.31952      989.642      -2895.18      -1905.54      2.49751      197.193
830      13.1752      1.31929      989.466      -2895.01      -1905.55      2.49454      197.196
831      13.191      1.31904      989.28      -2894.83      -1905.55      2.49158      197.199
832      13.2069      1.31878      989.086      -2894.64      -1905.56      2.48862      197.202
833      13.2228      1.31851      988.885      -2894.45      -1905.56      2.48568      197.205
834      13.2387      1.31824      988.677      -2894.24      -1905.56      2.48274      197.209
835      13.2545      1.31795      988.46      -2894.03      -1905.57      2.47981      197.212
836      13.2704      1.31764      988.232      -2893.81      -1905.57      2.47688      197.215
837      13.2863      1.31732      987.989      -2893.57      -1905.58      2.47396      197.219
838      13.3021      1.31697      987.727      -2893.32      -1905.59      2.47105      197.222
839      13.318      1.31659      987.441      -2893.05      -1905.61      2.46815      197.225
840      13.3339      1.31617      987.124      -2892.75      -1905.62      2.46525      197.229
841      13.3498      1.3157      986.772      -2892.41      -1905.64      2.46236      197.232
842      13.3656      1.31517      986.378      -2892.04      -1905.66      2.45948      197.235
843      13.3815      1.31458      985.936      -2891.62      -1905.69      2.45661      197.239
844      13.3974      1.31392      985.44      -2891.15      -1905.71      2.45374      197.242
845      13.4133      1.31318      984.884      -2890.63      -1905.74      2.45088      197.246
846      13.4291      1.31235      984.264      -2890.04      -1905.78      2.44802      197.249
847      13.445      1.31143      983.574      -2889.39      -1905.81      2.44518      197.253
848      13.4609      1.31041      982.811      -2888.66      -1905.85      2.44234      197.256
849      13.4768      1.30929      981.971      -2887.86      -1905.89      2.4395      197.259
850      13.4926      1.30807      981.052      -2886.98      -1905.93      2.43667      197.263
851      13.5085      1.30674      980.053      -2886.02      -1905.97      2.43385      197.266
852      13.5244      1.3053      978.974      -2884.98      -1906.01      2.43104      197.27
853      13.5403      1.30375      977.814      -2883.86      -1906.05      2.42823      197.273
854      13.5561      1.3021      976.574      -2882.66      -1906.09      2.42543      197.277
855      13.572      1.30034      975.257      -2881.38      -1906.13      2.42264      197.28
856      13.5879      1.29849      973.866      -2880.03      -1906.16      2.41985      197.284
857      13.6037      1.29654      972.403      -2878.6      -1906.2      2.41707      197.287
858      13.6196      1.2945      970.873      -2877.1      -1906.23      2.41429      197.29
859      13.6355      1.29238      969.282      -2875.54      -1906.26      2.41152      197.294
860      13.6514      1.29018      967.636      -2873.92      -1906.29      2.40876      197.297
861      13.6672      1.28792      965.94      -2872.25      -1906.31      2.406      197.301
862      13.6831      1.2856      964.202      -2870.53      -1906.33      2.40325      197.304
863      13.699      1.28324      962.43      -2868.78      -1906.35      2.40051      197.307
864      13.7149      1.28085      960.634      -2866.99      -1906.36      2.39777      197.31
865      13.7307      1.27843      958.822      -2865.19      -1906.36      2.39504      197.314
866      13.7466      1.27601      957.005      -2863.37      -1906.37      2.39231      197.317
867      13.7625      1.27359      955.192      -2861.55      -1906.36      2.38959      197.32
868      13.7784      1.27119      953.393      -2859.75      -1906.35      2.38687      197.323
869      13.7942      1.26883      951.62      -2857.96      -1906.34      2.38417      197.326
870      13.8101      1.26651      949.883      -2856.2      -1906.32      2.38146      197.329
871      13.826      1.26426      948.194      -2854.49      -1906.29      2.37877      197.333
872      13.8419      1.26208      946.563      -2852.83      -1906.26      2.37607      197.336
873      13.8577      1.26      945.001      -2851.23      -1906.23      2.37339      197.339
874      13.8736      1.25803      943.52      -2849.71      -1906.19      2.37071      197.342
875      13.8895      1.25617      942.13      -2848.27      -1906.14      2.36803      197.344
876      13.9053      1.25445      940.841      -2846.93      -1906.09      2.36536      197.347
877      13.9212      1.25289      939.664      -2845.69      -1906.03      2.3627      197.35
878      13.9371      1.25148      938.608      -2844.58      -1905.97      2.36004      197.353
879      13.953      1.25024      937.681      -2843.58      -1905.9      2.35739      197.356
880      13.9688      1.24919      936.89      -2842.72      -1905.83      2.35474      197.358
881      13.9847      1.24833      936.244      -2842      -1905.76      2.3521      197.361
882      14.0006      1.24766      935.747      -2841.43      -1905.69      2.34947      197.363
883      14.0165      1.24721      935.404      -2841.01      -1905.61      2.34683      197.366
884      14.0323      1.24696      935.22      -2840.75      -1905.53      2.34421      197.368
885      14.0482      1.24693      935.196      -2840.64      -1905.45      2.34159      197.371
886      14.0641      1.24711      935.334      -2840.7      -1905.37      2.33897      197.373
887      14.08      1.24751      935.634      -2840.92      -1905.29      2.33636      197.375
888      14.0958      1.24813      936.097      -2841.3      -1905.2      2.33376      197.378
889      14.1117      1.24896      936.72      -2841.84      -1905.12      2.33116      197.38
890      14.1276      1.25      937.5      -2842.55      -1905.05      2.32856      197.382
891      14.1435      1.25125      938.435      -2843.4      -1904.97      2.32597      197.384
892      14.1593      1.25269      939.519      -2844.41      -1904.9      2.32339      197.386
893      14.1752      1.25433      940.747      -2845.57      -1904.82      2.32081      197.388
894      14.1911      1.25615      942.113      -2846.87      -1904.76      2.31824      197.39
895      14.2069      1.25815      943.612      -2848.3      -1904.69      2.31567      197.391
896      14.2228      1.26031      945.235      -2849.86      -1904.63      2.3131      197.393
897      14.2387      1.26263      946.975      -2851.55      -1904.57      2.31054      197.395
898      14.2546      1.2651      948.824      -2853.34      -1904.52      2.30799      197.396
899      14.2704      1.2677      950.773      -2855.24      -1904.47      2.30544      197.398
900      14.2863      1.27041      952.811      -2857.24      -1904.43      2.30289      197.399
901      14.3022      1.27324      954.931      -2859.32      -1904.39      2.30035      197.4
902      14.3181      1.27616      957.122      -2861.47      -1904.35      2.29782      197.402
903      14.3339      1.27916      959.373      -2863.7      -1904.32      2.29528      197.403
904      14.3498      1.28223      961.675      -2865.97      -1904.3      2.29276      197.404
905      14.3657      1.28536      964.016      -2868.3      -1904.28      2.29024      197.405
906      14.3816      1.28852      966.387      -2870.65      -1904.27      2.28772      197.406
907      14.3974      1.2917      968.775      -2873.04      -1904.26      2.28521      197.407
908      14.4133      1.2949      971.172      -2875.43      -1904.26      2.2827      197.407
909      14.4292      1.29809      973.565      -2877.83      -1904.26      2.2802      197.408
910      14.4451      1.30126      975.945      -2880.21      -1904.27      2.2777      197.409
911      14.4609      1.3044      978.302      -2882.58      -1904.28      2.2752      197.409
912      14.4768      1.3075      980.625      -2884.92      -1904.3      2.27271      197.41
913      14.4927      1.31054      982.905      -2887.23      -1904.32      2.27023      197.41
914      14.5085      1.31351      985.133      -2889.48      -1904.35      2.26775      197.411
915      14.5244      1.3164      987.299      -2891.68      -1904.38      2.26527      197.411
916      14.5403      1.31919      989.396      -2893.81      -1904.42      2.2628      197.411
917      14.5562      1.32189      991.417      -2895.87      -1904.46      2.26034      197.411
918      14.572      1.32447      993.353      -2897.85      -1904.5      2.25788      197.411
919      14.5879      1.32693      995.2      -2899.74      -1904.54      2.25542      197.411
920      14.6038      1.32927      996.952      -2901.54      -1904.59      2.25297      197.411
921      14.6197      1.33147      998.603      -2903.25      -1904.64      2.25052      197.411
922      14.6355      1.33353      1000.15      -2904.85      -1904.7      2.24807      197.411
923      14.6514      1.33545      1001.59      -2906.34      -1904.75      2.24563      197.41
924      14.6673      1.33722      1002.92      -2907.72      -1904.81      2.2432      197.41
925      14.6832      1.33884      1004.13      -2908.99      -1904.86      2.24077      197.409
926      14.699      1.34032      1005.24      -2910.16      -1904.92      2.23834      197.409
927      14.7149      1.34164      1006.23      -2911.2      -1904.97      2.23592      197.408
928      14.7308      1.34282      1007.11      -2912.14      -1905.03      2.23351      197.408
929      14.7467      1.34385      1007.88      -2912.97      -1905.08      2.23109      197.407
930      14.7625      1.34473      1008.55      -2913.69      -1905.14      2.22869      197.406
931      14.7784      1.34548      1009.11      -2914.3      -1905.19      2.22629      197.406
932      14.7943      1.3461      1009.58      -2914.81      -1905.24      2.22389      197.405
933      14.8101      1.34659      1009.94      -2915.23      -1905.28      2.22149      197.404
934      14.826      1.34697      1010.22      -2915.55      -1905.33      2.21911      197.403
935      14.8419      1.34723      1010.42      -2915.79      -1905.37      2.21672      197.402
936      14.8578      1.34739      1010.54      -2915.95      -1905.41      2.21434      197.401
937      14.8736      1.34745      1010.59      -2916.03      -1905.44      2.21197      197.4
938      14.8895      1.34743      1010.58      -2916.05      -1905.47      2.2096      197.399
939      14.9054      1.34734      1010.51      -2916      -1905.5      2.20723      197.398
940      14.9213      1.34719      1010.39      -2915.91      -1905.52      2.20487      197.397
941      14.9371      1.34698      1010.24      -2915.78      -1905.54      2.20252      197.396
942      14.953      1.34674      1010.05      -2915.61      -1905.55      2.20016      197.395
943      14.9689      1.34646      1009.84      -2915.41      -1905.56      2.19782      197.393
944      14.9848      1.34616      1009.62      -2915.19      -1905.57      2.19548      197.392
945      15.0006      1.34585      1009.39      -2914.96      -1905.57      2.19314      197.391
946      15.0165      1.34554      1009.15      -2914.73      -1905.57      2.19081      197.39
947      15.0324      1.34523      1008.93      -2914.5      -1905.57      2.18848      197.389
948      15.0483      1.34494      1008.71      -2914.27      -1905.56      2.18616      197.387
949      15.0641      1.34467      1008.5      -2914.06      -1905.56      2.18384      197.386
950      15.08      1.34443      1008.32      -2913.87      -1905.55      2.18153      197.385
951      15.0959      1.34421      1008.16      -2913.69      -1905.53      2.17922      197.384
952      15.1117      1.34403      1008.02      -2913.54      -1905.52      2.17692      197.382
953      15.1276      1.34388      1007.91      -2913.42      -1905.51      2.17462      197.381
954      15.1435      1.34377      1007.82      -2913.32      -1905.5      2.17233      197.38
955      15.1594      1.34368      1007.76      -2913.25      -1905.48      2.17004      197.379
956      15.1752      1.34363      1007.72      -2913.2      -1905.47      2.16776      197.378
957      15.1911      1.3436      1007.7      -2913.17      -1905.46      2.16548      197.376
958      15.207      1.34359      1007.7      -2913.15      -1905.46      2.16321      197.375
959      15.2229      1.3436      1007.7      -2913.15      -1905.45      2.16094      197.374
960      15.2387      1.34362      1007.72      -2913.17      -1905.45      2.15868      197.373
961      15.2546      1.34364      1007.73      -2913.18      -1905.45      2.15642      197.372
962      15.2705      1.34366      1007.74      -2913.19      -1905.45      2.15416      197.371
963      15.2864      1.34366      1007.74      -2913.2      -1905.46      2.15192      197.37
964      15.3022      1.34364      1007.73      -2913.2      -1905.47      2.14967      197.369
965      15.3181      1.34359      1007.69      -2913.17      -1905.48      2.14743      197.368
966      15.334      1.34351      1007.63      -2913.12      -1905.49      2.1452      197.366
967      15.3499      1.34338      1007.54      -2913.04      -1905.51      2.14297      197.365
968      15.3657      1.3432      1007.4      -2912.93      -1905.53      2.14074      197.364
969      15.3816      1.34297      1007.23      -2912.78      -1905.55      2.13852      197.363
970      15.3975      1.34267      1007      -2912.58      -1905.58      2.13631      197.362
971      15.4133      1.3423      1006.72      -2912.32      -1905.6      2.1341      197.361
972      15.4292      1.34185      1006.39      -2912.02      -1905.63      2.13189      197.36
973      15.4451      1.34132      1005.99      -2911.65      -1905.66      2.12969      197.36
974      15.461      1.34071      1005.53      -2911.23      -1905.69      2.12749      197.359
975      15.4768      1.34001      1005      -2910.73      -1905.73      2.1253      197.358
976      15.4927      1.33921      1004.41      -2910.17      -1905.76      2.12311      197.357
977      15.5086      1.33832      1003.74      -2909.54      -1905.8      2.12093      197.356
978      15.5245      1.33733      1003      -2908.83      -1905.84      2.11875      197.355
979      15.5403      1.33624      1002.18      -2908.05      -1905.88      2.11658      197.354
980      15.5562      1.33504      1001.28      -2907.2      -1905.91      2.11441      197.353
981      15.5721      1.33375      1000.31      -2906.26      -1905.95      2.11224      197.352
982      15.588      1.33235      999.259      -2905.25      -1905.99      2.11008      197.351
983      15.6038      1.33084      998.131      -2904.16      -1906.03      2.10792      197.35
984      15.6197      1.32923      996.925      -2903      -1906.07      2.10577      197.349
985      15.6356      1.32753      995.644      -2901.75      -1906.11      2.10362      197.348
986      15.6515      1.32572      994.288      -2900.43      -1906.15      2.10148      197.347
987      15.6673      1.32381      992.859      -2899.04      -1906.18      2.09934      197.346
988      15.6832      1.32181      991.36      -2897.58      -1906.22      2.09721      197.346
989      15.6991      1.31972      989.793      -2896.04      -1906.25      2.09508      197.345
990      15.7149      1.31755      988.163      -2894.44      -1906.28      2.09295      197.344
991      15.7308      1.3153      986.473      -2892.78      -1906.31      2.09083      197.343
992      15.7467      1.31297      984.729      -2891.07      -1906.34      2.08871      197.342
993      15.7626      1.31058      982.935      -2889.3      -1906.36      2.0866      197.341
994      15.7784      1.30813      981.097      -2887.48      -1906.38      2.08449      197.34
995      15.7943      1.30563      979.221      -2885.62      -1906.4      2.08238      197.339
996      15.8102      1.30308      977.312      -2883.73      -1906.42      2.08028      197.338
997      15.8261      1.30051      975.38      -2881.81      -1906.43      2.07819      197.337
998      15.8419      1.29791      973.43      -2879.86      -1906.44      2.07609      197.336
999      15.8578      1.29529      971.469      -2877.91      -1906.44      2.074      197.335
1000      15.8737      1.29268      969.507      -2875.95      -1906.44      2.07192      197.334
1000      15.8737      1.29268      969.507      -2875.95      -1906.44      2.07192      197.334
Execution time in seconds: 1.85287
