Timestep Time Temperature KineticEnergy PotentialEnergy TotalEnergy DiffusionConstant MeanSquareDisplacement
1      0.00535789      2.43283      1824.62      -3730.19      -1905.57      6132.15      197.132
2      0.0107158      2.43272      1824.54      -3730.15      -1905.61      3066.08      197.133
3      0.0160737      2.43251      1824.38      -3730.03      -1905.65      2044.06      197.134
4      0.0214316      2.43218      1824.14      -3729.83      -1905.69      1533.05      197.135
5      0.0267895      2.43175      1823.81      -3729.54      -1905.73      1226.45      197.135
6      0.0321474      2.43121      1823.4      -3729.18      -1905.77      1022.04      197.136
7      0.0375053      2.43056      1822.92      -3728.73      -1905.81      876.041      197.137
8      0.0428632      2.4298      1822.35      -3728.2      -1905.85      766.538      197.138
9      0.0482211      2.42893      1821.7      -3727.59      -1905.89      681.37      197.138
10      0.0535789      2.42796      1820.97      -3726.91      -1905.93      613.235      197.139
11      0.0589368      2.42688      1820.16      -3726.13      -1905.97      557.489      197.14
12      0.0642947      2.42569      1819.27      -3725.28      -1906.02      511.034      197.141
13      0.0696526      2.42439      1818.29      -3724.35      -1906.06      471.725      197.141
14      0.0750105      2.42298      1817.24      -3723.34      -1906.1      438.032      197.142
15      0.0803684      2.42147      1816.1      -3722.24      -1906.14      408.832      197.143
16      0.0857263      2.41985      1814.88      -3721.06      -1906.18      383.281      197.144
17      0.0910842      2.41811      1813.59      -3719.8      -1906.22      360.737      197.144
18      0.0964421      2.41627      1812.21      -3718.46      -1906.26      340.697      197.145
19      0.1018      2.41432      1810.74      -3717.04      -1906.3      322.767      197.146
20      0.107158      2.41227      1809.2      -3715.54      -1906.34      306.63      197.147
21      0.112516      2.4101      1807.57      -3713.96      -1906.38      292.03      197.148
22      0.117874      2.40782      1805.87      -3712.29      -1906.42      278.757      197.148
23      0.123232      2.40544      1804.08      -3710.54      -1906.46      266.638      197.149
24      0.128589      2.40294      1802.21      -3708.71      -1906.5      255.529      197.15
25      0.133947      2.40034      1800.26      -3706.8      -1906.55      245.309      197.151
26      0.139305      2.39763      1798.22      -3704.81      -1906.59      235.875      197.152
27      0.144663      2.3948      1796.1      -3702.73      -1906.63      227.14      197.152
28      0.150021      2.39187      1793.9      -3700.57      -1906.67      219.028      197.153
29      0.155379      2.38883      1791.62      -3698.33      -1906.71      211.477      197.154
30      0.160737      2.38568      1789.26      -3696.01      -1906.75      204.428      197.155
31      0.166095      2.38241      1786.81      -3693.6      -1906.79      197.835      197.156
32      0.171453      2.37904      1784.28      -3691.11      -1906.83      191.653      197.157
33      0.176811      2.37555      1781.67      -3688.54      -1906.88      185.846      197.157
34      0.182168      2.37196      1778.97      -3685.89      -1906.92      180.381      197.158
35      0.187526      2.36825      1776.19      -3683.15      -1906.96      175.228      197.159
36      0.192884      2.36444      1773.33      -3680.33      -1907      170.361      197.16
37      0.198242      2.36051      1770.38      -3677.42      -1907.04      165.758      197.161
38      0.2036      2.35647      1767.35      -3674.44      -1907.08      161.396      197.162
39      0.208958      2.35232      1764.24      -3671.36      -1907.13      157.259      197.162
40      0.214316      2.34806      1761.04      -3668.21      -1907.17      153.328      197.163
41      0.219674      2.34368      1757.76      -3664.97      -1907.21      149.589      197.164
42      0.225032      2.3392      1754.4      -3661.65      -1907.25      146.028      197.165
43      0.230389      2.3346      1750.95      -3658.24      -1907.29      142.632      197.166
44      0.235747      2.32989      1747.41      -3654.75      -1907.34      139.391      197.167
45      0.241105      2.32506      1743.8      -3651.18      -1907.38      136.294      197.168
46      0.246463      2.32013      1740.1      -3647.52      -1907.42      133.332      197.168
47      0.251821      2.31508      1736.31      -3643.77      -1907.46      130.496      197.169
48      0.257179      2.30992      1732.44      -3639.94      -1907.5      127.778      197.17
49      0.262537      2.30464      1728.48      -3636.03      -1907.55      125.17      197.171
50      0.267895      2.29926      1724.44      -3632.03      -1907.59      122.668      197.172
51      0.273253      2.29376      1720.32      -3627.95      -1907.63      120.263      197.173
52      0.278611      2.28814      1716.11      -3623.78      -1907.67      117.951      197.174
53      0.283968      2.28241      1711.81      -3619.53      -1907.72      115.726      197.175
54      0.289326      2.27657      1707.43      -3615.19      -1907.76      113.583      197.175
55      0.294684      2.27062      1702.96      -3610.76      -1907.8      111.518      197.176
56      0.300042      2.26455      1698.41      -3606.26      -1907.84      109.528      197.177
57      0.3054      2.25836      1693.77      -3601.66      -1907.89      107.607      197.178
58      0.310758      2.25207      1689.05      -3596.98      -1907.93      105.752      197.179
59      0.316116      2.24566      1684.24      -3592.21      -1907.97      103.96      197.18
60      0.321474      2.23913      1679.35      -3587.36      -1908.02      102.228      197.181
61      0.326832      2.23249      1674.37      -3582.43      -1908.06      100.552      197.182
62      0.332189      2.22574      1669.3      -3577.4      -1908.1      98.9308      197.183
63      0.337547      2.21887      1664.15      -3572.29      -1908.14      97.3609      197.184
64      0.342905      2.21188      1658.91      -3567.1      -1908.19      95.8401      197.184
65      0.348263      2.20479      1653.59      -3561.82      -1908.23      94.3661      197.185
66      0.353621      2.19758      1648.18      -3556.45      -1908.27      92.9367      197.186
67      0.358979      2.19025      1642.69      -3551      -1908.32      91.55      197.187
68      0.364337      2.18281      1637.11      -3545.47      -1908.36      90.2041      197.188
69      0.369695      2.17525      1631.44      -3539.84      -1908.4      88.8972      197.189
70      0.375053      2.16759      1625.69      -3534.13      -1908.44      87.6276      197.19
71      0.380411      2.1598      1619.85      -3528.34      -1908.49      86.3939      197.191
72      0.385768      2.15191      1613.93      -3522.46      -1908.53      85.1943      197.192
73      0.391126      2.1439      1607.92      -3516.5      -1908.57      84.0277      197.193
74      0.396484      2.13577      1601.83      -3510.45      -1908.61      82.8926      197.194
75      0.401842      2.12754      1595.65      -3504.31      -1908.66      81.7877      197.194
76      0.4072      2.11919      1589.39      -3498.09      -1908.7      80.7119      197.195
77      0.412558      2.11073      1583.04      -3491.79      -1908.74      79.6641      197.196
78      0.417916      2.10215      1576.61      -3485.4      -1908.78      78.6431      197.197
79      0.423274      2.09347      1570.1      -3478.92      -1908.82      77.648      197.198
80      0.428632      2.08467      1563.5      -3472.37      -1908.87      76.6778      197.199
81      0.433989      2.07576      1556.82      -3465.73      -1908.91      75.7315      197.2
82      0.439347      2.06674      1550.06      -3459.01      -1908.95      74.8083      197.201
83      0.444705      2.05762      1543.21      -3452.2      -1908.99      73.9073      197.202
84      0.450063      2.04838      1536.28      -3445.31      -1909.03      73.0278      197.203
85      0.455421      2.03903      1529.27      -3438.35      -1909.07      72.169      197.204
86      0.460779      2.02958      1522.18      -3431.3      -1909.11      71.3301      197.205
87      0.466137      2.02002      1515.01      -3424.16      -1909.15      70.5106      197.205
88      0.471495      2.01035      1507.76      -3416.95      -1909.19      69.7097      197.206
89      0.476853      2.00058      1500.43      -3409.66      -1909.23      68.9267      197.207
90      0.482211      1.9907      1493.02      -3402.29      -1909.27      68.1612      197.208
91      0.487568      1.98072      1485.54      -3394.85      -1909.31      67.4125      197.209
92      0.492926      1.97063      1477.97      -3387.32      -1909.35      66.6801      197.21
93      0.498284      1.96045      1470.34      -3379.72      -1909.39      65.9634      197.211
94      0.503642      1.95016      1462.62      -3372.04      -1909.42      65.2619      197.212
95      0.509      1.93977      1454.83      -3364.29      -1909.46      64.5753      197.213
96      0.514358      1.92929      1446.97      -3356.46      -1909.5      63.9029      197.214
97      0.519716      1.91871      1439.03      -3348.56      -1909.53      63.2444      197.215
98      0.525074      1.90803      1431.02      -3340.59      -1909.57      62.5994      197.216
99      0.530432      1.89726      1422.95      -3332.55      -1909.6      61.9673      197.217
100      0.535789      1.8864      1414.8      -3324.44      -1909.64      61.3479      197.217
101      0.541147      1.87544      1406.58      -3316.25      -1909.67      60.7408      197.218
102      0.546505      1.8644      1398.3      -3308      -1909.71      60.1456      197.219
103      0.551863      1.85326      1389.95      -3299.69      -1909.74      59.5619      197.22
104      0.557221      1.84204      1381.53      -3291.3      -1909.77      58.9895      197.221
105      0.562579      1.83074      1373.06      -3282.86      -1909.8      58.428      197.222
106      0.567937      1.81936      1364.52      -3274.35      -1909.83      57.877      197.223
107      0.573295      1.80789      1355.92      -3265.78      -1909.86      57.3364      197.224
108      0.578653      1.79635      1347.26      -3257.15      -1909.89      56.8058      197.225
109      0.584011      1.78473      1338.55      -3248.47      -1909.92      56.2849      197.226
110      0.589368      1.77303      1329.77      -3239.72      -1909.95      55.7735      197.227
111      0.594726      1.76127      1320.95      -3230.93      -1909.97      55.2712      197.228
112      0.600084      1.74943      1312.07      -3222.07      -1910      54.778      197.228
113      0.605442      1.73753      1303.15      -3213.17      -1910.03      54.2935      197.229
114      0.6108      1.72557      1294.17      -3204.22      -1910.05      53.8175      197.23
115      0.616158      1.71354      1285.15      -3195.23      -1910.07      53.3497      197.231
116      0.621516      1.70145      1276.09      -3186.18      -1910.09      52.8901      197.232
117      0.626874      1.68931      1266.98      -3177.1      -1910.11      52.4383      197.233
118      0.632232      1.67711      1257.84      -3167.97      -1910.13      51.9941      197.234
119      0.637589      1.66487      1248.65      -3158.8      -1910.15      51.5574      197.235
120      0.642947      1.65257      1239.43      -3149.6      -1910.17      51.128      197.236
121      0.648305      1.64024      1230.18      -3140.36      -1910.19      50.7057      197.237
122      0.653663      1.62786      1220.89      -3131.09      -1910.2      50.2903      197.237
123      0.659021      1.61544      1211.58      -3121.8      -1910.22      49.8817      197.238
124      0.664379      1.60299      1202.24      -3112.47      -1910.23      49.4796      197.239
125      0.669737      1.59051      1192.88      -3103.12      -1910.24      49.084      197.24
126      0.675095      1.578      1183.5      -3093.75      -1910.25      48.6947      197.241
127      0.680453      1.56546      1174.1      -3084.35      -1910.26      48.3114      197.242
128      0.685811      1.55291      1164.68      -3074.94      -1910.27      47.9342      197.243
129      0.691168      1.54033      1155.25      -3065.52      -1910.27      47.5629      197.244
130      0.696526      1.52775      1145.81      -3056.09      -1910.28      47.1972      197.245
131      0.701884      1.51515      1136.36      -3046.64      -1910.28      46.8371      197.245
132      0.707242      1.50255      1126.91      -3037.19      -1910.28      46.4825      197.246
133      0.7126      1.48995      1117.46      -3027.74      -1910.28      46.1332      197.247
134      0.717958      1.47734      1108.01      -3018.29      -1910.28      45.7891      197.248
135      0.723316      1.46475      1098.56      -3008.84      -1910.28      45.4501      197.249
136      0.728674      1.45216      1089.12      -2999.4      -1910.27      45.1162      197.25
137      0.734032      1.43959      1079.69      -2989.96      -1910.27      44.787      197.251
138      0.739389      1.42704      1070.28      -2980.54      -1910.26      44.4627      197.251
139      0.744747      1.41451      1060.88      -2971.13      -1910.25      44.143      197.252
140      0.750105      1.402      1051.5      -2961.74      -1910.24      43.8279      197.253
141      0.755463      1.38953      1042.15      -2952.38      -1910.23      43.5172      197.254
142      0.760821      1.37709      1032.82      -2943.04      -1910.22      43.2109      197.255
143      0.766179      1.36469      1023.52      -2933.72      -1910.2      42.909      197.256
144      0.771537      1.35234      1014.25      -2924.44      -1910.18      42.6112      197.256
145      0.776895      1.34003      1005.02      -2915.19      -1910.17      42.3175      197.257
146      0.782253      1.32777      995.829      -2905.97      -1910.15      42.0278      197.258
147      0.787611      1.31557      986.679      -2896.8      -1910.12      41.7421      197.259
148      0.792968      1.30343      977.574      -2887.67      -1910.1      41.4602      197.26
149      0.798326      1.29136      968.517      -2878.59      -1910.08      41.1821      197.261
150      0.803684      1.27935      959.513      -2869.56      -1910.05      40.9077      197.261
151      0.809042      1.26742      950.563      -2860.59      -1910.02      40.637      197.262
152      0.8144      1.25556      941.671      -2851.66      -1909.99      40.3698      197.263
153      0.819758      1.24379      932.841      -2842.8      -1909.96      40.1061      197.264
154      0.825116      1.2321      924.074      -2834      -1909.93      39.8458      197.265
155      0.830474      1.2205      915.375      -2825.27      -1909.9      39.5889      197.265
156      0.835832      1.209      906.747      -2816.61      -1909.86      39.3353      197.266
157      0.841189      1.19759      898.191      -2808.01      -1909.82      39.0849      197.267
158      0.846547      1.18628      889.712      -2799.5      -1909.78      38.8377      197.268
159      0.851905      1.17508      881.313      -2791.06      -1909.74      38.5936      197.268
160      0.857263      1.16399      872.995      -2782.7      -1909.7      38.3525      197.269
161      0.862621      1.15302      864.762      -2774.42      -1909.66      38.1144      197.27
162      0.867979      1.14216      856.617      -2766.23      -1909.62      37.8793      197.271
163      0.873337      1.13142      848.563      -2758.13      -1909.57      37.6471      197.271
164      0.878695      1.1208      840.601      -2750.12      -1909.52      37.4177      197.272
165      0.884053      1.11031      832.735      -2742.21      -1909.48      37.191      197.273
166      0.889411      1.09996      824.967      -2734.39      -1909.43      36.9671      197.274
167      0.894768      1.08973      817.299      -2726.67      -1909.38      36.7459      197.274
168      0.900126      1.07965      809.735      -2719.06      -1909.32      36.5273      197.275
169      0.905484      1.0697      802.275      -2711.55      -1909.27      36.3113      197.276
170      0.910842      1.0599      794.923      -2704.14      -1909.22      36.0978      197.277
171      0.9162      1.05024      787.68      -2696.84      -1909.16      35.8869      197.277
172      0.921558      1.04073      780.549      -2689.66      -1909.11      35.6783      197.278
173      0.926916      1.03138      773.531      -2682.58      -1909.05      35.4722      197.279
174      0.932274      1.02217      766.629      -2675.62      -1908.99      35.2685      197.279
175      0.937632      1.01312      759.844      -2668.78      -1908.93      35.0671      197.28
176      0.942989      1.00424      753.177      -2662.05      -1908.87      34.868      197.281
177      0.948347      0.995508      746.631      -2655.44      -1908.81      34.6711      197.281
178      0.953705      0.986942      740.206      -2648.96      -1908.75      34.4764      197.282
179      0.959063      0.978541      733.905      -2642.59      -1908.69      34.2839      197.283
180      0.964421      0.970305      727.729      -2636.36      -1908.63      34.0936      197.283
181      0.969779      0.962238      721.678      -2630.24      -1908.56      33.9053      197.284
182      0.975137      0.954339      715.754      -2624.25      -1908.5      33.7192      197.285
183      0.980495      0.946611      709.959      -2618.39      -1908.44      33.535      197.285
184      0.985853      0.939055      704.292      -2612.66      -1908.37      33.3529      197.286
185      0.991211      0.931672      698.754      -2607.06      -1908.31      33.1727      197.287
186      0.996568      0.924463      693.347      -2601.59      -1908.24      32.9944      197.287
187      1.00193      0.917429      688.072      -2596.25      -1908.18      32.8181      197.288
188      1.00728      0.91057      682.927      -2591.04      -1908.11      32.6436      197.289
189      1.01264      0.903887      677.915      -2585.96      -1908.04      32.471      197.289
190      1.018      0.89738      673.035      -2581.01      -1907.98      32.3002      197.29
191      1.02336      0.89105      668.288      -2576.2      -1907.91      32.1312      197.29
192      1.02872      0.884897      663.673      -2571.52      -1907.85      31.964      197.291
193      1.03407      0.878922      659.191      -2566.97      -1907.78      31.7984      197.292
194      1.03943      0.873123      654.842      -2562.55      -1907.71      31.6346      197.292
195      1.04479      0.867502      650.626      -2558.27      -1907.65      31.4725      197.293
196      1.05015      0.862057      646.543      -2554.12      -1907.58      31.312      197.293
197      1.05551      0.856788      642.591      -2550.1      -1907.51      31.1532      197.294
198      1.06086      0.851695      638.771      -2546.22      -1907.45      30.9959      197.295
199      1.06622      0.846778      635.083      -2542.47      -1907.38      30.8402      197.295
200      1.07158      0.842035      631.526      -2538.84      -1907.32      30.6861      197.296
201      1.07694      0.837465      628.099      -2535.35      -1907.25      30.5336      197.296
202      1.08229      0.833069      624.801      -2531.99      -1907.19      30.3825      197.297
203      1.08765      0.828844      621.633      -2528.76      -1907.12      30.2329      197.297
204      1.09301      0.82479      618.592      -2525.65      -1907.06      30.0848      197.298
205      1.09837      0.820905      615.679      -2522.67      -1907      29.9381      197.298
206      1.10373      0.817189      612.892      -2519.82      -1906.93      29.7929      197.299
207      1.10908      0.81364      610.23      -2517.1      -1906.87      29.649      197.299
208      1.11444      0.810256      607.692      -2514.5      -1906.81      29.5065      197.3
209      1.1198      0.807035      605.277      -2512.02      -1906.75      29.3654      197.301
210      1.12516      0.803978      602.983      -2509.67      -1906.69      29.2257      197.301
211      1.13052      0.80108      600.81      -2507.44      -1906.63      29.0872      197.302
212      1.13587      0.798342      598.756      -2505.32      -1906.57      28.9501      197.302
213      1.14123      0.79576      596.82      -2503.33      -1906.51      28.8143      197.303
214      1.14659      0.793334      595.001      -2501.45      -1906.45      28.6797      197.303
215      1.15195      0.791061      593.296      -2499.69      -1906.39      28.5464      197.304
216      1.15731      0.78894      591.705      -2498.04      -1906.34      28.4143      197.304
217      1.16266      0.786967      590.226      -2496.51      -1906.28      28.2834      197.304
218      1.16802      0.785142      588.857      -2495.08      -1906.23      28.1537      197.305
219      1.17338      0.783462      587.597      -2493.77      -1906.17      28.0252      197.305
220      1.17874      0.781925      586.444      -2492.56      -1906.12      27.8979      197.306
221      1.18409      0.780528      585.396      -2491.46      -1906.07      27.7718      197.306
222      1.18945      0.77927      584.453      -2490.47      -1906.01      27.6467      197.307
223      1.19481      0.778148      583.611      -2489.57      -1905.96      27.5228      197.307
224      1.20017      0.77716      582.87      -2488.78      -1905.91      27.4      197.308
225      1.20553      0.776304      582.228      -2488.09      -1905.86      27.2783      197.308
226      1.21088      0.775577      581.683      -2487.5      -1905.82      27.1576      197.309
227      1.21624      0.774977      581.232      -2487      -1905.77      27.0381      197.309
228      1.2216      0.774501      580.876      -2486.6      -1905.72      26.9195      197.309
229      1.22696      0.774147      580.61      -2486.29      -1905.68      26.802      197.31
230      1.23232      0.773913      580.435      -2486.07      -1905.63      26.6856      197.31
231      1.23767      0.773796      580.347      -2485.93      -1905.59      26.5701      197.311
232      1.24303      0.773795      580.346      -2485.89      -1905.54      26.4556      197.311
233      1.24839      0.773905      580.429      -2485.93      -1905.5      26.3421      197.312
234      1.25375      0.774126      580.594      -2486.06      -1905.46      26.2296      197.312
235      1.25911      0.774454      580.84      -2486.26      -1905.42      26.1181      197.312
236      1.26446      0.774887      581.165      -2486.55      -1905.38      26.0074      197.313
237      1.26982      0.775423      581.567      -2486.91      -1905.34      25.8978      197.313
238      1.27518      0.77606      582.045      -2487.35      -1905.31      25.789      197.313
239      1.28054      0.776794      582.595      -2487.87      -1905.27      25.6811      197.314
240      1.28589      0.777624      583.218      -2488.45      -1905.23      25.5742      197.314
241      1.29125      0.778546      583.91      -2489.11      -1905.2      25.4681      197.315
242      1.29661      0.77956      584.67      -2489.84      -1905.17      25.3629      197.315
243      1.30197      0.780662      585.497      -2490.63      -1905.13      25.2586      197.315
244      1.30733      0.78185      586.388      -2491.49      -1905.1      25.1551      197.316
245      1.31268      0.783122      587.342      -2492.41      -1905.07      25.0525      197.316
246      1.31804      0.784476      588.357      -2493.4      -1905.04      24.9507      197.316
247      1.3234      0.785909      589.431      -2494.44      -1905.01      24.8497      197.317
248      1.32876      0.787418      590.564      -2495.55      -1904.98      24.7496      197.317
249      1.33412      0.789002      591.752      -2496.71      -1904.95      24.6502      197.317
250      1.33947      0.790659      592.994      -2497.92      -1904.93      24.5517      197.318
251      1.34483      0.792386      594.29      -2499.19      -1904.9      24.4539      197.318
252      1.35019      0.794181      595.636      -2500.51      -1904.88      24.3569      197.318
253      1.35555      0.796042      597.031      -2501.88      -1904.85      24.2606      197.319
254      1.36091      0.797967      598.475      -2503.3      -1904.83      24.1652      197.319
255      1.36626      0.799953      599.965      -2504.77      -1904.8      24.0704      197.319
256      1.37162      0.802      601.5      -2506.28      -1904.78      23.9765      197.32
257      1.37698      0.804103      603.078      -2507.84      -1904.76      23.8832      197.32
258      1.38234      0.806263      604.697      -2509.44      -1904.74      23.7907      197.32
259      1.38769      0.808476      606.357      -2511.08      -1904.72      23.6988      197.321
260      1.39305      0.810741      608.056      -2512.76      -1904.7      23.6077      197.321
261      1.39841      0.813056      609.792      -2514.47      -1904.68      23.5173      197.321
262      1.40377      0.815419      611.564      -2516.23      -1904.66      23.4276      197.321
263      1.40913      0.817828      613.371      -2518.02      -1904.65      23.3385      197.322
264      1.41448      0.820282      615.211      -2519.84      -1904.63      23.2502      197.322
265      1.41984      0.822777      617.083      -2521.7      -1904.62      23.1625      197.322
266      1.4252      0.825314      618.986      -2523.59      -1904.6      23.0754      197.323
267      1.43056      0.82789      620.917      -2525.5      -1904.59      22.989      197.323
268      1.43592      0.830502      622.877      -2527.45      -1904.57      22.9033      197.323
269      1.44127      0.83315      624.863      -2529.42      -1904.56      22.8182      197.323
270      1.44663      0.835833      626.874      -2531.42      -1904.55      22.7337      197.324
271      1.45199      0.838547      628.91      -2533.44      -1904.53      22.6498      197.324
272      1.45735      0.841292      630.969      -2535.49      -1904.52      22.5666      197.324
273      1.46271      0.844067      633.05      -2537.56      -1904.51      22.484      197.324
274      1.46806      0.846869      635.151      -2539.65      -1904.5      22.4019      197.325
275      1.47342      0.849697      637.273      -2541.76      -1904.49      22.3205      197.325
276      1.47878      0.85255      639.412      -2543.9      -1904.48      22.2397      197.325
277      1.48414      0.855426      641.569      -2546.04      -1904.47      22.1594      197.325
278      1.48949      0.858324      643.743      -2548.21      -1904.47      22.0797      197.326
279      1.49485      0.861242      645.931      -2550.39      -1904.46      22.0006      197.326
280      1.50021      0.864179      648.134      -2552.59      -1904.45      21.9221      197.326
281      1.50557      0.867134      650.35      -2554.8      -1904.45      21.8441      197.326
282      1.51093      0.870105      652.579      -2557.02      -1904.44      21.7666      197.327
283      1.51628      0.873092      654.819      -2559.25      -1904.43      21.6897      197.327
284      1.52164      0.876092      657.069      -2561.5      -1904.43      21.6134      197.327
285      1.527      0.879105      659.329      -2563.75      -1904.42      21.5376      197.327
286      1.53236      0.882129      661.597      -2566.02      -1904.42      21.4623      197.327
287      1.53772      0.885164      663.873      -2568.29      -1904.42      21.3875      197.328
288      1.54307      0.888208      666.156      -2570.57      -1904.41      21.3133      197.328
289      1.54843      0.89126      668.445      -2572.86      -1904.41      21.2396      197.328
290      1.55379      0.894319      670.739      -2575.15      -1904.41      21.1663      197.328
291      1.55915      0.897384      673.038      -2577.44      -1904.41      21.0936      197.329
292      1.56451      0.900453      675.34      -2579.74      -1904.4      21.0214      197.329
293      1.56986      0.903526      677.645      -2582.05      -1904.4      20.9497      197.329
294      1.57522      0.906602      679.952      -2584.35      -1904.4      20.8785      197.329
295      1.58058      0.90968      682.26      -2586.66      -1904.4      20.8077      197.329
296      1.58594      0.912758      684.569      -2588.97      -1904.4      20.7374      197.329
297      1.59129      0.915836      686.877      -2591.28      -1904.4      20.6676      197.33
298      1.59665      0.918913      689.185      -2593.59      -1904.4      20.5983      197.33
299      1.60201      0.921988      691.491      -2595.89      -1904.4      20.5294      197.33
300      1.60737      0.925061      693.796      -2598.2      -1904.4      20.461      197.33
301      1.61273      0.928129      696.097      -2600.5      -1904.41      20.393      197.33
302      1.61808      0.931193      698.395      -2602.8      -1904.41      20.3255      197.331
303      1.62344      0.934251      700.688      -2605.1      -1904.41      20.2585      197.331
304      1.6288      0.937303      702.977      -2607.39      -1904.41      20.1918      197.331
305      1.63416      0.940348      705.261      -2609.68      -1904.41      20.1257      197.331
306      1.63952      0.943385      707.539      -2611.96      -1904.42      20.0599      197.331
307      1.64487      0.946414      709.81      -2614.23      -1904.42      19.9946      197.331
308      1.65023      0.949433      712.075      -2616.5      -1904.42      19.9297      197.332
309      1.65559      0.952442      714.331      -2618.76      -1904.43      19.8652      197.332
310      1.66095      0.95544      716.58      -2621.01      -1904.43      19.8011      197.332
311      1.66631      0.958426      718.82      -2623.26      -1904.44      19.7375      197.332
312      1.67166      0.9614      721.05      -2625.49      -1904.44      19.6742      197.332
313      1.67702      0.964361      723.27      -2627.72      -1904.45      19.6114      197.332
314      1.68238      0.967308      725.481      -2629.93      -1904.45      19.549      197.332
315      1.68774      0.97024      727.68      -2632.14      -1904.46      19.4869      197.333
316      1.69309      0.973158      729.869      -2634.33      -1904.46      19.4253      197.333
317      1.69845      0.97606      732.045      -2636.51      -1904.47      19.364      197.333
318      1.70381      0.978946      734.209      -2638.68      -1904.48      19.3031      197.333
319      1.70917      0.981814      736.361      -2640.84      -1904.48      19.2426      197.333
320      1.71453      0.984666      738.499      -2642.99      -1904.49      19.1825      197.333
321      1.71988      0.987499      740.624      -2645.12      -1904.5      19.1227      197.333
322      1.72524      0.990313      742.735      -2647.24      -1904.5      19.0634      197.334
323      1.7306      0.993108      744.831      -2649.34      -1904.51      19.0044      197.334
324      1.73596      0.995883      746.912      -2651.43      -1904.52      18.9457      197.334
325      1.74132      0.998637      748.978      -2653.5      -1904.53      18.8874      197.334
326      1.74667      1.00137      751.028      -2655.56      -1904.53      18.8295      197.334
327      1.75203      1.00408      753.061      -2657.6      -1904.54      18.7719      197.334
328      1.75739      1.00677      755.078      -2659.63      -1904.55      18.7147      197.334
329      1.76275      1.00944      757.079      -2661.64      -1904.56      18.6579      197.334
330      1.76811      1.01208      759.062      -2663.63      -1904.57      18.6013      197.335
331      1.77346      1.0147      761.027      -2665.6      -1904.58      18.5451      197.335
332      1.77882      1.0173      762.974      -2667.56      -1904.59      18.4893      197.335
333      1.78418      1.01987      764.903      -2669.5      -1904.59      18.4338      197.335
334      1.78954      1.02242      766.813      -2671.42      -1904.6      18.3786      197.335
335      1.79489      1.02494      768.703      -2673.32      -1904.61      18.3237      197.335
336      1.80025      1.02743      770.575      -2675.2      -1904.62      18.2692      197.335
337      1.80561      1.0299      772.426      -2677.06      -1904.63      18.215      197.335
338      1.81097      1.03234      774.257      -2678.9      -1904.64      18.1611      197.335
339      1.81633      1.03476      776.068      -2680.72      -1904.65      18.1076      197.336
340      1.82168      1.03714      777.858      -2682.52      -1904.66      18.0543      197.336
341      1.82704      1.0395      779.627      -2684.3      -1904.67      18.0014      197.336
342      1.8324      1.04183      781.374      -2686.06      -1904.69      17.9488      197.336
343      1.83776      1.04413      783.1      -2687.8      -1904.7      17.8964      197.336
344      1.84312      1.04641      784.804      -2689.51      -1904.71      17.8444      197.336
345      1.84847      1.04865      786.486      -2691.2      -1904.72      17.7927      197.336
346      1.85383      1.05086      788.145      -2692.87      -1904.73      17.7413      197.336
347      1.85919      1.05304      789.782      -2694.52      -1904.74      17.6902      197.336
348      1.86455      1.05519      791.395      -2696.15      -1904.75      17.6394      197.337
349      1.86991      1.05731      792.986      -2697.75      -1904.76      17.5888      197.337
350      1.87526      1.0594      794.553      -2699.33      -1904.78      17.5386      197.337
351      1.88062      1.06146      796.096      -2700.88      -1904.79      17.4886      197.337
352      1.88598      1.06349      797.615      -2702.41      -1904.8      17.4389      197.337
353      1.89134      1.06548      799.11      -2703.92      -1904.81      17.3896      197.337
354      1.89669      1.06744      800.581      -2705.41      -1904.82      17.3404      197.337
355      1.90205      1.06937      802.028      -2706.86      -1904.84      17.2916      197.337
356      1.90741      1.07127      803.45      -2708.3      -1904.85      17.243      197.337
357      1.91277      1.07313      804.847      -2709.71      -1904.86      17.1947      197.337
358      1.91813      1.07496      806.219      -2711.09      -1904.87      17.1467      197.337
359      1.92348      1.07675      807.566      -2712.45      -1904.89      17.099      197.338
360      1.92884      1.07852      808.888      -2713.79      -1904.9      17.0515      197.338
361      1.9342      1.08025      810.184      -2715.1      -1904.91      17.0042      197.338
362      1.93956      1.08194      811.455      -2716.38      -1904.92      16.9573      197.338
363      1.94492      1.0836      812.701      -2717.64      -1904.94      16.9106      197.338
364      1.95027      1.08523      813.921      -2718.87      -1904.95      16.8641      197.338
365      1.95563      1.08682      815.115      -2720.08      -1904.96      16.8179      197.338
366      1.96099      1.08838      816.283      -2721.26      -1904.98      16.772      197.338
367      1.96635      1.0899      817.425      -2722.41      -1904.99      16.7263      197.338
368      1.97171      1.09139      818.542      -2723.54      -1905      16.6809      197.338
369      1.97706      1.09284      819.632      -2724.65      -1905.01      16.6357      197.338
370      1.98242      1.09426      820.697      -2725.72      -1905.03      16.5907      197.338
371      1.98778      1.09565      821.735      -2726.78      -1905.04      16.546      197.339
372      1.99314      1.097      822.748      -2727.8      -1905.05      16.5015      197.339
373      1.99849      1.09831      823.735      -2728.8      -1905.07      16.4573      197.339
374      2.00385      1.09959      824.696      -2729.78      -1905.08      16.4133      197.339
375      2.00921      1.10084      825.631      -2730.72      -1905.09      16.3695      197.339
376      2.01457      1.10205      826.54      -2731.65      -1905.11      16.326      197.339
377      2.01993      1.10323      827.423      -2732.54      -1905.12      16.2827      197.339
378      2.02528      1.10437      828.281      -2733.41      -1905.13      16.2396      197.339
379      2.03064      1.10548      829.113      -2734.26      -1905.14      16.1968      197.339
380      2.036      1.10656      829.92      -2735.08      -1905.16      16.1542      197.339
381      2.04136      1.1076      830.701      -2735.87      -1905.17      16.1118      197.339
382      2.04672      1.10861      831.457      -2736.64      -1905.18      16.0696      197.34
383      2.05207      1.10958      832.188      -2737.38      -1905.19      16.0277      197.34
384      2.05743      1.11052      832.894      -2738.1      -1905.21      15.9859      197.34
385      2.06279      1.11143      833.575      -2738.79      -1905.22      15.9444      197.34
386      2.06815      1.11231      834.231      -2739.46      -1905.23      15.9031      197.34
387      2.07351      1.11315      834.863      -2740.11      -1905.24      15.862      197.34
388      2.07886      1.11396      835.47      -2740.73      -1905.26      15.8212      197.34
389      2.08422      1.11474      836.054      -2741.32      -1905.27      15.7805      197.34
390      2.08958      1.11548      836.613      -2741.89      -1905.28      15.74      197.34
391      2.09494      1.1162      837.149      -2742.44      -1905.29      15.6998      197.34
392      2.10029      1.11688      837.662      -2742.97      -1905.3      15.6597      197.34
393      2.10565      1.11753      838.151      -2743.47      -1905.31      15.6199      197.341
394      2.11101      1.11816      838.618      -2743.94      -1905.33      15.5803      197.341
395      2.11637      1.11875      839.062      -2744.4      -1905.34      15.5408      197.341
396      2.12173      1.11931      839.483      -2744.83      -1905.35      15.5016      197.341
397      2.12708      1.11984      839.882      -2745.24      -1905.36      15.4626      197.341
398      2.13244      1.12035      840.26      -2745.63      -1905.37      15.4237      197.341
399      2.1378      1.12082      840.616      -2746      -1905.38      15.3851      197.341
400      2.14316      1.12127      840.951      -2746.34      -1905.39      15.3466      197.341
401      2.14852      1.12169      841.265      -2746.67      -1905.4      15.3083      197.341
402      2.15387      1.12208      841.559      -2746.97      -1905.41      15.2703      197.341
403      2.15923      1.12244      841.832      -2747.25      -1905.42      15.2324      197.342
404      2.16459      1.12278      842.086      -2747.52      -1905.43      15.1947      197.342
405      2.16995      1.12309      842.32      -2747.76      -1905.44      15.1572      197.342
406      2.17531      1.12338      842.535      -2747.99      -1905.45      15.1199      197.342
407      2.18066      1.12364      842.731      -2748.19      -1905.46      15.0827      197.342
408      2.18602      1.12388      842.909      -2748.38      -1905.47      15.0458      197.342
409      2.19138      1.12409      843.069      -2748.55      -1905.48      15.009      197.342
410      2.19674      1.12428      843.211      -2748.7      -1905.49      14.9724      197.342
411      2.20209      1.12445      843.335      -2748.83      -1905.5      14.936      197.342
412      2.20745      1.12459      843.443      -2748.95      -1905.5      14.8997      197.342
413      2.21281      1.12471      843.534      -2749.05      -1905.51      14.8636      197.343
414      2.21817      1.12481      843.608      -2749.13      -1905.52      14.8278      197.343
415      2.22353      1.12489      843.667      -2749.2      -1905.53      14.792      197.343
416      2.22888      1.12495      843.711      -2749.25      -1905.54      14.7565      197.343
417      2.23424      1.12499      843.74      -2749.28      -1905.54      14.7211      197.343
418      2.2396      1.12501      843.754      -2749.31      -1905.55      14.6859      197.343
419      2.24496      1.12501      843.754      -2749.31      -1905.56      14.6509      197.343
420      2.25032      1.12499      843.74      -2749.31      -1905.57      14.616      197.343
421      2.25567      1.12495      843.712      -2749.28      -1905.57      14.5813      197.344
422      2.26103      1.1249      843.672      -2749.25      -1905.58      14.5467      197.344
423      2.26639      1.12483      843.619      -2749.2      -1905.58      14.5124      197.344
424      2.27175      1.12474      843.554      -2749.14      -1905.59      14.4781      197.344
425      2.27711      1.12464      843.477      -2749.07      -1905.6      14.4441      197.344
426      2.28246      1.12452      843.388      -2748.99      -1905.6      14.4102      197.344
427      2.28782      1.12438      843.288      -2748.9      -1905.61      14.3764      197.344
428      2.29318      1.12424      843.178      -2748.79      -1905.61      14.3429      197.345
429      2.29854      1.12408      843.057      -2748.68      -1905.62      14.3094      197.345
430      2.30389      1.1239      842.926      -2748.55      -1905.62      14.2762      197.345
431      2.30925      1.12371      842.786      -2748.41      -1905.63      14.2431      197.345
432      2.31461      1.12352      842.637      -2748.27      -1905.63      14.2101      197.345
433      2.31997      1.1233      842.478      -2748.11      -1905.64      14.1773      197.345
434      2.32533      1.12308      842.311      -2747.95      -1905.64      14.1446      197.346
435      2.33068      1.12285      842.136      -2747.78      -1905.65      14.1121      197.346
436      2.33604      1.1226      841.952      -2747.6      -1905.65      14.0798      197.346
437      2.3414      1.12235      841.762      -2747.41      -1905.65      14.0476      197.346
438      2.34676      1.12209      841.564      -2747.22      -1905.66      14.0155      197.346
439      2.35212      1.12181      841.359      -2747.02      -1905.66      13.9836      197.346
440      2.35747      1.12153      841.148      -2746.81      -1905.66      13.9518      197.346
441      2.36283      1.12124      840.931      -2746.6      -1905.67      13.9202      197.347
442      2.36819      1.12094      840.708      -2746.38      -1905.67      13.8887      197.347
443      2.37355      1.12064      840.48      -2746.15      -1905.67      13.8574      197.347
444      2.37891      1.12033      840.247      -2745.92      -1905.67      13.8262      197.347
445      2.38426      1.12001      840.008      -2745.68      -1905.68      13.7951      197.347
446      2.38962      1.11969      839.766      -2745.44      -1905.68      13.7642      197.348
447      2.39498      1.11936      839.518      -2745.2      -1905.68      13.7334      197.348
448      2.40034      1.11902      839.267      -2744.95      -1905.68      13.7028      197.348
449      2.40569      1.11868      839.012      -2744.7      -1905.68      13.6723      197.348
450      2.41105      1.11834      838.753      -2744.44      -1905.69      13.6419      197.348
451      2.41641      1.11799      838.491      -2744.18      -1905.69      13.6117      197.349
452      2.42177      1.11763      838.226      -2743.92      -1905.69      13.5816      197.349
453      2.42713      1.11728      837.958      -2743.65      -1905.69      13.5516      197.349
454      2.43248      1.11692      837.688      -2743.38      -1905.69      13.5218      197.349
455      2.43784      1.11655      837.416      -2743.11      -1905.69      13.4921      197.349
456      2.4432      1.11619      837.141      -2742.84      -1905.69      13.4625      197.35
457      2.44856      1.11582      836.865      -2742.56      -1905.69      13.4331      197.35
458      2.45392      1.11545      836.587      -2742.28      -1905.7      13.4037      197.35
459      2.45927      1.11508      836.308      -2742      -1905.7      13.3746      197.35
460      2.46463      1.1147      836.028      -2741.72      -1905.7      13.3455      197.35
461      2.46999      1.11433      835.747      -2741.44      -1905.7      13.3166      197.351
462      2.47535      1.11395      835.465      -2741.16      -1905.7      13.2878      197.351
463      2.48071      1.11358      835.183      -2740.88      -1905.7      13.2591      197.351
464      2.48606      1.1132      834.901      -2740.6      -1905.7      13.2305      197.351
465      2.49142      1.11282      834.619      -2740.32      -1905.7      13.2021      197.352
466      2.49678      1.11245      834.336      -2740.03      -1905.7      13.1738      197.352
467      2.50214      1.11207      834.054      -2739.75      -1905.7      13.1456      197.352
468      2.50749      1.1117      833.773      -2739.47      -1905.7      13.1175      197.352
469      2.51285      1.11132      833.492      -2739.19      -1905.7      13.0895      197.353
470      2.51821      1.11095      833.213      -2738.91      -1905.7      13.0617      197.353
471      2.52357      1.11058      832.934      -2738.63      -1905.7      13.034      197.353
472      2.52893      1.11021      832.657      -2738.35      -1905.69      13.0064      197.353
473      2.53428      1.10984      832.381      -2738.07      -1905.69      12.9789      197.354
474      2.53964      1.10948      832.107      -2737.8      -1905.69      12.9515      197.354
475      2.545      1.10911      831.835      -2737.53      -1905.69      12.9243      197.354
476      2.55036      1.10875      831.565      -2737.26      -1905.69      12.8972      197.354
477      2.55572      1.1084      831.297      -2736.99      -1905.69      12.8701      197.355
478      2.56107      1.10804      831.032      -2736.72      -1905.69      12.8432      197.355
479      2.56643      1.10769      830.77      -2736.46      -1905.69      12.8164      197.355
480      2.57179      1.10735      830.511      -2736.2      -1905.69      12.7898      197.355
481      2.57715      1.10701      830.256      -2735.94      -1905.68      12.7632      197.356
482      2.58251      1.10667      830.003      -2735.69      -1905.68      12.7367      197.356
483      2.58786      1.10634      829.755      -2735.43      -1905.68      12.7104      197.356
484      2.59322      1.10601      829.51      -2735.19      -1905.68      12.6841      197.356
485      2.59858      1.10569      829.269      -2734.95      -1905.68      12.658      197.357
486      2.60394      1.10538      829.033      -2734.71      -1905.67      12.632      197.357
487      2.60929      1.10507      828.801      -2734.47      -1905.67      12.606      197.357
488      2.61465      1.10477      828.574      -2734.24      -1905.67      12.5802      197.358
489      2.62001      1.10447      828.352      -2734.02      -1905.67      12.5545      197.358
490      2.62537      1.10418      828.135      -2733.8      -1905.66      12.5289      197.358
491      2.63073      1.1039      827.923      -2733.58      -1905.66      12.5034      197.358
492      2.63608      1.10362      827.717      -2733.38      -1905.66      12.478      197.359
493      2.64144      1.10336      827.518      -2733.17      -1905.66      12.4527      197.359
494      2.6468      1.1031      827.324      -2732.98      -1905.65      12.4275      197.359
495      2.65216      1.10285      827.137      -2732.79      -1905.65      12.4025      197.36
496      2.65752      1.10261      826.957      -2732.6      -1905.65      12.3775      197.36
497      2.66287      1.10238      826.783      -2732.43      -1905.64      12.3526      197.36
498      2.66823      1.10216      826.617      -2732.26      -1905.64      12.3278      197.361
499      2.67359      1.10194      826.458      -2732.09      -1905.63      12.3031      197.361
500      2.67895      1.10174      826.307      -2731.94      -1905.63      12.2785      197.361
501      2.68431      1.10155      826.164      -2731.79      -1905.63      12.254      197.362
502      2.68966      1.10137      826.03      -2731.65      -1905.62      12.2297      197.362
503      2.69502      1.1012      825.903      -2731.52      -1905.62      12.2054      197.362
504      2.70038      1.10105      825.786      -2731.4      -1905.61      12.1812      197.363
505      2.70574      1.1009      825.678      -2731.29      -1905.61      12.1571      197.363
506      2.71109      1.10077      825.579      -2731.18      -1905.6      12.1331      197.363
507      2.71645      1.10065      825.489      -2731.09      -1905.6      12.1091      197.364
508      2.72181      1.10055      825.409      -2731      -1905.59      12.0853      197.364
509      2.72717      1.10045      825.34      -2730.93      -1905.59      12.0616      197.364
510      2.73253      1.10037      825.28      -2730.86      -1905.58      12.038      197.364
511      2.73788      1.10031      825.232      -2730.81      -1905.58      12.0144      197.365
512      2.74324      1.10026      825.193      -2730.77      -1905.57      11.991      197.365
513      2.7486      1.10022      825.166      -2730.73      -1905.57      11.9676      197.366
514      2.75396      1.1002      825.15      -2730.71      -1905.56      11.9444      197.366
515      2.75932      1.10019      825.146      -2730.7      -1905.56      11.9212      197.366
516      2.76467      1.1002      825.153      -2730.7      -1905.55      11.8981      197.367
517      2.77003      1.10023      825.172      -2730.72      -1905.55      11.8751      197.367
518      2.77539      1.10027      825.203      -2730.74      -1905.54      11.8522      197.367
519      2.78075      1.10033      825.246      -2730.78      -1905.53      11.8294      197.368
520      2.78611      1.1004      825.301      -2730.83      -1905.53      11.8067      197.368
521      2.79146      1.10049      825.369      -2730.89      -1905.52      11.784      197.368
522      2.79682      1.1006      825.45      -2730.96      -1905.51      11.7615      197.369
523      2.80218      1.10072      825.543      -2731.05      -1905.51      11.739      197.369
524      2.80754      1.10087      825.65      -2731.15      -1905.5      11.7166      197.369
525      2.81289      1.10103      825.769      -2731.26      -1905.49      11.6943      197.37
526      2.81825      1.1012      825.901      -2731.39      -1905.49      11.6721      197.37
527      2.82361      1.1014      826.047      -2731.53      -1905.48      11.65      197.37
528      2.82897      1.10161      826.206      -2731.68      -1905.48      11.628      197.371
529      2.83433      1.10184      826.378      -2731.85      -1905.47      11.606      197.371
530      2.83968      1.10208      826.564      -2732.03      -1905.46      11.5841      197.371
531      2.84504      1.10235      826.763      -2732.22      -1905.46      11.5623      197.372
532      2.8504      1.10263      826.975      -2732.42      -1905.45      11.5406      197.372
533      2.85576      1.10293      827.201      -2732.64      -1905.44      11.519      197.372
534      2.86112      1.10325      827.44      -2732.87      -1905.43      11.4974      197.373
535      2.86647      1.10359      827.692      -2733.12      -1905.43      11.476      197.373
536      2.87183      1.10394      827.958      -2733.38      -1905.42      11.4546      197.374
537      2.87719      1.10432      828.237      -2733.65      -1905.42      11.4333      197.374
538      2.88255      1.10471      828.529      -2733.94      -1905.41      11.412      197.374
539      2.88791      1.10511      828.834      -2734.24      -1905.4      11.3909      197.375
540      2.89326      1.10554      829.152      -2734.55      -1905.4      11.3698      197.375
541      2.89862      1.10598      829.483      -2734.87      -1905.39      11.3488      197.375
542      2.90398      1.10644      829.827      -2735.21      -1905.38      11.3279      197.376
543      2.90934      1.10691      830.183      -2735.56      -1905.38      11.307      197.376
544      2.91469      1.1074      830.551      -2735.92      -1905.37      11.2863      197.376
545      2.92005      1.10791      830.932      -2736.3      -1905.36      11.2656      197.377
546      2.92541      1.10843      831.324      -2736.68      -1905.36      11.245      197.377
547      2.93077      1.10897      831.729      -2737.08      -1905.35      11.2244      197.378
548      2.93613      1.10953      832.145      -2737.49      -1905.35      11.204      197.378
549      2.94148      1.1101      832.572      -2737.91      -1905.34      11.1836      197.378
550      2.94684      1.11068      833.01      -2738.35      -1905.34      11.1633      197.379
551      2.9522      1.11128      833.459      -2738.79      -1905.33      11.143      197.379
552      2.95756      1.11189      833.919      -2739.24      -1905.33      11.1229      197.379
553      2.96292      1.11252      834.389      -2739.71      -1905.32      11.1028      197.38
554      2.96827      1.11316      834.869      -2740.18      -1905.31      11.0828      197.38
555      2.97363      1.11381      835.359      -2740.67      -1905.31      11.0628      197.38
556      2.97899      1.11448      835.858      -2741.16      -1905.31      11.0429      197.381
557      2.98435      1.11516      836.366      -2741.67      -1905.3      11.0231      197.381
558      2.98971      1.11584      836.884      -2742.18      -1905.3      11.0034      197.382
559      2.99506      1.11655      837.41      -2742.7      -1905.29      10.9837      197.382
560      3.00042      1.11726      837.944      -2743.23      -1905.29      10.9641      197.382
561      3.00578      1.11798      838.486      -2743.77      -1905.28      10.9446      197.383
562      3.01114      1.11871      839.036      -2744.32      -1905.28      10.9252      197.383
563      3.01649      1.11946      839.593      -2744.87      -1905.28      10.9058      197.383
564      3.02185      1.12021      840.158      -2745.43      -1905.27      10.8865      197.384
565      3.02721      1.12097      840.729      -2746      -1905.27      10.8672      197.384
566      3.03257      1.12174      841.306      -2746.57      -1905.27      10.848      197.384
567      3.03793      1.12252      841.89      -2747.15      -1905.26      10.8289      197.385
568      3.04328      1.12331      842.479      -2747.74      -1905.26      10.8099      197.385
569      3.04864      1.1241      843.074      -2748.33      -1905.26      10.7909      197.385
570      3.054      1.1249      843.675      -2748.93      -1905.26      10.772      197.386
571      3.05936      1.12571      844.28      -2749.53      -1905.25      10.7531      197.386
572      3.06472      1.12652      844.89      -2750.14      -1905.25      10.7344      197.386
573      3.07007      1.12734      845.504      -2750.75      -1905.25      10.7156      197.387
574      3.07543      1.12816      846.122      -2751.37      -1905.25      10.697      197.387
575      3.08079      1.12899      846.744      -2751.99      -1905.24      10.6784      197.387
576      3.08615      1.12983      847.37      -2752.61      -1905.24      10.6599      197.388
577      3.09151      1.13066      847.999      -2753.24      -1905.24      10.6414      197.388
578      3.09686      1.13151      848.63      -2753.87      -1905.24      10.623      197.388
579      3.10222      1.13235      849.264      -2754.5      -1905.24      10.6047      197.389
580      3.10758      1.1332      849.901      -2755.14      -1905.24      10.5864      197.389
581      3.11294      1.13405      850.54      -2755.78      -1905.24      10.5682      197.389
582      3.11829      1.13491      851.181      -2756.42      -1905.24      10.5501      197.39
583      3.12365      1.13576      851.823      -2757.06      -1905.23      10.532      197.39
584      3.12901      1.13662      852.467      -2757.7      -1905.23      10.514      197.39
585      3.13437      1.13748      853.112      -2758.35      -1905.23      10.496      197.391
586      3.13973      1.13834      853.758      -2758.99      -1905.23      10.4781      197.391
587      3.14508      1.13921      854.405      -2759.64      -1905.23      10.4603      197.391
588      3.15044      1.14007      855.052      -2760.28      -1905.23      10.4425      197.392
589      3.1558      1.14093      855.7      -2760.93      -1905.23      10.4248      197.392
590      3.16116      1.1418      856.349      -2761.58      -1905.23      10.4072      197.392
591      3.16652      1.14266      856.997      -2762.23      -1905.23      10.3896      197.393
592      3.17187      1.14353      857.645      -2762.88      -1905.23      10.372      197.393
593      3.17723      1.14439      858.293      -2763.53      -1905.23      10.3546      197.393
594      3.18259      1.14525      858.941      -2764.17      -1905.23      10.3371      197.393
595      3.18795      1.14612      859.588      -2764.82      -1905.23      10.3198      197.394
596      3.19331      1.14698      860.234      -2765.47      -1905.23      10.3025      197.394
597      3.19866      1.14784      860.879      -2766.11      -1905.23      10.2852      197.394
598      3.20402      1.1487      861.524      -2766.76      -1905.23      10.2681      197.395
599      3.20938      1.14956      862.167      -2767.4      -1905.23      10.2509      197.395
600      3.21474      1.15041      862.81      -2768.04      -1905.24      10.2339      197.395
601      3.22009      1.15127      863.45      -2768.69      -1905.24      10.2168      197.395
602      3.22545      1.15212      864.09      -2769.33      -1905.24      10.1999      197.396
603      3.23081      1.15297      864.728      -2769.97      -1905.24      10.183      197.396
604      3.23617      1.15382      865.364      -2770.6      -1905.24      10.1661      197.396
605      3.24153      1.15467      865.999      -2771.24      -1905.24      10.1494      197.396
606      3.24688      1.15551      866.632      -2771.87      -1905.24      10.1326      197.397
607      3.25224      1.15635      867.263      -2772.5      -1905.24      10.1159      197.397
608      3.2576      1.15719      867.892      -2773.13      -1905.24      10.0993      197.397
609      3.26296      1.15803      868.52      -2773.76      -1905.24      10.0827      197.397
610      3.26832      1.15886      869.145      -2774.39      -1905.24      10.0662      197.398
611      3.27367      1.15969      869.768      -2775.01      -1905.25      10.0498      197.398
612      3.27903      1.16052      870.389      -2775.64      -1905.25      10.0333      197.398
613      3.28439      1.16134      871.008      -2776.26      -1905.25      10.017      197.398
614      3.28975      1.16217      871.625      -2776.87      -1905.25      10.0007      197.398
615      3.29511      1.16299      872.239      -2777.49      -1905.25      9.98444      197.399
616      3.30046      1.1638      872.851      -2778.1      -1905.25      9.96824      197.399
617      3.30582      1.16461      873.461      -2778.71      -1905.25      9.95209      197.399
618      3.31118      1.16542      874.068      -2779.32      -1905.25      9.936      197.399
619      3.31654      1.16623      874.673      -2779.93      -1905.25      9.91996      197.399
620      3.32189      1.16703      875.275      -2780.53      -1905.26      9.90397      197.4
621      3.32725      1.16783      875.875      -2781.13      -1905.26      9.88803      197.4
622      3.33261      1.16863      876.472      -2781.73      -1905.26      9.87214      197.4
623      3.33797      1.16942      877.066      -2782.33      -1905.26      9.8563      197.4
624      3.34333      1.17021      877.658      -2782.92      -1905.26      9.84051      197.4
625      3.34868      1.171      878.247      -2783.51      -1905.26      9.82478      197.4
626      3.35404      1.17178      878.834      -2784.1      -1905.26      9.80909      197.401
627      3.3594      1.17256      879.418      -2784.68      -1905.26      9.79345      197.401
628      3.36476      1.17333      879.999      -2785.27      -1905.27      9.77787      197.401
629      3.37012      1.1741      880.577      -2785.84      -1905.27      9.76233      197.401
630      3.37547      1.17487      881.153      -2786.42      -1905.27      9.74684      197.401
631      3.38083      1.17563      881.726      -2787      -1905.27      9.7314      197.401
632      3.38619      1.17639      882.296      -2787.57      -1905.27      9.71601      197.401
633      3.39155      1.17715      882.863      -2788.14      -1905.27      9.70066      197.402
634      3.39691      1.1779      883.428      -2788.7      -1905.27      9.68537      197.402
635      3.40226      1.17865      883.989      -2789.27      -1905.28      9.67012      197.402
636      3.40762      1.1794      884.548      -2789.83      -1905.28      9.65492      197.402
637      3.41298      1.18014      885.104      -2790.38      -1905.28      9.63977      197.402
638      3.41834      1.18088      885.657      -2790.94      -1905.28      9.62466      197.402
639      3.42369      1.18161      886.207      -2791.49      -1905.28      9.6096      197.402
640      3.42905      1.18234      886.753      -2792.04      -1905.28      9.59459      197.402
641      3.43441      1.18306      887.297      -2792.58      -1905.29      9.57963      197.402
642      3.43977      1.18378      887.838      -2793.12      -1905.29      9.56471      197.402
643      3.44513      1.1845      888.375      -2793.66      -1905.29      9.54983      197.402
644      3.45048      1.18521      888.91      -2794.2      -1905.29      9.53501      197.402
645      3.45584      1.18592      889.441      -2794.73      -1905.29      9.52023      197.402
646      3.4612      1.18663      889.97      -2795.26      -1905.29      9.50549      197.402
647      3.46656      1.18733      890.495      -2795.79      -1905.29      9.4908      197.402
648      3.47192      1.18802      891.017      -2796.31      -1905.3      9.47615      197.402
649      3.47727      1.18871      891.535      -2796.83      -1905.3      9.46155      197.402
650      3.48263      1.1894      892.051      -2797.35      -1905.3      9.447      197.402
651      3.48799      1.19008      892.563      -2797.86      -1905.3      9.43249      197.402
652      3.49335      1.19076      893.072      -2798.37      -1905.3      9.41802      197.402
653      3.49871      1.19144      893.578      -2798.88      -1905.3      9.40359      197.402
654      3.50406      1.19211      894.081      -2799.39      -1905.31      9.38921      197.402
655      3.50942      1.19277      894.58      -2799.89      -1905.31      9.37488      197.402
656      3.51478      1.19343      895.076      -2800.38      -1905.31      9.36058      197.402
657      3.52014      1.19409      895.568      -2800.88      -1905.31      9.34633      197.402
658      3.52549      1.19474      896.057      -2801.37      -1905.31      9.33213      197.402
659      3.53085      1.19539      896.543      -2801.86      -1905.31      9.31796      197.402
660      3.53621      1.19603      897.025      -2802.34      -1905.32      9.30384      197.402
661      3.54157      1.19667      897.505      -2802.82      -1905.32      9.28976      197.402
662      3.54693      1.19731      897.98      -2803.3      -1905.32      9.27573      197.402
663      3.55228      1.19794      898.452      -2803.77      -1905.32      9.26173      197.402
664      3.55764      1.19856      898.921      -2804.24      -1905.32      9.24778      197.402
665      3.563      1.19918      899.386      -2804.71      -1905.32      9.23386      197.402
666      3.56836      1.1998      899.849      -2805.17      -1905.33      9.21999      197.401
667      3.57372      1.20041      900.307      -2805.63      -1905.33      9.20616      197.401
668      3.57907      1.20102      900.763      -2806.09      -1905.33      9.19238      197.401
669      3.58443      1.20162      901.215      -2806.55      -1905.33      9.17863      197.401
670      3.58979      1.20222      901.663      -2807      -1905.33      9.16492      197.401
671      3.59515      1.20281      902.108      -2807.44      -1905.33      9.15126      197.401
672      3.60051      1.2034      902.551      -2807.89      -1905.34      9.13763      197.401
673      3.60586      1.20399      902.989      -2808.33      -1905.34      9.12404      197.4
674      3.61122      1.20457      903.425      -2808.76      -1905.34      9.1105      197.4
675      3.61658      1.20514      903.857      -2809.2      -1905.34      9.09699      197.4
676      3.62194      1.20572      904.287      -2809.63      -1905.34      9.08352      197.4
677      3.62729      1.20628      904.713      -2810.06      -1905.34      9.0701      197.399
678      3.63265      1.20685      905.136      -2810.48      -1905.35      9.05671      197.399
679      3.63801      1.20741      905.556      -2810.9      -1905.35      9.04336      197.399
680      3.64337      1.20797      905.974      -2811.32      -1905.35      9.03005      197.399
681      3.64873      1.20852      906.388      -2811.74      -1905.35      9.01678      197.399
682      3.65408      1.20907      906.8      -2812.15      -1905.35      9.00354      197.398
683      3.65944      1.20961      907.208      -2812.56      -1905.35      8.99035      197.398
684      3.6648      1.21015      907.615      -2812.97      -1905.35      8.97719      197.398
685      3.67016      1.21069      908.018      -2813.37      -1905.36      8.96407      197.397
686      3.67552      1.21123      908.419      -2813.78      -1905.36      8.95099      197.397
687      3.68087      1.21176      908.817      -2814.18      -1905.36      8.93795      197.397
688      3.68623      1.21228      909.213      -2814.57      -1905.36      8.92495      197.396
689      3.69159      1.21281      909.607      -2814.97      -1905.36      8.91198      197.396
690      3.69695      1.21333      909.998      -2815.36      -1905.36      8.89905      197.396
691      3.70231      1.21385      910.387      -2815.75      -1905.36      8.88615      197.395
692      3.70766      1.21437      910.774      -2816.14      -1905.36      8.87329      197.395
693      3.71302      1.21488      911.159      -2816.52      -1905.36      8.86047      197.395
694      3.71838      1.21539      911.543      -2816.91      -1905.37      8.84769      197.394
695      3.72374      1.2159      911.924      -2817.29      -1905.37      8.83494      197.394
696      3.72909      1.21641      912.304      -2817.67      -1905.37      8.82223      197.394
697      3.73445      1.21691      912.682      -2818.05      -1905.37      8.80956      197.393
698      3.73981      1.21741      913.059      -2818.43      -1905.37      8.79692      197.393
699      3.74517      1.21791      913.434      -2818.8      -1905.37      8.78431      197.392
700      3.75053      1.21841      913.809      -2819.18      -1905.37      8.77174      197.392
701      3.75588      1.21891      914.182      -2819.55      -1905.37      8.75921      197.392
702      3.76124      1.21941      914.555      -2819.93      -1905.37      8.74671      197.391
703      3.7666      1.2199      914.926      -2820.3      -1905.37      8.73425      197.391
704      3.77196      1.2204      915.297      -2820.67      -1905.37      8.72183      197.39
705      3.77732      1.22089      915.668      -2821.04      -1905.37      8.70943      197.39
706      3.78267      1.22138      916.038      -2821.41      -1905.37      8.69708      197.389
707      3.78803      1.22188      916.407      -2821.78      -1905.37      8.68475      197.389
708      3.79339      1.22237      916.777      -2822.15      -1905.37      8.67246      197.388
709      3.79875      1.22286      917.146      -2822.52      -1905.37      8.66021      197.388
710      3.80411      1.22335      917.516      -2822.89      -1905.37      8.64799      197.387
711      3.80946      1.22385      917.885      -2823.26      -1905.37      8.6358      197.387
712      3.81482      1.22434      918.255      -2823.63      -1905.37      8.62365      197.386
713      3.82018      1.22483      918.626      -2824      -1905.37      8.61153      197.386
714      3.82554      1.22533      918.997      -2824.37      -1905.37      8.59945      197.385
715      3.83089      1.22582      919.369      -2824.74      -1905.37      8.58739      197.384
716      3.83625      1.22632      919.741      -2825.11      -1905.37      8.57538      197.384
717      3.84161      1.22682      920.115      -2825.48      -1905.37      8.56339      197.383
718      3.84697      1.22732      920.49      -2825.86      -1905.37      8.55144      197.383
719      3.85233      1.22782      920.866      -2826.23      -1905.37      8.53952      197.382
720      3.85768      1.22832      921.243      -2826.61      -1905.37      8.52763      197.381
721      3.86304      1.22883      921.622      -2826.99      -1905.37      8.51578      197.381
722      3.8684      1.22934      922.003      -2827.37      -1905.37      8.50396      197.38
723      3.87376      1.22985      922.385      -2827.75      -1905.37      8.49217      197.38
724      3.87912      1.23036      922.769      -2828.13      -1905.36      8.48041      197.379
725      3.88447      1.23087      923.156      -2828.52      -1905.36      8.46869      197.378
726      3.88983      1.23139      923.544      -2828.91      -1905.36      8.45699      197.378
727      3.89519      1.23191      923.934      -2829.3      -1905.36      8.44533      197.377
728      3.90055      1.23244      924.327      -2829.69      -1905.36      8.4337      197.376
729      3.90591      1.23296      924.723      -2830.08      -1905.36      8.4221      197.376
730      3.91126      1.23349      925.121      -2830.48      -1905.36      8.41054      197.375
731      3.91662      1.23403      925.521      -2830.88      -1905.36      8.399      197.374
732      3.92198      1.23457      925.925      -2831.28      -1905.35      8.3875      197.374
733      3.92734      1.23511      926.331      -2831.68      -1905.35      8.37602      197.373
734      3.93269      1.23565      926.74      -2832.09      -1905.35      8.36458      197.372
735      3.93805      1.2362      927.151      -2832.5      -1905.35      8.35317      197.371
736      3.94341      1.23676      927.566      -2832.92      -1905.35      8.34179      197.371
737      3.94877      1.23731      927.984      -2833.33      -1905.35      8.33044      197.37
738      3.95413      1.23787      928.405      -2833.75      -1905.35      8.31912      197.369
739      3.95948      1.23844      928.829      -2834.17      -1905.34      8.30783      197.368
740      3.96484      1.23901      929.257      -2834.6      -1905.34      8.29657      197.368
741      3.9702      1.23958      929.688      -2835.03      -1905.34      8.28534      197.367
742      3.97556      1.24016      930.122      -2835.46      -1905.34      8.27414      197.366
743      3.98092      1.24075      930.559      -2835.9      -1905.34      8.26297      197.365
744      3.98627      1.24133      931      -2836.34      -1905.34      8.25183      197.364
745      3.99163      1.24192      931.444      -2836.78      -1905.33      8.24072      197.364
746      3.99699      1.24252      931.891      -2837.22      -1905.33      8.22964      197.363
747      4.00235      1.24312      932.341      -2837.67      -1905.33      8.21859      197.362
748      4.00771      1.24373      932.795      -2838.12      -1905.33      8.20757      197.361
749      4.01306      1.24434      933.252      -2838.58      -1905.33      8.19658      197.36
750      4.01842      1.24495      933.713      -2839.04      -1905.33      8.18561      197.359
751      4.02378      1.24557      934.176      -2839.5      -1905.32      8.17468      197.359
752      4.02914      1.24619      934.643      -2839.97      -1905.32      8.16377      197.358
753      4.03449      1.24682      935.113      -2840.43      -1905.32      8.1529      197.357
754      4.03985      1.24745      935.586      -2840.91      -1905.32      8.14205      197.356
755      4.04521      1.24808      936.062      -2841.38      -1905.32      8.13123      197.355
756      4.05057      1.24872      936.541      -2841.86      -1905.32      8.12044      197.354
757      4.05593      1.24936      937.022      -2842.34      -1905.32      8.10967      197.353
758      4.06128      1.25001      937.507      -2842.82      -1905.31      8.09894      197.353
759      4.06664      1.25066      937.994      -2843.31      -1905.31      8.08823      197.352
760      4.072      1.25131      938.483      -2843.79      -1905.31      8.07755      197.351
761      4.07736      1.25197      938.975      -2844.29      -1905.31      8.0669      197.35
762      4.08272      1.25263      939.47      -2844.78      -1905.31      8.05628      197.349
763      4.08807      1.25329      939.966      -2845.27      -1905.31      8.04568      197.348
764      4.09343      1.25395      940.465      -2845.77      -1905.31      8.03511      197.347
765      4.09879      1.25462      940.965      -2846.27      -1905.31      8.02457      197.346
766      4.10415      1.25529      941.467      -2846.77      -1905.31      8.01406      197.345
767      4.10951      1.25596      941.971      -2847.28      -1905.3      8.00357      197.344
768      4.11486      1.25664      942.477      -2847.78      -1905.3      7.99311      197.343
769      4.12022      1.25731      942.983      -2848.29      -1905.3      7.98268      197.342
770      4.12558      1.25799      943.491      -2848.79      -1905.3      7.97227      197.341
771      4.13094      1.25867      943.999      -2849.3      -1905.3      7.9619      197.341
772      4.13629      1.25935      944.509      -2849.81      -1905.3      7.95154      197.34
773      4.14165      1.26002      945.019      -2850.32      -1905.3      7.94122      197.339
774      4.14701      1.26071      945.529      -2850.83      -1905.3      7.93092      197.338
775      4.15237      1.26139      946.039      -2851.34      -1905.3      7.92065      197.337
776      4.15773      1.26207      946.55      -2851.85      -1905.3      7.9104      197.336
777      4.16308      1.26275      947.06      -2852.36      -1905.3      7.90018      197.335
778      4.16844      1.26343      947.57      -2852.87      -1905.3      7.88999      197.334
779      4.1738      1.26411      948.079      -2853.38      -1905.3      7.87982      197.333
780      4.17916      1.26478      948.587      -2853.89      -1905.3      7.86968      197.332
781      4.18452      1.26546      949.094      -2854.4      -1905.3      7.85956      197.331
782      4.18987      1.26613      949.6      -2854.9      -1905.3      7.84947      197.33
783      4.19523      1.26681      950.105      -2855.41      -1905.3      7.83941      197.329
784      4.20059      1.26748      950.608      -2855.91      -1905.31      7.82937      197.328
785      4.20595      1.26814      951.108      -2856.42      -1905.31      7.81935      197.327
786      4.21131      1.26881      951.607      -2856.91      -1905.31      7.80937      197.326
787      4.21666      1.26947      952.103      -2857.41      -1905.31      7.7994      197.325
788      4.22202      1.27013      952.597      -2857.91      -1905.31      7.78947      197.324
789      4.22738      1.27078      953.087      -2858.4      -1905.31      7.77955      197.323
790      4.23274      1.27143      953.575      -2858.89      -1905.31      7.76967      197.322
791      4.23809      1.27208      954.059      -2859.37      -1905.31      7.7598      197.321
792      4.24345      1.27272      954.54      -2859.86      -1905.32      7.74997      197.32
793      4.24881      1.27336      955.016      -2860.34      -1905.32      7.74015      197.319
794      4.25417      1.27399      955.489      -2860.81      -1905.32      7.73036      197.318
795      4.25953      1.27461      955.958      -2861.28      -1905.32      7.7206      197.317
796      4.26488      1.27523      956.422      -2861.75      -1905.33      7.71086      197.316
797      4.27024      1.27584      956.881      -2862.21      -1905.33      7.70114      197.315
798      4.2756      1.27645      957.335      -2862.67      -1905.33      7.69145      197.313
799      4.28096      1.27705      957.785      -2863.12      -1905.33      7.68179      197.312
800      4.28632      1.27764      958.228      -2863.56      -1905.34      7.67215      197.311
801      4.29167      1.27822      958.666      -2864      -1905.34      7.66253      197.31
802      4.29703      1.2788      959.099      -2864.44      -1905.34      7.65293      197.309
803      4.30239      1.27937      959.525      -2864.87      -1905.34      7.64336      197.308
804      4.30775      1.27993      959.945      -2865.29      -1905.35      7.63381      197.307
805      4.31311      1.28048      960.359      -2865.71      -1905.35      7.62429      197.306
806      4.31846      1.28102      960.767      -2866.12      -1905.35      7.61479      197.305
807      4.32382      1.28156      961.167      -2866.52      -1905.36      7.60532      197.304
808      4.32918      1.28208      961.561      -2866.92      -1905.36      7.59586      197.303
809      4.33454      1.2826      961.948      -2867.31      -1905.36      7.58643      197.302
810      4.33989      1.2831      962.327      -2867.7      -1905.37      7.57703      197.301
811      4.34525      1.2836      962.699      -2868.07      -1905.37      7.56765      197.3
812      4.35061      1.28408      963.063      -2868.44      -1905.38      7.55829      197.299
813      4.35597      1.28456      963.42      -2868.8      -1905.38      7.54895      197.298
814      4.36133      1.28502      963.768      -2869.15      -1905.38      7.53964      197.297
815      4.36668      1.28548      964.109      -2869.5      -1905.39      7.53034      197.296
816      4.37204      1.28592      964.442      -2869.83      -1905.39      7.52108      197.295
817      4.3774      1.28635      964.766      -2870.16      -1905.4      7.51183      197.294
818      4.38276      1.28678      965.082      -2870.48      -1905.4      7.50261      197.293
819      4.38812      1.28719      965.389      -2870.79      -1905.4      7.49341      197.292
820      4.39347      1.28758      965.688      -2871.1      -1905.41      7.48423      197.291
821      4.39883      1.28797      965.978      -2871.39      -1905.41      7.47508      197.29
822      4.40419      1.28835      966.259      -2871.68      -1905.42      7.46594      197.289
823      4.40955      1.28871      966.532      -2871.95      -1905.42      7.45683      197.288
824      4.41491      1.28906      966.795      -2872.22      -1905.43      7.44774      197.287
825      4.42026      1.2894      967.049      -2872.48      -1905.43      7.43868      197.285
826      4.42562      1.28973      967.295      -2872.73      -1905.44      7.42963      197.284
827      4.43098      1.29004      967.531      -2872.97      -1905.44      7.42061      197.283
828      4.43634      1.29034      967.758      -2873.2      -1905.44      7.41161      197.282
829      4.44169      1.29063      967.975      -2873.42      -1905.45      7.40263      197.281
830      4.44705      1.29091      968.183      -2873.64      -1905.45      7.39367      197.28
831      4.45241      1.29118      968.382      -2873.84      -1905.46      7.38474      197.279
832      4.45777      1.29143      968.572      -2874.03      -1905.46      7.37583      197.278
833      4.46313      1.29167      968.751      -2874.22      -1905.47      7.36693      197.277
834      4.46848      1.2919      968.922      -2874.39      -1905.47      7.35806      197.276
835      4.47384      1.29211      969.083      -2874.56      -1905.48      7.34921      197.275
836      4.4792      1.29231      969.234      -2874.72      -1905.48      7.34038      197.274
837      4.48456      1.2925      969.376      -2874.86      -1905.49      7.33158      197.273
838      4.48992      1.29268      969.509      -2875      -1905.49      7.32279      197.272
839      4.49527      1.29284      969.632      -2875.13      -1905.5      7.31403      197.271
840      4.50063      1.29299      969.745      -2875.25      -1905.5      7.30528      197.27
841      4.50599      1.29313      969.849      -2875.35      -1905.51      7.29656      197.269
842      4.51135      1.29326      969.943      -2875.45      -1905.51      7.28786      197.268
843      4.51671      1.29337      970.028      -2875.54      -1905.52      7.27918      197.267
844      4.52206      1.29347      970.104      -2875.62      -1905.52      7.27052      197.266
845      4.52742      1.29356      970.17      -2875.69      -1905.52      7.26188      197.265
846      4.53278      1.29364      970.227      -2875.76      -1905.53      7.25326      197.264
847      4.53814      1.2937      970.274      -2875.81      -1905.53      7.24466      197.263
848      4.54349      1.29375      970.312      -2875.85      -1905.54      7.23608      197.263
849      4.54885      1.29379      970.341      -2875.88      -1905.54      7.22752      197.262
850      4.55421      1.29381      970.361      -2875.91      -1905.55      7.21898      197.261
851      4.55957      1.29383      970.372      -2875.92      -1905.55      7.21047      197.26
852      4.56493      1.29383      970.373      -2875.93      -1905.56      7.20197      197.259
853      4.57028      1.29382      970.365      -2875.93      -1905.56      7.19349      197.258
854      4.57564      1.2938      970.349      -2875.91      -1905.57      7.18503      197.257
855      4.581      1.29376      970.323      -2875.89      -1905.57      7.1766      197.256
856      4.58636      1.29372      970.288      -2875.86      -1905.58      7.16818      197.255
857      4.59172      1.29366      970.245      -2875.82      -1905.58      7.15978      197.254
858      4.59707      1.29359      970.193      -2875.78      -1905.58      7.1514      197.253
859      4.60243      1.29351      970.132      -2875.72      -1905.59      7.14304      197.252
860      4.60779      1.29342      970.062      -2875.65      -1905.59      7.13471      197.251
861      4.61315      1.29331      969.983      -2875.58      -1905.6      7.12639      197.25
862      4.61851      1.2932      969.896      -2875.5      -1905.6      7.11809      197.25
863      4.62386      1.29307      969.801      -2875.41      -1905.61      7.10981      197.249
864      4.62922      1.29293      969.697      -2875.31      -1905.61      7.10155      197.248
865      4.63458      1.29278      969.585      -2875.2      -1905.61      7.09331      197.247
866      4.63994      1.29262      969.464      -2875.08      -1905.62      7.08508      197.246
867      4.64529      1.29245      969.336      -2874.96      -1905.62      7.07688      197.245
868      4.65065      1.29226      969.199      -2874.82      -1905.63      7.0687      197.244
869      4.65601      1.29207      969.054      -2874.68      -1905.63      7.06053      197.243
870      4.66137      1.29187      968.901      -2874.53      -1905.63      7.05239      197.243
871      4.66673      1.29165      968.74      -2874.38      -1905.64      7.04426      197.242
872      4.67208      1.29143      968.572      -2874.21      -1905.64      7.03615      197.241
873      4.67744      1.29119      968.395      -2874.04      -1905.65      7.02806      197.24
874      4.6828      1.29095      968.211      -2873.86      -1905.65      7.01999      197.239
875      4.68816      1.29069      968.02      -2873.67      -1905.65      7.01194      197.238
876      4.69352      1.29043      967.821      -2873.48      -1905.66      7.00391      197.238
877      4.69887      1.29015      967.615      -2873.28      -1905.66      6.99589      197.237
878      4.70423      1.28987      967.402      -2873.07      -1905.66      6.98789      197.236
879      4.70959      1.28957      967.181      -2872.85      -1905.67      6.97992      197.235
880      4.71495      1.28927      966.953      -2872.62      -1905.67      6.97196      197.234
881      4.72031      1.28896      966.719      -2872.39      -1905.67      6.96402      197.234
882      4.72566      1.28864      966.477      -2872.16      -1905.68      6.95609      197.233
883      4.73102      1.28831      966.229      -2871.91      -1905.68      6.94819      197.232
884      4.73638      1.28797      965.974      -2871.66      -1905.68      6.9403      197.231
885      4.74174      1.28762      965.713      -2871.4      -1905.69      6.93243      197.231
886      4.74709      1.28726      965.446      -2871.14      -1905.69      6.92458      197.23
887      4.75245      1.2869      965.172      -2870.87      -1905.69      6.91675      197.229
888      4.75781      1.28652      964.891      -2870.59      -1905.7      6.90894      197.228
889      4.76317      1.28614      964.605      -2870.31      -1905.7      6.90114      197.228
890      4.76853      1.28575      964.313      -2870.02      -1905.7      6.89336      197.227
891      4.77388      1.28535      964.015      -2869.72      -1905.71      6.8856      197.226
892      4.77924      1.28495      963.711      -2869.42      -1905.71      6.87786      197.226
893      4.7846      1.28454      963.401      -2869.11      -1905.71      6.87013      197.225
894      4.78996      1.28412      963.086      -2868.8      -1905.71      6.86242      197.224
895      4.79532      1.28369      962.766      -2868.48      -1905.72      6.85473      197.224
896      4.80067      1.28325      962.441      -2868.16      -1905.72      6.84706      197.223
897      4.80603      1.28281      962.111      -2867.83      -1905.72      6.8394      197.222
898      4.81139      1.28237      961.776      -2867.5      -1905.72      6.83176      197.222
899      4.81675      1.28191      961.436      -2867.16      -1905.73      6.82414      197.221
900      4.82211      1.28146      961.092      -2866.82      -1905.73      6.81653      197.22
901      4.82746      1.28099      960.743      -2866.47      -1905.73      6.80895      197.22
902      4.83282      1.28052      960.391      -2866.12      -1905.73      6.80138      197.219
903      4.83818      1.28005      960.034      -2865.77      -1905.74      6.79382      197.218
904      4.84354      1.27957      959.674      -2865.41      -1905.74      6.78629      197.218
905      4.84889      1.27908      959.31      -2865.05      -1905.74      6.77877      197.217
906      4.85425      1.27859      958.943      -2864.68      -1905.74      6.77126      197.217
907      4.85961      1.2781      958.572      -2864.31      -1905.74      6.76378      197.216
908      4.86497      1.2776      958.199      -2863.94      -1905.74      6.75631      197.215
909      4.87033      1.2771      957.822      -2863.57      -1905.74      6.74886      197.215
910      4.87568      1.27659      957.443      -2863.19      -1905.75      6.74142      197.214
911      4.88104      1.27608      957.061      -2862.81      -1905.75      6.734      197.214
912      4.8864      1.27557      956.678      -2862.43      -1905.75      6.7266      197.213
913      4.89176      1.27506      956.292      -2862.04      -1905.75      6.71921      197.213
914      4.89712      1.27454      955.904      -2861.65      -1905.75      6.71184      197.212
915      4.90247      1.27402      955.515      -2861.27      -1905.75      6.70449      197.212
916      4.90783      1.2735      955.124      -2860.88      -1905.75      6.69715      197.211
917      4.91319      1.27298      954.732      -2860.48      -1905.75      6.68983      197.211
918      4.91855      1.27245      954.34      -2860.09      -1905.75      6.68253      197.21
919      4.92391      1.27193      953.946      -2859.7      -1905.75      6.67524      197.209
920      4.92926      1.2714      953.553      -2859.31      -1905.75      6.66797      197.209
921      4.93462      1.27088      953.159      -2858.91      -1905.75      6.66071      197.209
922      4.93998      1.27035      952.765      -2858.52      -1905.75      6.65347      197.208
923      4.94534      1.26983      952.372      -2858.12      -1905.75      6.64625      197.208
924      4.95069      1.26931      951.979      -2857.73      -1905.75      6.63904      197.207
925      4.95605      1.26878      951.588      -2857.34      -1905.75      6.63185      197.207
926      4.96141      1.26826      951.197      -2856.95      -1905.75      6.62467      197.206
927      4.96677      1.26774      950.808      -2856.56      -1905.75      6.61751      197.206
928      4.97213      1.26723      950.421      -2856.17      -1905.75      6.61036      197.205
929      4.97748      1.26671      950.036      -2855.78      -1905.75      6.60323      197.205
930      4.98284      1.2662      949.653      -2855.4      -1905.75      6.59612      197.204
931      4.9882      1.2657      949.272      -2855.02      -1905.75      6.58902      197.204
932      4.99356      1.26519      948.894      -2854.64      -1905.74      6.58193      197.204
933      4.99892      1.26469      948.52      -2854.26      -1905.74      6.57487      197.203
934      5.00427      1.2642      948.149      -2853.89      -1905.74      6.56781      197.203
935      5.00963      1.26371      947.781      -2853.52      -1905.74      6.56078      197.202
936      5.01499      1.26322      947.417      -2853.15      -1905.74      6.55375      197.202
937      5.02035      1.26274      947.058      -2852.79      -1905.74      6.54675      197.202
938      5.02571      1.26227      946.703      -2852.44      -1905.73      6.53976      197.201
939      5.03106      1.2618      946.353      -2852.08      -1905.73      6.53278      197.201
940      5.03642      1.26134      946.008      -2851.74      -1905.73      6.52582      197.201
941      5.04178      1.26089      945.668      -2851.39      -1905.73      6.51887      197.2
942      5.04714      1.26044      945.333      -2851.06      -1905.72      6.51194      197.2
943      5.05249      1.26001      945.005      -2850.72      -1905.72      6.50502      197.2
944      5.05785      1.25958      944.682      -2850.4      -1905.72      6.49812      197.199
945      5.06321      1.25915      944.366      -2850.08      -1905.71      6.49123      197.199
946      5.06857      1.25874      944.056      -2849.77      -1905.71      6.48436      197.199
947      5.07393      1.25834      943.753      -2849.46      -1905.71      6.4775      197.198
948      5.07928      1.25794      943.457      -2849.16      -1905.7      6.47066      197.198
949      5.08464      1.25756      943.168      -2848.87      -1905.7      6.46383      197.198
950      5.09      1.25718      942.886      -2848.58      -1905.7      6.45702      197.197
951      5.09536      1.25682      942.613      -2848.3      -1905.69      6.45022      197.197
952      5.10072      1.25646      942.346      -2848.03      -1905.69      6.44344      197.197
953      5.10607      1.25612      942.088      -2847.77      -1905.68      6.43667      197.197
954      5.11143      1.25578      941.839      -2847.52      -1905.68      6.42991      197.196
955      5.11679      1.25546      941.597      -2847.27      -1905.68      6.42317      197.196
956      5.12215      1.25515      941.364      -2847.04      -1905.67      6.41644      197.196
957      5.12751      1.25485      941.14      -2846.81      -1905.67      6.40973      197.196
958      5.13286      1.25457      940.925      -2846.59      -1905.66      6.40303      197.195
959      5.13822      1.25429      940.719      -2846.38      -1905.66      6.39635      197.195
960      5.14358      1.25403      940.522      -2846.18      -1905.65      6.38968      197.195
961      5.14894      1.25378      940.334      -2845.98      -1905.65      6.38302      197.195
962      5.15429      1.25354      940.155      -2845.8      -1905.64      6.37638      197.194
963      5.15965      1.25331      939.986      -2845.63      -1905.64      6.36975      197.194
964      5.16501      1.2531      939.826      -2845.46      -1905.63      6.36313      197.194
965      5.17037      1.2529      939.676      -2845.31      -1905.63      6.35653      197.194
966      5.17573      1.25271      939.536      -2845.16      -1905.63      6.34995      197.194
967      5.18108      1.25254      939.405      -2845.03      -1905.62      6.34337      197.193
968      5.18644      1.25238      939.284      -2844.9      -1905.62      6.33682      197.193
969      5.1918      1.25223      939.173      -2844.78      -1905.61      6.33027      197.193
970      5.19716      1.25209      939.071      -2844.68      -1905.61      6.32374      197.193
971      5.20252      1.25197      938.98      -2844.58      -1905.6      6.31722      197.193
972      5.20787      1.25186      938.898      -2844.49      -1905.6      6.31072      197.192
973      5.21323      1.25177      938.826      -2844.42      -1905.59      6.30423      197.192
974      5.21859      1.25168      938.763      -2844.35      -1905.59      6.29775      197.192
975      5.22395      1.25161      938.711      -2844.29      -1905.58      6.29128      197.192
976      5.22931      1.25156      938.668      -2844.24      -1905.58      6.28483      197.192
977      5.23466      1.25151      938.636      -2844.21      -1905.57      6.2784      197.192
978      5.24002      1.25148      938.612      -2844.18      -1905.57      6.27197      197.192
979      5.24538      1.25147      938.599      -2844.16      -1905.56      6.26556      197.192
980      5.25074      1.25146      938.595      -2844.15      -1905.56      6.25917      197.191
981      5.25609      1.25147      938.601      -2844.15      -1905.55      6.25278      197.191
982      5.26145      1.25149      938.617      -2844.16      -1905.55      6.24641      197.191
983      5.26681      1.25152      938.642      -2844.18      -1905.54      6.24005      197.191
984      5.27217      1.25157      938.676      -2844.21      -1905.54      6.23371      197.191
985      5.27753      1.25163      938.72      -2844.25      -1905.53      6.22738      197.191
986      5.28288      1.2517      938.773      -2844.3      -1905.53      6.22106      197.191
987      5.28824      1.25178      938.836      -2844.36      -1905.52      6.21476      197.191
988      5.2936      1.25188      938.908      -2844.43      -1905.52      6.20846      197.191
989      5.29896      1.25199      938.989      -2844.5      -1905.51      6.20218      197.191
990      5.30432      1.25211      939.079      -2844.59      -1905.51      6.19592      197.191
991      5.30967      1.25224      939.178      -2844.68      -1905.51      6.18966      197.191
992      5.31503      1.25238      939.286      -2844.79      -1905.5      6.18342      197.191
993      5.32039      1.25254      939.403      -2844.9      -1905.5      6.17719      197.19
994      5.32575      1.25271      939.529      -2845.02      -1905.49      6.17098      197.19
995      5.33111      1.25288      939.663      -2845.15      -1905.49      6.16478      197.19
996      5.33646      1.25308      939.807      -2845.29      -1905.48      6.15859      197.19
997      5.34182      1.25328      939.959      -2845.44      -1905.48      6.15241      197.19
998      5.34718      1.25349      940.119      -2845.59      -1905.48      6.14624      197.19
999      5.35254      1.25372      940.288      -2845.76      -1905.47      6.14009      197.19
1000      5.35789      1.25395      940.466      -2845.93      -1905.47      6.13395      197.19
1000      5.35789      1.25395      940.466      -2845.93      -1905.47      6.13395      197.19
Execution time in seconds: 1.87325
