Timestep Time Temperature KineticEnergy PotentialEnergy TotalEnergy DiffusionConstant MeanSquareDisplacement
1      0.0631947      2.43283      1824.62      -3730.19      -1905.57      519.928      197.14
2      0.126389      2.41777      1813.33      -3724.54      -1911.21      259.976      197.15
3      0.189584      2.38757      1790.68      -3707.57      -1916.89      173.326      197.159
4      0.252779      2.34202      1756.51      -3679.15      -1922.64      130.001      197.17
5      0.315974      2.28086      1710.65      -3639.12      -1928.47      104.007      197.18
6      0.379168      2.20388      1652.91      -3587.28      -1934.37      86.6768      197.191
7      0.442363      2.11099      1583.25      -3523.51      -1940.27      74.2985      197.201
8      0.505558      2.00253      1501.9      -3447.88      -1945.98      65.0148      197.212
9      0.568753      1.87954      1409.66      -3360.87      -1951.21      57.7941      197.223
10      0.631947      1.7441      1308.07      -3263.63      -1955.55      52.0175      197.234
11      0.695142      1.59964      1199.73      -3158.2      -1958.47      47.2911      197.244
12      0.758337      1.45109      1088.32      -3047.74      -1959.42      43.3524      197.254
13      0.821532      1.30466      978.498      -2936.45      -1957.95      40.0196      197.264
14      0.884726      1.16726      875.443      -2829.34      -1953.89      37.1627      197.273
15      0.947921      1.04547      784.102      -2731.55      -1947.45      34.6867      197.281
16      1.01112      0.944516      708.387      -2647.61      -1939.23      32.52      197.289
17      1.07431      0.867437      650.578      -2580.67      -1930.1      30.6082      197.296
18      1.13751      0.814834      611.125      -2532.09      -1920.97      28.9086      197.302
19      1.2007      0.78516      588.87      -2501.47      -1912.6      27.3879      197.308
20      1.26389      0.775369      581.526      -2487.01      -1905.48      26.0191      197.313
21      1.32709      0.781656      586.242      -2486.08      -1899.84      24.7807      197.317
22      1.39028      0.800102      600.076      -2495.74      -1895.66      23.6547      197.321
23      1.45348      0.827084      620.313      -2513.12      -1892.81      22.6266      197.324
24      1.51667      0.859499      644.624      -2535.69      -1891.07      21.6842      197.327
25      1.57987      0.89481      671.107      -2561.34      -1890.23      20.8171      197.329
26      1.64306      0.931013      698.26      -2588.35      -1890.09      20.0166      197.331
27      1.70626      0.966549      724.911      -2615.41      -1890.5      19.2754      197.333
28      1.76945      1.00018      750.132      -2641.48      -1891.34      18.5872      197.335
29      1.83265      1.0309      773.171      -2665.71      -1892.54      17.9463      197.336
30      1.89584      1.05791      793.429      -2687.44      -1894.01      17.3482      197.337
31      1.95904      1.0806      810.451      -2706.14      -1895.69      16.7887      197.338
32      2.02223      1.09861      823.954      -2721.44      -1897.48      16.2641      197.339
33      2.08543      1.11182      833.863      -2733.14      -1899.28      15.7714      197.34
34      2.14862      1.12044      840.331      -2741.3      -1900.97      15.3076      197.341
35      2.21182      1.12498      843.736      -2746.18      -1902.44      14.8703      197.343
36      2.27501      1.12615      844.616      -2748.25      -1903.63      14.4574      197.344
37      2.33821      1.12481      843.605      -2748.1      -1904.49      14.0668      197.346
38      2.4014      1.12176      841.322      -2746.37      -1905.05      13.6967      197.348
39      2.46459      1.11776      838.321      -2743.66      -1905.34      13.3457      197.351
40      2.52779      1.11338      835.038      -2740.46      -1905.42      13.0122      197.353
41      2.59098      1.1091      831.821      -2737.16      -1905.34      12.6951      197.356
42      2.65418      1.10535      829.012      -2734.09      -1905.08      12.393      197.36
43      2.71737      1.10263      826.975      -2731.61      -1904.63      12.1051      197.364
44      2.78057      1.1015      826.123      -2730.11      -1903.98      11.8302      197.368
45      2.84376      1.10246      826.848      -2730      -1903.15      11.5675      197.372
46      2.90696      1.10585      829.39      -2731.61      -1902.22      11.3163      197.376
47      2.97015      1.11165      833.738      -2735.07      -1901.34      11.0758      197.381
48      3.03335      1.11947      839.603      -2740.23      -1900.63      10.8453      197.385
49      3.09654      1.1287      846.523      -2746.69      -1900.16      10.6241      197.389
50      3.15974      1.13867      854.005      -2753.95      -1899.95      10.4119      197.393
51      3.22293      1.14885      861.638      -2761.56      -1899.92      10.2079      197.396
52      3.28613      1.15886      869.144      -2769.16      -1900.01      10.0117      197.399
53      3.34932      1.1685      876.373      -2776.55      -1900.17      9.82293      197.401
54      3.41252      1.17767      883.249      -2783.61      -1900.36      9.6411      197.402
55      3.47571      1.18631      889.732      -2790.3      -1900.57      9.46583      197.403
56      3.53891      1.19438      895.784      -2796.58      -1900.79      9.29678      197.402
57      3.6021      1.20183      901.375      -2802.4      -1901.03      9.1336      197.401
58      3.66529      1.20867      906.504      -2807.76      -1901.26      8.976      197.398
59      3.72849      1.21498      911.233      -2812.69      -1901.45      8.82368      197.394
60      3.79168      1.2209      915.677      -2817.26      -1901.58      8.67639      197.389
61      3.85488      1.2267      920.026      -2821.63      -1901.6      8.53386      197.382
62      3.91807      1.23265      924.489      -2826.01      -1901.52      8.39589      197.374
63      3.98127      1.23902      929.267      -2830.61      -1901.35      8.26225      197.365
64      4.04446      1.24598      934.486      -2835.6      -1901.12      8.13274      197.355
65      4.10766      1.25353      940.15      -2841.05      -1900.9      8.00719      197.345
66      4.17085      1.2615      946.123      -2846.9      -1900.77      7.88541      197.333
67      4.23405      1.26951      952.133      -2852.92      -1900.79      7.76725      197.321
68      4.29724      1.27711      957.832      -2858.82      -1900.99      7.65255      197.309
69      4.36044      1.28379      962.844      -2864.22      -1901.37      7.54118      197.297
70      4.42363      1.28914      966.854      -2868.76      -1901.9      7.43298      197.285
71      4.48683      1.29287      969.65      -2872.18      -1902.53      7.32785      197.273
72      4.55002      1.29485      971.134      -2874.32      -1903.18      7.22565      197.261
73      4.61322      1.29508      971.312      -2875.14      -1903.82      7.12627      197.25
74      4.67641      1.29368      970.258      -2874.68      -1904.42      7.02961      197.24
75      4.73961      1.29078      968.082      -2873.04      -1904.96      6.93555      197.231
76      4.8028      1.28658      964.934      -2870.35      -1905.42      6.84401      197.222
77      4.86599      1.28134      961.002      -2866.77      -1905.77      6.75488      197.215
78      4.92919      1.2754      956.553      -2862.54      -1905.99      6.66806      197.209
79      4.99238      1.26923      951.919      -2857.94      -1906.02      6.58348      197.204
80      5.05558      1.26336      947.521      -2853.36      -1905.84      6.50105      197.199
81      5.11877      1.2584      943.803      -2849.25      -1905.44      6.42067      197.196
82      5.18197      1.25487      941.153      -2846.02      -1904.87      6.34229      197.193
83      5.24516      1.25307      939.805      -2844      -1904.19      6.26582      197.192
84      5.30836      1.25308      939.813      -2843.33      -1903.52      6.1912      197.191
85      5.37155      1.25481      941.109      -2844      -1902.89      6.11836      197.19
86      5.43475      1.25812      943.591      -2845.9      -1902.31      6.04724      197.191
87      5.49794      1.26295      947.21      -2848.96      -1901.75      5.97778      197.193
88      5.56114      1.2693      951.977      -2853.16      -1901.19      5.90993      197.196
89      5.62433      1.27721      957.905      -2858.52      -1900.62      5.84364      197.199
90      5.68753      1.28658      964.933      -2865.03      -1900.09      5.77885      197.204
91      5.75072      1.29716      972.871      -2872.55      -1899.68      5.71551      197.21
92      5.81392      1.30854      981.406      -2880.84      -1899.44      5.65358      197.217
93      5.87711      1.32017      990.124      -2889.53      -1899.41      5.59301      197.224
94      5.94031      1.33148      998.609      -2898.19      -1899.58      5.53375      197.233
95      6.0035      1.34199      1006.49      -2906.42      -1899.93      5.47576      197.242
96      6.06669      1.35134      1013.5      -2913.9      -1900.4      5.419      197.253
97      6.12989      1.35933      1019.49      -2920.42      -1900.93      5.36343      197.263
98      6.19308      1.36587      1024.4      -2925.88      -1901.47      5.30901      197.275
99      6.25628      1.37094      1028.21      -2930.24      -1902.03      5.25569      197.287
100      6.31947      1.37452      1030.89      -2933.49      -1902.6      5.20346      197.299
101      6.38267      1.37653      1032.39      -2935.59      -1903.2      5.15226      197.311
102      6.44586      1.37687      1032.66      -2936.48      -1903.82      5.10207      197.324
103      6.50906      1.37552      1031.64      -2936.1      -1904.46      5.05286      197.336
104      6.57225      1.37251      1029.38      -2934.45      -1905.07      5.00459      197.349
105      6.63545      1.36804      1026.03      -2931.62      -1905.59      4.95724      197.361
106      6.69864      1.36249      1021.87      -2927.82      -1905.96      4.91077      197.373
107      6.76184      1.35629      1017.22      -2923.37      -1906.15      4.86516      197.385
108      6.82503      1.34994      1012.46      -2918.62      -1906.16      4.82039      197.396
109      6.88823      1.34385      1007.89      -2913.92      -1906.03      4.77643      197.407
110      6.95142      1.33829      1003.71      -2909.53      -1905.81      4.73326      197.417
111      7.01462      1.33335      1000.01      -2905.59      -1905.57      4.69085      197.427
112      7.07781      1.329      996.748      -2902.11      -1905.36      4.64919      197.437
113      7.14101      1.32508      993.808      -2899.02      -1905.21      4.60825      197.445
114      7.2042      1.32139      991.046      -2896.19      -1905.14      4.56802      197.454
115      7.26739      1.31774      988.308      -2893.45      -1905.15      4.52847      197.461
116      7.33059      1.31393      985.446      -2890.67      -1905.22      4.48959      197.468
117      7.39378      1.30974      982.309      -2887.68      -1905.37      4.45135      197.474
118      7.45698      1.30501      978.754      -2884.35      -1905.59      4.41374      197.479
119      7.52017      1.29956      974.672      -2880.54      -1905.86      4.37675      197.483
120      7.58337      1.29333      970.001      -2876.16      -1906.15      4.34034      197.487
121      7.64656      1.28636      964.771      -2871.19      -1906.42      4.30452      197.489
122      7.70976      1.27887      959.15      -2865.73      -1906.58      4.26926      197.49
123      7.77295      1.27124      953.43      -2860.01      -1906.58      4.23454      197.489
124      7.83615      1.26399      947.995      -2854.38      -1906.38      4.20036      197.488
125      7.89934      1.25765      943.237      -2849.24      -1906      4.1667      197.485
126      7.96254      1.25258      939.438      -2844.93      -1905.49      4.13355      197.481
127      8.02573      1.24896      936.721      -2841.66      -1904.94      4.1009      197.476
128      8.08893      1.24676      935.068      -2839.49      -1904.42      4.06874      197.47
129      8.15212      1.24582      934.367      -2838.33      -1903.96      4.03706      197.463
130      8.21532      1.24594      934.457      -2838.05      -1903.59      4.00584      197.456
131      8.27851      1.24687      935.151      -2838.47      -1903.32      3.97508      197.447
132      8.34171      1.24835      936.26      -2839.4      -1903.14      3.94478      197.437
133      8.4049      1.25013      937.601      -2840.65      -1903.05      3.91491      197.426
134      8.46809      1.25204      939.029      -2842.05      -1903.02      3.88547      197.415
135      8.53129      1.25393      940.444      -2843.49      -1903.04      3.85646      197.403
136      8.59448      1.25574      941.805      -2844.88      -1903.08      3.82786      197.391
137      8.65768      1.25743      943.075      -2846.21      -1903.14      3.79966      197.377
138      8.72087      1.25894      944.203      -2847.42      -1903.22      3.77187      197.364
139      8.78407      1.26012      945.091      -2848.45      -1903.36      3.74446      197.35
140      8.84726      1.26077      945.58      -2849.16      -1903.58      3.71744      197.335
141      8.91046      1.26064      945.48      -2849.38      -1903.9      3.6908      197.321
142      8.97365      1.2595      944.622      -2848.92      -1904.3      3.66454      197.306
143      9.03685      1.25719      942.893      -2847.63      -1904.74      3.63864      197.291
144      9.10004      1.25372      940.287      -2845.46      -1905.17      3.6131      197.276
145      9.16324      1.2492      936.9      -2842.44      -1905.54      3.58791      197.261
146      9.22643      1.24389      932.914      -2838.73      -1905.82      3.56308      197.247
147      9.28963      1.23809      928.569      -2834.53      -1905.96      3.53858      197.233
148      9.35282      1.23219      924.144      -2830.1      -1905.96      3.51443      197.219
149      9.41602      1.22661      919.961      -2825.76      -1905.8      3.4906      197.205
150      9.47921      1.22182      916.364      -2821.82      -1905.46      3.4671      197.192
151      9.54241      1.21829      913.721      -2818.65      -1904.93      3.44392      197.18
152      9.6056      1.21651      912.385      -2816.62      -1904.24      3.42105      197.168
153      9.66879      1.21687      912.65      -2816.05      -1903.4      3.3985      197.156
154      9.73199      1.21962      914.713      -2817.2      -1902.49      3.37624      197.145
155      9.79518      1.22484      918.629      -2820.19      -1901.56      3.35427      197.134
156      9.85838      1.23239      924.294      -2825.01      -1900.72      3.3326      197.124
157      9.92157      1.24192      931.437      -2831.46      -1900.02      3.31121      197.115
158      9.98477      1.25284      939.632      -2839.19      -1899.56      3.2901      197.105
159      10.048      1.26445      948.34      -2847.71      -1899.37      3.26926      197.096
160      10.1112      1.27598      956.987      -2856.47      -1899.48      3.24868      197.088
161      10.1744      1.28672      965.037      -2864.88      -1899.85      3.22837      197.079
162      10.2375      1.29607      972.05      -2872.47      -1900.42      3.20831      197.072
163      10.3007      1.30364      977.729      -2878.85      -1901.12      3.18851      197.064
164      10.3639      1.30924      981.931      -2883.8      -1901.87      3.16894      197.056
165      10.4271      1.31289      984.669      -2887.26      -1902.59      3.14962      197.049
166      10.4903      1.31477      986.081      -2889.32      -1903.24      3.13054      197.042
167      10.5535      1.31521      986.408      -2890.16      -1903.75      3.11168      197.035
168      10.6167      1.31459      985.94      -2890.05      -1904.11      3.09305      197.028
169      10.6799      1.31328      984.956      -2889.3      -1904.34      3.07465      197.022
170      10.7431      1.31157      983.675      -2888.14      -1904.47      3.05646      197.015
171      10.8063      1.30962      982.212      -2886.76      -1904.55      3.03849      197.009
172      10.8695      1.30743      980.575      -2885.21      -1904.64      3.02073      197.003
173      10.9327      1.30492      978.689      -2883.46      -1904.77      3.00319      196.998
174      10.9959      1.30192      976.44      -2881.41      -1904.97      2.98585      196.993
175      11.0591      1.29829      973.719      -2878.93      -1905.21      2.96872      196.988
176      11.1223      1.29395      970.459      -2875.94      -1905.48      2.9518      196.984
177      11.1855      1.28888      966.659      -2872.41      -1905.75      2.93508      196.982
178      11.2487      1.28318      962.385      -2868.36      -1905.97      2.91856      196.979
179      11.3119      1.27703      957.773      -2863.89      -1906.12      2.90224      196.978
180      11.3751      1.27068      953.01      -2859.18      -1906.17      2.88611      196.978
181      11.4382      1.26445      948.337      -2854.43      -1906.09      2.87018      196.979
182      11.5014      1.25869      944.018      -2849.9      -1905.88      2.85443      196.98
183      11.5646      1.25375      940.315      -2845.85      -1905.54      2.83887      196.983
184      11.6278      1.24994      937.454      -2842.55      -1905.09      2.82349      196.987
185      11.691      1.24746      935.598      -2840.17      -1904.57      2.8083      196.991
186      11.7542      1.24642      934.815      -2838.85      -1904.03      2.79327      196.996
187      11.8174      1.24675      935.06      -2838.59      -1903.53      2.77842      197.002
188      11.8806      1.24827      936.201      -2839.3      -1903.1      2.76373      197.009
189      11.9438      1.25073      938.045      -2840.82      -1902.78      2.7492      197.015
190      12.007      1.25385      940.388      -2842.94      -1902.55      2.73483      197.023
191      12.0702      1.2574      943.049      -2845.46      -1902.41      2.72061      197.03
192      12.1334      1.26121      945.906      -2848.23      -1902.32      2.70655      197.038
193      12.1966      1.26518      948.888      -2851.15      -1902.26      2.69263      197.045
194      12.2598      1.2693      951.971      -2854.19      -1902.22      2.67886      197.053
195      12.323      1.27354      955.155      -2857.32      -1902.17      2.66523      197.061
196      12.3862      1.27792      958.441      -2860.56      -1902.11      2.65174      197.07
197      12.4494      1.28244      961.833      -2863.89      -1902.06      2.63839      197.078
198      12.5126      1.28713      965.349      -2867.35      -1902      2.62518      197.086
199      12.5758      1.29202      969.015      -2870.93      -1901.92      2.6121      197.095
200      12.6389      1.29711      972.836      -2874.68      -1901.84      2.59916      197.104
201      12.7021      1.30234      976.759      -2878.56      -1901.81      2.58635      197.113
202      12.7653      1.30751      980.636      -2882.49      -1901.85      2.57367      197.123
203      12.8285      1.3123      984.229      -2886.25      -1902.03      2.56113      197.133
204      12.8917      1.31634      987.256      -2889.6      -1902.34      2.54871      197.143
205      12.9549      1.31929      989.464      -2892.24      -1902.77      2.53642      197.154
206      13.0181      1.32096      990.722      -2893.97      -1903.25      2.52425      197.166
207      13.0813      1.32145      991.087      -2894.76      -1903.67      2.51221      197.178
208      13.1445      1.32107      990.803      -2894.76      -1903.96      2.50028      197.19
209      13.2077      1.32024      990.178      -2894.27      -1904.09      2.48848      197.203
210      13.2709      1.31922      989.418      -2893.56      -1904.15      2.47679      197.216
211      13.3341      1.31796      988.472      -2892.73      -1904.26      2.46522      197.229
212      13.3973      1.31607      987.054      -2891.59      -1904.54      2.45376      197.243
213      13.4605      1.31305      984.79      -2889.79      -1905      2.44241      197.256
214      13.5237      1.30849      981.371      -2886.97      -1905.6      2.43117      197.27
215      13.5869      1.30223      976.67      -2882.91      -1906.24      2.42003      197.284
216      13.6501      1.29437      970.774      -2877.59      -1906.81      2.40899      197.297
217      13.7133      1.2853      963.975      -2871.19      -1907.21      2.39805      197.311
218      13.7765      1.27566      956.748      -2864.1      -1907.35      2.38721      197.323
219      13.8396      1.26628      949.71      -2856.88      -1907.17      2.37645      197.336
220      13.9028      1.25807      943.55      -2850.19      -1906.64      2.36579      197.347
221      13.966      1.25193      938.947      -2844.72      -1905.78      2.35522      197.358
222      14.0292      1.24862      936.469      -2841.12      -1904.65      2.34473      197.368
223      14.0924      1.24862      936.466      -2839.85      -1903.38      2.33432      197.378
224      14.1556      1.25203      939.022      -2841.13      -1902.11      2.324      197.386
225      14.2188      1.25862      943.964      -2844.92      -1900.95      2.31375      197.393
226      14.282      1.26789      950.92      -2850.92      -1900      2.30358      197.399
227      14.3452      1.27916      959.366      -2858.7      -1899.33      2.29349      197.404
228      14.4084      1.29158      968.681      -2867.66      -1898.98      2.28348      197.407
229      14.4716      1.30426      978.194      -2877.16      -1898.97      2.27353      197.41
230      14.5348      1.31633      987.251      -2886.53      -1899.27      2.26366      197.411
231      14.598      1.32704      995.277      -2895.13      -1899.86      2.25386      197.411
232      14.6612      1.33578      1001.84      -2902.47      -1900.63      2.24413      197.41
233      14.7244      1.34224      1006.68      -2908.19      -1901.51      2.23448      197.408
234      14.7876      1.34634      1009.75      -2912.13      -1902.38      2.2249      197.405
235      14.8508      1.3483      1011.23      -2914.38      -1903.15      2.21539      197.401
236      14.914      1.34858      1011.43      -2915.16      -1903.73      2.20595      197.397
237      14.9772      1.34777      1010.83      -2914.9      -1904.07      2.1966      197.392
238      15.0403      1.34655      1009.91      -2914.08      -1904.17      2.18731      197.388
239      15.1035      1.34547      1009.1      -2913.17      -1904.07      2.17811      197.383
240      15.1667      1.34488      1008.66      -2912.53      -1903.87      2.16898      197.378
241      15.2299      1.34478      1008.59      -2912.28      -1903.69      2.15993      197.373
242      15.2931      1.34489      1008.67      -2912.32      -1903.65      2.15096      197.369
243      15.3563      1.34477      1008.57      -2912.37      -1903.79      2.14206      197.365
244      15.4195      1.34392      1007.94      -2912.05      -1904.11      2.13324      197.361
245      15.4827      1.34195      1006.46      -2911.03      -1904.57      2.12449      197.357
246      15.5459      1.33856      1003.92      -2909.04      -1905.12      2.11582      197.354
247      15.6091      1.33357      1000.18      -2905.91      -1905.74      2.10721      197.35
248      15.6723      1.32695      995.211      -2901.56      -1906.35      2.09867      197.346
249      15.7355      1.3188      989.103      -2896.01      -1906.91      2.09021      197.342
250      15.7987      1.30942      982.063      -2889.4      -1907.34      2.0818      197.339
251      15.8619      1.29924      974.43      -2882.02      -1907.59      2.07347      197.335
252      15.9251      1.28887      966.651      -2874.25      -1907.6      2.0652      197.331
253      15.9883      1.27896      959.221      -2866.58      -1907.36      2.057      197.327
254      16.0515      1.27016      952.618      -2859.51      -1906.89      2.04886      197.323
255      16.1147      1.26297      947.225      -2853.47      -1906.25      2.04078      197.319
256      16.1779      1.25771      943.281      -2848.79      -1905.5      2.03278      197.316
257      16.241      1.25448      940.858      -2845.6      -1904.74      2.02483      197.312
258      16.3042      1.25319      939.893      -2843.92      -1904.03      2.01696      197.31
259      16.3674      1.25364      940.228      -2843.63      -1903.4      2.00914      197.307
260      16.4306      1.25554      941.656      -2844.54      -1902.88      2.0014      197.305
261      16.4938      1.25859      943.942      -2846.43      -1902.49      1.99371      197.304
262      16.557      1.26245      946.84      -2849.05      -1902.21      1.9861      197.303
263      16.6202      1.26676      950.073      -2852.16      -1902.08      1.97854      197.303
264      16.6834      1.27111      953.332      -2855.44      -1902.11      1.97105      197.303
265      16.7466      1.27505      956.287      -2858.59      -1902.31      1.96362      197.304
266      16.8098      1.27816      958.618      -2861.27      -1902.65      1.95626      197.306
267      16.873      1.2801      960.075      -2863.19      -1903.11      1.94895      197.308
268      16.9362      1.28069      960.516      -2864.15      -1903.63      1.94171      197.311
269      16.9994      1.27988      959.91      -2864.06      -1904.15      1.93452      197.314
270      17.0626      1.27778      958.335      -2862.95      -1904.62      1.9274      197.318
271      17.1258      1.27459      955.939      -2860.94      -1905      1.92033      197.323
272      17.189      1.27057      952.929      -2858.21      -1905.28      1.91332      197.328
273      17.2522      1.26607      949.549      -2854.98      -1905.43      1.90637      197.334
274      17.3154      1.26144      946.082      -2851.52      -1905.44      1.89947      197.34
275      17.3786      1.25711      942.834      -2848.12      -1905.29      1.89263      197.347
276      17.4417      1.25353      940.149      -2845.11      -1904.96      1.88584      197.354
277      17.5049      1.25113      938.348      -2842.84      -1904.49      1.8791      197.361
278      17.5681      1.25027      937.702      -2841.59      -1903.89      1.87241      197.369
279      17.6313      1.25114      938.358      -2841.59      -1903.23      1.86577      197.376
280      17.6945      1.25376      940.322      -2842.91      -1902.59      1.85918      197.384
281      17.7577      1.25795      943.46      -2845.49      -1902.03      1.85264      197.392
282      17.8209      1.26339      947.54      -2849.14      -1901.6      1.84614      197.399
283      17.8841      1.26973      952.301      -2853.6      -1901.3      1.83968      197.407
284      17.9473      1.27667      957.502      -2858.62      -1901.11      1.83327      197.414
285      18.0105      1.28389      962.919      -2863.96      -1901.04      1.82691      197.421
286      18.0737      1.29117      968.379      -2869.42      -1901.04      1.82058      197.428
287      18.1369      1.29834      973.755      -2874.86      -1901.1      1.81429      197.434
288      18.2001      1.30525      978.938      -2880.15      -1901.21      1.80805      197.44
289      18.2633      1.31178      983.837      -2885.21      -1901.37      1.80184      197.445
290      18.3265      1.31784      988.382      -2889.94      -1901.56      1.79566      197.449
291      18.3897      1.32331      992.486      -2894.28      -1901.79      1.78952      197.452
292      18.4529      1.3281      996.077      -2898.14      -1902.06      1.78342      197.455
293      18.5161      1.33207      999.053      -2901.44      -1902.38      1.77735      197.457
294      18.5793      1.33503      1001.27      -2904.06      -1902.78      1.77131      197.458
295      18.6424      1.33673      1002.55      -2905.83      -1903.28      1.76531      197.458
296      18.7056      1.3369      1002.68      -2906.55      -1903.87      1.75934      197.457
297      18.7688      1.33535      1001.51      -2906.04      -1904.53      1.7534      197.456
298      18.832      1.33201      999.009      -2904.2      -1905.19      1.7475      197.454
299      18.8952      1.32706      995.298      -2901.06      -1905.76      1.74164      197.452
300      18.9584      1.3209      990.674      -2896.84      -1906.17      1.73581      197.449
301      19.0216      1.3141      985.574      -2891.92      -1906.34      1.73001      197.446
302      19.0848      1.30733      980.498      -2886.76      -1906.26      1.72425      197.442
303      19.148      1.30124      975.931      -2881.88      -1905.95      1.71853      197.439
304      19.2112      1.29637      972.278      -2877.73      -1905.45      1.71285      197.436
305      19.2744      1.29306      969.798      -2874.64      -1904.84      1.70721      197.433
306      19.3376      1.29143      968.571      -2872.79      -1904.22      1.70161      197.43
307      19.4008      1.29131      968.479      -2872.16      -1903.68      1.69604      197.427
308      19.464      1.29227      969.205      -2872.53      -1903.32      1.69051      197.425
309      19.5272      1.29369      970.268      -2873.49      -1903.22      1.68502      197.423
310      19.5904      1.29478      971.086      -2874.51      -1903.42      1.67957      197.42
311      19.6536      1.29477      971.075      -2874.98      -1903.91      1.67415      197.418
312      19.7168      1.29295      969.711      -2874.35      -1904.64      1.66877      197.416
313      19.78      1.28885      966.635      -2872.17      -1905.53      1.66342      197.414
314      19.8431      1.28224      961.68      -2868.16      -1906.48      1.6581      197.412
315      19.9063      1.2732      954.899      -2862.27      -1907.37      1.65282      197.409
316      19.9695      1.26208      946.561      -2854.66      -1908.1      1.64757      197.407
317      20.0327      1.2495      937.124      -2845.71      -1908.58      1.64235      197.404
318      20.0959      1.23628      927.207      -2835.94      -1908.73      1.63716      197.401
319      20.1591      1.22338      917.537      -2826.05      -1908.51      1.632      197.398
320      20.2223      1.21184      908.881      -2816.79      -1907.91      1.62687      197.395
321      20.2855      1.20262      901.965      -2808.92      -1906.95      1.62178      197.391
322      20.3487      1.1965      897.373      -2803.1      -1905.73      1.61671      197.388
323      20.4119      1.19396      895.471      -2799.82      -1904.35      1.61168      197.384
324      20.4751      1.19514      896.357      -2799.32      -1902.96      1.60667      197.381
325      20.5383      1.1998      899.849      -2801.54      -1901.69      1.6017      197.377
326      20.6015      1.20737      905.526      -2806.19      -1900.67      1.59676      197.374
327      20.6647      1.21707      912.805      -2812.75      -1899.94      1.59186      197.371
328      20.7279      1.22807      921.05      -2820.59      -1899.54      1.58698      197.369
329      20.7911      1.23955      929.661      -2829.09      -1899.43      1.58214      197.367
330      20.8543      1.25089      938.168      -2837.7      -1899.53      1.57733      197.365
331      20.9175      1.26168      946.262      -2846.03      -1899.77      1.57256      197.364
332      20.9807      1.27174      953.805      -2853.87      -1900.06      1.56782      197.363
333      21.0438      1.28105      960.788      -2861.13      -1900.34      1.56311      197.363
334      21.107      1.28969      967.269      -2867.86      -1900.59      1.55843      197.363
335      21.1702      1.29775      973.309      -2874.12      -1900.81      1.55378      197.364
336      21.2334      1.30527      978.953      -2879.96      -1901.01      1.54917      197.365
337      21.2966      1.31228      984.211      -2885.42      -1901.21      1.54459      197.367
338      21.3598      1.31875      989.063      -2890.48      -1901.42      1.54004      197.369
339      21.423      1.32462      993.462      -2895.12      -1901.66      1.53551      197.372
340      21.4862      1.32976      997.32      -2899.26      -1901.94      1.53102      197.375
341      21.5494      1.33402      1000.52      -2902.8      -1902.29      1.52655      197.378
342      21.6126      1.33721      1002.9      -2905.61      -1902.71      1.52211      197.381
343      21.6758      1.33913      1004.35      -2907.55      -1903.2      1.5177      197.384
344      21.739      1.33966      1004.74      -2908.47      -1903.73      1.51332      197.388
345      21.8022      1.33871      1004.03      -2908.31      -1904.29      1.50896      197.391
346      21.8654      1.33628      1002.21      -2907.04      -1904.83      1.50462      197.395
347      21.9286      1.33249      999.37      -2904.7      -1905.33      1.50032      197.399
348      21.9918      1.32749      995.614      -2901.38      -1905.76      1.49604      197.403
349      22.055      1.32145      991.086      -2897.21      -1906.13      1.49178      197.407
350      22.1182      1.31459      985.941      -2892.35      -1906.41      1.48756      197.412
351      22.1814      1.30711      980.332      -2886.95      -1906.62      1.48336      197.417
352      22.2445      1.29921      974.406      -2881.16      -1906.75      1.47918      197.422
353      22.3077      1.29107      968.299      -2875.12      -1906.82      1.47504      197.428
354      22.3709      1.28286      962.147      -2868.97      -1906.82      1.47092      197.435
355      22.4341      1.27481      956.105      -2862.84      -1906.74      1.46683      197.442
356      22.4973      1.26718      950.381      -2856.92      -1906.54      1.46276      197.45
357      22.5605      1.26034      945.253      -2851.45      -1906.19      1.45873      197.458
358      22.6237      1.25477      941.08      -2846.74      -1905.66      1.45472      197.467
359      22.6869      1.25104      938.28      -2843.2      -1904.92      1.45074      197.477
360      22.7501      1.24969      937.264      -2841.24      -1903.98      1.44679      197.487
361      22.8133      1.25108      938.313      -2841.24      -1902.92      1.44286      197.498
362      22.8765      1.2553      941.473      -2843.35      -1901.88      1.43895      197.509
363      22.9397      1.262      946.501      -2847.49      -1900.99      1.43507      197.52
364      23.0029      1.27054      952.907      -2853.28      -1900.37      1.43121      197.532
365      23.0661      1.2801      960.077      -2860.15      -1900.07      1.42737      197.543
366      23.1293      1.28988      967.408      -2867.47      -1900.06      1.42356      197.555
367      23.1925      1.29917      974.381      -2874.69      -1900.31      1.41976      197.566
368      23.2557      1.30747      980.604      -2881.33      -1900.73      1.41598      197.577
369      23.3189      1.3144      985.799      -2887.07      -1901.27      1.41221      197.587
370      23.3821      1.31973      989.799      -2891.69      -1901.89      1.40846      197.597
371      23.4452      1.32338      992.533      -2895.06      -1902.53      1.40473      197.605
372      23.5084      1.32534      994.006      -2897.16      -1903.16      1.40101      197.613
373      23.5716      1.32571      994.285      -2898.03      -1903.75      1.39731      197.621
374      23.6348      1.32463      993.471      -2897.75      -1904.28      1.39361      197.627
375      23.698      1.32225      991.69      -2896.44      -1904.75      1.38993      197.632
376      23.7612      1.31876      989.067      -2894.22      -1905.15      1.38627      197.636
377      23.8244      1.31433      985.75      -2891.23      -1905.48      1.38261      197.64
378      23.8876      1.30923      981.925      -2887.64      -1905.71      1.37897      197.642
379      23.9508      1.30378      977.834      -2883.65      -1905.81      1.37534      197.643
380      24.014      1.29837      973.774      -2879.54      -1905.76      1.37172      197.643
381      24.0772      1.29341      970.059      -2875.61      -1905.55      1.36812      197.643
382      24.1404      1.28931      966.986      -2872.19      -1905.2      1.36452      197.641
383      24.2036      1.28635      964.766      -2869.53      -1904.76      1.36094      197.638
384      24.2668      1.28464      963.478      -2867.77      -1904.3      1.35737      197.634
385      24.33      1.28406      963.048      -2866.93      -1903.89      1.35381      197.629
386      24.3932      1.28434      963.256      -2866.86      -1903.6      1.35026      197.623
387      24.4564      1.28504      963.778      -2867.27      -1903.49      1.34672      197.616
388      24.5196      1.28563      964.221      -2867.8      -1903.58      1.3432      197.608
389      24.5828      1.28558      964.182      -2868.05      -1903.87      1.33969      197.599
390      24.6459      1.2844      963.299      -2867.63      -1904.34      1.33619      197.59
391      24.7091      1.28172      961.292      -2866.22      -1904.92      1.3327      197.579
392      24.7723      1.27735      958.016      -2863.58      -1905.57      1.32923      197.568
393      24.8355      1.2713      953.479      -2859.66      -1906.18      1.32577      197.557
394      24.8987      1.26381      947.858      -2854.55      -1906.69      1.32232      197.545
395      24.9619      1.25529      941.47      -2848.5      -1907.03      1.31889      197.532
396      25.0251      1.24628      934.709      -2841.87      -1907.17      1.31547      197.519
397      25.0883      1.23732      927.989      -2835.08      -1907.09      1.31207      197.506
398      25.1515      1.22892      921.688      -2828.53      -1906.84      1.30868      197.492
399      25.2147      1.22144      916.078      -2822.55      -1906.47      1.30531      197.479
400      25.2779      1.21513      911.346      -2817.36      -1906.01      1.30196      197.465
401      25.3411      1.21009      907.566      -2813.09      -1905.53      1.29862      197.451
402      25.4043      1.20633      904.748      -2809.79      -1905.05      1.2953      197.437
403      25.4675      1.20384      902.881      -2807.45      -1904.57      1.29199      197.422
404      25.5307      1.20258      901.936      -2806.05      -1904.12      1.2887      197.408
405      25.5939      1.20256      901.918      -2805.57      -1903.65      1.28542      197.393
406      25.6571      1.20381      902.857      -2806.03      -1903.17      1.28216      197.378
407      25.7203      1.20642      904.812      -2807.47      -1902.66      1.27891      197.363
408      25.7835      1.21045      907.84      -2809.96      -1902.12      1.27567      197.348
409      25.8466      1.21597      911.978      -2813.55      -1901.57      1.27245      197.332
410      25.9098      1.22294      917.204      -2818.24      -1901.04      1.26925      197.316
411      25.973      1.2312      923.403      -2823.98      -1900.58      1.26605      197.3
412      26.0362      1.24047      930.351      -2830.59      -1900.24      1.26287      197.283
413      26.0994      1.2503      937.725      -2837.8      -1900.08      1.25971      197.266
414      26.1626      1.26016      945.123      -2845.24      -1900.12      1.25656      197.249
415      26.2258      1.26949      952.118      -2852.49      -1900.38      1.25342      197.232
416      26.289      1.27776      958.321      -2859.14      -1900.82      1.2503      197.215
417      26.3522      1.28457      963.43      -2864.83      -1901.4      1.24719      197.198
418      26.4154      1.2897      967.276      -2869.32      -1902.04      1.2441      197.181
419      26.4786      1.29312      969.837      -2872.51      -1902.68      1.24103      197.164
420      26.5418      1.29501      971.257      -2874.48      -1903.22      1.23797      197.148
421      26.605      1.29575      971.816      -2875.43      -1903.61      1.23493      197.132
422      26.6682      1.29581      971.859      -2875.68      -1903.82      1.23191      197.116
423      26.7314      1.29561      971.707      -2875.59      -1903.89      1.2289      197.102
424      26.7946      1.29538      971.534      -2875.42      -1903.89      1.22592      197.088
425      26.8578      1.29507      971.301      -2875.23      -1903.93      1.22295      197.075
426      26.921      1.29437      970.78      -2874.89      -1904.11      1.22001      197.063
427      26.9842      1.29289      969.669      -2874.11      -1904.44      1.21708      197.052
428      27.0473      1.29026      967.693      -2872.59      -1904.9      1.21418      197.042
429      27.1105      1.28631      964.731      -2870.13      -1905.39      1.2113      197.033
430      27.1737      1.28111      960.83      -2866.68      -1905.85      1.20843      197.026
431      27.2369      1.27495      956.213      -2862.38      -1906.17      1.20559      197.02
432      27.3001      1.26829      951.217      -2857.53      -1906.31      1.20277      197.015
433      27.3633      1.26162      946.216      -2852.49      -1906.27      1.19997      197.011
434      27.4265      1.25538      941.534      -2847.61      -1906.08      1.19719      197.009
435      27.4897      1.24986      937.397      -2843.18      -1905.78      1.19443      197.008
436      27.5529      1.24523      933.924      -2839.36      -1905.44      1.19169      197.008
437      27.6161      1.24151      931.129      -2836.23      -1905.1      1.18897      197.009
438      27.6793      1.23863      928.976      -2833.76      -1904.79      1.18627      197.011
439      27.7425      1.23655      927.415      -2831.91      -1904.5      1.18359      197.015
440      27.8057      1.2352      926.4      -2830.63      -1904.23      1.18093      197.019
441      27.8689      1.23454      925.906      -2829.88      -1903.98      1.17828      197.024
442      27.9321      1.23453      925.895      -2829.64      -1903.74      1.17565      197.03
443      27.9953      1.23506      926.298      -2829.85      -1903.55      1.17304      197.037
444      28.0585      1.23598      926.984      -2830.42      -1903.43      1.17043      197.043
445      28.1217      1.23705      927.788      -2831.19      -1903.4      1.16784      197.05
446      28.1849      1.23803      928.522      -2831.98      -1903.46      1.16527      197.057
447      28.248      1.23868      929.01      -2832.61      -1903.6      1.1627      197.064
448      28.3112      1.23881      929.111      -2832.92      -1903.81      1.16014      197.07
449      28.3744      1.23832      928.744      -2832.79      -1904.04      1.15759      197.076
450      28.4376      1.2372      927.901      -2832.18      -1904.27      1.15504      197.08
451      28.5008      1.23556      926.668      -2831.12      -1904.45      1.15251      197.084
452      28.564      1.23361      925.21      -2829.74      -1904.53      1.14997      197.087
453      28.6272      1.23171      923.786      -2828.26      -1904.47      1.14745      197.089
454      28.6904      1.23031      922.734      -2826.97      -1904.24      1.14492      197.09
455      28.7536      1.22991      922.432      -2826.24      -1903.81      1.1424      197.089
456      28.8168      1.23096      923.22      -2826.45      -1903.23      1.13989      197.087
457      28.88      1.23378      925.334      -2827.88      -1902.54      1.13737      197.084
458      28.9432      1.23847      928.852      -2830.69      -1901.84      1.13487      197.08
459      29.0064      1.2449      933.679      -2834.89      -1901.21      1.13236      197.074
460      29.0696      1.25278      939.585      -2840.29      -1900.7      1.12986      197.068
461      29.1328      1.26169      946.268      -2846.63      -1900.36      1.12737      197.061
462      29.196      1.27121      953.409      -2853.58      -1900.17      1.12488      197.052
463      29.2592      1.28093      960.695      -2860.84      -1900.15      1.1224      197.044
464      29.3224      1.29044      967.827      -2868.09      -1900.26      1.11993      197.035
465      29.3856      1.29937      974.525      -2875.05      -1900.52      1.11747      197.026
466      29.4487      1.30734      980.508      -2881.43      -1900.92      1.11502      197.016
467      29.5119      1.31403      985.52      -2886.96      -1901.44      1.11258      197.007
468      29.5751      1.31911      989.33      -2891.4      -1902.07      1.11016      196.998
469      29.6383      1.32234      991.751      -2894.53      -1902.78      1.10774      196.99
470      29.7015      1.32357      992.681      -2896.21      -1903.53      1.10534      196.982
471      29.7647      1.32282      992.115      -2896.38      -1904.27      1.10295      196.975
472      29.8279      1.32023      990.17      -2895.1      -1904.93      1.10058      196.968
473      29.8911      1.31612      987.09      -2892.54      -1905.45      1.09822      196.961
474      29.9543      1.31098      983.239      -2889.02      -1905.78      1.09587      196.955
475      30.0175      1.30544      979.083      -2884.95      -1905.86      1.09353      196.95
476      30.0807      1.30017      975.131      -2880.83      -1905.69      1.0912      196.945
477      30.1439      1.29583      971.875      -2877.16      -1905.29      1.08889      196.94
478      30.2071      1.29296      969.72      -2874.41      -1904.69      1.08658      196.935
479      30.2703      1.2919      968.924      -2872.91      -1903.99      1.08429      196.93
480      30.3335      1.29275      969.561      -2872.83      -1903.27      1.082      196.926
481      30.3967      1.29533      971.5      -2874.15      -1902.65      1.07973      196.921
482      30.4599      1.29925      974.434      -2876.63      -1902.2      1.07747      196.917
483      30.5231      1.30391      977.933      -2879.91      -1901.98      1.07521      196.913
484      30.5863      1.30873      981.551      -2883.52      -1901.97      1.07297      196.909
485      30.6494      1.31323      984.923      -2887.06      -1902.14      1.07074      196.905
486      30.7126      1.31709      987.821      -2890.22      -1902.4      1.06852      196.902
487      30.7758      1.32025      990.189      -2892.85      -1902.67      1.06631      196.899
488      30.839      1.32279      992.089      -2894.98      -1902.89      1.06411      196.896
489      30.9022      1.32487      993.654      -2896.7      -1903.04      1.06192      196.894
490      30.9654      1.32666      994.998      -2898.14      -1903.15      1.05974      196.892
491      31.0286      1.32824      996.183      -2899.41      -1903.22      1.05757      196.89
492      31.0918      1.32957      997.181      -2900.51      -1903.32      1.05542      196.889
493      31.155      1.33053      997.896      -2901.37      -1903.48      1.05327      196.888
494      31.2182      1.33096      998.221      -2901.9      -1903.68      1.05113      196.887
495      31.2814      1.33082      998.113      -2902.01      -1903.9      1.049      196.886
496      31.3446      1.33017      997.63      -2901.7      -1904.07      1.04688      196.885
497      31.4078      1.32927      996.952      -2901.09      -1904.14      1.04477      196.883
498      31.471      1.32847      996.351      -2900.42      -1904.07      1.04266      196.882
499      31.5342      1.32815      996.111      -2899.97      -1903.86      1.04057      196.881
500      31.5974      1.32862      996.465      -2900.01      -1903.55      1.03848      196.879
501      31.6606      1.33002      997.512      -2900.71      -1903.2      1.0364      196.878
502      31.7238      1.33227      999.2      -2902.1      -1902.9      1.03433      196.876
503      31.787      1.3351      1001.33      -2904.04      -1902.71      1.03226      196.875
504      31.8501      1.33808      1003.56      -2906.27      -1902.71      1.03021      196.873
505      31.9133      1.34064      1005.48      -2908.41      -1902.93      1.02816      196.872
506      31.9765      1.34215      1006.61      -2909.99      -1903.38      1.02613      196.872
507      32.0397      1.34198      1006.48      -2910.54      -1904.06      1.0241      196.871
508      32.1029      1.33958      1004.68      -2909.62      -1904.94      1.02208      196.871
509      32.1661      1.33456      1000.92      -2906.86      -1905.94      1.02008      196.871
510      32.2293      1.32677      995.077      -2902.05      -1906.98      1.01808      196.872
511      32.2925      1.31633      987.25      -2895.19      -1907.94      1.01609      196.873
512      32.3557      1.30366      977.743      -2886.46      -1908.72      1.01411      196.874
513      32.4189      1.28944      967.08      -2876.29      -1909.21      1.01214      196.875
514      32.4821      1.27456      955.92      -2865.29      -1909.37      1.01018      196.877
515      32.5453      1.25999      944.995      -2854.15      -1909.15      1.00823      196.878
516      32.6085      1.24666      934.998      -2843.6      -1908.6      1.00628      196.88
517      32.6717      1.23535      926.514      -2834.29      -1907.77      1.00434      196.881
518      32.7349      1.2266      919.95      -2826.72      -1906.77      1.00241      196.883
519      32.7981      1.22069      915.518      -2821.2      -1905.68      1.00049      196.885
520      32.8613      1.21765      913.241      -2817.85      -1904.61      0.99858      196.888
521      32.9245      1.2173      912.976      -2816.6      -1903.63      0.996675      196.89
522      32.9877      1.21926      914.442      -2817.24      -1902.8      0.994779      196.893
523      33.0508      1.22301      917.255      -2819.44      -1902.18      0.992892      196.895
524      33.114      1.22797      920.975      -2822.76      -1901.78      0.991013      196.899
525      33.1772      1.23354      925.158      -2826.77      -1901.61      0.989142      196.902
526      33.2404      1.23921      929.407      -2831.03      -1901.62      0.987281      196.906
527      33.3036      1.24452      933.392      -2835.19      -1901.79      0.985427      196.91
528      33.3668      1.24914      936.855      -2838.94      -1902.09      0.983582      196.914
529      33.43      1.25278      939.588      -2842.07      -1902.48      0.981745      196.918
530      33.4932      1.2552      941.403      -2844.36      -1902.96      0.979915      196.923
531      33.5564      1.25617      942.128      -2845.65      -1903.53      0.978093      196.928
532      33.6196      1.25553      941.644      -2845.79      -1904.14      0.976279      196.933
533      33.6828      1.25324      939.932      -2844.68      -1904.75      0.974471      196.937
534      33.746      1.24952      937.138      -2842.4      -1905.26      0.972671      196.942
535      33.8092      1.24478      933.584      -2839.17      -1905.59      0.970878      196.948
536      33.8724      1.2396      929.703      -2835.4      -1905.7      0.969092      196.953
537      33.9356      1.23459      925.941      -2831.53      -1905.58      0.967313      196.958
538      33.9988      1.23022      922.667      -2827.97      -1905.3      0.965541      196.963
539      34.062      1.22683      920.124      -2825.03      -1904.91      0.963776      196.969
540      34.1252      1.22462      918.463      -2822.92      -1904.46      0.962017      196.974
541      34.1884      1.22369      917.768      -2821.74      -1903.97      0.960266      196.98
542      34.2515      1.22411      918.086      -2821.54      -1903.46      0.958522      196.985
543      34.3147      1.22594      919.452      -2822.38      -1902.93      0.956785      196.991
544      34.3779      1.22918      921.882      -2824.29      -1902.4      0.955055      196.997
545      34.4411      1.23381      925.354      -2827.25      -1901.89      0.95333      197.003
546      34.5043      1.23972      929.791      -2831.22      -1901.43      0.951613      197.009
547      34.5675      1.24671      935.031      -2836.09      -1901.06      0.949901      197.014
548      34.6307      1.25443      940.821      -2841.65      -1900.83      0.948195      197.02
549      34.6939      1.26244      946.829      -2847.59      -1900.76      0.946494      197.026
550      34.7571      1.27023      952.676      -2853.57      -1900.9      0.944799      197.031
551      34.8203      1.2773      957.976      -2859.2      -1901.22      0.94311      197.036
552      34.8835      1.28318      962.382      -2864.09      -1901.71      0.941425      197.041
553      34.9467      1.28751      965.633      -2867.95      -1902.32      0.939745      197.046
554      35.0099      1.29013      967.596      -2870.57      -1902.97      0.938071      197.051
555      35.0731      1.29104      968.283      -2871.88      -1903.6      0.936402      197.055
556      35.1363      1.29048      967.859      -2871.99      -1904.13      0.934737      197.059
557      35.1995      1.28881      966.611      -2871.11      -1904.5      0.933078      197.063
558      35.2627      1.28652      964.89      -2869.58      -1904.69      0.931425      197.067
559      35.3259      1.28406      963.044      -2867.76      -1904.71      0.929777      197.071
560      35.3891      1.28179      961.344      -2865.95      -1904.61      0.928134      197.075
561      35.4522      1.27992      959.938      -2864.39      -1904.45      0.926498      197.079
562      35.5154      1.27846      958.845      -2863.14      -1904.29      0.924868      197.082
563      35.5786      1.27731      957.984      -2862.17      -1904.18      0.923243      197.086
564      35.6418      1.2763      957.226      -2861.37      -1904.14      0.921624      197.09
565      35.705      1.27527      956.453      -2860.61      -1904.16      0.920012      197.094
566      35.7682      1.27416      955.618      -2859.8      -1904.18      0.918405      197.098
567      35.8314      1.27303      954.774      -2858.95      -1904.17      0.916804      197.102
568      35.8946      1.27209      954.068      -2858.15      -1904.08      0.915208      197.106
569      35.9578      1.2716      953.696      -2857.58      -1903.89      0.913619      197.11
570      36.021      1.2718      953.848      -2857.45      -1903.61      0.912035      197.114
571      36.0842      1.27285      954.638      -2857.92      -1903.28      0.910456      197.118
572      36.1474      1.27475      956.059      -2859.03      -1902.97      0.908883      197.122
573      36.2106      1.27735      958.013      -2860.74      -1902.73      0.907315      197.126
574      36.2738      1.28043      960.323      -2862.9      -1902.57      0.905753      197.13
575      36.337      1.28374      962.807      -2865.32      -1902.51      0.904195      197.134
576      36.4002      1.28708      965.307      -2867.83      -1902.52      0.902644      197.138
577      36.4634      1.29028      967.707      -2870.3      -1902.59      0.901098      197.142
578      36.5266      1.29323      969.923      -2872.62      -1902.7      0.899557      197.146
579      36.5898      1.29585      971.891      -2874.72      -1902.83      0.898022      197.15
580      36.6529      1.29805      973.537      -2876.53      -1903      0.896492      197.155
581      36.7161      1.29974      974.806      -2878      -1903.19      0.894968      197.159
582      36.7793      1.30088      975.663      -2879.06      -1903.4      0.89345      197.163
583      36.8425      1.30147      976.102      -2879.71      -1903.61      0.891936      197.167
584      36.9057      1.30153      976.149      -2879.95      -1903.8      0.890428      197.171
585      36.9689      1.30113      975.847      -2879.81      -1903.96      0.888924      197.175
586      37.0321      1.3003      975.223      -2879.34      -1904.12      0.887425      197.179
587      37.0953      1.29907      974.306      -2878.56      -1904.26      0.88593      197.183
588      37.1585      1.29748      973.113      -2877.5      -1904.39      0.884439      197.187
589      37.2217      1.29556      971.671      -2876.18      -1904.51      0.882952      197.19
590      37.2849      1.29337      970.025      -2874.62      -1904.6      0.881468      197.193
591      37.3481      1.29098      968.233      -2872.89      -1904.66      0.879988      197.195
592      37.4113      1.28846      966.348      -2871.05      -1904.7      0.878511      197.197
593      37.4745      1.28589      964.414      -2869.13      -1904.72      0.877039      197.199
594      37.5377      1.2833      962.475      -2867.19      -1904.71      0.87557      197.201
595      37.6009      1.28077      960.58      -2865.26      -1904.68      0.874107      197.203
596      37.6641      1.27845      958.841      -2863.42      -1904.58      0.872647      197.205
597      37.7273      1.27659      957.446      -2861.82      -1904.38      0.871193      197.206
598      37.7905      1.27555      956.662      -2860.69      -1904.03      0.869745      197.208
599      37.8536      1.27574      956.805      -2860.33      -1903.53      0.868302      197.21
600      37.9168      1.27756      958.172      -2861.06      -1902.89      0.866866      197.213
601      37.98      1.28128      960.956      -2863.12      -1902.17      0.865435      197.216
602      38.0432      1.2869      965.174      -2866.63      -1901.46      0.864012      197.219
603      38.1064      1.2942      970.649      -2871.51      -1900.86      0.862594      197.222
604      38.1696      1.30273      977.049      -2877.5      -1900.45      0.861183      197.226
605      38.2328      1.31192      983.944      -2884.21      -1900.27      0.859779      197.231
606      38.296      1.32115      990.861      -2891.18      -1900.32      0.85838      197.235
607      38.3592      1.32978      997.333      -2897.93      -1900.6      0.856987      197.24
608      38.4224      1.33721      1002.91      -2904.01      -1901.1      0.855599      197.245
609      38.4856      1.34292      1007.19      -2908.98      -1901.79      0.854216      197.25
610      38.5488      1.34654      1009.91      -2912.51      -1902.6      0.852836      197.255
611      38.612      1.34787      1010.9      -2914.37      -1903.47      0.85146      197.259
612      38.6752      1.34691      1010.19      -2914.5      -1904.31      0.850087      197.263
613      38.7384      1.34381      1007.86      -2912.96      -1905.1      0.848715      197.267
614      38.8016      1.33875      1004.06      -2909.88      -1905.82      0.847345      197.27
615      38.8648      1.33187      998.903      -2905.38      -1906.48      0.845975      197.272
616      38.928      1.32334      992.503      -2899.58      -1907.08      0.844607      197.273
617      38.9912      1.31345      985.087      -2892.63      -1907.54      0.843239      197.273
618      39.0543      1.30276      977.071      -2884.85      -1907.77      0.841872      197.273
619      39.1175      1.29214      969.108      -2876.76      -1907.66      0.840505      197.271
620      39.1807      1.28265      961.99      -2869.12      -1907.13      0.839138      197.268
621      39.2439      1.27531      956.486      -2862.73      -1906.25      0.837772      197.265
622      39.3071      1.27085      953.141      -2858.26      -1905.12      0.836407      197.26
623      39.3703      1.26954      952.152      -2856.1      -1903.95      0.835042      197.255
624      39.4335      1.27111      953.333      -2856.25      -1902.92      0.833678      197.249
625      39.4967      1.27488      956.164      -2858.34      -1902.17      0.832316      197.242
626      39.5599      1.27992      959.94      -2861.74      -1901.8      0.830954      197.235
627      39.6231      1.2852      963.901      -2865.7      -1901.8      0.829595      197.227
628      39.6863      1.2898      967.353      -2869.49      -1902.14      0.828237      197.218
629      39.7495      1.29302      969.768      -2872.49      -1902.72      0.826881      197.209
630      39.8127      1.29443      970.824      -2874.25      -1903.43      0.825528      197.199
631      39.8759      1.29388      970.413      -2874.58      -1904.17      0.824176      197.189
632      39.9391      1.29151      968.635      -2873.47      -1904.83      0.822827      197.178
633      40.0023      1.28765      965.74      -2871.1      -1905.36      0.821481      197.167
634      40.0655      1.28276      962.071      -2867.77      -1905.7      0.820136      197.155
635      40.1287      1.27735      958.01      -2863.86      -1905.85      0.818794      197.143
636      40.1919      1.27188      953.907      -2859.74      -1905.83      0.817454      197.13
637      40.255      1.26672      950.04      -2855.72      -1905.68      0.816117      197.117
638      40.3182      1.2621      946.576      -2852.04      -1905.47      0.814782      197.103
639      40.3814      1.25808      943.561      -2848.8      -1905.24      0.813449      197.089
640      40.4446      1.25458      940.934      -2845.99      -1905.06      0.812119      197.075
641      40.5078      1.25141      938.558      -2843.51      -1904.95      0.810792      197.06
642      40.571      1.24836      936.268      -2841.19      -1904.93      0.809467      197.045
643      40.6342      1.24521      933.91      -2838.88      -1904.97      0.808145      197.03
644      40.6974      1.24185      931.386      -2836.45      -1905.06      0.806825      197.014
645      40.7606      1.23824      928.681      -2833.83      -1905.15      0.805509      196.998
646      40.8238      1.23446      925.842      -2831.04      -1905.2      0.804196      196.982
647      40.887      1.23064      922.982      -2828.17      -1905.19      0.802887      196.966
648      40.9502      1.22702      920.268      -2825.36      -1905.09      0.80158      196.949
649      41.0134      1.22388      917.907      -2822.79      -1904.89      0.800278      196.933
650      41.0766      1.2215      916.126      -2820.69      -1904.57      0.79898      196.916
651      41.1398      1.22017      915.127      -2819.28      -1904.15      0.797686      196.9
652      41.203      1.22008      915.06      -2818.73      -1903.67      0.796396      196.883
653      41.2662      1.22132      915.991      -2819.16      -1903.17      0.795112      196.867
654      41.3294      1.22384      917.881      -2820.58      -1902.69      0.793833      196.852
655      41.3926      1.22747      920.601      -2822.9      -1902.3      0.792559      196.836
656      41.4557      1.23193      923.946      -2825.96      -1902.01      0.791291      196.821
657      41.5189      1.23688      927.659      -2829.52      -1901.86      0.790029      196.807
658      41.5821      1.24198      931.488      -2833.32      -1901.83      0.788774      196.793
659      41.6453      1.24694      935.208      -2837.12      -1901.91      0.787524      196.78
660      41.7085      1.25156      938.671      -2840.72      -1902.05      0.786282      196.768
661      41.7717      1.25575      941.811      -2844.03      -1902.22      0.785045      196.756
662      41.8349      1.25951      944.63      -2847.01      -1902.37      0.783816      196.745
663      41.8981      1.26289      947.164      -2849.68      -1902.52      0.782592      196.735
664      41.9613      1.26593      949.451      -2852.09      -1902.64      0.781375      196.725
665      42.0245      1.26867      951.499      -2854.26      -1902.76      0.780163      196.716
666      42.0877      1.27105      953.286      -2856.19      -1902.91      0.778957      196.707
667      42.1509      1.27299      954.742      -2857.83      -1903.09      0.777756      196.699
668      42.2141      1.27436      955.769      -2859.09      -1903.32      0.77656      196.691
669      42.2773      1.27503      956.27      -2859.87      -1903.6      0.775368      196.683
670      42.3405      1.27489      956.165      -2860.07      -1903.91      0.77418      196.675
671      42.4037      1.27391      955.43      -2859.66      -1904.23      0.772996      196.667
672      42.4669      1.27213      954.095      -2858.62      -1904.52      0.771815      196.659
673      42.5301      1.26966      952.245      -2857.01      -1904.77      0.770638      196.652
674      42.5933      1.2667      950.026      -2854.96      -1904.94      0.769463      196.644
675      42.6564      1.2635      947.622      -2852.63      -1905      0.768292      196.636
676      42.7196      1.26034      945.254      -2850.21      -1904.96      0.767123      196.627
677      42.7828      1.25755      943.159      -2847.95      -1904.8      0.765957      196.619
678      42.846      1.2554      941.548      -2846.08      -1904.53      0.764793      196.61
679      42.9092      1.25412      940.588      -2844.78      -1904.19      0.763633      196.601
680      42.9724      1.25382      940.368      -2844.18      -1903.81      0.762475      196.593
681      43.0356      1.2545      940.877      -2844.34      -1903.46      0.761321      196.584
682      43.0988      1.25601      942.009      -2845.17      -1903.16      0.76017      196.575
683      43.162      1.25812      943.594      -2846.55      -1902.96      0.759023      196.566
684      43.2252      1.26057      945.424      -2848.29      -1902.86      0.757879      196.557
685      43.2884      1.26306      947.297      -2850.17      -1902.87      0.756739      196.548
686      43.3516      1.26536      949.02      -2851.99      -1902.97      0.755602      196.539
687      43.4148      1.26723      950.419      -2853.57      -1903.15      0.754468      196.53
688      43.478      1.26848      951.357      -2854.75      -1903.39      0.753338      196.522
689      43.5412      1.26899      951.739      -2855.42      -1903.68      0.752211      196.513
690      43.6044      1.26871      951.531      -2855.5      -1903.97      0.751088      196.504
691      43.6676      1.26769      950.77      -2855.01      -1904.24      0.749968      196.496
692      43.7308      1.26605      949.535      -2854      -1904.46      0.748851      196.487
693      43.794      1.26393      947.944      -2852.57      -1904.62      0.747738      196.479
694      43.8571      1.26148      946.108      -2850.84      -1904.73      0.746629      196.47
695      43.9203      1.2588      944.103      -2848.91      -1904.81      0.745524      196.462
696      43.9835      1.25596      941.971      -2846.83      -1904.86      0.744423      196.454
697      44.0467      1.25299      939.742      -2844.65      -1904.9      0.743326      196.446
698      44.1099      1.24998      937.484      -2842.39      -1904.9      0.742233      196.439
699      44.1731      1.24711      935.334      -2840.16      -1904.83      0.741145      196.432
700      44.2363      1.24469      933.515      -2838.14      -1904.63      0.740062      196.426
701      44.2995      1.24309      932.315      -2836.6      -1904.28      0.738983      196.42
702      44.3627      1.2427      932.026      -2835.82      -1903.79      0.737909      196.414
703      44.4259      1.24385      932.885      -2836.08      -1903.2      0.736841      196.409
704      44.4891      1.24667      935.005      -2837.57      -1902.56      0.735777      196.404
705      44.5523      1.25112      938.343      -2840.31      -1901.97      0.734719      196.401
706      44.6155      1.25695      942.713      -2844.2      -1901.49      0.733666      196.397
707      44.6787      1.26378      947.832      -2848.99      -1901.15      0.732619      196.395
708      44.7419      1.27117      953.376      -2854.36      -1900.99      0.731577      196.393
709      44.8051      1.2787      959.022      -2860      -1900.98      0.730541      196.392
710      44.8683      1.28597      964.479      -2865.59      -1901.11      0.72951      196.391
711      44.9315      1.29267      969.506      -2870.86      -1901.35      0.728485      196.391
712      44.9947      1.29852      973.888      -2875.59      -1901.7      0.727467      196.393
713      45.0578      1.30324      977.426      -2879.58      -1902.15      0.726455      196.395
714      45.121      1.3066      979.95      -2882.63      -1902.68      0.725449      196.398
715      45.1842      1.30847      981.354      -2884.61      -1903.25      0.72445      196.402
716      45.2474      1.30883      981.624      -2885.44      -1903.82      0.723458      196.408
717      45.3106      1.30783      980.874      -2885.18      -1904.31      0.722473      196.414
718      45.3738      1.30575      979.309      -2884      -1904.69      0.721494      196.422
719      45.437      1.30292      977.189      -2882.13      -1904.94      0.720523      196.431
720      45.5002      1.29969      974.769      -2879.83      -1905.06      0.71956      196.441
721      45.5634      1.29633      972.248      -2877.34      -1905.09      0.718603      196.452
722      45.6266      1.29299      969.746      -2874.81      -1905.07      0.717654      196.465
723      45.6898      1.28971      967.282      -2872.33      -1905.05      0.716712      196.479
724      45.753      1.28642      964.815      -2869.87      -1905.05      0.715777      196.494
725      45.8162      1.28301      962.255      -2867.36      -1905.11      0.71485      196.51
726      45.8794      1.27936      959.517      -2864.72      -1905.2      0.713929      196.528
727      45.9426      1.27542      956.563      -2861.87      -1905.3      0.713014      196.546
728      46.0058      1.27122      953.414      -2858.8      -1905.39      0.712106      196.566
729      46.069      1.26689      950.169      -2855.58      -1905.41      0.711204      196.587
730      46.1322      1.26267      947.005      -2852.35      -1905.34      0.710307      196.608
731      46.1954      1.25884      944.132      -2849.3      -1905.16      0.709416      196.63
732      46.2585      1.25571      941.78      -2846.65      -1904.87      0.708529      196.653
733      46.3217      1.25356      940.167      -2844.64      -1904.47      0.707647      196.677
734      46.3849      1.25261      939.457      -2843.46      -1904.01      0.706768      196.7
735      46.4481      1.25298      939.739      -2843.24      -1903.5      0.705893      196.725
736      46.5113      1.25466      940.992      -2844.02      -1903.03      0.705021      196.749
737      46.5745      1.25749      943.118      -2845.73      -1902.61      0.704152      196.773
738      46.6377      1.26126      945.948      -2848.23      -1902.28      0.703285      196.798
739      46.7009      1.26572      949.286      -2851.34      -1902.05      0.702419      196.822
740      46.7641      1.2706      952.95      -2854.87      -1901.92      0.701556      196.846
741      46.8273      1.27567      956.756      -2858.63      -1901.87      0.700693      196.869
742      46.8905      1.28071      960.536      -2862.45      -1901.91      0.699832      196.893
743      46.9537      1.28548      964.113      -2866.16      -1902.04      0.698972      196.916
744      47.0169      1.28974      967.307      -2869.57      -1902.26      0.698112      196.938
745      47.0801      1.29327      969.949      -2872.51      -1902.56      0.697254      196.961
746      47.1433      1.29587      971.9      -2874.82      -1902.92      0.696396      196.982
747      47.2065      1.29743      973.07      -2876.4      -1903.33      0.695539      197.004
748      47.2697      1.2979      973.423      -2877.16      -1903.74      0.694683      197.025
749      47.3329      1.29731      972.98      -2877.11      -1904.13      0.693828      197.045
750      47.3961      1.29574      971.806      -2876.29      -1904.48      0.692974      197.066
751      47.4592      1.29336      970.018      -2874.79      -1904.77      0.692122      197.086
752      47.5224      1.29039      967.794      -2872.76      -1904.96      0.691271      197.105
753      47.5856      1.28715      965.364      -2870.4      -1905.04      0.690422      197.125
754      47.6488      1.28399      962.991      -2867.96      -1904.97      0.689574      197.145
755      47.712      1.28127      960.953      -2865.73      -1904.77      0.688729      197.164
756      47.7752      1.27933      959.494      -2863.95      -1904.46      0.687885      197.183
757      47.8384      1.2784      958.802      -2862.86      -1904.05      0.687043      197.202
758      47.9016      1.27865      958.991      -2862.6      -1903.6      0.686203      197.221
759      47.9648      1.28013      960.094      -2863.24      -1903.15      0.685365      197.24
760      48.028      1.28275      962.061      -2864.79      -1902.73      0.684529      197.259
761      48.0912      1.28633      964.751      -2867.14      -1902.39      0.683695      197.278
762      48.1544      1.29057      967.926      -2870.11      -1902.18      0.682863      197.297
763      48.2176      1.29503      971.274      -2873.41      -1902.14      0.682033      197.316
764      48.2808      1.29925      974.438      -2876.71      -1902.28      0.681204      197.334
765      48.344      1.30278      977.085      -2879.66      -1902.57      0.680377      197.353
766      48.4072      1.3053      978.971      -2881.95      -1902.97      0.67955      197.371
767      48.4704      1.30667      980      -2883.41      -1903.41      0.678724      197.388
768      48.5336      1.30694      980.205      -2884.01      -1903.81      0.677899      197.405
769      48.5968      1.30626      979.699      -2883.85      -1904.15      0.677073      197.421
770      48.6599      1.30482      978.618      -2883.04      -1904.42      0.676247      197.437
771      48.7231      1.30273      977.051      -2881.71      -1904.66      0.67542      197.451
772      48.7863      1.30002      975.011      -2879.91      -1904.89      0.674592      197.465
773      48.8495      1.29658      972.438      -2877.61      -1905.17      0.673763      197.478
774      48.9127      1.29229      969.218      -2874.72      -1905.5      0.672934      197.49
775      48.9759      1.28697      965.228      -2871.12      -1905.89      0.672103      197.501
776      49.0391      1.2805      960.376      -2866.7      -1906.32      0.671272      197.512
777      49.1023      1.27285      954.637      -2861.4      -1906.76      0.67044      197.521
778      49.1655      1.2641      948.078      -2855.22      -1907.14      0.669606      197.529
779      49.2287      1.2545      940.877      -2848.3      -1907.42      0.668772      197.537
780      49.2919      1.24446      933.344      -2840.87      -1907.53      0.667937      197.543
781      49.3551      1.23456      925.92      -2833.32      -1907.4      0.667102      197.549
782      49.4183      1.22558      919.184      -2826.15      -1906.97      0.666266      197.554
783      49.4815      1.21838      913.787      -2819.99      -1906.2      0.665429      197.559
784      49.5447      1.21387      910.4      -2815.52      -1905.12      0.664593      197.562
785      49.6079      1.21271      909.535      -2813.34      -1903.81      0.663757      197.565
786      49.6711      1.21518      911.387      -2813.83      -1902.45      0.662921      197.568
787      49.7343      1.22097      915.731      -2816.98      -1901.25      0.662086      197.57
788      49.7975      1.22928      921.963      -2822.37      -1900.4      0.661251      197.572
789      49.8606      1.23902      929.267      -2829.24      -1899.98      0.660418      197.573
790      49.9238      1.24907      936.804      -2836.77      -1899.96      0.659585      197.574
791      49.987      1.2585      943.874      -2844.15      -1900.28      0.658754      197.575
792      50.0502      1.26666      949.992      -2850.8      -1900.81      0.657924      197.576
793      50.1134      1.27323      954.925      -2856.35      -1901.42      0.657096      197.576
794      50.1766      1.27822      958.662      -2860.68      -1902.02      0.656269      197.576
795      50.2398      1.28183      961.375      -2863.88      -1902.5      0.655444      197.576
796      50.303      1.2845      963.376      -2866.2      -1902.82      0.654621      197.576
797      50.3662      1.2867      965.022      -2867.98      -1902.96      0.6538      197.576
798      50.4294      1.28884      966.631      -2869.58      -1902.95      0.65298      197.576
799      50.4926      1.29117      968.379      -2871.25      -1902.87      0.652163      197.577
800      50.5558      1.29372      970.288      -2873.09      -1902.8      0.651349      197.577
801      50.619      1.29633      972.246      -2875.04      -1902.8      0.650536      197.577
802      50.6822      1.29875      974.062      -2876.96      -1902.89      0.649726      197.577
803      50.7454      1.30072      975.536      -2878.63      -1903.09      0.648919      197.578
804      50.8086      1.302      976.5      -2879.87      -1903.37      0.648115      197.579
805      50.8718      1.30245      976.837      -2880.53      -1903.7      0.647314      197.58
806      50.935      1.30196      976.47      -2880.53      -1904.06      0.646515      197.581
807      50.9982      1.30047      975.35      -2879.79      -1904.44      0.64572      197.583
808      51.0613      1.29791      973.432      -2878.28      -1904.85      0.644928      197.585
809      51.1245      1.29421      970.657      -2875.94      -1905.29      0.644139      197.588
810      51.1877      1.28926      966.946      -2872.71      -1905.76      0.643352      197.59
811      51.2509      1.28298      962.233      -2868.5      -1906.27      0.642568      197.593
812      51.3141      1.27531      956.48      -2863.26      -1906.78      0.641786      197.596
813      51.3773      1.26632      949.741      -2856.99      -1907.25      0.641006      197.599
814      51.4405      1.25627      942.199      -2849.82      -1907.62      0.640228      197.602
815      51.5037      1.24557      934.175      -2841.98      -1907.8      0.639451      197.605
816      51.5669      1.23483      926.124      -2833.87      -1907.75      0.638675      197.607
817      51.6301      1.22481      918.607      -2826.01      -1907.4      0.6379      197.609
818      51.6933      1.21628      912.212      -2818.98      -1906.77      0.637124      197.61
819      51.7565      1.20999      907.492      -2813.36      -1905.87      0.636349      197.611
820      51.8197      1.2065      904.873      -2809.65      -1904.77      0.635574      197.611
821      51.8829      1.20609      904.57      -2808.17      -1903.6      0.634798      197.611
822      51.9461      1.20879      906.589      -2809.04      -1902.45      0.634023      197.61
823      52.0093      1.21431      910.735      -2812.16      -1901.42      0.633247      197.608
824      52.0725      1.22221      916.658      -2817.24      -1900.58      0.632471      197.606
825      52.1357      1.23188      923.908      -2823.89      -1899.98      0.631696      197.603
826      52.1989      1.24262      931.965      -2831.61      -1899.65      0.630921      197.6
827      52.262      1.25371      940.285      -2839.87      -1899.59      0.630148      197.597
828      52.3252      1.26446      948.344      -2848.13      -1899.79      0.629375      197.593
829      52.3884      1.27424      955.68      -2855.88      -1900.2      0.628604      197.59
830      52.4516      1.28259      961.946      -2862.72      -1900.78      0.627835      197.586
831      52.5148      1.28925      966.939      -2868.37      -1901.43      0.627069      197.582
832      52.578      1.29414      970.605      -2872.7      -1902.09      0.626305      197.579
833      52.6412      1.29738      973.033      -2875.73      -1902.7      0.625544      197.576
834      52.7044      1.29923      974.419      -2877.61      -1903.19      0.624786      197.574
835      52.7676      1.30002      975.013      -2878.56      -1903.55      0.624031      197.572
836      52.8308      1.30012      975.092      -2878.86      -1903.77      0.623279      197.57
837      52.894      1.29993      974.946      -2878.79      -1903.85      0.622532      197.569
838      52.9572      1.2998      974.849      -2878.63      -1903.79      0.621787      197.569
839      53.0204      1.30008      975.063      -2878.66      -1903.6      0.621047      197.569
840      53.0836      1.30111      975.831      -2879.12      -1903.29      0.620309      197.569
841      53.1468      1.30314      977.358      -2880.24      -1902.89      0.619576      197.571
842      53.21      1.30642      979.816      -2882.22      -1902.4      0.618845      197.572
843      53.2732      1.31106      983.292      -2885.18      -1901.89      0.618118      197.574
844      53.3364      1.31702      987.765      -2889.17      -1901.4      0.617393      197.577
845      53.3996      1.32407      993.051      -2894.08      -1901.03      0.616671      197.58
846      53.4627      1.33172      998.787      -2899.65      -1900.87      0.615951      197.583
847      53.5259      1.33929      1004.47      -2905.43      -1900.96      0.615233      197.586
848      53.5891      1.34603      1009.52      -2910.88      -1901.36      0.614517      197.588
849      53.6523      1.3512      1013.4      -2915.41      -1902.01      0.613801      197.591
850      53.7155      1.35423      1015.67      -2918.53      -1902.85      0.613087      197.594
851      53.7787      1.35481      1016.11      -2919.9      -1903.8      0.612373      197.596
852      53.8419      1.35285      1014.64      -2919.38      -1904.74      0.611659      197.597
853      53.9051      1.34854      1011.4      -2917.01      -1905.61      0.610946      197.599
854      53.9683      1.34217      1006.63      -2912.97      -1906.35      0.610232      197.599
855      54.0315      1.33415      1000.61      -2907.53      -1906.92      0.609519      197.599
856      54.0947      1.32491      993.68      -2901.02      -1907.34      0.608805      197.599
857      54.1579      1.31491      986.186      -2893.76      -1907.57      0.608091      197.598
858      54.2211      1.30465      978.485      -2886.11      -1907.63      0.607378      197.596
859      54.2843      1.29455      970.911      -2878.44      -1907.52      0.606664      197.594
860      54.3475      1.28497      963.731      -2871.03      -1907.3      0.605951      197.591
861      54.4107      1.27613      957.099      -2864.1      -1907      0.605238      197.588
862      54.4739      1.26805      951.038      -2857.75      -1906.72      0.604526      197.585
863      54.5371      1.26064      945.483      -2851.95      -1906.47      0.603813      197.581
864      54.6003      1.25377      940.329      -2846.6      -1906.27      0.603101      197.577
865      54.6634      1.24734      935.506      -2841.61      -1906.1      0.602389      197.572
866      54.7266      1.24138      931.033      -2836.95      -1905.92      0.601676      197.566
867      54.7898      1.23606      927.046      -2832.69      -1905.64      0.600963      197.56
868      54.853      1.23174      923.805      -2829.03      -1905.23      0.60025      197.553
869      54.9162      1.22888      921.661      -2826.29      -1904.63      0.599536      197.545
870      54.9794      1.22798      920.985      -2824.83      -1903.85      0.59882      197.537
871      55.0426      1.22943      922.076      -2825.01      -1902.93      0.598104      197.527
872      55.1058      1.23343      925.072      -2827.05      -1901.98      0.597386      197.517
873      55.169      1.23982      929.866      -2830.97      -1901.1      0.596667      197.505
874      55.2322      1.24818      936.137      -2836.56      -1900.42      0.595946      197.492
875      55.2954      1.25784      943.378      -2843.38      -1900      0.595224      197.479
876      55.3586      1.268      950.996      -2850.89      -1899.89      0.594501      197.464
877      55.4218      1.27788      958.409      -2858.48      -1900.07      0.593778      197.449
878      55.485      1.28682      965.112      -2865.59      -1900.48      0.593054      197.433
879      55.5482      1.29433      970.749      -2871.8      -1901.05      0.59233      197.417
880      55.6114      1.3002      975.152      -2876.84      -1901.69      0.591607      197.4
881      55.6746      1.30446      978.342      -2880.63      -1902.29      0.590885      197.384
882      55.7378      1.30729      980.47      -2883.27      -1902.8      0.590164      197.367
883      55.801      1.30897      981.724      -2884.95      -1903.23      0.589445      197.35
884      55.8641      1.30968      982.258      -2885.83      -1903.57      0.588727      197.332
885      55.9273      1.30957      982.179      -2886.05      -1903.87      0.588011      197.315
886      55.9905      1.30875      981.559      -2885.7      -1904.14      0.587297      197.299
887      56.0537      1.30731      980.485      -2884.84      -1904.36      0.586585      197.282
888      56.1169      1.30544      979.079      -2883.58      -1904.5      0.585874      197.265
889      56.1801      1.30337      977.529      -2882.08      -1904.55      0.585165      197.248
890      56.2433      1.30139      976.04      -2880.54      -1904.5      0.584457      197.231
891      56.3065      1.29974      974.805      -2879.16      -1904.35      0.58375      197.214
892      56.3697      1.29862      973.962      -2878.11      -1904.15      0.583045      197.197
893      56.4329      1.29805      973.541      -2877.48      -1903.94      0.582342      197.179
894      56.4961      1.29793      973.45      -2877.24      -1903.79      0.581639      197.162
895      56.5593      1.29798      973.485      -2877.24      -1903.75      0.580938      197.145
896      56.6225      1.29784      973.384      -2877.24      -1903.85      0.580238      197.127
897      56.6857      1.29719      972.891      -2876.96      -1904.07      0.579539      197.109
898      56.7489      1.29578      971.837      -2876.2      -1904.36      0.578842      197.092
899      56.8121      1.29359      970.195      -2874.85      -1904.65      0.578146      197.074
900      56.8753      1.29077      968.075      -2872.95      -1904.87      0.577452      197.056
901      56.9385      1.28761      965.706      -2870.67      -1904.96      0.57676      197.039
902      57.0017      1.28453      963.396      -2868.29      -1904.89      0.57607      197.022
903      57.0648      1.28197      961.48      -2866.13      -1904.65      0.575383      197.005
904      57.128      1.28038      960.288      -2864.54      -1904.26      0.574698      196.988
905      57.1912      1.28014      960.107      -2863.83      -1903.72      0.574015      196.972
906      57.2544      1.28152      961.14      -2864.24      -1903.1      0.573335      196.956
907      57.3176      1.28467      963.5      -2865.93      -1902.43      0.572659      196.941
908      57.3808      1.28957      967.177      -2868.96      -1901.78      0.571985      196.926
909      57.444      1.29601      972.006      -2873.25      -1901.24      0.571314      196.911
910      57.5072      1.30355      977.66      -2878.54      -1900.88      0.570647      196.898
911      57.5704      1.31155      983.661      -2884.44      -1900.78      0.569983      196.885
912      57.6336      1.31925      989.438      -2890.4      -1900.97      0.569322      196.873
913      57.6968      1.32588      994.411      -2895.85      -1901.44      0.568666      196.861
914      57.76      1.33078      998.084      -2900.23      -1902.14      0.568013      196.851
915      57.8232      1.33349      1000.12      -2903.11      -1902.99      0.567364      196.841
916      57.8864      1.33382      1000.36      -2904.26      -1903.9      0.56672      196.832
917      57.9496      1.3318      998.851      -2903.61      -1904.76      0.566079      196.824
918      58.0128      1.3277      995.778      -2901.28      -1905.5      0.565443      196.818
919      58.076      1.32194      991.453      -2897.53      -1906.08      0.564811      196.812
920      58.1392      1.31501      986.255      -2892.72      -1906.46      0.564183      196.807
921      58.2024      1.30745      980.589      -2887.23      -1906.64      0.56356      196.803
922      58.2655      1.29976      974.822      -2881.47      -1906.64      0.56294      196.8
923      58.3287      1.29231      969.233      -2875.75      -1906.52      0.562324      196.798
924      58.3919      1.28528      963.963      -2870.31      -1906.34      0.561712      196.797
925      58.4551      1.27867      959      -2865.19      -1906.19      0.561103      196.796
926      58.5183      1.27225      954.19      -2860.32      -1906.13      0.560497      196.796
927      58.5815      1.26573      949.294      -2855.49      -1906.2      0.559895      196.797
928      58.6447      1.25875      944.062      -2850.45      -1906.39      0.559296      196.798
929      58.7079      1.25112      938.343      -2844.98      -1906.63      0.558699      196.8
930      58.7711      1.24286      932.148      -2839      -1906.85      0.558106      196.803
931      58.8343      1.23424      925.679      -2832.63      -1906.95      0.557514      196.806
932      58.8975      1.22576      919.317      -2826.16      -1906.84      0.556926      196.809
933      58.9607      1.21808      913.558      -2820.03      -1906.47      0.556339      196.813
934      59.0239      1.21187      908.902      -2814.77      -1905.87      0.555755      196.817
935      59.0871      1.20768      905.758      -2810.83      -1905.07      0.555173      196.821
936      59.1503      1.20581      904.36      -2808.54      -1904.18      0.554593      196.826
937      59.2135      1.20635      904.763      -2808.05      -1903.29      0.554016      196.831
938      59.2767      1.20915      906.862      -2809.33      -1902.46      0.55344      196.837
939      59.3399      1.21393      910.449      -2812.2      -1901.76      0.552868      196.842
940      59.4031      1.22034      915.255      -2816.44      -1901.19      0.552297      196.849
941      59.4662      1.22798      920.981      -2821.76      -1900.77      0.551729      196.856
942      59.5294      1.2364      927.302      -2827.83      -1900.52      0.551164      196.863
943      59.5926      1.24517      933.878      -2834.32      -1900.45      0.550601      196.871
944      59.6558      1.25381      940.356      -2840.9      -1900.54      0.55004      196.879
945      59.719      1.26185      946.388      -2847.2      -1900.81      0.549482      196.887
946      59.7822      1.26886      951.646      -2852.88      -1901.24      0.548925      196.896
947      59.8454      1.27447      955.852      -2857.65      -1901.8      0.548371      196.905
948      59.9086      1.27839      958.789      -2861.24      -1902.45      0.547818      196.914
949      59.9718      1.28044      960.328      -2863.49      -1903.16      0.547268      196.924
950      60.035      1.2806      960.451      -2864.31      -1903.86      0.546719      196.933
951      60.0982      1.27906      959.295      -2863.77      -1904.47      0.546171      196.943
952      60.1614      1.2762      957.152      -2862.07      -1904.92      0.545626      196.954
953      60.2246      1.27258      954.434      -2859.58      -1905.15      0.545081      196.964
954      60.2878      1.26878      951.588      -2856.74      -1905.16      0.544538      196.974
955      60.351      1.2653      948.979      -2853.98      -1905      0.543997      196.984
956      60.4142      1.26243      946.826      -2851.58      -1904.75      0.543455      196.994
957      60.4774      1.26027      945.201      -2849.68      -1904.48      0.542914      197.004
958      60.5406      1.25875      944.065      -2848.31      -1904.24      0.542373      197.014
959      60.6038      1.25777      943.328      -2847.38      -1904.05      0.541832      197.022
960      60.6669      1.2572      942.903      -2846.81      -1903.91      0.541289      197.03
961      60.7301      1.25699      942.741      -2846.52      -1903.78      0.540746      197.038
962      60.7933      1.25712      942.838      -2846.48      -1903.65      0.540202      197.044
963      60.8565      1.25763      943.221      -2846.72      -1903.5      0.539657      197.05
964      60.9197      1.25859      943.941      -2847.27      -1903.32      0.539112      197.055
965      60.9829      1.26006      945.045      -2848.17      -1903.13      0.538566      197.06
966      61.0461      1.26208      946.563      -2849.48      -1902.92      0.53802      197.064
967      61.1093      1.26466      948.498      -2851.21      -1902.72      0.537474      197.068
968      61.1725      1.26778      950.836      -2853.36      -1902.52      0.536929      197.072
969      61.2357      1.27139      953.543      -2855.89      -1902.34      0.536385      197.075
970      61.2989      1.27543      956.575      -2858.76      -1902.19      0.535841      197.079
971      61.3621      1.27986      959.893      -2861.95      -1902.05      0.535299      197.082
972      61.4253      1.28463      963.47      -2865.4      -1901.93      0.534759      197.086
973      61.4885      1.28969      967.269      -2869.1      -1901.83      0.53422      197.09
974      61.5517      1.29498      971.236      -2873      -1901.76      0.533683      197.094
975      61.6149      1.30035      975.265      -2877.02      -1901.75      0.533148      197.099
976      61.6781      1.30559      979.19      -2881.03      -1901.84      0.532616      197.104
977      61.7413      1.31041      982.81      -2884.83      -1902.02      0.532086      197.11
978      61.8045      1.31453      985.898      -2888.22      -1902.32      0.531559      197.116
979      61.8676      1.3177      988.273      -2890.97      -1902.7      0.531035      197.123
980      61.9308      1.31975      989.816      -2892.95      -1903.13      0.530513      197.131
981      61.994      1.32067      990.505      -2894.06      -1903.56      0.529994      197.139
982      62.0572      1.32057      990.425      -2894.35      -1903.93      0.529477      197.147
983      62.1204      1.31967      989.749      -2893.95      -1904.2      0.528963      197.156
984      62.1836      1.31828      988.709      -2893.06      -1904.35      0.52845      197.166
985      62.2468      1.31671      987.535      -2891.93      -1904.4      0.527939      197.175
986      62.31      1.31522      986.419      -2890.77      -1904.35      0.52743      197.185
987      62.3732      1.31395      985.464      -2889.72      -1904.26      0.526922      197.195
988      62.4364      1.31295      984.715      -2888.87      -1904.16      0.526415      197.205
989      62.4996      1.31222      984.168      -2888.22      -1904.05      0.525909      197.215
990      62.5628      1.31175      983.809      -2887.77      -1903.96      0.525404      197.224
991      62.626      1.31152      983.642      -2887.51      -1903.86      0.524899      197.234
992      62.6892      1.31158      983.685      -2887.44      -1903.75      0.524394      197.243
993      62.7524      1.31198      983.985      -2887.6      -1903.62      0.52389      197.252
994      62.8156      1.31284      984.628      -2888.06      -1903.43      0.523387      197.261
995      62.8788      1.31429      985.721      -2888.91      -1903.19      0.522883      197.269
996      62.942      1.31651      987.384      -2890.28      -1902.9      0.522379      197.277
997      63.0052      1.31962      989.712      -2892.27      -1902.56      0.521875      197.285
998      63.0683      1.32366      992.743      -2894.95      -1902.21      0.521371      197.292
999      63.1315      1.32855      996.41      -2898.32      -1901.91      0.520867      197.299
1000      63.1947      1.33402      1000.51      -2902.24      -1901.72      0.520362      197.305
1000      63.1947      1.33402      1000.51      -2902.24      -1901.72      0.520362      197.305
Execution time in seconds: 1.82341
