Timestep Time Temperature KineticEnergy PotentialEnergy TotalEnergy DiffusionConstant MeanSquareDisplacement
1      0.0789684      2.43283      1824.62      -3730.19      -1905.57      416.079      197.143
2      0.157937      2.4093      1806.97      -3721.36      -1914.39      208.052      197.155
3      0.236905      2.362      1771.5      -3694.79      -1923.29      138.71      197.167
4      0.315874      2.29048      1717.86      -3650.22      -1932.36      104.039      197.18
5      0.394842      2.19428      1645.71      -3587.26      -1941.55      83.2372      197.193
6      0.473811      2.07326      1554.95      -3505.65      -1950.7      69.3691      197.207
7      0.552779      1.92841      1446.31      -3405.64      -1959.33      59.4633      197.221
8      0.631747      1.76271      1322.03      -3288.63      -1966.6      52.034      197.234
9      0.710716      1.58219      1186.64      -3157.93      -1971.29      46.2555      197.247
10      0.789684      1.39644      1047.33      -3019.41      -1972.08      41.6325      197.259
11      0.868653      1.21803      913.519      -2881.51      -1967.99      37.85      197.271
12      0.947621      1.06028      795.213      -2754.22      -1959      34.6977      197.281
13      1.02659      0.934162      700.621      -2646.92      -1946.3      32.0302      197.291
14      1.10556      0.845559      634.169      -2566.11      -1931.94      29.7435      197.299
15      1.18453      0.794539      595.904      -2513.99      -1918.09      27.7617      197.306
16      1.26349      0.776496      582.372      -2488.7      -1906.32      26.0274      197.313
17      1.34246      0.784307      588.23      -2485.61      -1897.38      24.497      197.318
18      1.42143      0.810357      607.767      -2499.05      -1891.28      23.1366      197.322
19      1.5004      0.847832      635.874      -2523.51      -1887.64      21.9193      197.326
20      1.57937      0.891231      668.424      -2554.35      -1885.93      20.8236      197.329
21      1.65834      0.936397      702.298      -2587.96      -1885.66      19.8323      197.332
22      1.73731      0.980274      735.205      -2621.65      -1886.45      18.931      197.334
23      1.81627      1.02057      765.424      -2653.45      -1888.02      18.1081      197.336
24      1.89524      1.05552      791.641      -2681.84      -1890.2      17.3537      197.337
25      1.97421      1.08386      812.892      -2705.7      -1892.81      16.6597      197.338
26      2.05318      1.10483      828.626      -2724.25      -1895.62      16.019      197.34
27      2.13215      1.11841      838.81      -2737.19      -1898.38      15.4258      197.341
28      2.21112      1.12528      843.962      -2744.76      -1900.8      14.875      197.343
29      2.29008      1.12676      845.067      -2747.75      -1902.68      14.3623      197.345
30      2.36905      1.12447      843.35      -2747.28      -1903.93      13.8837      197.347
31      2.44802      1.11999      839.991      -2744.59      -1904.6      13.436      197.35
32      2.52699      1.1146      835.952      -2740.77      -1904.82      13.0164      197.353
33      2.60596      1.10928      831.958      -2736.65      -1904.69      12.6222      197.357
34      2.68493      1.10489      828.667      -2732.9      -1904.24      12.2512      197.362
35      2.76389      1.10243      826.821      -2730.22      -1903.4      11.9015      197.367
36      2.84286      1.10296      827.218      -2729.39      -1902.18      11.5712      197.372
37      2.92183      1.10722      830.415      -2731.15      -1900.73      11.2588      197.377
38      3.0008      1.11518      836.382      -2735.78      -1899.39      10.9628      197.383
39      3.07977      1.12594      844.456      -2742.91      -1898.45      10.682      197.388
40      3.15874      1.13824      853.683      -2751.68      -1898      10.4152      197.393
41      3.23771      1.15095      863.21      -2761.16      -1897.95      10.1614      197.397
42      3.31667      1.16333      872.5      -2770.63      -1898.13      9.91958      197.4
43      3.39564      1.17507      881.301      -2779.71      -1898.41      9.689      197.402
44      3.47461      1.18601      889.511      -2788.23      -1898.72      9.46884      197.403
45      3.55358      1.19607      897.055      -2796.13      -1899.07      9.25839      197.402
46      3.63255      1.20517      903.879      -2803.32      -1899.44      9.057      197.4
47      3.71152      1.21335      910.014      -2809.8      -1899.78      8.8641      197.395
48      3.79048      1.22084      915.628      -2815.64      -1900.02      8.67914      197.389
49      3.86945      1.22808      921.058      -2821.12      -1900.06      8.50166      197.381
50      3.94842      1.23561      926.71      -2826.62      -1899.91      8.33119      197.37
51      4.02739      1.24393      932.947      -2832.53      -1899.58      8.16734      197.358
52      4.10636      1.2532      939.899      -2839.13      -1899.23      8.00973      197.345
53      4.18533      1.26316      947.369      -2846.38      -1899.01      7.85803      197.331
54      4.26429      1.27311      954.835      -2853.92      -1899.09      7.71193      197.316
55      4.34326      1.28213      961.594      -2861.12      -1899.53      7.57112      197.3
56      4.42223      1.28928      966.961      -2867.25      -1900.29      7.43534      197.285
57      4.5012      1.29396      970.468      -2871.72      -1901.25      7.30434      197.27
58      4.58017      1.2959      971.922      -2874.2      -1902.28      7.17789      197.256
59      4.65914      1.29516      971.372      -2874.63      -1903.25      7.05576      197.243
60      4.73811      1.292      968.998      -2873.12      -1904.12      6.93775      197.231
61      4.81707      1.28677      965.077      -2869.92      -1904.84      6.82366      197.221
62      4.89604      1.27997      959.979      -2865.34      -1905.36      6.71331      197.212
63      4.97501      1.27234      954.252      -2859.83      -1905.58      6.60651      197.205
64      5.05398      1.26485      948.636      -2854.04      -1905.41      6.5031      197.199
65      5.13295      1.25866      943.993      -2848.8      -1904.81      6.40292      197.195
66      5.21192      1.25476      941.071      -2844.94      -1903.87      6.30581      197.192
67      5.29088      1.25365      940.234      -2843.04      -1902.8      6.21165      197.191
68      5.36985      1.25528      941.457      -2843.25      -1901.8      6.12029      197.19
69      5.44882      1.2594      944.548      -2845.44      -1900.89      6.03162      197.191
70      5.52779      1.26588      949.413      -2849.44      -1900.03      5.94554      197.194
71      5.60676      1.27478      956.084      -2855.22      -1899.14      5.86192      197.198
72      5.68573      1.28604      964.527      -2862.82      -1898.29      5.78067      197.204
73      5.76469      1.29925      974.438      -2872.08      -1897.64      5.7017      197.211
74      5.84366      1.3136      985.203      -2882.52      -1897.32      5.6249      197.22
75      5.92263      1.32801      996.008      -2893.43      -1897.42      5.55019      197.231
76      6.0016      1.34144      1006.08      -2903.96      -1897.89      5.47749      197.242
77      6.08057      1.35311      1014.83      -2913.44      -1898.61      5.4067      197.255
78      6.15954      1.36263      1021.97      -2921.42      -1899.45      5.33776      197.269
79      6.23851      1.36989      1027.42      -2927.73      -1900.31      5.27058      197.283
80      6.31747      1.37483      1031.12      -2932.31      -1901.19      5.2051      197.299
81      6.39644      1.37734      1033.01      -2935.12      -1902.12      5.14125      197.314
82      6.47541      1.37726      1032.95      -2936.05      -1903.1      5.07895      197.33
83      6.55438      1.37452      1030.89      -2934.98      -1904.09      5.01816      197.345
84      6.63335      1.36939      1027.04      -2931.99      -1904.95      4.9588      197.361
85      6.71232      1.36247      1021.85      -2927.39      -1905.54      4.90084      197.376
86      6.79128      1.35464      1015.98      -2921.77      -1905.78      4.84421      197.39
87      6.87025      1.34683      1010.13      -2915.82      -1905.7      4.78886      197.404
88      6.94922      1.33971      1004.78      -2910.17      -1905.39      4.73476      197.417
89      7.02819      1.33356      1000.17      -2905.19      -1905.01      4.68185      197.43
90      7.10716      1.3283      996.226      -2900.92      -1904.7      4.6301      197.441
91      7.18613      1.3236      992.702      -2897.22      -1904.52      4.57946      197.452
92      7.26509      1.31908      989.307      -2893.79      -1904.48      4.52991      197.461
93      7.34406      1.31432      985.741      -2890.34      -1904.6      4.48139      197.47
94      7.42303      1.30895      981.715      -2886.57      -1904.85      4.43388      197.477
95      7.502      1.30262      976.963      -2882.2      -1905.24      4.38733      197.483
96      7.58097      1.29508      971.313      -2877      -1905.69      4.34172      197.487
97      7.65994      1.28637      964.777      -2870.88      -1906.1      4.29701      197.489
98      7.73891      1.2769      957.678      -2863.99      -1906.31      4.25318      197.49
99      7.81787      1.26752      950.641      -2856.82      -1906.18      4.21019      197.489
100      7.89684      1.25925      944.438      -2850.1      -1905.66      4.16803      197.485
101      7.97581      1.25291      939.686      -2844.56      -1904.88      4.12665      197.48
102      8.05478      1.24884      936.63      -2840.65      -1904.02      4.08606      197.474
103      8.13375      1.24691      935.181      -2838.42      -1903.24      4.04622      197.466
104      8.21272      1.24675      935.064      -2837.68      -1902.62      4.00711      197.456
105      8.29168      1.2479      935.928      -2838.11      -1902.18      3.96873      197.445
106      8.37065      1.24986      937.399      -2839.33      -1901.93      3.93104      197.432
107      8.44962      1.25218      939.134      -2840.98      -1901.84      3.89403      197.418
108      8.52859      1.25453      940.895      -2842.76      -1901.86      3.85768      197.404
109      8.60756      1.25677      942.574      -2844.5      -1901.92      3.82198      197.388
110      8.68653      1.2588      944.102      -2846.12      -1902.02      3.78692      197.371
111      8.76549      1.26049      945.368      -2847.55      -1902.18      3.75247      197.354
112      8.84446      1.26149      946.115      -2848.6      -1902.48      3.71863      197.336
113      8.92343      1.26132      945.989      -2848.96      -1902.97      3.68538      197.317
114      9.0024      1.25955      944.661      -2848.26      -1903.6      3.6527      197.299
115      9.08137      1.25595      941.96      -2846.25      -1904.29      3.6206      197.28
116      9.16034      1.25063      937.97      -2842.88      -1904.91      3.58905      197.262
117      9.23931      1.244      933.001      -2838.35      -1905.35      3.55805      197.244
118      9.31827      1.23669      927.517      -2833.05      -1905.54      3.52759      197.226
119      9.39724      1.22944      922.082      -2827.51      -1905.43      3.49764      197.209
120      9.47621      1.22313      917.348      -2822.34      -1904.99      3.46821      197.193
121      9.55518      1.21869      914.021      -2818.22      -1904.19      3.43927      197.177
122      9.63415      1.21705      912.791      -2815.86      -1903.07      3.41082      197.162
123      9.71312      1.21893      914.195      -2815.89      -1901.7      3.38285      197.148
124      9.79208      1.22465      918.484      -2818.73      -1900.24      3.35534      197.135
125      9.87105      1.23405      925.541      -2824.44      -1898.9      3.32829      197.122
126      9.95002      1.24646      934.841      -2832.72      -1897.87      3.30167      197.11
127      10.029      1.26066      945.496      -2842.83      -1897.33      3.27549      197.099
128      10.108      1.27521      956.408      -2853.76      -1897.35      3.24972      197.088
129      10.1869      1.28867      966.5      -2864.39      -1897.89      3.22436      197.078
130      10.2659      1.29989      974.916      -2873.74      -1898.83      3.1994      197.068
131      10.3449      1.30819      981.142      -2881.12      -1899.97      3.17482      197.059
132      10.4238      1.3134      985.051      -2886.19      -1901.14      3.15063      197.05
133      10.5028      1.31579      986.845      -2889.01      -1902.16      3.1268      197.041
134      10.5818      1.31598      986.986      -2889.91      -1902.93      3.10333      197.032
135      10.6607      1.31471      986.034      -2889.44      -1903.41      3.08021      197.024
136      10.7397      1.31266      984.492      -2888.15      -1903.65      3.05743      197.016
137      10.8187      1.31019      982.641      -2886.43      -1903.79      3.035      197.008
138      10.8976      1.30734      980.505      -2884.44      -1903.94      3.01289      197.001
139      10.9766      1.30389      977.92      -2882.1      -1904.18      2.99112      196.994
140      11.0556      1.29955      974.663      -2879.2      -1904.54      2.96967      196.988
141      11.1345      1.29411      970.586      -2875.54      -1904.96      2.94854      196.984
142      11.2135      1.28758      965.684      -2871.04      -1905.36      2.92772      196.981
143      11.2925      1.28016      960.117      -2865.77      -1905.66      2.90722      196.979
144      11.3715      1.27227      954.2      -2859.98      -1905.78      2.88703      196.978
145      11.4504      1.26449      948.37      -2854.05      -1905.68      2.86713      196.979
146      11.5294      1.25751      943.134      -2848.45      -1905.31      2.84753      196.982
147      11.6084      1.25199      938.995      -2843.7      -1904.71      2.82822      196.986
148      11.6873      1.24845      936.335      -2840.27      -1903.93      2.80918      196.991
149      11.7663      1.24712      935.338      -2838.43      -1903.09      2.79042      196.998
150      11.8453      1.2479      935.927      -2838.24      -1902.32      2.77192      197.005
151      11.9242      1.25042      937.811      -2839.52      -1901.71      2.75368      197.013
152      12.0032      1.25412      940.594      -2841.9      -1901.31      2.73569      197.022
153      12.0822      1.25854      943.906      -2844.99      -1901.08      2.71794      197.032
154      12.1611      1.26335      947.509      -2848.47      -1900.96      2.70042      197.041
155      12.2401      1.26838      951.287      -2852.17      -1900.88      2.68313      197.051
156      12.3191      1.27363      955.22      -2856.02      -1900.8      2.66607      197.061
157      12.398      1.27907      959.306      -2860.03      -1900.72      2.64922      197.071
158      12.477      1.28475      963.559      -2864.19      -1900.63      2.6326      197.082
159      12.556      1.29069      968.02      -2868.54      -1900.52      2.61618      197.092
160      12.6349      1.29696      972.722      -2873.12      -1900.4      2.59998      197.103
161      12.7139      1.30347      977.605      -2877.94      -1900.33      2.58398      197.115
162      12.7929      1.30985      982.386      -2882.82      -1900.43      2.56819      197.127
163      12.8719      1.31543      986.575      -2887.37      -1900.79      2.5526      197.14
164      12.9508      1.31952      989.637      -2891.05      -1901.41      2.53721      197.154
165      13.0298      1.32166      991.244      -2893.39      -1902.15      2.52202      197.168
166      13.1088      1.32201      991.505      -2894.28      -1902.77      2.50701      197.183
167      13.1877      1.32125      990.935      -2894.04      -1903.11      2.4922      197.199
168      13.2667      1.32008      990.061      -2893.27      -1903.21      2.47757      197.215
169      13.3457      1.31856      988.923      -2892.3      -1903.38      2.46312      197.232
170      13.4246      1.31597      986.977      -2890.84      -1903.86      2.44884      197.249
171      13.5036      1.31134      983.508      -2888.2      -1904.7      2.43473      197.266
172      13.5826      1.3041      978.076      -2883.77      -1905.69      2.42079      197.283
173      13.6615      1.29432      970.737      -2877.34      -1906.6      2.407      197.3
174      13.7405      1.28274      962.054      -2869.22      -1907.16      2.39337      197.317
175      13.8195      1.27071      953.031      -2860.21      -1907.17      2.37988      197.332
176      13.8984      1.25993      944.95      -2851.47      -1906.52      2.36653      197.347
177      13.9774      1.25221      939.156      -2844.37      -1905.21      2.35333      197.36
178      14.0564      1.249      936.75      -2840.15      -1903.4      2.34025      197.373
179      14.1353      1.25106      938.295      -2839.69      -1901.4      2.3273      197.384
180      14.2143      1.25827      943.706      -2843.22      -1899.51      2.31448      197.393
181      14.2933      1.2698      952.35      -2850.35      -1898      2.30178      197.4
182      14.3723      1.28429      963.218      -2860.25      -1897.04      2.2892      197.406
183      14.4512      1.30009      975.071      -2871.78      -1896.71      2.27673      197.409
184      14.5302      1.31547      986.606      -2883.64      -1897.03      2.26438      197.411
185      14.6092      1.32887      996.651      -2894.56      -1897.91      2.25214      197.411
186      14.6881      1.33914      1004.35      -2903.52      -1899.16      2.24001      197.409
187      14.7671      1.34575      1009.31      -2909.86      -1900.55      2.22799      197.406
188      14.8461      1.34886      1011.64      -2913.46      -1901.82      2.21609      197.402
189      14.925      1.34921      1011.91      -2914.66      -1902.75      2.20431      197.396
190      15.004      1.348      1011      -2914.21      -1903.21      2.19264      197.39
191      15.083      1.34649      1009.87      -2913.08      -1903.21      2.1811      197.384
192      15.1619      1.34559      1009.19      -2912.11      -1902.93      2.16967      197.378
193      15.2409      1.34547      1009.11      -2911.75      -1902.65      2.15837      197.373
194      15.3199      1.34562      1009.22      -2911.84      -1902.62      2.14718      197.367
195      15.3988      1.34513      1008.85      -2911.81      -1902.96      2.13612      197.362
196      15.4778      1.34313      1007.35      -2910.95      -1903.61      2.12517      197.358
197      15.5568      1.33898      1004.23      -2908.7      -1904.47      2.11433      197.353
198      15.6357      1.33232      999.24      -2904.67      -1905.43      2.1036      197.348
199      15.7147      1.32315      992.365      -2898.73      -1906.36      2.09298      197.344
200      15.7937      1.31184      983.878      -2891      -1907.12      2.08247      197.339
201      15.8727      1.29917      974.375      -2881.91      -1907.54      2.07206      197.334
202      15.9516      1.28628      964.713      -2872.21      -1907.5      2.06175      197.329
203      16.0306      1.27447      955.856      -2862.83      -1906.98      2.05154      197.324
204      16.1096      1.26488      948.663      -2854.72      -1906.05      2.04143      197.319
205      16.1885      1.25823      943.675      -2848.58      -1904.9      2.03143      197.315
206      16.2675      1.25474      941.052      -2844.77      -1903.72      2.02153      197.311
207      16.3465      1.25417      940.625      -2843.28      -1902.66      2.01173      197.308
208      16.4254      1.25605      942.04      -2843.83      -1901.79      2.00203      197.305
209      16.5044      1.2598      944.849      -2846      -1901.15      1.99244      197.304
210      16.5834      1.26476      948.567      -2849.33      -1900.77      1.98294      197.303
211      16.6623      1.27018      952.637      -2853.3      -1900.67      1.97354      197.303
212      16.7413      1.27525      956.436      -2857.32      -1900.89      1.96425      197.304
213      16.8203      1.27912      959.337      -2860.75      -1901.41      1.95505      197.306
214      16.8992      1.28114      960.855      -2863      -1902.14      1.94594      197.31
215      16.9782      1.28101      960.755      -2863.71      -1902.96      1.93693      197.314
216      17.0572      1.27879      959.09      -2862.81      -1903.72      1.92801      197.319
217      17.1361      1.27482      956.116      -2860.44      -1904.33      1.91919      197.325
218      17.2151      1.26964      952.232      -2856.95      -1904.72      1.91045      197.332
219      17.2941      1.2639      947.926      -2852.78      -1904.86      1.9018      197.339
220      17.3731      1.25835      943.765      -2848.47      -1904.71      1.89323      197.347
221      17.452      1.25386      940.397      -2844.63      -1904.23      1.88475      197.356
222      17.531      1.25127      938.454      -2841.9      -1903.45      1.87635      197.365
223      17.61      1.25123      938.42      -2840.88      -1902.46      1.86802      197.375
224      17.6889      1.25394      940.452      -2841.9      -1901.44      1.85977      197.384
225      17.7679      1.25916      944.368      -2844.93      -1900.56      1.8516      197.394
226      17.8469      1.2663      949.725      -2849.63      -1899.91      1.84349      197.404
227      17.9258      1.27468      956.013      -2855.53      -1899.52      1.83546      197.413
228      18.0048      1.2837      962.773      -2862.12      -1899.35      1.82749      197.422
229      18.0838      1.29285      969.636      -2868.98      -1899.35      1.81959      197.43
230      18.1627      1.30178      976.337      -2875.8      -1899.47      1.81175      197.438
231      18.2417      1.31023      982.676      -2882.35      -1899.68      1.80396      197.444
232      18.3207      1.31799      988.492      -2888.45      -1899.96      1.79624      197.45
233      18.3996      1.32484      993.627      -2893.95      -1900.33      1.78857      197.454
234      18.4786      1.33058      997.937      -2898.7      -1900.76      1.78095      197.457
235      18.5576      1.33495      1001.21      -2902.52      -1901.31      1.77339      197.459
236      18.6365      1.33751      1003.13      -2905.16      -1902.04      1.76588      197.459
237      18.7155      1.33774      1003.31      -2906.25      -1902.95      1.75842      197.458
238      18.7945      1.33527      1001.45      -2905.43      -1903.98      1.75101      197.456
239      18.8735      1.33007      997.555      -2902.52      -1904.96      1.74366      197.453
240      18.9524      1.32271      992.033      -2897.73      -1905.69      1.73636      197.45
241      19.0314      1.31422      985.661      -2891.66      -1906      1.72912      197.446
242      19.1104      1.30587      979.402      -2885.22      -1905.81      1.72194      197.442
243      19.1893      1.2989      974.175      -2879.37      -1905.19      1.71482      197.437
244      19.2683      1.29418      970.637      -2874.92      -1904.29      1.70776      197.434
245      19.3473      1.29206      969.044      -2872.36      -1903.31      1.70076      197.43
246      19.4262      1.29222      969.169      -2871.68      -1902.51      1.69382      197.427
247      19.5052      1.29376      970.321      -2872.43      -1902.11      1.68693      197.424
248      19.5842      1.29528      971.457      -2873.72      -1902.27      1.68011      197.421
249      19.6631      1.29523      971.426      -2874.42      -1902.99      1.67334      197.419
250      19.7421      1.2923      969.223      -2873.41      -1904.18      1.66662      197.416
251      19.8211      1.28565      964.236      -2869.86      -1905.63      1.65996      197.413
252      19.9      1.27513      956.349      -2863.4      -1907.06      1.65335      197.41
253      19.979      1.2613      945.977      -2854.19      -1908.21      1.64679      197.407
254      20.058      1.24535      934.013      -2842.88      -1908.87      1.64027      197.403
255      20.1369      1.22895      921.716      -2830.57      -1908.85      1.63381      197.399
256      20.2159      1.21406      910.547      -2818.65      -1908.1      1.62739      197.395
257      20.2949      1.2026      901.949      -2808.59      -1906.64      1.62102      197.391
258      20.3739      1.19607      897.049      -2801.73      -1904.68      1.61471      197.387
259      20.4528      1.19524      896.432      -2798.93      -1902.5      1.60844      197.382
260      20.5318      1.20003      900.024      -2800.47      -1900.44      1.60221      197.378
261      20.6108      1.20949      907.119      -2805.93      -1898.81      1.59604      197.374
262      20.6897      1.22214      916.602      -2814.37      -1897.77      1.58992      197.371
263      20.7687      1.23631      927.231      -2824.58      -1897.34      1.58386      197.368
264      20.8477      1.25059      937.943      -2835.36      -1897.42      1.57784      197.365
265      20.9266      1.26406      948.042      -2845.84      -1897.8      1.57187      197.364
266      21.0056      1.27632      957.243      -2855.52      -1898.27      1.56596      197.363
267      21.0846      1.28741      965.559      -2864.28      -1898.72      1.56009      197.363
268      21.1635      1.2975      973.126      -2872.22      -1899.09      1.55428      197.364
269      21.2425      1.30673      980.049      -2879.46      -1899.41      1.54852      197.366
270      21.3215      1.31515      986.364      -2886.09      -1899.73      1.5428      197.369
271      21.4004      1.32272      992.038      -2892.1      -1900.06      1.53713      197.372
272      21.4794      1.32928      996.958      -2897.42      -1900.46      1.53151      197.375
273      21.5584      1.33456      1000.92      -2901.89      -1900.97      1.52593      197.379
274      21.6373      1.3382      1003.65      -2905.27      -1901.62      1.52039      197.383
275      21.7163      1.33987      1004.9      -2907.28      -1902.38      1.51489      197.387
276      21.7953      1.33933      1004.49      -2907.71      -1903.22      1.50944      197.392
277      21.8743      1.33653      1002.4      -2906.45      -1904.06      1.50402      197.396
278      21.9532      1.33164      998.728      -2903.54      -1904.82      1.49865      197.401
279      22.0322      1.32494      993.709      -2899.16      -1905.45      1.49332      197.406
280      22.1112      1.31682      987.612      -2893.56      -1905.95      1.48803      197.412
281      22.1901      1.30764      980.727      -2887.02      -1906.29      1.48278      197.418
282      22.2691      1.29779      973.339      -2879.84      -1906.5      1.47757      197.425
283      22.3481      1.28762      965.712      -2872.29      -1906.57      1.47241      197.433
284      22.427      1.2775      958.126      -2864.63      -1906.5      1.46729      197.442
285      22.506      1.26794      950.956      -2857.18      -1906.22      1.46222      197.452
286      22.585      1.25965      944.74      -2850.39      -1905.65      1.45718      197.462
287      22.6639      1.25361      940.208      -2844.91      -1904.7      1.45219      197.474
288      22.7429      1.25092      938.186      -2841.52      -1903.34      1.44724      197.487
289      22.8219      1.25242      939.312      -2841.02      -1901.71      1.44233      197.501
290      22.9008      1.25826      943.696      -2843.8      -1900.11      1.43746      197.515
291      22.9798      1.26768      950.762      -2849.64      -1898.88      1.43263      197.529
292      23.0588      1.27925      959.436      -2857.66      -1898.22      1.42782      197.543
293      23.1377      1.29137      968.528      -2866.69      -1898.16      1.42305      197.558
294      23.2167      1.3027      977.023      -2875.6      -1898.58      1.41831      197.571
295      23.2957      1.31227      984.201      -2883.52      -1899.32      1.4136      197.584
296      23.3747      1.31949      989.616      -2889.86      -1900.25      1.40891      197.596
297      23.4536      1.3241      993.074      -2894.32      -1901.24      1.40424      197.607
298      23.5326      1.32611      994.579      -2896.79      -1902.21      1.3996      197.617
299      23.6116      1.3257      994.277      -2897.37      -1903.1      1.39498      197.625
300      23.6905      1.32319      992.395      -2896.25      -1903.86      1.39037      197.632
301      23.7695      1.3189      989.174      -2893.67      -1904.5      1.38579      197.637
302      23.8485      1.3132      984.903      -2889.89      -1904.98      1.38123      197.641
303      23.9274      1.30662      979.966      -2885.23      -1905.26      1.37668      197.643
304      24.0064      1.29984      974.882      -2880.15      -1905.27      1.37216      197.644
305      24.0854      1.29367      970.25      -2875.23      -1904.98      1.36765      197.642
306      24.1643      1.28885      966.638      -2871.05      -1904.41      1.36316      197.64
307      24.2433      1.28586      964.396      -2868.1      -1903.71      1.35869      197.635
308      24.3223      1.28472      963.539      -2866.58      -1903.04      1.35424      197.629
309      24.4012      1.28497      963.725      -2866.31      -1902.58      1.3498      197.621
310      24.4802      1.28579      964.339      -2866.8      -1902.46      1.34539      197.612
311      24.5592      1.28616      964.617      -2867.34      -1902.72      1.34099      197.602
312      24.6381      1.28508      963.813      -2867.16      -1903.35      1.33661      197.59
313      24.7171      1.28177      961.331      -2865.58      -1904.25      1.33226      197.577
314      24.7961      1.27584      956.879      -2862.12      -1905.24      1.32792      197.563
315      24.8751      1.26739      950.544      -2856.69      -1906.15      1.3236      197.548
316      24.954      1.25707      942.805      -2849.57      -1906.77      1.31931      197.533
317      25.033      1.24585      934.391      -2841.4      -1907.01      1.31504      197.516
318      25.112      1.23481      926.104      -2832.95      -1906.84      1.31079      197.5
319      25.1909      1.22484      918.632      -2825      -1906.36      1.30657      197.483
320      25.2699      1.21657      912.427      -2818.11      -1905.69      1.30238      197.465
321      25.3489      1.21027      907.699      -2812.63      -1904.93      1.2982      197.448
322      25.4278      1.20597      904.479      -2808.66      -1904.18      1.29406      197.43
323      25.5068      1.20365      902.74      -2806.19      -1903.45      1.28993      197.412
324      25.5858      1.20327      902.454      -2805.17      -1902.72      1.28583      197.394
325      25.6647      1.20488      903.66      -2805.63      -1901.97      1.28176      197.375
326      25.7437      1.20861      906.459      -2807.63      -1901.17      1.2777      197.356
327      25.8227      1.21459      910.944      -2811.27      -1900.32      1.27367      197.337
328      25.9016      1.22284      917.126      -2816.62      -1899.49      1.26966      197.317
329      25.9806      1.23311      924.83      -2823.61      -1898.78      1.26567      197.297
330      26.0596      1.24483      933.626      -2831.94      -1898.31      1.2617      197.276
331      26.1385      1.25714      942.852      -2841.05      -1898.2      1.25775      197.255
332      26.2175      1.26893      951.701      -2850.19      -1898.49      1.25383      197.233
333      26.2965      1.27919      959.395      -2858.56      -1899.16      1.24992      197.212
334      26.3755      1.28713      965.35      -2865.44      -1900.09      1.24605      197.19
335      26.4544      1.29241      969.305      -2870.4      -1901.1      1.24219      197.169
336      26.5334      1.29517      971.377      -2873.38      -1902      1.23837      197.149
337      26.6124      1.29607      972.053      -2874.68      -1902.62      1.23457      197.129
338      26.6913      1.29601      972.005      -2874.9      -1902.9      1.2308      197.11
339      26.7703      1.29574      971.805      -2874.72      -1902.92      1.22706      197.092
340      26.8493      1.29546      971.596      -2874.53      -1902.93      1.22334      197.075
341      26.9282      1.2947      971.027      -2874.2      -1903.18      1.21966      197.06
342      27.0072      1.29266      969.497      -2873.22      -1903.73      1.21602      197.047
343      27.0862      1.2887      966.521      -2871      -1904.48      1.2124      197.036
344      27.1651      1.28266      961.998      -2867.24      -1905.24      1.20882      197.026
345      27.2441      1.27501      956.255      -2862.04      -1905.79      1.20526      197.018
346      27.3231      1.26658      949.934      -2855.92      -1905.99      1.20175      197.012
347      27.402      1.25831      943.734      -2849.58      -1905.84      1.19826      197.009
348      27.481      1.25097      938.225      -2843.67      -1905.44      1.19481      197.007
349      27.56      1.24496      933.717      -2838.63      -1904.92      1.19138      197.007
350      27.6389      1.24037      930.28      -2834.66      -1904.38      1.18799      197.009
351      27.7179      1.23714      927.857      -2831.74      -1903.89      1.18463      197.013
352      27.7969      1.23515      926.361      -2829.8      -1903.43      1.1813      197.018
353      27.8759      1.23432      925.737      -2828.75      -1903.01      1.17799      197.025
354      27.9548      1.23455      925.913      -2828.54      -1902.63      1.1747      197.032
355      28.0338      1.23562      926.712      -2829.07      -1902.35      1.17144      197.04
356      28.1128      1.23711      927.835      -2830.08      -1902.24      1.1682      197.048
357      28.1917      1.23854      928.903      -2831.22      -1902.32      1.16498      197.057
358      28.2707      1.23941      929.554      -2832.12      -1902.57      1.16177      197.065
359      28.3497      1.23935      929.513      -2832.45      -1902.94      1.15858      197.072
360      28.4286      1.23824      928.68      -2832.01      -1903.33      1.15539      197.078
361      28.5076      1.23621      927.158      -2830.8      -1903.64      1.15222      197.082
362      28.5866      1.23369      925.27      -2829.03      -1903.76      1.14906      197.085
363      28.6655      1.23142      923.566      -2827.14      -1903.58      1.1459      197.087
364      28.7445      1.23035      922.765      -2825.79      -1903.03      1.14275      197.086
365      28.8235      1.23144      923.579      -2825.71      -1902.13      1.1396      197.083
366      28.9024      1.23533      926.495      -2827.53      -1901.04      1.13646      197.079
367      28.9814      1.24213      931.601      -2831.56      -1899.96      1.13333      197.072
368      29.0604      1.25145      938.586      -2837.66      -1899.08      1.1302      197.064
369      29.1393      1.26253      946.896      -2845.39      -1898.5      1.12708      197.055
370      29.2183      1.27454      955.906      -2854.14      -1898.23      1.12398      197.044
371      29.2973      1.28668      965.007      -2863.28      -1898.27      1.12088      197.033
372      29.3763      1.29819      973.641      -2872.22      -1898.58      1.1178      197.021
373      29.4552      1.30834      981.258      -2880.43      -1899.17      1.11474      197.01
374      29.5342      1.31647      987.354      -2887.35      -1900      1.1117      196.998
375      29.6132      1.32199      991.493      -2892.52      -1901.02      1.10867      196.988
376      29.6921      1.3245      993.375      -2895.55      -1902.18      1.10567      196.978
377      29.7711      1.3239      992.923      -2896.25      -1903.33      1.10268      196.968
378      29.8501      1.32046      990.346      -2894.68      -1904.34      1.09972      196.96
379      29.929      1.31489      986.166      -2891.21      -1905.04      1.09677      196.952
380      30.008      1.30824      981.181      -2886.5      -1905.32      1.09385      196.945
381      30.087      1.30181      976.355      -2881.46      -1905.11      1.09094      196.938
382      30.1659      1.29684      972.631      -2877.07      -1904.44      1.08805      196.932
383      30.2449      1.29432      970.736      -2874.19      -1903.45      1.08518      196.927
384      30.3239      1.29468      971.011      -2873.36      -1902.35      1.08232      196.921
385      30.4028      1.29779      973.342      -2874.71      -1901.36      1.07948      196.916
386      30.4818      1.3029      977.176      -2877.88      -1900.71      1.07665      196.91
387      30.5608      1.3089      981.676      -2882.16      -1900.49      1.07384      196.905
388      30.6397      1.3147      986.025      -2886.68      -1900.66      1.07105      196.901
389      30.7187      1.31956      989.672      -2890.74      -1901.06      1.06828      196.896
390      30.7977      1.32328      992.462      -2893.96      -1901.5      1.06552      196.893
391      30.8767      1.32604      994.533      -2896.37      -1901.84      1.06278      196.89
392      30.9556      1.3282      996.147      -2898.19      -1902.04      1.06005      196.888
393      31.0346      1.32996      997.471      -2899.65      -1902.18      1.05735      196.886
394      31.1136      1.33131      998.486      -2900.83      -1902.35      1.05465      196.884
395      31.1925      1.33202      999.015      -2901.63      -1902.61      1.05198      196.883
396      31.2715      1.33189      998.914      -2901.85      -1902.94      1.04932      196.882
397      31.3505      1.33099      998.24      -2901.44      -1903.2      1.04667      196.881
398      31.4294      1.32977      997.327      -2900.6      -1903.27      1.04403      196.879
399      31.5084      1.32894      996.708      -2899.77      -1903.06      1.0414      196.878
400      31.5874      1.32919      996.891      -2899.5      -1902.61      1.03879      196.876
401      31.6663      1.33085      998.14      -2900.22      -1902.08      1.03619      196.874
402      31.7453      1.33381      1000.36      -2901.99      -1901.63      1.0336      196.873
403      31.8243      1.33746      1003.1      -2904.55      -1901.45      1.03103      196.871
404      31.9032      1.34084      1005.63      -2907.29      -1901.66      1.02847      196.87
405      31.9822      1.34279      1007.09      -2909.4      -1902.31      1.02593      196.869
406      32.0612      1.34209      1006.57      -2909.96      -1903.4      1.0234      196.869
407      32.1401      1.33774      1003.3      -2908.14      -1904.84      1.02089      196.869
408      32.2191      1.32915      996.862      -2903.3      -1906.44      1.01839      196.87
409      32.2981      1.31638      987.288      -2895.25      -1907.96      1.01591      196.871
410      32.3771      1.30018      975.139      -2884.27      -1909.13      1.01344      196.872
411      32.456      1.28196      961.471      -2871.19      -1909.72      1.01098      196.874
412      32.535      1.26353      947.644      -2857.25      -1909.61      1.00853      196.876
413      32.614      1.24675      935.06      -2843.87      -1908.81      1.0061      196.878
414      32.6929      1.23318      924.884      -2832.35      -1907.47      1.00368      196.88
415      32.7719      1.2238      917.848      -2823.67      -1905.82      1.00128      196.883
416      32.8509      1.21894      914.203      -2818.32      -1904.12      0.998885      196.885
417      32.9298      1.21833      913.75      -2816.32      -1902.57      0.996505      196.889
418      33.0088      1.22124      915.932      -2817.26      -1901.33      0.994139      196.892
419      33.0878      1.22661      919.957      -2820.47      -1900.51      0.991786      196.896
420      33.1667      1.23328      924.962      -2825.1      -1900.13      0.989447      196.9
421      33.2457      1.24022      930.163      -2830.29      -1900.13      0.987121      196.905
422      33.3247      1.24658      934.936      -2835.35      -1900.41      0.984808      196.911
423      33.4036      1.25177      938.825      -2839.73      -1900.91      0.982508      196.916
424      33.4826      1.25528      941.46      -2843.04      -1901.58      0.980221      196.922
425      33.5616      1.25667      942.499      -2844.92      -1902.42      0.977945      196.928
426      33.6405      1.25559      941.689      -2845.05      -1903.36      0.975681      196.935
427      33.7195      1.25205      939.035      -2843.3      -1904.26      0.973429      196.941
428      33.7985      1.24662      934.967      -2839.86      -1904.89      0.971187      196.948
429      33.8775      1.24035      930.259      -2835.36      -1905.1      0.968956      196.955
430      33.9564      1.23434      925.755      -2830.66      -1904.9      0.966737      196.962
431      34.0354      1.22948      922.108      -2826.52      -1904.42      0.964528      196.969
432      34.1144      1.22623      919.673      -2823.45      -1903.78      0.96233      196.976
433      34.1933      1.22484      918.632      -2821.7      -1903.07      0.960143      196.983
434      34.2723      1.22547      919.104      -2821.4      -1902.3      0.957967      196.99
435      34.3513      1.22827      921.202      -2822.68      -1901.48      0.955801      196.998
436      34.4302      1.2333      924.975      -2825.62      -1900.65      0.953646      197.005
437      34.5092      1.24045      930.338      -2830.22      -1899.88      0.9515      197.013
438      34.5882      1.24932      936.988      -2836.29      -1899.3      0.949363      197.02
439      34.6671      1.25918      944.388      -2843.4      -1899.02      0.947235      197.028
440      34.7461      1.26912      951.839      -2850.93      -1899.09      0.945115      197.034
441      34.8251      1.2781      958.576      -2858.13      -1899.55      0.943004      197.041
442      34.904      1.28522      963.915      -2864.25      -1900.33      0.9409      197.047
443      34.983      1.28986      967.393      -2868.7      -1901.31      0.938804      197.053
444      35.062      1.29183      968.871      -2871.18      -1902.31      0.936716      197.059
445      35.1409      1.29142      968.568      -2871.72      -1903.15      0.934636      197.064
446      35.2199      1.28935      967.011      -2870.71      -1903.7      0.932564      197.069
447      35.2989      1.2865      964.878      -2868.78      -1903.9      0.9305      197.074
448      35.3779      1.2837      962.773      -2866.59      -1903.82      0.928445      197.078
449      35.4568      1.28139      961.04      -2864.64      -1903.6      0.9264      197.083
450      35.5358      1.27962      959.717      -2863.12      -1903.4      0.924363      197.088
451      35.6148      1.27814      958.602      -2861.92      -1903.32      0.922335      197.093
452      35.6937      1.27659      957.444      -2860.8      -1903.36      0.920317      197.097
453      35.7727      1.27483      956.123      -2859.55      -1903.43      0.918308      197.102
454      35.8517      1.27304      954.779      -2858.18      -1903.4      0.916307      197.107
455      35.9306      1.2717      953.776      -2856.95      -1903.17      0.914316      197.112
456      36.0096      1.2714      953.553      -2856.29      -1902.73      0.912333      197.116
457      36.0886      1.27254      954.404      -2856.58      -1902.18      0.910358      197.121
458      36.1675      1.2751      956.328      -2857.99      -1901.66      0.908392      197.126
459      36.2465      1.27877      959.075      -2860.37      -1901.3      0.906433      197.13
460      36.3255      1.28301      962.256      -2863.39      -1901.14      0.904484      197.135
461      36.4044      1.28737      965.528      -2866.66      -1901.14      0.902542      197.139
462      36.4834      1.29152      968.636      -2869.89      -1901.25      0.900609      197.144
463      36.5624      1.29521      971.411      -2872.85      -1901.44      0.898685      197.148
464      36.6413      1.29827      973.703      -2875.41      -1901.71      0.896769      197.153
465      36.7203      1.30051      975.38      -2877.41      -1902.03      0.894862      197.158
466      36.7993      1.30182      976.365      -2878.74      -1902.38      0.892964      197.163
467      36.8783      1.30223      976.669      -2879.38      -1902.71      0.891074      197.167
468      36.9572      1.30184      976.38      -2879.37      -1902.99      0.889191      197.172
469      37.0362      1.30077      975.576      -2878.8      -1903.23      0.887316      197.177
470      37.1152      1.29908      974.307      -2877.75      -1903.45      0.885448      197.181
471      37.1941      1.2968      972.597      -2876.26      -1903.66      0.883587      197.185
472      37.2731      1.29399      970.49      -2874.33      -1903.84      0.881731      197.189
473      37.3521      1.29079      968.093      -2872.06      -1903.96      0.879882      197.192
474      37.431      1.28739      965.54      -2869.56      -1904.02      0.878038      197.195
475      37.51      1.28397      962.978      -2866.98      -1904      0.876201      197.198
476      37.589      1.28074      960.556      -2864.46      -1903.9      0.874372      197.2
477      37.6679      1.27799      958.494      -2862.18      -1903.68      0.87255      197.203
478      37.7469      1.27621      957.16      -2860.42      -1903.26      0.870736      197.206
479      37.8259      1.27609      957.064      -2859.63      -1902.57      0.868931      197.208
480      37.9048      1.27834      958.752      -2860.37      -1901.62      0.867136      197.212
481      37.9838      1.28345      962.586      -2863.11      -1900.52      0.86535      197.216
482      38.0628      1.29139      968.543      -2868.04      -1899.5      0.863574      197.22
483      38.1417      1.30155      976.163      -2874.91      -1898.75      0.861809      197.225
484      38.2207      1.31291      984.682      -2883.09      -1898.41      0.860053      197.231
485      38.2997      1.3243      993.226      -2891.73      -1898.51      0.858307      197.237
486      38.3787      1.33458      1000.94      -2899.97      -1899.03      0.856569      197.244
487      38.4576      1.34269      1007.02      -2906.96      -1899.94      0.854839      197.25
488      38.5366      1.34779      1010.84      -2911.97      -1901.13      0.853115      197.257
489      38.6156      1.3494      1012.05      -2914.51      -1902.45      0.851396      197.263
490      38.6945      1.34753      1010.64      -2914.39      -1903.74      0.84968      197.268
491      38.7735      1.34242      1006.81      -2911.73      -1904.92      0.847968      197.272
492      38.8525      1.3344      1000.8      -2906.78      -1905.98      0.846257      197.275
493      38.9314      1.32376      992.817      -2899.74      -1906.92      0.844547      197.277
494      39.0104      1.31102      983.269      -2890.89      -1907.62      0.842838      197.277
495      39.0894      1.29736      973.016      -2880.84      -1907.83      0.841129      197.275
496      39.1683      1.28456      963.421      -2870.73      -1907.31      0.839421      197.272
497      39.2473      1.27464      955.976      -2862.05      -1906.07      0.837714      197.268
498      39.3263      1.26907      951.8      -2856.15      -1904.35      0.836007      197.262
499      39.4052      1.26829      951.216      -2853.79      -1902.57      0.834302      197.255
500      39.4842      1.27158      953.681      -2854.85      -1901.17      0.832598      197.247
501      39.5632      1.27735      958.013      -2858.43      -1900.42      0.830897      197.237
502      39.6421      1.2837      962.773      -2863.16      -1900.39      0.829198      197.227
503      39.7211      1.28888      966.663      -2867.64      -1900.98      0.827502      197.216
504      39.8001      1.29173      968.798      -2870.74      -1901.94      0.825809      197.204
505      39.8791      1.29175      968.811      -2871.84      -1903.03      0.824119      197.191
506      39.958      1.28913      966.845      -2870.82      -1903.98      0.822434      197.177
507      40.037      1.28456      963.418      -2868.05      -1904.64      0.820751      197.162
508      40.116      1.27897      959.226      -2864.16      -1904.93      0.819073      197.147
509      40.1949      1.27328      954.957      -2859.86      -1904.9      0.817398      197.132
510      40.2739      1.26813      951.098      -2855.75      -1904.65      0.815727      197.115
511      40.3529      1.2638      947.853      -2852.18      -1904.33      0.81406      197.098
512      40.4318      1.26018      945.132      -2849.22      -1904.09      0.812397      197.08
513      40.5108      1.25685      942.634      -2846.66      -1904.02      0.810737      197.062
514      40.5898      1.25332      939.991      -2844.12      -1904.13      0.809082      197.043
515      40.6687      1.2492      936.898      -2841.28      -1904.38      0.807431      197.023
516      40.7477      1.24434      933.251      -2837.9      -1904.65      0.805784      197.003
517      40.8267      1.23886      929.143      -2833.99      -1904.85      0.804142      196.983
518      40.9056      1.23312      924.84      -2829.74      -1904.9      0.802505      196.962
519      40.9846      1.22768      920.763      -2825.49      -1904.72      0.800873      196.941
520      41.0636      1.22325      917.436      -2821.71      -1904.27      0.799247      196.92
521      41.1425      1.2205      915.373      -2818.95      -1903.58      0.797628      196.899
522      41.2215      1.21993      914.95      -2817.67      -1902.72      0.796016      196.878
523      41.3005      1.22174      916.306      -2818.13      -1901.83      0.794411      196.857
524      41.3795      1.22571      919.286      -2820.33      -1901.05      0.792815      196.838
525      41.4584      1.23134      923.501      -2823.99      -1900.49      0.791229      196.819
526      41.5374      1.23788      928.407      -2828.61      -1900.21      0.789652      196.8
527      41.6164      1.24463      933.474      -2833.66      -1900.18      0.788085      196.783
528      41.6953      1.25105      938.288      -2838.64      -1900.35      0.786528      196.767
529      41.7743      1.25685      942.634      -2843.24      -1900.6      0.784982      196.753
530      41.8533      1.26196      946.473      -2847.33      -1900.86      0.783447      196.739
531      41.9322      1.26646      949.844      -2850.94      -1901.09      0.781922      196.726
532      42.0112      1.27037      952.776      -2854.1      -1901.32      0.780406      196.715
533      42.0902      1.27364      955.233      -2856.81      -1901.57      0.778899      196.704
534      42.1691      1.27611      957.083      -2858.99      -1901.91      0.7774      196.694
535      42.2481      1.27751      958.132      -2860.47      -1902.34      0.775909      196.684
536      42.3271      1.27759      958.192      -2861.06      -1902.87      0.774425      196.675
537      42.406      1.27621      957.158      -2860.58      -1903.43      0.772946      196.665
538      42.485      1.27342      955.067      -2859.01      -1903.95      0.771472      196.656
539      42.564      1.26952      952.142      -2856.47      -1904.33      0.770004      196.647
540      42.6429      1.265      948.75      -2853.26      -1904.51      0.768539      196.637
541      42.7219      1.2605      945.377      -2849.82      -1904.44      0.767079      196.627
542      42.8009      1.25674      942.551      -2846.66      -1904.11      0.765624      196.616
543      42.8799      1.25431      940.735      -2844.29      -1903.55      0.764172      196.606
544      42.9588      1.25364      940.228      -2843.1      -1902.88      0.762726      196.595
545      43.0378      1.25476      941.068      -2843.28      -1902.21      0.761284      196.584
546      43.1168      1.25735      943.016      -2844.72      -1901.7      0.759847      196.573
547      43.1957      1.26085      945.639      -2847.07      -1901.43      0.758415      196.562
548      43.2747      1.26456      948.42      -2849.83      -1901.41      0.756989      196.551
549      43.3537      1.26783      950.873      -2852.5      -1901.63      0.755568      196.54
550      43.4326      1.27017      952.628      -2854.65      -1902.02      0.754153      196.529
551      43.5116      1.27126      953.447      -2855.95      -1902.51      0.752743      196.518
552      43.5906      1.27099      953.244      -2856.26      -1903.02      0.751338      196.508
553      43.6695      1.26945      952.091      -2855.57      -1903.47      0.749939      196.497
554      43.7485      1.26689      950.17      -2854      -1903.83      0.748546      196.487
555      43.8275      1.26363      947.722      -2851.78      -1904.06      0.747158      196.476
556      43.9064      1.2599      944.925      -2849.13      -1904.21      0.745777      196.466
557      43.9854      1.25584      941.879      -2846.19      -1904.32      0.744402      196.457
558      44.0644      1.25153      938.647      -2843.04      -1904.39      0.743034      196.448
559      44.1433      1.24723      935.42      -2839.77      -1904.35      0.741673      196.44
560      44.2223      1.24346      932.596      -2836.67      -1904.08      0.740319      196.432
561      44.3013      1.24104      930.782      -2834.27      -1903.49      0.738974      196.425
562      44.3803      1.24082      930.614      -2833.21      -1902.6      0.737636      196.419
563      44.4592      1.2434      932.553      -2834.06      -1901.51      0.736306      196.413
564      44.5382      1.24893      936.694      -2837.12      -1900.43      0.734984      196.409
565      44.6172      1.25698      942.738      -2842.27      -1899.54      0.73367      196.406
566      44.6961      1.26681      950.107      -2849.07      -1898.96      0.732365      196.403
567      44.7751      1.27745      958.088      -2856.84      -1898.76      0.731069      196.402
568      44.8541      1.28794      965.957      -2864.86      -1898.91      0.729782      196.402
569      44.933      1.29741      973.059      -2872.43      -1899.37      0.728503      196.403
570      45.012      1.30512      978.84      -2878.94      -1900.1      0.727234      196.406
571      45.091      1.31046      982.846      -2883.88      -1901.04      0.725975      196.41
572      45.1699      1.31309      984.815      -2886.9      -1902.08      0.724726      196.415
573      45.2489      1.31297      984.724      -2887.83      -1903.1      0.723488      196.422
574      45.3279      1.31049      982.865      -2886.8      -1903.94      0.72226      196.431
575      45.4068      1.30635      979.763      -2884.25      -1904.49      0.721043      196.442
576      45.4858      1.30135      976.009      -2880.76      -1904.75      0.719837      196.454
577      45.5648      1.29611      972.085      -2876.87      -1904.78      0.718643      196.469
578      45.6437      1.29099      968.246      -2872.97      -1904.72      0.717461      196.486
579      45.7227      1.28601      964.51      -2869.18      -1904.67      0.71629      196.504
580      45.8017      1.28099      960.743      -2865.44      -1904.7      0.71513      196.525
581      45.8807      1.2757      956.773      -2861.58      -1904.8      0.713981      196.548
582      45.9596      1.27005      952.539      -2857.46      -1904.92      0.712844      196.572
583      46.0386      1.26421      948.157      -2853.11      -1904.96      0.711716      196.598
584      46.1176      1.25859      943.945      -2848.76      -1904.81      0.710598      196.626
585      46.1965      1.25382      940.362      -2844.79      -1904.43      0.709489      196.656
586      46.2755      1.25053      937.9      -2841.7      -1903.8      0.708388      196.686
587      46.3545      1.2493      936.976      -2839.97      -1902.99      0.707294      196.717
588      46.4334      1.25041      937.806      -2839.91      -1902.1      0.706206      196.749
589      46.5124      1.25378      940.336      -2841.62      -1901.28      0.705123      196.782
590      46.5914      1.259      944.251      -2844.89      -1900.64      0.704044      196.814
591      46.6703      1.26544      949.083      -2849.34      -1900.25      0.702969      196.847
592      46.7493      1.27245      954.34      -2854.45      -1900.11      0.701896      196.879
593      46.8283      1.27948      959.613      -2859.77      -1900.16      0.700826      196.911
594      46.9072      1.2861      964.578      -2864.94      -1900.36      0.699757      196.942
595      46.9862      1.29192      968.944      -2869.65      -1900.7      0.698689      196.973
596      47.0652      1.29658      972.438      -2873.62      -1901.18      0.697623      197.002
597      47.1441      1.29976      974.82      -2876.59      -1901.77      0.696557      197.031
598      47.2231      1.30122      975.919      -2878.35      -1902.43      0.695492      197.06
599      47.3021      1.30088      975.657      -2878.78      -1903.12      0.694427      197.087
600      47.3811      1.29878      974.086      -2877.85      -1903.76      0.693364      197.114
601      47.46      1.29519      971.393      -2875.68      -1904.29      0.692303      197.14
602      47.539      1.29057      967.931      -2872.55      -1904.62      0.691242      197.166
603      47.618      1.28559      964.194      -2868.88      -1904.68      0.690184      197.191
604      47.6969      1.28103      960.772      -2865.22      -1904.45      0.689127      197.215
605      47.7759      1.27762      958.219      -2862.18      -1903.96      0.688073      197.24
606      47.8549      1.27593      956.949      -2860.22      -1903.28      0.68702      197.264
607      47.9338      1.27622      957.166      -2859.68      -1902.52      0.68597      197.287
608      48.0128      1.27851      958.882      -2860.66      -1901.78      0.684923      197.31
609      48.0918      1.28253      961.901      -2863.07      -1901.17      0.683878      197.334
610      48.1707      1.28775      965.815      -2866.6      -1900.79      0.682836      197.356
611      48.2497      1.2934      970.05      -2870.76      -1900.71      0.681796      197.379
612      48.3287      1.29863      973.969      -2874.91      -1900.94      0.680758      197.401
613      48.4076      1.30274      977.058      -2878.47      -1901.41      0.679721      197.422
614      48.4866      1.30539      979.042      -2881.03      -1901.99      0.678685      197.443
615      48.5656      1.3065      979.876      -2882.43      -1902.56      0.677648      197.462
616      48.6445      1.30616      979.623      -2882.72      -1903.09      0.676611      197.481
617      48.7235      1.30442      978.312      -2881.93      -1903.62      0.675573      197.498
618      48.8025      1.30119      975.895      -2880.08      -1904.18      0.674534      197.514
619      48.8815      1.29634      972.256      -2877.06      -1904.8      0.673493      197.528
620      48.9604      1.2897      967.275      -2872.74      -1905.47      0.67245      197.541
621      49.0394      1.28124      960.934      -2867.06      -1906.13      0.671405      197.552
622      49.1184      1.27115      953.366      -2860.06      -1906.7      0.670359      197.562
623      49.1973      1.25986      944.897      -2851.97      -1907.07      0.669311      197.57
624      49.2763      1.24812      936.09      -2843.22      -1907.13      0.668261      197.577
625      49.3553      1.23701      927.756      -2834.51      -1906.76      0.66721      197.582
626      49.4342      1.22789      920.921      -2826.77      -1905.85      0.666159      197.586
627      49.5132      1.2222      916.653      -2821.08      -1904.43      0.665107      197.589
628      49.5922      1.22105      915.789      -2818.43      -1902.64      0.664055      197.592
629      49.6711      1.22472      918.542      -2819.39      -1900.85      0.663004      197.593
630      49.7501      1.23238      924.286      -2823.76      -1899.48      0.661954      197.594
631      49.8291      1.24233      931.751      -2830.55      -1898.8      0.660906      197.594
632      49.908      1.25264      939.482      -2838.32      -1898.84      0.659859      197.594
633      49.987      1.26174      946.303      -2845.73      -1899.42      0.658815      197.593
634      50.066      1.26873      951.546      -2851.82      -1900.27      0.657773      197.592
635      50.1449      1.27345      955.089      -2856.21      -1901.12      0.656734      197.591
636      50.2239      1.27637      957.281      -2859.02      -1901.74      0.655697      197.59
637      50.3029      1.27834      958.757      -2860.78      -1902.02      0.654664      197.589
638      50.3819      1.28028      960.211      -2862.17      -1901.96      0.653634      197.588
639      50.4608      1.28281      962.107      -2863.82      -1901.71      0.652608      197.587
640      50.5398      1.28604      964.532      -2865.99      -1901.46      0.651586      197.586
641      50.6188      1.28964      967.232      -2868.61      -1901.37      0.650568      197.586
642      50.6977      1.29306      969.792      -2871.3      -1901.5      0.649555      197.586
643      50.7767      1.29575      971.814      -2873.64      -1901.82      0.648547      197.586
644      50.8557      1.29734      973.002      -2875.28      -1902.28      0.647543      197.588
645      50.9346      1.29751      973.13      -2875.97      -1902.84      0.646546      197.589
646      51.0136      1.29598      971.987      -2875.49      -1903.5      0.645553      197.592
647      51.0926      1.29246      969.348      -2873.63      -1904.28      0.644566      197.595
648      51.1715      1.28664      964.981      -2870.15      -1905.17      0.643583      197.599
649      51.2505      1.27829      958.716      -2864.84      -1906.12      0.642606      197.603
650      51.3295      1.26743      950.569      -2857.6      -1907.03      0.641632      197.608
651      51.4084      1.25453      940.895      -2848.61      -1907.71      0.640661      197.612
652      51.4874      1.24061      930.457      -2838.42      -1907.96      0.639693      197.617
653      51.5664      1.22719      920.391      -2828.01      -1907.61      0.638726      197.621
654      51.6453      1.21597      911.979      -2818.6      -1906.62      0.63776      197.624
655      51.7243      1.2085      906.379      -2811.47      -1905.09      0.636795      197.627
656      51.8033      1.20577      904.328      -2807.58      -1903.25      0.635829      197.628
657      51.8823      1.20806      906.046      -2807.42      -1901.37      0.634863      197.629
658      51.9612      1.21498      911.235      -2810.94      -1899.7      0.633897      197.628
659      52.0402      1.22563      919.226      -2817.63      -1898.41      0.63293      197.627
660      52.1192      1.23887      929.15      -2826.71      -1897.56      0.631964      197.624
661      52.1981      1.25338      940.036      -2837.25      -1897.21      0.630998      197.621
662      52.2771      1.26789      950.92      -2848.26      -1897.34      0.630033      197.618
663      52.3561      1.28125      960.939      -2858.82      -1897.88      0.62907      197.614
664      52.435      1.29264      969.48      -2868.16      -1898.68      0.628109      197.609
665      52.514      1.30166      976.243      -2875.84      -1899.6      0.62715      197.605
666      52.593      1.3083      981.222      -2881.71      -1900.48      0.626195      197.601
667      52.6719      1.31281      984.607      -2885.86      -1901.26      0.625243      197.596
668      52.7509      1.31552      986.64      -2888.54      -1901.9      0.624295      197.593
669      52.8299      1.31673      987.549      -2889.98      -1902.43      0.62335      197.589
670      52.9088      1.31674      987.559      -2890.4      -1902.84      0.62241      197.586
671      52.9878      1.316      986.997      -2890.07      -1903.07      0.621475      197.584
672      53.0668      1.3151      986.326      -2889.38      -1903.05      0.620544      197.582
673      53.1457      1.31487      986.151      -2888.87      -1902.72      0.619617      197.58
674      53.2247      1.3161      987.072      -2889.17      -1902.1      0.618695      197.579
675      53.3037      1.31933      989.496      -2890.82      -1901.32      0.617777      197.579
676      53.3827      1.32458      993.438      -2894.03      -1900.59      0.616862      197.578
677      53.4616      1.33127      998.453      -2898.6      -1900.14      0.615951      197.578
678      53.5406      1.33828      1003.71      -2903.86      -1900.15      0.615043      197.578
679      53.6196      1.34425      1008.19      -2908.86      -1900.67      0.614136      197.578
680      53.6985      1.34797      1010.98      -2912.6      -1901.63      0.613232      197.578
681      53.7775      1.34858      1011.44      -2914.28      -1902.85      0.612329      197.577
682      53.8565      1.34583      1009.37      -2913.49      -1904.11      0.611428      197.576
683      53.9354      1.33999      1004.99      -2910.22      -1905.23      0.610527      197.574
684      54.0144      1.33166      998.744      -2904.84      -1906.1      0.609627      197.572
685      54.0934      1.32158      991.186      -2897.87      -1906.68      0.608727      197.569
686      54.1723      1.31048      982.859      -2889.86      -1907      0.607828      197.565
687      54.2513      1.299      974.248      -2881.32      -1907.07      0.606931      197.561
688      54.3303      1.28775      965.811      -2872.74      -1906.93      0.606034      197.556
689      54.4092      1.27719      957.889      -2864.53      -1906.64      0.605139      197.551
690      54.4882      1.26753      950.65      -2856.93      -1906.28      0.604245      197.545
691      54.5672      1.25877      944.075      -2850.02      -1905.95      0.603351      197.539
692      54.6461      1.25073      938.047      -2843.72      -1905.68      0.602459      197.532
693      54.7251      1.24331      932.481      -2837.92      -1905.43      0.601566      197.525
694      54.8041      1.23664      927.478      -2832.6      -1905.12      0.600673      197.516
695      54.8831      1.23119      923.391      -2827.98      -1904.59      0.59978      197.506
696      54.962      1.22773      920.796      -2824.56      -1903.76      0.598885      197.496
697      55.041      1.22708      920.312      -2822.95      -1902.63      0.597989      197.483
698      55.12      1.22977      922.325      -2823.68      -1901.36      0.597091      197.47
699      55.1989      1.23569      926.77      -2826.95      -1900.18      0.596192      197.455
700      55.2779      1.24415      933.114      -2832.42      -1899.31      0.595292      197.439
701      55.3569      1.25407      940.553      -2839.42      -1898.87      0.594391      197.422
702      55.4358      1.26437      948.281      -2847.1      -1898.82      0.593489      197.403
703      55.5148      1.27421      955.654      -2854.72      -1899.07      0.592588      197.385
704      55.5938      1.283      962.251      -2861.76      -1899.51      0.591689      197.365
705      55.6727      1.29046      967.841      -2867.89      -1900.05      0.590791      197.346
706      55.7517      1.29638      972.285      -2872.93      -1900.64      0.589895      197.326
707      55.8307      1.30065      975.49      -2876.77      -1901.28      0.589001      197.306
708      55.9096      1.30318      977.388      -2879.34      -1901.95      0.588109      197.286
709      55.9886      1.304      977.997      -2880.59      -1902.59      0.58722      197.266
710      56.0676      1.30328      977.459      -2880.6      -1903.14      0.586332      197.245
711      56.1465      1.30144      976.079      -2879.59      -1903.51      0.585446      197.225
712      56.2255      1.29908      974.312      -2877.96      -1903.65      0.584561      197.204
713      56.3045      1.29688      972.659      -2876.19      -1903.53      0.583678      197.182
714      56.3835      1.2953      971.478      -2874.74      -1903.26      0.582797      197.161
715      56.4624      1.29448      970.864      -2873.85      -1902.98      0.581917      197.139
716      56.5414      1.29414      970.609      -2873.45      -1902.84      0.581039      197.117
717      56.6204      1.29379      970.346      -2873.23      -1902.89      0.580164      197.095
718      56.6993      1.29306      969.797      -2872.84      -1903.05      0.579292      197.073
719      56.7783      1.29191      968.929      -2872.12      -1903.2      0.578422      197.051
720      56.8573      1.29067      968.004      -2871.19      -1903.18      0.577556      197.03
721      56.9362      1.28994      967.459      -2870.4      -1902.94      0.576695      197.009
722      57.0152      1.29033      967.748      -2870.22      -1902.48      0.575838      196.989
723      57.0942      1.29227      969.203      -2871.07      -1901.87      0.574985      196.97
724      57.1731      1.29592      971.942      -2873.18      -1901.23      0.574137      196.951
725      57.2521      1.3012      975.898      -2876.55      -1900.65      0.573295      196.934
726      57.3311      1.3078      980.851      -2881.05      -1900.2      0.572456      196.917
727      57.41      1.31527      986.45      -2886.38      -1899.93      0.571623      196.901
728      57.489      1.32297      992.228      -2892.15      -1899.92      0.570794      196.886
729      57.568      1.33013      997.599      -2897.81      -1900.21      0.569969      196.872
730      57.6469      1.33587      1001.9      -2902.73      -1900.83      0.569149      196.858
731      57.7259      1.33935      1004.51      -2906.27      -1901.75      0.568334      196.846
732      57.8049      1.33999      1004.99      -2907.85      -1902.86      0.567524      196.834
733      57.8839      1.3376      1003.2      -2907.19      -1903.99      0.566719      196.823
734      57.9628      1.33242      999.317      -2904.31      -1904.99      0.565919      196.814
735      58.0418      1.32508      993.811      -2899.54      -1905.72      0.565125      196.805
736      58.1208      1.31637      987.275      -2893.43      -1906.15      0.564337      196.798
737      58.1997      1.30706      980.294      -2886.59      -1906.3      0.563554      196.792
738      58.2787      1.29774      973.307      -2879.55      -1906.25      0.562776      196.787
739      58.3577      1.28872      966.537      -2872.64      -1906.11      0.562005      196.784
740      58.4366      1.27998      959.985      -2865.98      -1905.99      0.561238      196.781
741      58.5156      1.2712      953.403      -2859.44      -1906.03      0.560477      196.78
742      58.5946      1.26183      946.374      -2852.67      -1906.29      0.559722      196.78
743      58.6735      1.25133      938.496      -2845.24      -1906.74      0.558971      196.781
744      58.7525      1.23943      929.574      -2836.82      -1907.25      0.558226      196.783
745      58.8315      1.22641      919.805      -2827.41      -1907.6      0.557486      196.786
746      58.9104      1.21315      909.86      -2817.43      -1907.57      0.55675      196.79
747      58.9894      1.20105      900.785      -2807.76      -1906.98      0.556018      196.795
748      59.0684      1.19169      893.771      -2799.58      -1905.81      0.55529      196.8
749      59.1473      1.18639      889.796      -2793.99      -1904.19      0.554566      196.807
750      59.2263      1.1858      889.349      -2791.75      -1902.4      0.553846      196.813
751      59.3053      1.18985      892.387      -2793.09      -1900.7      0.553129      196.821
752      59.3843      1.19794      898.456      -2797.73      -1899.27      0.552417      196.829
753      59.4632      1.20913      906.846      -2805.07      -1898.22      0.551709      196.838
754      59.5422      1.22225      916.689      -2814.31      -1897.62      0.551005      196.848
755      59.6212      1.23606      927.044      -2824.54      -1897.5      0.550305      196.859
756      59.7001      1.24933      936.994      -2834.82      -1897.82      0.549609      196.87
757      59.7791      1.26098      945.737      -2844.26      -1898.53      0.548916      196.882
758      59.8581      1.27021      952.657      -2852.16      -1899.51      0.548227      196.895
759      59.937      1.27652      957.388      -2858.02      -1900.63      0.54754      196.908
760      60.016      1.27983      959.872      -2861.62      -1901.75      0.546858      196.921
761      60.095      1.28051      960.385      -2863.06      -1902.68      0.546178      196.935
762      60.1739      1.2793      959.479      -2862.79      -1903.31      0.545502      196.95
763      60.2529      1.27711      957.836      -2861.43      -1903.59      0.544829      196.965
764      60.3319      1.27481      956.105      -2859.67      -1903.57      0.544159      196.981
765      60.4108      1.27296      954.716      -2858.08      -1903.36      0.543491      196.996
766      60.4898      1.27179      953.843      -2856.94      -1903.1      0.542824      197.012
767      60.5688      1.27127      953.456      -2856.32      -1902.87      0.542159      197.027
768      60.6477      1.27129      953.471      -2856.15      -1902.68      0.541494      197.042
769      60.7267      1.27174      953.804      -2856.34      -1902.53      0.540828      197.056
770      60.8057      1.27255      954.41      -2856.82      -1902.41      0.540162      197.07
771      60.8847      1.27368      955.258      -2857.55      -1902.3      0.539496      197.082
772      60.9636      1.27503      956.274      -2858.5      -1902.22      0.538829      197.094
773      61.0426      1.27651      957.385      -2859.57      -1902.18      0.538162      197.105
774      61.1216      1.27807      958.552      -2860.71      -1902.16      0.537495      197.115
775      61.2005      1.27978      959.835      -2861.92      -1902.09      0.536828      197.125
776      61.2795      1.28186      961.392      -2863.32      -1901.93      0.536162      197.135
777      61.3585      1.2846      963.449      -2865.1      -1901.65      0.535497      197.144
778      61.4374      1.28822      966.166      -2867.48      -1901.32      0.534834      197.153
779      61.5164      1.29271      969.529      -2870.54      -1901.01      0.534171      197.162
780      61.5954      1.29771      973.285      -2874.15      -1900.87      0.533511      197.171
781      61.6743      1.30257      976.93      -2877.93      -1901      0.532853      197.18
782      61.7533      1.30648      979.862      -2881.3      -1901.44      0.532198      197.19
783      61.8323      1.30877      981.577      -2883.68      -1902.1      0.531546      197.2
784      61.9112      1.30916      981.872      -2884.69      -1902.82      0.530898      197.211
785      61.9902      1.30783      980.876      -2884.31      -1903.44      0.530253      197.223
786      62.0692      1.30542      979.067      -2882.84      -1903.77      0.529612      197.235
787      62.1481      1.30284      977.132      -2880.88      -1903.75      0.528974      197.248
788      62.2271      1.30104      975.783      -2879.16      -1903.38      0.528338      197.262
789      62.3061      1.30073      975.55      -2878.33      -1902.78      0.527705      197.275
790      62.3851      1.30222      976.663      -2878.76      -1902.1      0.527074      197.289
791      62.464      1.30541      979.058      -2880.54      -1901.48      0.526445      197.303
792      62.543      1.30996      982.47      -2883.48      -1901.01      0.525818      197.317
793      62.622      1.31539      986.541      -2887.27      -1900.73      0.525191      197.331
794      62.7009      1.32123      990.926      -2891.53      -1900.61      0.524567      197.345
795      62.7799      1.32718      995.389      -2895.98      -1900.59      0.523943      197.358
796      62.8589      1.33315      999.862      -2900.45      -1900.59      0.523319      197.372
797      62.9378      1.33924      1004.43      -2904.96      -1900.52      0.522697      197.384
798      63.0168      1.3456      1009.2      -2909.62      -1900.43      0.522074      197.397
799      63.0958      1.35214      1014.1      -2914.49      -1900.38      0.521452      197.408
800      63.1747      1.35838      1018.79      -2919.35      -1900.56      0.520829      197.419
801      63.2537      1.3635      1022.62      -2923.69      -1901.07      0.520205      197.43
802      63.3327      1.36655      1024.91      -2926.84      -1901.93      0.519581      197.439
803      63.4116      1.36676      1025.07      -2928.12      -1903.05      0.518955      197.447
804      63.4906      1.36372      1022.79      -2927.07      -1904.28      0.518327      197.454
805      63.5696      1.35747      1018.1      -2923.56      -1905.46      0.517699      197.459
806      63.6485      1.34852      1011.39      -2917.79      -1906.4      0.517069      197.464
807      63.7275      1.33774      1003.31      -2910.3      -1906.99      0.516438      197.468
808      63.8065      1.32618      994.636      -2901.82      -1907.18      0.515806      197.471
809      63.8855      1.3148      986.103      -2893.13      -1907.03      0.515174      197.473
810      63.9644      1.30426      978.192      -2884.86      -1906.67      0.51454      197.474
811      64.0434      1.29471      971.03      -2877.32      -1906.29      0.513907      197.474
812      64.1224      1.28593      964.444      -2870.47      -1906.03      0.513272      197.473
813      64.2013      1.27747      958.106      -2864.04      -1905.94      0.512637      197.472
814      64.2803      1.269      951.749      -2857.71      -1905.96      0.512002      197.47
815      64.3593      1.26044      945.329      -2851.3      -1905.97      0.511366      197.467
816      64.4382      1.25212      939.092      -2844.92      -1905.83      0.51073      197.463
817      64.5172      1.24468      933.513      -2838.94      -1905.43      0.510094      197.459
818      64.5962      1.23888      929.159      -2833.9      -1904.74      0.509458      197.454
819      64.6751      1.23538      926.538      -2830.36      -1903.82      0.508823      197.449
820      64.7541      1.23467      926.005      -2828.76      -1902.75      0.508188      197.444
821      64.8331      1.2369      927.671      -2829.33      -1901.66      0.507554      197.438
822      64.912      1.24179      931.339      -2832.05      -1900.71      0.506921      197.432
823      64.991      1.24863      936.472      -2836.54      -1900.07      0.506289      197.426
824      65.07      1.25632      942.242      -2842.11      -1899.87      0.505659      197.419
825      65.1489      1.26353      947.646      -2847.83      -1900.18      0.505029      197.413
826      65.2279      1.26897      951.73      -2852.68      -1900.95      0.504401      197.406
827      65.3069      1.27173      953.8      -2855.82      -1902.02      0.503775      197.4
828      65.3859      1.27146      953.593      -2856.76      -1903.16      0.503151      197.394
829      65.4648      1.26837      951.277      -2855.46      -1904.18      0.502529      197.388
830      65.5438      1.26305      947.288      -2852.24      -1904.95      0.501909      197.382
831      65.6228      1.25617      942.124      -2847.61      -1905.48      0.501291      197.377
832      65.7017      1.24831      936.23      -2842.02      -1905.79      0.500675      197.371
833      65.7807      1.24002      930.014      -2835.91      -1905.9      0.500062      197.366
834      65.8597      1.2319      923.922      -2829.7      -1905.77      0.49945      197.362
835      65.9386      1.22466      918.492      -2823.86      -1905.37      0.498841      197.357
836      66.0176      1.21906      914.296      -2818.98      -1904.68      0.498235      197.354
837      66.0966      1.21575      911.814      -2815.59      -1903.78      0.497631      197.35
838      66.1755      1.21503      911.273      -2814.07      -1902.8      0.49703      197.347
839      66.2545      1.21673      912.55      -2814.47      -1901.92      0.496432      197.345
840      66.3335      1.2202      915.154      -2816.49      -1901.33      0.495838      197.344
841      66.4124      1.22445      918.336      -2819.48      -1901.14      0.495247      197.343
842      66.4914      1.22832      921.242      -2822.62      -1901.37      0.494659      197.343
843      66.5704      1.23087      923.149      -2825.09      -1901.94      0.494074      197.344
844      66.6493      1.23156      923.667      -2826.31      -1902.65      0.493493      197.346
845      66.7283      1.23051      922.886      -2826.13      -1903.24      0.492914      197.348
846      66.8073      1.22847      921.352      -2824.88      -1903.53      0.492338      197.351
847      66.8863      1.22648      919.86      -2823.26      -1903.4      0.491765      197.354
848      66.9652      1.22544      919.079      -2822.06      -1902.98      0.491193      197.357
849      67.0442      1.22579      919.342      -2821.78      -1902.44      0.490622      197.36
850      67.1232      1.22756      920.668      -2822.58      -1901.91      0.490052      197.363
851      67.2021      1.23061      922.956      -2824.4      -1901.45      0.489482      197.365
852      67.2811      1.23482      926.114      -2827.14      -1901.03      0.488911      197.367
853      67.3601      1.24005      930.037      -2830.7      -1900.67      0.488339      197.367
854      67.439      1.24601      934.509      -2834.94      -1900.43      0.487767      197.367
855      67.518      1.25229      939.215      -2839.57      -1900.36      0.487195      197.367
856      67.597      1.25843      943.825      -2844.27      -1900.45      0.486624      197.366
857      67.6759      1.26411      948.081      -2848.73      -1900.65      0.486055      197.365
858      67.7549      1.2691      951.824      -2852.74      -1900.92      0.485488      197.365
859      67.8339      1.27344      955.081      -2856.22      -1901.14      0.484925      197.366
860      67.9128      1.27748      958.113      -2859.32      -1901.21      0.484366      197.368
861      67.9918      1.28189      961.419      -2862.42      -1901      0.483811      197.371
862      68.0708      1.28746      965.598      -2866.1      -1900.5      0.483262      197.376
863      68.1497      1.29475      971.061      -2870.9      -1899.84      0.482719      197.383
864      68.2287      1.30367      977.755      -2877.03      -1899.28      0.48218      197.391
865      68.3077      1.31346      985.093      -2884.15      -1899.06      0.481646      197.401
866      68.3867      1.32294      992.207      -2891.5      -1899.3      0.481116      197.411
867      68.4656      1.331      998.253      -2898.19      -1899.94      0.480588      197.423
868      68.5446      1.33682      1002.62      -2903.46      -1900.85      0.480063      197.434
869      68.6236      1.33999      1004.99      -2906.87      -1901.88      0.47954      197.447
870      68.7025      1.3404      1005.3      -2908.21      -1902.91      0.479018      197.459
871      68.7815      1.33827      1003.7      -2907.54      -1903.84      0.478498      197.471
872      68.8605      1.33398      1000.49      -2905.09      -1904.6      0.477978      197.483
873      68.9394      1.32816      996.12      -2901.24      -1905.11      0.477459      197.495
874      69.0184      1.32155      991.165      -2896.49      -1905.33      0.476941      197.506
875      69.0974      1.31503      986.269      -2891.48      -1905.21      0.476423      197.517
876      69.1763      1.30946      982.096      -2886.86      -1904.77      0.475905      197.528
877      69.2553      1.30565      979.241      -2883.27      -1904.03      0.475388      197.539
878      69.3343      1.30424      978.18      -2881.27      -1903.09      0.474871      197.549
879      69.4132      1.30551      979.136      -2881.2      -1902.07      0.474354      197.559
880      69.4922      1.30933      982      -2883.15      -1901.15      0.473838      197.568
881      69.5712      1.31503      986.275      -2886.8      -1900.53      0.473322      197.577
882      69.6501      1.32149      991.114      -2891.48      -1900.37      0.472805      197.586
883      69.7291      1.32734      995.504      -2896.23      -1900.72      0.472288      197.593
884      69.8081      1.33134      998.507      -2900.04      -1901.53      0.47177      197.6
885      69.8871      1.3326      999.449      -2902.07      -1902.63      0.471251      197.606
886      69.966      1.33071      998.036      -2901.85      -1903.82      0.47073      197.61
887      70.045      1.32581      994.359      -2899.28      -1904.92      0.470206      197.614
888      70.124      1.31847      988.854      -2894.62      -1905.77      0.46968      197.615
889      70.2029      1.30955      982.16      -2888.43      -1906.27      0.469151      197.615
890      70.2819      1.29995      974.963      -2881.4      -1906.44      0.468619      197.613
891      70.3609      1.29045      967.836      -2874.17      -1906.34      0.468085      197.609
892      70.4398      1.28147      961.105      -2867.21      -1906.1      0.467547      197.604
893      70.5188      1.27318      954.883      -2860.71      -1905.83      0.467007      197.597
894      70.5978      1.26558      949.182      -2854.74      -1905.56      0.466465      197.588
895      70.6767      1.25874      944.051      -2849.29      -1905.24      0.465921      197.579
896      70.7557      1.2529      939.675      -2844.5      -1904.83      0.465377      197.568
897      70.8347      1.2484      936.303      -2840.59      -1904.29      0.464832      197.557
898      70.9136      1.24548      934.113      -2837.79      -1903.68      0.464287      197.546
899      70.9926      1.24417      933.124      -2836.21      -1903.08      0.463743      197.534
900      71.0716      1.24436      933.269      -2835.8      -1902.53      0.463201      197.522
901      71.1505      1.246      934.5      -2836.49      -1901.99      0.46266      197.511
902      71.2295      1.24912      936.837      -2838.28      -1901.44      0.462122      197.501
903      71.3085      1.25375      940.309      -2841.19      -1900.88      0.461587      197.491
904      71.3875      1.25985      944.889      -2845.23      -1900.34      0.461055      197.481
905      71.4664      1.26725      950.439      -2850.32      -1899.88      0.460527      197.473
906      71.5454      1.27562      956.713      -2856.28      -1899.57      0.460002      197.466
907      71.6244      1.28446      963.343      -2862.79      -1899.44      0.459481      197.46
908      71.7033      1.29319      969.894      -2869.44      -1899.55      0.458963      197.455
909      71.7823      1.30118      975.882      -2875.78      -1899.9      0.458448      197.451
910      71.8613      1.30778      980.831      -2881.31      -1900.48      0.457935      197.447
911      71.9402      1.31243      984.322      -2885.58      -1901.26      0.457425      197.444
912      72.0192      1.31466      985.996      -2888.21      -1902.22      0.456917      197.441
913      72.0982      1.31402      985.518      -2888.86      -1903.34      0.45641      197.438
914      72.1771      1.31007      982.556      -2887.17      -1904.61      0.455905      197.436
915      72.2561      1.30261      976.955      -2882.88      -1905.93      0.455401      197.433
916      72.3351      1.29192      968.939      -2876.02      -1907.08      0.454898      197.431
917      72.414      1.27898      959.238      -2867.03      -1907.79      0.454396      197.428
918      72.493      1.26537      949.03      -2856.91      -1907.88      0.453896      197.426
919      72.572      1.25292      939.693      -2846.97      -1907.27      0.453396      197.423
920      72.6509      1.24331      932.482      -2838.56      -1906.08      0.452899      197.421
921      72.7299      1.23761      928.207      -2832.75      -1904.55      0.452403      197.419
922      72.8089      1.23606      927.043      -2830.05      -1903.01      0.45191      197.418
923      72.8879      1.23805      928.538      -2830.3      -1901.77      0.451419      197.418
924      72.9668      1.24242      931.815      -2832.81      -1901      0.450931      197.418
925      73.0458      1.24781      935.858      -2836.6      -1900.74      0.450447      197.42
926      73.1248      1.25308      939.807      -2840.69      -1900.88      0.449966      197.422
927      73.2037      1.25749      943.118      -2844.38      -1901.26      0.449489      197.425
928      73.2827      1.26078      945.582      -2847.28      -1901.7      0.449015      197.43
929      73.3617      1.26296      947.219      -2849.33      -1902.11      0.448544      197.435
930      73.4406      1.26414      948.104      -2850.59      -1902.48      0.448075      197.442
931      73.5196      1.2643      948.228      -2851.1      -1902.87      0.44761      197.449
932      73.5986      1.26331      947.485      -2850.81      -1903.32      0.447146      197.456
933      73.6775      1.261      945.748      -2849.57      -1903.82      0.446684      197.463
934      73.7565      1.25739      943.041      -2847.33      -1904.29      0.446223      197.471
935      73.8355      1.25284      939.633      -2844.21      -1904.58      0.445763      197.479
936      73.9144      1.24808      936.058      -2840.64      -1904.59      0.445303      197.486
937      73.9934      1.24396      932.97      -2837.23      -1904.26      0.444843      197.493
938      74.0724      1.24124      930.93      -2834.61      -1903.68      0.444383      197.499
939      74.1513      1.24026      930.198      -2833.21      -1903.01      0.443923      197.505
940      74.2303      1.24086      930.646      -2833.1      -1902.46      0.443462      197.51
941      74.3093      1.2424      931.799      -2833.97      -1902.17      0.443001      197.514
942      74.3883      1.24407      933.049      -2835.24      -1902.19      0.442539      197.518
943      74.4672      1.24518      933.882      -2836.32      -1902.44      0.442077      197.522
944      74.5462      1.24542      934.069      -2836.83      -1902.76      0.441615      197.524
945      74.6252      1.24492      933.69      -2836.7      -1903.01      0.441153      197.527
946      74.7041      1.24403      933.022      -2836.14      -1903.12      0.440691      197.529
947      74.7831      1.24311      932.334      -2835.43      -1903.1      0.440229      197.53
948      74.8621      1.24237      931.778      -2834.8      -1903.02      0.439768      197.532
949      74.941      1.24185      931.385      -2834.32      -1902.94      0.439306      197.532
950      75.02      1.24152      931.138      -2834      -1902.86      0.438845      197.533
951      75.099      1.24142      931.067      -2833.83      -1902.76      0.438383      197.533
952      75.1779      1.24173      931.294      -2833.89      -1902.6      0.437922      197.532
953      75.2569      1.24267      932      -2834.34      -1902.34      0.437461      197.532
954      75.3359      1.24446      933.346      -2835.36      -1902.01      0.437001      197.531
955      75.4148      1.24718      935.382      -2837.05      -1901.67      0.436541      197.53
956      75.4938      1.25071      938.036      -2839.42      -1901.38      0.436082      197.529
957      75.5728      1.25491      941.185      -2842.34      -1901.16      0.435624      197.528
958      75.6517      1.25956      944.672      -2845.69      -1901.02      0.435167      197.527
959      75.7307      1.26437      948.28      -2849.28      -1901      0.43471      197.526
960      75.8097      1.26897      951.726      -2852.86      -1901.13      0.434255      197.524
961      75.8887      1.27292      954.692      -2856.11      -1901.41      0.4338      197.523
962      75.9676      1.27587      956.902      -2858.73      -1901.83      0.433345      197.521
963      76.0466      1.27762      958.217      -2860.5      -1902.28      0.43289      197.519
964      76.1256      1.27823      958.676      -2861.37      -1902.7      0.432435      197.516
965      76.2045      1.278      958.501      -2861.48      -1902.98      0.431979      197.512
966      76.2835      1.27738      958.031      -2861.11      -1903.07      0.431522      197.508
967      76.3625      1.27689      957.667      -2860.63      -1902.97      0.431065      197.503
968      76.4414      1.27707      957.806      -2860.47      -1902.66      0.430606      197.497
969      76.5204      1.27838      958.787      -2860.98      -1902.2      0.430146      197.49
970      76.5994      1.28113      960.847      -2862.48      -1901.63      0.429684      197.481
971      76.6783      1.28547      964.104      -2865.12      -1901.02      0.429221      197.472
972      76.7573      1.29144      968.579      -2868.99      -1900.41      0.428756      197.461
973      76.8363      1.29892      974.192      -2874.05      -1899.86      0.428288      197.449
974      76.9152      1.30766      980.742      -2880.17      -1899.42      0.427819      197.435
975      76.9942      1.31721      987.905      -2887.07      -1899.17      0.427348      197.42
976      77.0732      1.32694      995.208      -2894.37      -1899.17      0.426875      197.404
977      77.1521      1.33606      1002.05      -2901.53      -1899.48      0.426401      197.386
978      77.2311      1.34363      1007.73      -2907.87      -1900.15      0.425925      197.368
979      77.3101      1.34874      1011.56      -2912.7      -1901.14      0.425448      197.348
980      77.3891      1.35069      1013.02      -2915.39      -1902.37      0.42497      197.328
981      77.468      1.34914      1011.86      -2915.54      -1903.69      0.424491      197.307
982      77.547      1.34414      1008.11      -2913.05      -1904.95      0.424012      197.285
983      77.626      1.33601      1002.01      -2908.07      -1906.07      0.423533      197.263
984      77.7049      1.32526      993.942      -2900.92      -1906.98      0.423054      197.24
985      77.7839      1.3126      984.45      -2892.04      -1907.59      0.422575      197.217
986      77.8629      1.29912      974.338      -2882.1      -1907.76      0.422097      197.194
987      77.9418      1.28628      964.711      -2872.07      -1907.36      0.42162      197.171
988      78.0208      1.27575      956.816      -2863.16      -1906.34      0.421143      197.148
989      78.0998      1.26883      951.623      -2856.53      -1904.9      0.420669      197.125
990      78.1787      1.26604      949.53      -2852.88      -1903.35      0.420195      197.102
991      78.2577      1.26725      950.44      -2852.32      -1901.88      0.419723      197.08
992      78.3367      1.27212      954.092      -2854.66      -1900.56      0.419253      197.057
993      78.4156      1.28026      960.193      -2859.59      -1899.4      0.418785      197.036
994      78.4946      1.29113      968.344      -2866.79      -1898.45      0.418318      197.014
995      78.5736      1.30384      977.882      -2875.76      -1897.87      0.417854      196.993
996      78.6525      1.31713      987.849      -2885.65      -1897.8      0.417391      196.973
997      78.7315      1.32951      997.129      -2895.42      -1898.3      0.41693      196.953
998      78.8105      1.33959      1004.69      -2903.97      -1899.28      0.416471      196.934
999      78.8895      1.34636      1009.77      -2910.37      -1900.6      0.416016      196.915
1000      78.9684      1.34935      1012.01      -2914.05      -1902.04      0.415563      196.898
1000      78.9684      1.34935      1012.01      -2914.05      -1902.04      0.415563      196.898
Execution time in seconds: 1.79331
