Timestep Time Temperature KineticEnergy PotentialEnergy TotalEnergy DiffusionConstant MeanSquareDisplacement
1      0.001      2.43283      1824.62      -3730.19      -1905.57      32855.3      197.132
2      0.002      2.43283      1824.62      -3730.19      -1905.57      16427.7      197.132
3      0.003      2.43282      1824.61      -3730.19      -1905.57      10951.8      197.132
4      0.004      2.43281      1824.61      -3730.18      -1905.57      8213.84      197.132
5      0.005      2.43279      1824.59      -3730.17      -1905.57      6571.08      197.132
6      0.006      2.43277      1824.58      -3730.16      -1905.58      5475.9      197.132
7      0.007      2.43275      1824.56      -3730.14      -1905.58      4693.63      197.133
8      0.008      2.43272      1824.54      -3730.12      -1905.58      4106.93      197.133
9      0.009      2.43269      1824.52      -3730.1      -1905.58      3650.61      197.133
10      0.01      2.43266      1824.5      -3730.08      -1905.58      3285.55      197.133
11      0.011      2.43262      1824.47      -3730.05      -1905.58      2986.87      197.133
12      0.012      2.43258      1824.44      -3730.02      -1905.58      2737.96      197.133
13      0.013      2.43254      1824.4      -3729.99      -1905.59      2527.35      197.133
14      0.014      2.43249      1824.37      -3729.95      -1905.59      2346.83      197.134
15      0.015      2.43243      1824.33      -3729.91      -1905.59      2190.37      197.134
16      0.016      2.43238      1824.28      -3729.87      -1905.59      2053.48      197.134
17      0.017      2.43232      1824.24      -3729.83      -1905.59      1932.69      197.134
18      0.018      2.43225      1824.19      -3729.78      -1905.59      1825.32      197.134
19      0.019      2.43219      1824.14      -3729.73      -1905.59      1729.25      197.134
20      0.02      2.43211      1824.09      -3729.68      -1905.6      1642.79      197.134
21      0.021      2.43204      1824.03      -3729.63      -1905.6      1564.56      197.135
22      0.022      2.43196      1823.97      -3729.57      -1905.6      1493.44      197.135
23      0.023      2.43188      1823.91      -3729.51      -1905.6      1428.51      197.135
24      0.024      2.43179      1823.84      -3729.44      -1905.6      1368.99      197.135
25      0.025      2.4317      1823.77      -3729.38      -1905.6      1314.23      197.135
26      0.026      2.4316      1823.7      -3729.31      -1905.6      1263.69      197.135
27      0.027      2.43151      1823.63      -3729.24      -1905.61      1216.88      197.135
28      0.028      2.4314      1823.55      -3729.16      -1905.61      1173.43      197.135
29      0.029      2.4313      1823.47      -3729.08      -1905.61      1132.96      197.136
30      0.03      2.43119      1823.39      -3729      -1905.61      1095.2      197.136
31      0.031      2.43108      1823.31      -3728.92      -1905.61      1059.87      197.136
32      0.032      2.43096      1823.22      -3728.83      -1905.61      1026.75      197.136
33      0.033      2.43084      1823.13      -3728.74      -1905.61      995.637      197.136
34      0.034      2.43072      1823.04      -3728.65      -1905.62      966.354      197.136
35      0.035      2.43059      1822.94      -3728.56      -1905.62      938.745      197.136
36      0.036      2.43046      1822.84      -3728.46      -1905.62      912.669      197.137
37      0.037      2.43032      1822.74      -3728.36      -1905.62      888.003      197.137
38      0.038      2.43018      1822.64      -3728.26      -1905.62      864.635      197.137
39      0.039      2.43004      1822.53      -3728.15      -1905.62      842.466      197.137
40      0.04      2.42989      1822.42      -3728.04      -1905.62      821.405      197.137
41      0.041      2.42974      1822.3      -3727.93      -1905.63      801.371      197.137
42      0.042      2.42958      1822.19      -3727.82      -1905.63      782.291      197.137
43      0.043      2.42943      1822.07      -3727.7      -1905.63      764.099      197.138
44      0.044      2.42926      1821.95      -3727.58      -1905.63      746.734      197.138
45      0.045      2.4291      1821.82      -3727.46      -1905.63      730.14      197.138
46      0.046      2.42893      1821.7      -3727.33      -1905.63      714.268      197.138
47      0.047      2.42876      1821.57      -3727.2      -1905.63      699.071      197.138
48      0.048      2.42858      1821.43      -3727.07      -1905.64      684.508      197.138
49      0.049      2.4284      1821.3      -3726.94      -1905.64      670.539      197.138
50      0.05      2.42821      1821.16      -3726.8      -1905.64      657.129      197.139
51      0.051      2.42802      1821.02      -3726.66      -1905.64      644.244      197.139
52      0.052      2.42783      1820.87      -3726.52      -1905.64      631.855      197.139
53      0.053      2.42764      1820.73      -3726.37      -1905.64      619.934      197.139
54      0.054      2.42744      1820.58      -3726.22      -1905.64      608.454      197.139
55      0.055      2.42723      1820.42      -3726.07      -1905.65      597.392      197.139
56      0.056      2.42703      1820.27      -3725.92      -1905.65      586.724      197.139
57      0.057      2.42681      1820.11      -3725.76      -1905.65      576.431      197.14
58      0.058      2.4266      1819.95      -3725.6      -1905.65      566.493      197.14
59      0.059      2.42638      1819.79      -3725.44      -1905.65      556.892      197.14
60      0.06      2.42616      1819.62      -3725.27      -1905.65      547.611      197.14
61      0.061      2.42593      1819.45      -3725.1      -1905.65      538.634      197.14
62      0.062      2.4257      1819.28      -3724.93      -1905.66      529.947      197.14
63      0.063      2.42547      1819.1      -3724.76      -1905.66      521.535      197.14
64      0.064      2.42523      1818.92      -3724.58      -1905.66      513.387      197.141
65      0.065      2.42499      1818.74      -3724.4      -1905.66      505.489      197.141
66      0.066      2.42475      1818.56      -3724.22      -1905.66      497.83      197.141
67      0.067      2.4245      1818.37      -3724.04      -1905.66      490.4      197.141
68      0.068      2.42424      1818.18      -3723.85      -1905.66      483.189      197.141
69      0.069      2.42399      1817.99      -3723.66      -1905.67      476.187      197.141
70      0.07      2.42373      1817.8      -3723.46      -1905.67      469.384      197.141
71      0.071      2.42346      1817.6      -3723.27      -1905.67      462.774      197.142
72      0.072      2.4232      1817.4      -3723.07      -1905.67      456.347      197.142
73      0.073      2.42293      1817.19      -3722.87      -1905.67      450.096      197.142
74      0.074      2.42265      1816.99      -3722.66      -1905.67      444.013      197.142
75      0.075      2.42237      1816.78      -3722.45      -1905.67      438.094      197.142
76      0.076      2.42209      1816.57      -3722.24      -1905.68      432.33      197.142
77      0.077      2.4218      1816.35      -3722.03      -1905.68      426.715      197.142
78      0.078      2.42151      1816.13      -3721.81      -1905.68      421.245      197.143
79      0.079      2.42122      1815.91      -3721.59      -1905.68      415.913      197.143
80      0.08      2.42092      1815.69      -3721.37      -1905.68      410.714      197.143
81      0.081      2.42062      1815.46      -3721.15      -1905.68      405.644      197.143
82      0.082      2.42031      1815.23      -3720.92      -1905.68      400.697      197.143
83      0.083      2.42      1815      -3720.69      -1905.69      395.87      197.143
84      0.084      2.41969      1814.77      -3720.45      -1905.69      391.158      197.143
85      0.085      2.41937      1814.53      -3720.22      -1905.69      386.556      197.144
86      0.086      2.41905      1814.29      -3719.98      -1905.69      382.061      197.144
87      0.087      2.41873      1814.05      -3719.74      -1905.69      377.67      197.144
88      0.088      2.4184      1813.8      -3719.49      -1905.69      373.379      197.144
89      0.089      2.41807      1813.55      -3719.25      -1905.69      369.184      197.144
90      0.09      2.41773      1813.3      -3719      -1905.69      365.082      197.144
91      0.091      2.41739      1813.05      -3718.74      -1905.7      361.07      197.144
92      0.092      2.41705      1812.79      -3718.49      -1905.7      357.146      197.145
93      0.093      2.4167      1812.53      -3718.23      -1905.7      353.306      197.145
94      0.094      2.41635      1812.27      -3717.97      -1905.7      349.548      197.145
95      0.095      2.416      1812      -3717.7      -1905.7      345.869      197.145
96      0.096      2.41564      1811.73      -3717.43      -1905.7      342.266      197.145
97      0.097      2.41528      1811.46      -3717.16      -1905.7      338.738      197.145
98      0.098      2.41491      1811.18      -3716.89      -1905.71      335.281      197.145
99      0.099      2.41454      1810.91      -3716.62      -1905.71      331.895      197.146
100      0.1      2.41417      1810.63      -3716.34      -1905.71      328.576      197.146
101      0.101      2.41379      1810.34      -3716.05      -1905.71      325.323      197.146
102      0.102      2.41341      1810.06      -3715.77      -1905.71      322.134      197.146
103      0.103      2.41303      1809.77      -3715.48      -1905.71      319.007      197.146
104      0.104      2.41264      1809.48      -3715.19      -1905.71      315.94      197.146
105      0.105      2.41225      1809.18      -3714.9      -1905.72      312.931      197.147
106      0.106      2.41185      1808.89      -3714.6      -1905.72      309.979      197.147
107      0.107      2.41145      1808.59      -3714.31      -1905.72      307.082      197.147
108      0.108      2.41105      1808.28      -3714      -1905.72      304.239      197.147
109      0.109      2.41064      1807.98      -3713.7      -1905.72      301.448      197.147
110      0.11      2.41023      1807.67      -3713.39      -1905.72      298.708      197.147
111      0.111      2.40981      1807.36      -3713.08      -1905.72      296.017      197.147
112      0.112      2.40939      1807.04      -3712.77      -1905.73      293.374      197.148
113      0.113      2.40897      1806.73      -3712.45      -1905.73      290.778      197.148
114      0.114      2.40854      1806.41      -3712.14      -1905.73      288.228      197.148
115      0.115      2.40811      1806.08      -3711.81      -1905.73      285.722      197.148
116      0.116      2.40768      1805.76      -3711.49      -1905.73      283.259      197.148
117      0.117      2.40724      1805.43      -3711.16      -1905.73      280.838      197.148
118      0.118      2.4068      1805.1      -3710.83      -1905.73      278.458      197.148
119      0.119      2.40635      1804.76      -3710.5      -1905.74      276.118      197.149
120      0.12      2.4059      1804.43      -3710.16      -1905.74      273.818      197.149
121      0.121      2.40545      1804.09      -3709.83      -1905.74      271.555      197.149
122      0.122      2.40499      1803.74      -3709.48      -1905.74      269.329      197.149
123      0.123      2.40453      1803.4      -3709.14      -1905.74      267.14      197.149
124      0.124      2.40407      1803.05      -3708.79      -1905.74      264.986      197.149
125      0.125      2.4036      1802.7      -3708.44      -1905.74      262.866      197.15
126      0.126      2.40313      1802.34      -3708.09      -1905.75      260.78      197.15
127      0.127      2.40265      1801.99      -3707.74      -1905.75      258.727      197.15
128      0.128      2.40217      1801.63      -3707.38      -1905.75      256.706      197.15
129      0.129      2.40169      1801.26      -3707.02      -1905.75      254.716      197.15
130      0.13      2.4012      1800.9      -3706.65      -1905.75      252.757      197.15
131      0.131      2.40071      1800.53      -3706.28      -1905.75      250.827      197.15
132      0.132      2.40021      1800.16      -3705.91      -1905.75      248.927      197.151
133      0.133      2.39971      1799.78      -3705.54      -1905.76      247.056      197.151
134      0.134      2.39921      1799.41      -3705.17      -1905.76      245.213      197.151
135      0.135      2.3987      1799.03      -3704.79      -1905.76      243.396      197.151
136      0.136      2.39819      1798.64      -3704.41      -1905.76      241.607      197.151
137      0.137      2.39768      1798.26      -3704.02      -1905.76      239.843      197.151
138      0.138      2.39716      1797.87      -3703.63      -1905.76      238.106      197.151
139      0.139      2.39664      1797.48      -3703.24      -1905.76      236.393      197.152
140      0.14      2.39611      1797.08      -3702.85      -1905.77      234.704      197.152
141      0.141      2.39558      1796.69      -3702.46      -1905.77      233.04      197.152
142      0.142      2.39505      1796.29      -3702.06      -1905.77      231.399      197.152
143      0.143      2.39451      1795.88      -3701.66      -1905.77      229.781      197.152
144      0.144      2.39397      1795.48      -3701.25      -1905.77      228.186      197.152
145      0.145      2.39343      1795.07      -3700.84      -1905.77      226.612      197.153
146      0.146      2.39288      1794.66      -3700.43      -1905.77      225.06      197.153
147      0.147      2.39233      1794.24      -3700.02      -1905.78      223.529      197.153
148      0.148      2.39177      1793.83      -3699.61      -1905.78      222.019      197.153
149      0.149      2.39121      1793.41      -3699.19      -1905.78      220.529      197.153
150      0.15      2.39065      1792.98      -3698.76      -1905.78      219.059      197.153
151      0.151      2.39008      1792.56      -3698.34      -1905.78      217.609      197.153
152      0.152      2.38951      1792.13      -3697.91      -1905.78      216.177      197.154
153      0.153      2.38893      1791.7      -3697.48      -1905.78      214.764      197.154
154      0.154      2.38835      1791.26      -3697.05      -1905.79      213.37      197.154
155      0.155      2.38777      1790.83      -3696.61      -1905.79      211.994      197.154
156      0.156      2.38718      1790.39      -3696.18      -1905.79      210.635      197.154
157      0.157      2.38659      1789.94      -3695.73      -1905.79      209.293      197.154
158      0.158      2.386      1789.5      -3695.29      -1905.79      207.969      197.155
159      0.159      2.3854      1789.05      -3694.84      -1905.79      206.661      197.155
160      0.16      2.38479      1788.6      -3694.39      -1905.8      205.37      197.155
161      0.161      2.38419      1788.14      -3693.94      -1905.8      204.094      197.155
162      0.162      2.38358      1787.68      -3693.48      -1905.8      202.834      197.155
163      0.163      2.38296      1787.22      -3693.02      -1905.8      201.59      197.155
164      0.164      2.38235      1786.76      -3692.56      -1905.8      200.361      197.155
165      0.165      2.38173      1786.29      -3692.1      -1905.8      199.147      197.156
166      0.166      2.3811      1785.83      -3691.63      -1905.8      197.948      197.156
167      0.167      2.38047      1785.35      -3691.16      -1905.81      196.762      197.156
168      0.168      2.37984      1784.88      -3690.68      -1905.81      195.591      197.156
169      0.169      2.3792      1784.4      -3690.21      -1905.81      194.434      197.156
170      0.17      2.37856      1783.92      -3689.73      -1905.81      193.291      197.156
171      0.171      2.37792      1783.44      -3689.25      -1905.81      192.16      197.157
172      0.172      2.37727      1782.95      -3688.76      -1905.81      191.043      197.157
173      0.173      2.37661      1782.46      -3688.27      -1905.81      189.939      197.157
174      0.174      2.37596      1781.97      -3687.78      -1905.82      188.848      197.157
175      0.175      2.3753      1781.47      -3687.29      -1905.82      187.769      197.157
176      0.176      2.37463      1780.98      -3686.79      -1905.82      186.702      197.157
177      0.177      2.37397      1780.47      -3686.29      -1905.82      185.647      197.157
178      0.178      2.37329      1779.97      -3685.79      -1905.82      184.605      197.158
179      0.179      2.37262      1779.46      -3685.29      -1905.82      183.573      197.158
180      0.18      2.37194      1778.95      -3684.78      -1905.82      182.554      197.158
181      0.181      2.37126      1778.44      -3684.27      -1905.83      181.545      197.158
182      0.182      2.37057      1777.93      -3683.75      -1905.83      180.548      197.158
183      0.183      2.36988      1777.41      -3683.24      -1905.83      179.561      197.158
184      0.184      2.36918      1776.89      -3682.72      -1905.83      178.586      197.159
185      0.185      2.36848      1776.36      -3682.19      -1905.83      177.62      197.159
186      0.186      2.36778      1775.84      -3681.67      -1905.83      176.666      197.159
187      0.187      2.36707      1775.31      -3681.14      -1905.83      175.721      197.159
188      0.188      2.36636      1774.77      -3680.61      -1905.84      174.786      197.159
189      0.189      2.36565      1774.24      -3680.07      -1905.84      173.862      197.159
190      0.19      2.36493      1773.7      -3679.54      -1905.84      172.947      197.159
191      0.191      2.36421      1773.16      -3679      -1905.84      172.042      197.16
192      0.192      2.36348      1772.61      -3678.45      -1905.84      171.146      197.16
193      0.193      2.36275      1772.07      -3677.91      -1905.84      170.259      197.16
194      0.194      2.36202      1771.52      -3677.36      -1905.84      169.382      197.16
195      0.195      2.36128      1770.96      -3676.81      -1905.85      168.513      197.16
196      0.196      2.36054      1770.41      -3676.25      -1905.85      167.653      197.16
197      0.197      2.3598      1769.85      -3675.7      -1905.85      166.803      197.161
198      0.198      2.35905      1769.29      -3675.14      -1905.85      165.96      197.161
199      0.199      2.3583      1768.72      -3674.57      -1905.85      165.126      197.161
200      0.2      2.35754      1768.15      -3674.01      -1905.85      164.301      197.161
201      0.201      2.35678      1767.58      -3673.44      -1905.85      163.484      197.161
202      0.202      2.35601      1767.01      -3672.87      -1905.86      162.674      197.161
203      0.203      2.35524      1766.43      -3672.29      -1905.86      161.873      197.162
204      0.204      2.35447      1765.85      -3671.71      -1905.86      161.08      197.162
205      0.205      2.3537      1765.27      -3671.13      -1905.86      160.294      197.162
206      0.206      2.35292      1764.69      -3670.55      -1905.86      159.516      197.162
207      0.207      2.35213      1764.1      -3669.96      -1905.86      158.746      197.162
208      0.208      2.35134      1763.51      -3669.37      -1905.86      157.983      197.162
209      0.209      2.35055      1762.91      -3668.78      -1905.87      157.227      197.162
210      0.21      2.34976      1762.32      -3668.18      -1905.87      156.478      197.163
211      0.211      2.34896      1761.72      -3667.59      -1905.87      155.737      197.163
212      0.212      2.34815      1761.11      -3666.99      -1905.87      155.002      197.163
213      0.213      2.34735      1760.51      -3666.38      -1905.87      154.275      197.163
214      0.214      2.34653      1759.9      -3665.77      -1905.87      153.554      197.163
215      0.215      2.34572      1759.29      -3665.16      -1905.87      152.84      197.163
216      0.216      2.3449      1758.68      -3664.55      -1905.88      152.132      197.164
217      0.217      2.34408      1758.06      -3663.94      -1905.88      151.431      197.164
218      0.218      2.34325      1757.44      -3663.32      -1905.88      150.737      197.164
219      0.219      2.34242      1756.81      -3662.7      -1905.88      150.049      197.164
220      0.22      2.34158      1756.19      -3662.07      -1905.88      149.367      197.164
221      0.221      2.34075      1755.56      -3661.44      -1905.88      148.691      197.164
222      0.222      2.3399      1754.93      -3660.81      -1905.88      148.021      197.165
223      0.223      2.33906      1754.29      -3660.18      -1905.89      147.358      197.165
224      0.224      2.33821      1753.66      -3659.54      -1905.89      146.7      197.165
225      0.225      2.33735      1753.01      -3658.9      -1905.89      146.048      197.165
226      0.226      2.33649      1752.37      -3658.26      -1905.89      145.402      197.165
227      0.227      2.33563      1751.72      -3657.62      -1905.89      144.762      197.165
228      0.228      2.33477      1751.08      -3656.97      -1905.89      144.127      197.166
229      0.229      2.3339      1750.42      -3656.32      -1905.9      143.498      197.166
230      0.23      2.33302      1749.77      -3655.66      -1905.9      142.874      197.166
231      0.231      2.33215      1749.11      -3655.01      -1905.9      142.255      197.166
232      0.232      2.33126      1748.45      -3654.35      -1905.9      141.642      197.166
233      0.233      2.33038      1747.78      -3653.69      -1905.9      141.035      197.166
234      0.234      2.32949      1747.12      -3653.02      -1905.9      140.432      197.166
235      0.235      2.3286      1746.45      -3652.35      -1905.9      139.834      197.167
236      0.236      2.3277      1745.77      -3651.68      -1905.91      139.242      197.167
237      0.237      2.3268      1745.1      -3651.01      -1905.91      138.655      197.167
238      0.238      2.32589      1744.42      -3650.33      -1905.91      138.072      197.167
239      0.239      2.32498      1743.74      -3649.65      -1905.91      137.495      197.167
240      0.24      2.32407      1743.05      -3648.96      -1905.91      136.922      197.167
241      0.241      2.32315      1742.37      -3648.28      -1905.91      136.354      197.168
242      0.242      2.32223      1741.67      -3647.59      -1905.91      135.79      197.168
243      0.243      2.32131      1740.98      -3646.9      -1905.92      135.232      197.168
244      0.244      2.32038      1740.28      -3646.2      -1905.92      134.678      197.168
245      0.245      2.31945      1739.59      -3645.5      -1905.92      134.128      197.168
246      0.246      2.31851      1738.88      -3644.8      -1905.92      133.583      197.168
247      0.247      2.31757      1738.18      -3644.1      -1905.92      133.042      197.169
248      0.248      2.31663      1737.47      -3643.39      -1905.92      132.506      197.169
249      0.249      2.31568      1736.76      -3642.68      -1905.92      131.974      197.169
250      0.25      2.31473      1736.04      -3641.97      -1905.93      131.446      197.169
251      0.251      2.31377      1735.33      -3641.25      -1905.93      130.922      197.169
252      0.252      2.31281      1734.61      -3640.54      -1905.93      130.403      197.169
253      0.253      2.31185      1733.88      -3639.81      -1905.93      129.888      197.17
254      0.254      2.31088      1733.16      -3639.09      -1905.93      129.376      197.17
255      0.255      2.30991      1732.43      -3638.36      -1905.93      128.869      197.17
256      0.256      2.30893      1731.7      -3637.63      -1905.93      128.366      197.17
257      0.257      2.30795      1730.96      -3636.9      -1905.94      127.867      197.17
258      0.258      2.30697      1730.22      -3636.16      -1905.94      127.371      197.17
259      0.259      2.30598      1729.48      -3635.42      -1905.94      126.879      197.171
260      0.26      2.30499      1728.74      -3634.68      -1905.94      126.391      197.171
261      0.261      2.30399      1727.99      -3633.94      -1905.94      125.907      197.171
262      0.262      2.30299      1727.24      -3633.19      -1905.94      125.427      197.171
263      0.263      2.30199      1726.49      -3632.44      -1905.95      124.95      197.171
264      0.264      2.30098      1725.74      -3631.68      -1905.95      124.477      197.171
265      0.265      2.29997      1724.98      -3630.93      -1905.95      124.007      197.172
266      0.266      2.29896      1724.22      -3630.17      -1905.95      123.541      197.172
267      0.267      2.29794      1723.45      -3629.4      -1905.95      123.079      197.172
268      0.268      2.29691      1722.68      -3628.64      -1905.95      122.619      197.172
269      0.269      2.29589      1721.91      -3627.87      -1905.95      122.164      197.172
270      0.27      2.29485      1721.14      -3627.1      -1905.96      121.711      197.172
271      0.271      2.29382      1720.36      -3626.32      -1905.96      121.262      197.172
272      0.272      2.29278      1719.59      -3625.54      -1905.96      120.817      197.173
273      0.273      2.29174      1718.8      -3624.76      -1905.96      120.374      197.173
274      0.274      2.29069      1718.02      -3623.98      -1905.96      119.935      197.173
275      0.275      2.28964      1717.23      -3623.19      -1905.96      119.499      197.173
276      0.276      2.28859      1716.44      -3622.4      -1905.96      119.066      197.173
277      0.277      2.28753      1715.65      -3621.61      -1905.97      118.636      197.173
278      0.278      2.28646      1714.85      -3620.82      -1905.97      118.21      197.174
279      0.279      2.2854      1714.05      -3620.02      -1905.97      117.786      197.174
280      0.28      2.28433      1713.25      -3619.22      -1905.97      117.365      197.174
281      0.281      2.28325      1712.44      -3618.41      -1905.97      116.948      197.174
282      0.282      2.28217      1711.63      -3617.6      -1905.97      116.533      197.174
283      0.283      2.28109      1710.82      -3616.79      -1905.97      116.122      197.174
284      0.284      2.28001      1710      -3615.98      -1905.98      115.713      197.175
285      0.285      2.27891      1709.19      -3615.16      -1905.98      115.307      197.175
286      0.286      2.27782      1708.37      -3614.34      -1905.98      114.904      197.175
287      0.287      2.27672      1707.54      -3613.52      -1905.98      114.504      197.175
288      0.288      2.27562      1706.71      -3612.7      -1905.98      114.106      197.175
289      0.289      2.27451      1705.89      -3611.87      -1905.98      113.711      197.175
290      0.29      2.2734      1705.05      -3611.04      -1905.99      113.319      197.176
291      0.291      2.27229      1704.22      -3610.2      -1905.99      112.93      197.176
292      0.292      2.27117      1703.38      -3609.37      -1905.99      112.543      197.176
293      0.293      2.27005      1702.54      -3608.53      -1905.99      112.159      197.176
294      0.294      2.26892      1701.69      -3607.68      -1905.99      111.778      197.176
295      0.295      2.26779      1700.84      -3606.84      -1905.99      111.399      197.176
296      0.296      2.26666      1699.99      -3605.99      -1905.99      111.023      197.177
297      0.297      2.26552      1699.14      -3605.14      -1906      110.649      197.177
298      0.298      2.26438      1698.28      -3604.28      -1906      110.278      197.177
299      0.299      2.26323      1697.42      -3603.42      -1906      109.909      197.177
300      0.3      2.26208      1696.56      -3602.56      -1906      109.543      197.177
301      0.301      2.26093      1695.7      -3601.7      -1906      109.179      197.177
302      0.302      2.25977      1694.83      -3600.83      -1906      108.818      197.178
303      0.303      2.25861      1693.96      -3599.96      -1906      108.459      197.178
304      0.304      2.25744      1693.08      -3599.09      -1906.01      108.102      197.178
305      0.305      2.25627      1692.21      -3598.21      -1906.01      107.748      197.178
306      0.306      2.2551      1691.33      -3597.33      -1906.01      107.396      197.178
307      0.307      2.25392      1690.44      -3596.45      -1906.01      107.046      197.178
308      0.308      2.25274      1689.56      -3595.57      -1906.01      106.698      197.179
309      0.309      2.25156      1688.67      -3594.68      -1906.01      106.353      197.179
310      0.31      2.25037      1687.77      -3593.79      -1906.02      106.01      197.179
311      0.311      2.24917      1686.88      -3592.9      -1906.02      105.669      197.179
312      0.312      2.24797      1685.98      -3592      -1906.02      105.331      197.179
313      0.313      2.24677      1685.08      -3591.1      -1906.02      104.994      197.179
314      0.314      2.24557      1684.18      -3590.2      -1906.02      104.66      197.18
315      0.315      2.24436      1683.27      -3589.29      -1906.02      104.328      197.18
316      0.316      2.24314      1682.36      -3588.38      -1906.02      103.998      197.18
317      0.317      2.24193      1681.44      -3587.47      -1906.03      103.67      197.18
318      0.318      2.2407      1680.53      -3586.56      -1906.03      103.344      197.18
319      0.319      2.23948      1679.61      -3585.64      -1906.03      103.02      197.18
320      0.32      2.23825      1678.69      -3584.72      -1906.03      102.698      197.181
321      0.321      2.23702      1677.76      -3583.79      -1906.03      102.378      197.181
322      0.322      2.23578      1676.83      -3582.87      -1906.03      102.061      197.181
323      0.323      2.23454      1675.9      -3581.94      -1906.03      101.745      197.181
324      0.324      2.23329      1674.97      -3581.01      -1906.04      101.431      197.181
325      0.325      2.23204      1674.03      -3580.07      -1906.04      101.119      197.181
326      0.326      2.23079      1673.09      -3579.13      -1906.04      100.809      197.182
327      0.327      2.22953      1672.15      -3578.19      -1906.04      100.5      197.182
328      0.328      2.22827      1671.2      -3577.25      -1906.04      100.194      197.182
329      0.329      2.22701      1670.25      -3576.3      -1906.04      99.8896      197.182
330      0.33      2.22574      1669.3      -3575.35      -1906.05      99.587      197.182
331      0.331      2.22446      1668.35      -3574.39      -1906.05      99.2862      197.182
332      0.332      2.22319      1667.39      -3573.44      -1906.05      98.9873      197.183
333      0.333      2.22191      1666.43      -3572.48      -1906.05      98.6901      197.183
334      0.334      2.22062      1665.47      -3571.52      -1906.05      98.3947      197.183
335      0.335      2.21933      1664.5      -3570.55      -1906.05      98.101      197.183
336      0.336      2.21804      1663.53      -3569.58      -1906.05      97.8092      197.183
337      0.337      2.21674      1662.56      -3568.61      -1906.06      97.519      197.183
338      0.338      2.21544      1661.58      -3567.64      -1906.06      97.2306      197.184
339      0.339      2.21413      1660.6      -3566.66      -1906.06      96.9438      197.184
340      0.34      2.21283      1659.62      -3565.68      -1906.06      96.6588      197.184
341      0.341      2.21151      1658.63      -3564.7      -1906.06      96.3754      197.184
342      0.342      2.2102      1657.65      -3563.71      -1906.06      96.0937      197.184
343      0.343      2.20887      1656.66      -3562.72      -1906.06      95.8136      197.184
344      0.344      2.20755      1655.66      -3561.73      -1906.07      95.5352      197.185
345      0.345      2.20622      1654.67      -3560.73      -1906.07      95.2584      197.185
346      0.346      2.20489      1653.67      -3559.73      -1906.07      94.9831      197.185
347      0.347      2.20355      1652.66      -3558.73      -1906.07      94.7095      197.185
348      0.348      2.20221      1651.66      -3557.73      -1906.07      94.4374      197.185
349      0.349      2.20087      1650.65      -3556.72      -1906.07      94.1669      197.185
350      0.35      2.19952      1649.64      -3555.71      -1906.07      93.8979      197.186
351      0.351      2.19816      1648.62      -3554.7      -1906.08      93.6305      197.186
352      0.352      2.19681      1647.6      -3553.68      -1906.08      93.3646      197.186
353      0.353      2.19545      1646.58      -3552.66      -1906.08      93.1002      197.186
354      0.354      2.19408      1645.56      -3551.64      -1906.08      92.8372      197.186
355      0.355      2.19271      1644.53      -3550.62      -1906.08      92.5758      197.186
356      0.356      2.19134      1643.5      -3549.59      -1906.08      92.3158      197.187
357      0.357      2.18996      1642.47      -3548.56      -1906.09      92.0573      197.187
358      0.358      2.18858      1641.44      -3547.52      -1906.09      91.8003      197.187
359      0.359      2.1872      1640.4      -3546.49      -1906.09      91.5446      197.187
360      0.36      2.18581      1639.36      -3545.45      -1906.09      91.2904      197.187
361      0.361      2.18442      1638.31      -3544.4      -1906.09      91.0376      197.187
362      0.362      2.18302      1637.26      -3543.36      -1906.09      90.7862      197.188
363      0.363      2.18162      1636.21      -3542.31      -1906.09      90.5362      197.188
364      0.364      2.18021      1635.16      -3541.26      -1906.1      90.2875      197.188
365      0.365      2.1788      1634.1      -3540.2      -1906.1      90.0403      197.188
366      0.366      2.17739      1633.04      -3539.14      -1906.1      89.7943      197.188
367      0.367      2.17598      1631.98      -3538.08      -1906.1      89.5497      197.189
368      0.368      2.17455      1630.92      -3537.02      -1906.1      89.3065      197.189
369      0.369      2.17313      1629.85      -3535.95      -1906.1      89.0645      197.189
370      0.37      2.1717      1628.78      -3534.88      -1906.1      88.8239      197.189
371      0.371      2.17027      1627.7      -3533.81      -1906.11      88.5845      197.189
372      0.372      2.16883      1626.62      -3532.73      -1906.11      88.3465      197.189
373      0.373      2.16739      1625.54      -3531.65      -1906.11      88.1097      197.19
374      0.374      2.16595      1624.46      -3530.57      -1906.11      87.8742      197.19
375      0.375      2.1645      1623.37      -3529.49      -1906.11      87.6399      197.19
376      0.376      2.16305      1622.29      -3528.4      -1906.11      87.4069      197.19
377      0.377      2.16159      1621.19      -3527.31      -1906.12      87.1752      197.19
378      0.378      2.16013      1620.1      -3526.21      -1906.12      86.9446      197.19
379      0.379      2.15867      1619      -3525.12      -1906.12      86.7153      197.191
380      0.38      2.1572      1617.9      -3524.02      -1906.12      86.4872      197.191
381      0.381      2.15573      1616.79      -3522.92      -1906.12      86.2602      197.191
382      0.382      2.15425      1615.69      -3521.81      -1906.12      86.0345      197.191
383      0.383      2.15277      1614.58      -3520.7      -1906.12      85.8099      197.191
384      0.384      2.15129      1613.46      -3519.59      -1906.13      85.5865      197.191
385      0.385      2.1498      1612.35      -3518.48      -1906.13      85.3643      197.192
386      0.386      2.14831      1611.23      -3517.36      -1906.13      85.1432      197.192
387      0.387      2.14681      1610.11      -3516.24      -1906.13      84.9233      197.192
388      0.388      2.14531      1608.98      -3515.11      -1906.13      84.7045      197.192
389      0.389      2.14381      1607.86      -3513.99      -1906.13      84.4868      197.192
390      0.39      2.1423      1606.72      -3512.86      -1906.13      84.2703      197.192
391      0.391      2.14079      1605.59      -3511.73      -1906.14      84.0548      197.193
392      0.392      2.13927      1604.45      -3510.59      -1906.14      83.8405      197.193
393      0.393      2.13775      1603.31      -3509.45      -1906.14      83.6272      197.193
394      0.394      2.13623      1602.17      -3508.31      -1906.14      83.415      197.193
395      0.395      2.1347      1601.03      -3507.17      -1906.14      83.2039      197.193
396      0.396      2.13317      1599.88      -3506.02      -1906.14      82.9939      197.193
397      0.397      2.13163      1598.73      -3504.87      -1906.14      82.7849      197.194
398      0.398      2.13009      1597.57      -3503.72      -1906.15      82.577      197.194
399      0.399      2.12855      1596.41      -3502.56      -1906.15      82.3701      197.194
400      0.4      2.127      1595.25      -3501.4      -1906.15      82.1642      197.194
401      0.401      2.12545      1594.09      -3500.24      -1906.15      81.9594      197.194
402      0.402      2.1239      1592.92      -3499.08      -1906.15      81.7556      197.194
403      0.403      2.12234      1591.75      -3497.91      -1906.15      81.5528      197.195
404      0.404      2.12078      1590.58      -3496.74      -1906.16      81.351      197.195
405      0.405      2.11921      1589.41      -3495.56      -1906.16      81.1502      197.195
406      0.406      2.11764      1588.23      -3494.39      -1906.16      80.9504      197.195
407      0.407      2.11606      1587.05      -3493.21      -1906.16      80.7516      197.195
408      0.408      2.11449      1585.86      -3492.03      -1906.16      80.5537      197.196
409      0.409      2.1129      1584.68      -3490.84      -1906.16      80.3568      197.196
410      0.41      2.11132      1583.49      -3489.65      -1906.16      80.1609      197.196
411      0.411      2.10973      1582.29      -3488.46      -1906.17      79.9659      197.196
412      0.412      2.10813      1581.1      -3487.27      -1906.17      79.7719      197.196
413      0.413      2.10653      1579.9      -3486.07      -1906.17      79.5788      197.196
414      0.414      2.10493      1578.7      -3484.87      -1906.17      79.3867      197.197
415      0.415      2.10333      1577.49      -3483.67      -1906.17      79.1955      197.197
416      0.416      2.10172      1576.29      -3482.46      -1906.17      79.0052      197.197
417      0.417      2.1001      1575.08      -3481.25      -1906.17      78.8158      197.197
418      0.418      2.09849      1573.86      -3480.04      -1906.18      78.6273      197.197
419      0.419      2.09686      1572.65      -3478.82      -1906.18      78.4397      197.197
420      0.42      2.09524      1571.43      -3477.61      -1906.18      78.253      197.198
421      0.421      2.09361      1570.21      -3476.39      -1906.18      78.0672      197.198
422      0.422      2.09198      1568.98      -3475.16      -1906.18      77.8823      197.198
423      0.423      2.09034      1567.75      -3473.94      -1906.18      77.6982      197.198
424      0.424      2.0887      1566.52      -3472.71      -1906.18      77.515      197.198
425      0.425      2.08705      1565.29      -3471.48      -1906.19      77.3327      197.198
426      0.426      2.08541      1564.05      -3470.24      -1906.19      77.1512      197.199
427      0.427      2.08375      1562.81      -3469      -1906.19      76.9706      197.199
428      0.428      2.0821      1561.57      -3467.76      -1906.19      76.7909      197.199
429      0.429      2.08044      1560.33      -3466.52      -1906.19      76.6119      197.199
430      0.43      2.07877      1559.08      -3465.27      -1906.19      76.4338      197.199
431      0.431      2.0771      1557.83      -3464.02      -1906.19      76.2566      197.199
432      0.432      2.07543      1556.57      -3462.77      -1906.2      76.0801      197.2
433      0.433      2.07376      1555.32      -3461.52      -1906.2      75.9045      197.2
434      0.434      2.07208      1554.06      -3460.26      -1906.2      75.7296      197.2
435      0.435      2.0704      1552.8      -3459      -1906.2      75.5556      197.2
436      0.436      2.06871      1551.53      -3457.73      -1906.2      75.3824      197.2
437      0.437      2.06702      1550.26      -3456.47      -1906.2      75.2099      197.2
438      0.438      2.06532      1548.99      -3455.2      -1906.2      75.0383      197.201
439      0.439      2.06362      1547.72      -3453.92      -1906.21      74.8674      197.201
440      0.44      2.06192      1546.44      -3452.65      -1906.21      74.6973      197.201
441      0.441      2.06022      1545.16      -3451.37      -1906.21      74.528      197.201
442      0.442      2.05851      1543.88      -3450.09      -1906.21      74.3595      197.201
443      0.443      2.05679      1542.59      -3448.81      -1906.21      74.1917      197.202
444      0.444      2.05507      1541.31      -3447.52      -1906.21      74.0247      197.202
445      0.445      2.05335      1540.01      -3446.23      -1906.21      73.8584      197.202
446      0.446      2.05163      1538.72      -3444.94      -1906.22      73.6928      197.202
447      0.447      2.0499      1537.42      -3443.64      -1906.22      73.528      197.202
448      0.448      2.04817      1536.12      -3442.34      -1906.22      73.364      197.202
449      0.449      2.04643      1534.82      -3441.04      -1906.22      73.2006      197.203
450      0.45      2.04469      1533.52      -3439.74      -1906.22      73.038      197.203
451      0.451      2.04294      1532.21      -3438.43      -1906.22      72.8762      197.203
452      0.452      2.0412      1530.9      -3437.12      -1906.22      72.715      197.203
453      0.453      2.03945      1529.58      -3435.81      -1906.23      72.5545      197.203
454      0.454      2.03769      1528.27      -3434.49      -1906.23      72.3948      197.203
455      0.455      2.03593      1526.95      -3433.18      -1906.23      72.2357      197.204
456      0.456      2.03417      1525.63      -3431.86      -1906.23      72.0774      197.204
457      0.457      2.0324      1524.3      -3430.53      -1906.23      71.9197      197.204
458      0.458      2.03063      1522.97      -3429.21      -1906.23      71.7628      197.204
459      0.459      2.02886      1521.64      -3427.88      -1906.23      71.6065      197.204
460      0.46      2.02708      1520.31      -3426.54      -1906.24      71.4509      197.204
461      0.461      2.0253      1518.97      -3425.21      -1906.24      71.296      197.205
462      0.462      2.02351      1517.63      -3423.87      -1906.24      71.1417      197.205
463      0.463      2.02172      1516.29      -3422.53      -1906.24      70.9881      197.205
464      0.464      2.01993      1514.95      -3421.19      -1906.24      70.8352      197.205
465      0.465      2.01813      1513.6      -3419.84      -1906.24      70.6829      197.205
466      0.466      2.01633      1512.25      -3418.49      -1906.24      70.5313      197.205
467      0.467      2.01453      1510.9      -3417.14      -1906.25      70.3803      197.206
468      0.468      2.01272      1509.54      -3415.79      -1906.25      70.23      197.206
469      0.469      2.01091      1508.18      -3414.43      -1906.25      70.0803      197.206
470      0.47      2.0091      1506.82      -3413.07      -1906.25      69.9313      197.206
471      0.471      2.00728      1505.46      -3411.71      -1906.25      69.7829      197.206
472      0.472      2.00546      1504.09      -3410.34      -1906.25      69.6351      197.207
473      0.473      2.00363      1502.72      -3408.98      -1906.25      69.4879      197.207
474      0.474      2.0018      1501.35      -3407.6      -1906.26      69.3414      197.207
475      0.475      1.99997      1499.98      -3406.23      -1906.26      69.1954      197.207
476      0.476      1.99813      1498.6      -3404.86      -1906.26      69.0501      197.207
477      0.477      1.99629      1497.22      -3403.48      -1906.26      68.9054      197.207
478      0.478      1.99445      1495.83      -3402.09      -1906.26      68.7613      197.208
479      0.479      1.9926      1494.45      -3400.71      -1906.26      68.6179      197.208
480      0.48      1.99075      1493.06      -3399.32      -1906.26      68.475      197.208
481      0.481      1.98889      1491.67      -3397.93      -1906.26      68.3327      197.208
482      0.482      1.98703      1490.27      -3396.54      -1906.27      68.191      197.208
483      0.483      1.98517      1488.88      -3395.15      -1906.27      68.0498      197.208
484      0.484      1.9833      1487.48      -3393.75      -1906.27      67.9093      197.209
485      0.485      1.98144      1486.08      -3392.35      -1906.27      67.7693      197.209
486      0.486      1.97956      1484.67      -3390.94      -1906.27      67.6299      197.209
487      0.487      1.97769      1483.26      -3389.54      -1906.27      67.4911      197.209
488      0.488      1.97581      1481.85      -3388.13      -1906.27      67.3529      197.209
489      0.489      1.97392      1480.44      -3386.72      -1906.28      67.2152      197.209
490      0.49      1.97204      1479.03      -3385.3      -1906.28      67.0781      197.21
491      0.491      1.97014      1477.61      -3383.89      -1906.28      66.9415      197.21
492      0.492      1.96825      1476.19      -3382.47      -1906.28      66.8055      197.21
493      0.493      1.96635      1474.76      -3381.04      -1906.28      66.6701      197.21
494      0.494      1.96445      1473.34      -3379.62      -1906.28      66.5352      197.21
495      0.495      1.96255      1471.91      -3378.19      -1906.28      66.4008      197.21
496      0.496      1.96064      1470.48      -3376.76      -1906.28      66.267      197.211
497      0.497      1.95873      1469.04      -3375.33      -1906.29      66.1337      197.211
498      0.498      1.95681      1467.61      -3373.89      -1906.29      66.001      197.211
499      0.499      1.95489      1466.17      -3372.46      -1906.29      65.8688      197.211
500      0.5      1.95297      1464.73      -3371.02      -1906.29      65.7371      197.211
501      0.501      1.95104      1463.28      -3369.57      -1906.29      65.606      197.212
502      0.502      1.94911      1461.84      -3368.13      -1906.29      65.4753      197.212
503      0.503      1.94718      1460.39      -3366.68      -1906.29      65.3452      197.212
504      0.504      1.94524      1458.93      -3365.23      -1906.29      65.2156      197.212
505      0.505      1.94331      1457.48      -3363.78      -1906.3      65.0865      197.212
506      0.506      1.94136      1456.02      -3362.32      -1906.3      64.958      197.212
507      0.507      1.93942      1454.56      -3360.86      -1906.3      64.8299      197.213
508      0.508      1.93747      1453.1      -3359.4      -1906.3      64.7023      197.213
509      0.509      1.93551      1451.63      -3357.94      -1906.3      64.5753      197.213
510      0.51      1.93356      1450.17      -3356.47      -1906.3      64.4487      197.213
511      0.511      1.9316      1448.7      -3355      -1906.3      64.3226      197.213
512      0.512      1.92963      1447.22      -3353.53      -1906.31      64.1971      197.213
513      0.513      1.92766      1445.75      -3352.05      -1906.31      64.072      197.214
514      0.514      1.92569      1444.27      -3350.58      -1906.31      63.9474      197.214
515      0.515      1.92372      1442.79      -3349.1      -1906.31      63.8233      197.214
516      0.516      1.92174      1441.31      -3347.62      -1906.31      63.6996      197.214
517      0.517      1.91976      1439.82      -3346.13      -1906.31      63.5765      197.214
518      0.518      1.91778      1438.33      -3344.65      -1906.31      63.4538      197.214
519      0.519      1.91579      1436.84      -3343.16      -1906.31      63.3316      197.215
520      0.52      1.9138      1435.35      -3341.67      -1906.32      63.2099      197.215
521      0.521      1.91181      1433.86      -3340.17      -1906.32      63.0886      197.215
522      0.522      1.90981      1432.36      -3338.68      -1906.32      62.9678      197.215
523      0.523      1.90781      1430.86      -3337.18      -1906.32      62.8475      197.215
524      0.524      1.90581      1429.36      -3335.68      -1906.32      62.7276      197.215
525      0.525      1.9038      1427.85      -3334.17      -1906.32      62.6081      197.216
526      0.526      1.90179      1426.34      -3332.67      -1906.32      62.4892      197.216
527      0.527      1.89978      1424.83      -3331.16      -1906.32      62.3706      197.216
528      0.528      1.89776      1423.32      -3329.65      -1906.33      62.2526      197.216
529      0.529      1.89574      1421.81      -3328.13      -1906.33      62.135      197.216
530      0.53      1.89372      1420.29      -3326.62      -1906.33      62.0178      197.217
531      0.531      1.89169      1418.77      -3325.1      -1906.33      61.901      197.217
532      0.532      1.88966      1417.25      -3323.58      -1906.33      61.7847      197.217
533      0.533      1.88763      1415.72      -3322.05      -1906.33      61.6689      197.217
534      0.534      1.88559      1414.19      -3320.53      -1906.33      61.5534      197.217
535      0.535      1.88355      1412.67      -3319      -1906.33      61.4384      197.217
536      0.536      1.88151      1411.13      -3317.47      -1906.33      61.3239      197.218
537      0.537      1.87947      1409.6      -3315.94      -1906.34      61.2097      197.218
538      0.538      1.87742      1408.06      -3314.4      -1906.34      61.096      197.218
539      0.539      1.87537      1406.52      -3312.86      -1906.34      60.9827      197.218
540      0.54      1.87331      1404.98      -3311.32      -1906.34      60.8698      197.218
541      0.541      1.87125      1403.44      -3309.78      -1906.34      60.7574      197.218
542      0.542      1.86919      1401.89      -3308.24      -1906.34      60.6453      197.219
543      0.543      1.86713      1400.35      -3306.69      -1906.34      60.5337      197.219
544      0.544      1.86506      1398.8      -3305.14      -1906.34      60.4225      197.219
545      0.545      1.86299      1397.24      -3303.59      -1906.35      60.3116      197.219
546      0.546      1.86092      1395.69      -3302.04      -1906.35      60.2012      197.219
547      0.547      1.85884      1394.13      -3300.48      -1906.35      60.0912      197.219
548      0.548      1.85676      1392.57      -3298.92      -1906.35      59.9816      197.22
549      0.549      1.85468      1391.01      -3297.36      -1906.35      59.8724      197.22
550      0.55      1.8526      1389.45      -3295.8      -1906.35      59.7636      197.22
551      0.551      1.85051      1387.88      -3294.23      -1906.35      59.6552      197.22
552      0.552      1.84842      1386.31      -3292.66      -1906.35      59.5472      197.22
553      0.553      1.84632      1384.74      -3291.1      -1906.35      59.4396      197.22
554      0.554      1.84422      1383.17      -3289.52      -1906.36      59.3323      197.221
555      0.555      1.84212      1381.59      -3287.95      -1906.36      59.2255      197.221
556      0.556      1.84002      1380.02      -3286.37      -1906.36      59.119      197.221
557      0.557      1.83791      1378.44      -3284.79      -1906.36      59.0129      197.221
558      0.558      1.83581      1376.85      -3283.21      -1906.36      58.9072      197.221
559      0.559      1.83369      1375.27      -3281.63      -1906.36      58.8019      197.221
560      0.56      1.83158      1373.68      -3280.05      -1906.36      58.6969      197.222
561      0.561      1.82946      1372.1      -3278.46      -1906.36      58.5923      197.222
562      0.562      1.82734      1370.51      -3276.87      -1906.36      58.4881      197.222
563      0.563      1.82522      1368.91      -3275.28      -1906.37      58.3843      197.222
564      0.564      1.82309      1367.32      -3273.68      -1906.37      58.2808      197.222
565      0.565      1.82096      1365.72      -3272.09      -1906.37      58.1777      197.223
566      0.566      1.81883      1364.12      -3270.49      -1906.37      58.075      197.223
567      0.567      1.8167      1362.52      -3268.89      -1906.37      57.9726      197.223
568      0.568      1.81456      1360.92      -3267.29      -1906.37      57.8706      197.223
569      0.569      1.81242      1359.31      -3265.69      -1906.37      57.7689      197.223
570      0.57      1.81028      1357.71      -3264.08      -1906.37      57.6677      197.223
571      0.571      1.80813      1356.1      -3262.47      -1906.37      57.5667      197.224
572      0.572      1.80598      1354.49      -3260.86      -1906.37      57.4661      197.224
573      0.573      1.80383      1352.87      -3259.25      -1906.38      57.3659      197.224
574      0.574      1.80168      1351.26      -3257.63      -1906.38      57.266      197.224
575      0.575      1.79952      1349.64      -3256.02      -1906.38      57.1664      197.224
576      0.576      1.79736      1348.02      -3254.4      -1906.38      57.0672      197.224
577      0.577      1.7952      1346.4      -3252.78      -1906.38      56.9684      197.225
578      0.578      1.79304      1344.78      -3251.16      -1906.38      56.8699      197.225
579      0.579      1.79087      1343.15      -3249.53      -1906.38      56.7717      197.225
580      0.58      1.7887      1341.52      -3247.91      -1906.38      56.6739      197.225
581      0.581      1.78653      1339.9      -3246.28      -1906.38      56.5764      197.225
582      0.582      1.78435      1338.26      -3244.65      -1906.38      56.4792      197.225
583      0.583      1.78217      1336.63      -3243.02      -1906.39      56.3824      197.226
584      0.584      1.77999      1335      -3241.38      -1906.39      56.2859      197.226
585      0.585      1.77781      1333.36      -3239.75      -1906.39      56.1897      197.226
586      0.586      1.77563      1331.72      -3238.11      -1906.39      56.0939      197.226
587      0.587      1.77344      1330.08      -3236.47      -1906.39      55.9984      197.226
588      0.588      1.77125      1328.44      -3234.83      -1906.39      55.9032      197.226
589      0.589      1.76906      1326.79      -3233.18      -1906.39      55.8083      197.227
590      0.59      1.76686      1325.15      -3231.54      -1906.39      55.7138      197.227
591      0.591      1.76466      1323.5      -3229.89      -1906.39      55.6196      197.227
592      0.592      1.76246      1321.85      -3228.24      -1906.39      55.5257      197.227
593      0.593      1.76026      1320.2      -3226.59      -1906.39      55.4321      197.227
594      0.594      1.75806      1318.54      -3224.94      -1906.4      55.3388      197.227
595      0.595      1.75585      1316.89      -3223.28      -1906.4      55.2458      197.228
596      0.596      1.75364      1315.23      -3221.63      -1906.4      55.1532      197.228
597      0.597      1.75143      1313.57      -3219.97      -1906.4      55.0609      197.228
598      0.598      1.74921      1311.91      -3218.31      -1906.4      54.9688      197.228
599      0.599      1.747      1310.25      -3216.65      -1906.4      54.8771      197.228
600      0.6      1.74478      1308.58      -3214.99      -1906.4      54.7857      197.228
601      0.601      1.74256      1306.92      -3213.32      -1906.4      54.6946      197.229
602      0.602      1.74034      1305.25      -3211.65      -1906.4      54.6038      197.229
603      0.603      1.73811      1303.58      -3209.99      -1906.4      54.5133      197.229
604      0.604      1.73588      1301.91      -3208.32      -1906.4      54.4231      197.229
605      0.605      1.73365      1300.24      -3206.64      -1906.41      54.3331      197.229
606      0.606      1.73142      1298.56      -3204.97      -1906.41      54.2435      197.229
607      0.607      1.72918      1296.89      -3203.3      -1906.41      54.1542      197.23
608      0.608      1.72695      1295.21      -3201.62      -1906.41      54.0652      197.23
609      0.609      1.72471      1293.53      -3199.94      -1906.41      53.9765      197.23
610      0.61      1.72247      1291.85      -3198.26      -1906.41      53.888      197.23
611      0.611      1.72023      1290.17      -3196.58      -1906.41      53.7999      197.23
612      0.612      1.71798      1288.48      -3194.9      -1906.41      53.712      197.231
613      0.613      1.71573      1286.8      -3193.21      -1906.41      53.6244      197.231
614      0.614      1.71348      1285.11      -3191.52      -1906.41      53.5371      197.231
615      0.615      1.71123      1283.42      -3189.84      -1906.41      53.4501      197.231
616      0.616      1.70898      1281.73      -3188.15      -1906.41      53.3634      197.231
617      0.617      1.70672      1280.04      -3186.46      -1906.41      53.277      197.231
618      0.618      1.70447      1278.35      -3184.76      -1906.42      53.1908      197.232
619      0.619      1.70221      1276.65      -3183.07      -1906.42      53.1049      197.232
620      0.62      1.69994      1274.96      -3181.38      -1906.42      53.0193      197.232
621      0.621      1.69768      1273.26      -3179.68      -1906.42      52.934      197.232
622      0.622      1.69542      1271.56      -3177.98      -1906.42      52.8489      197.232
623      0.623      1.69315      1269.86      -3176.28      -1906.42      52.7641      197.232
624      0.624      1.69088      1268.16      -3174.58      -1906.42      52.6796      197.233
625      0.625      1.68861      1266.46      -3172.88      -1906.42      52.5954      197.233
626      0.626      1.68634      1264.75      -3171.17      -1906.42      52.5114      197.233
627      0.627      1.68406      1263.05      -3169.47      -1906.42      52.4277      197.233
628      0.628      1.68179      1261.34      -3167.76      -1906.42      52.3443      197.233
629      0.629      1.67951      1259.63      -3166.05      -1906.42      52.2611      197.233
630      0.63      1.67723      1257.92      -3164.34      -1906.42      52.1782      197.234
631      0.631      1.67495      1256.21      -3162.63      -1906.42      52.0955      197.234
632      0.632      1.67266      1254.5      -3160.92      -1906.43      52.0132      197.234
633      0.633      1.67038      1252.78      -3159.21      -1906.43      51.931      197.234
634      0.634      1.66809      1251.07      -3157.49      -1906.43      51.8492      197.234
635      0.635      1.6658      1249.35      -3155.78      -1906.43      51.7676      197.234
636      0.636      1.66351      1247.63      -3154.06      -1906.43      51.6862      197.235
637      0.637      1.66122      1245.91      -3152.34      -1906.43      51.6051      197.235
638      0.638      1.65893      1244.19      -3150.62      -1906.43      51.5243      197.235
639      0.639      1.65663      1242.47      -3148.9      -1906.43      51.4437      197.235
640      0.64      1.65433      1240.75      -3147.18      -1906.43      51.3633      197.235
641      0.641      1.65204      1239.03      -3145.46      -1906.43      51.2833      197.235
642      0.642      1.64974      1237.3      -3143.73      -1906.43      51.2034      197.236
643      0.643      1.64743      1235.58      -3142.01      -1906.43      51.1238      197.236
644      0.644      1.64513      1233.85      -3140.28      -1906.43      51.0445      197.236
645      0.645      1.64283      1232.12      -3138.55      -1906.43      50.9654      197.236
646      0.646      1.64052      1230.39      -3136.82      -1906.43      50.8865      197.236
647      0.647      1.63821      1228.66      -3135.09      -1906.43      50.8079      197.236
648      0.648      1.63591      1226.93      -3133.36      -1906.43      50.7296      197.237
649      0.649      1.6336      1225.2      -3131.63      -1906.43      50.6514      197.237
650      0.65      1.63128      1223.46      -3129.9      -1906.44      50.5736      197.237
651      0.651      1.62897      1221.73      -3128.16      -1906.44      50.4959      197.237
652      0.652      1.62666      1219.99      -3126.43      -1906.44      50.4185      197.237
653      0.653      1.62434      1218.26      -3124.69      -1906.44      50.3413      197.237
654      0.654      1.62203      1216.52      -3122.96      -1906.44      50.2644      197.238
655      0.655      1.61971      1214.78      -3121.22      -1906.44      50.1877      197.238
656      0.656      1.61739      1213.04      -3119.48      -1906.44      50.1113      197.238
657      0.657      1.61507      1211.3      -3117.74      -1906.44      50.035      197.238
658      0.658      1.61275      1209.56      -3116      -1906.44      49.959      197.238
659      0.659      1.61042      1207.82      -3114.26      -1906.44      49.8833      197.238
660      0.66      1.6081      1206.07      -3112.51      -1906.44      49.8077      197.239
661      0.661      1.60577      1204.33      -3110.77      -1906.44      49.7324      197.239
662      0.662      1.60345      1202.59      -3109.03      -1906.44      49.6573      197.239
663      0.663      1.60112      1200.84      -3107.28      -1906.44      49.5825      197.239
664      0.664      1.59879      1199.09      -3105.54      -1906.44      49.5078      197.239
665      0.665      1.59646      1197.35      -3103.79      -1906.44      49.4334      197.239
666      0.666      1.59413      1195.6      -3102.04      -1906.44      49.3592      197.24
667      0.667      1.5918      1193.85      -3100.29      -1906.44      49.2853      197.24
668      0.668      1.58947      1192.1      -3098.55      -1906.44      49.2115      197.24
669      0.669      1.58714      1190.35      -3096.8      -1906.44      49.138      197.24
670      0.67      1.5848      1188.6      -3095.05      -1906.44      49.0647      197.24
671      0.671      1.58247      1186.85      -3093.29      -1906.44      48.9916      197.24
672      0.672      1.58013      1185.1      -3091.54      -1906.44      48.9188      197.241
673      0.673      1.57779      1183.34      -3089.79      -1906.44      48.8461      197.241
674      0.674      1.57546      1181.59      -3088.04      -1906.45      48.7737      197.241
675      0.675      1.57312      1179.84      -3086.28      -1906.45      48.7015      197.241
676      0.676      1.57078      1178.08      -3084.53      -1906.45      48.6295      197.241
677      0.677      1.56844      1176.33      -3082.77      -1906.45      48.5577      197.241
678      0.678      1.5661      1174.57      -3081.02      -1906.45      48.4861      197.242
679      0.679      1.56375      1172.82      -3079.26      -1906.45      48.4147      197.242
680      0.68      1.56141      1171.06      -3077.51      -1906.45      48.3436      197.242
681      0.681      1.55907      1169.3      -3075.75      -1906.45      48.2726      197.242
682      0.682      1.55673      1167.54      -3073.99      -1906.45      48.2019      197.242
683      0.683      1.55438      1165.79      -3072.23      -1906.45      48.1314      197.242
684      0.684      1.55204      1164.03      -3070.47      -1906.45      48.061      197.243
685      0.685      1.54969      1162.27      -3068.72      -1906.45      47.9909      197.243
686      0.686      1.54734      1160.51      -3066.96      -1906.45      47.921      197.243
687      0.687      1.545      1158.75      -3065.2      -1906.45      47.8513      197.243
688      0.688      1.54265      1156.99      -3063.44      -1906.45      47.7818      197.243
689      0.689      1.5403      1155.23      -3061.68      -1906.45      47.7125      197.243
690      0.69      1.53795      1153.47      -3059.91      -1906.45      47.6434      197.243
691      0.691      1.53561      1151.7      -3058.15      -1906.45      47.5744      197.244
692      0.692      1.53326      1149.94      -3056.39      -1906.45      47.5057      197.244
693      0.693      1.53091      1148.18      -3054.63      -1906.45      47.4372      197.244
694      0.694      1.52856      1146.42      -3052.87      -1906.45      47.3689      197.244
695      0.695      1.52621      1144.66      -3051.11      -1906.45      47.3008      197.244
696      0.696      1.52386      1142.89      -3049.34      -1906.45      47.2329      197.244
697      0.697      1.52151      1141.13      -3047.58      -1906.45      47.1651      197.245
698      0.698      1.51916      1139.37      -3045.82      -1906.45      47.0976      197.245
699      0.699      1.5168      1137.6      -3044.05      -1906.45      47.0303      197.245
700      0.7      1.51445      1135.84      -3042.29      -1906.45      46.9631      197.245
701      0.701      1.5121      1134.08      -3040.53      -1906.45      46.8962      197.245
702      0.702      1.50975      1132.31      -3038.76      -1906.45      46.8294      197.245
703      0.703      1.5074      1130.55      -3037      -1906.45      46.7628      197.246
704      0.704      1.50505      1128.78      -3035.23      -1906.45      46.6964      197.246
705      0.705      1.50269      1127.02      -3033.47      -1906.45      46.6302      197.246
706      0.706      1.50034      1125.26      -3031.71      -1906.45      46.5642      197.246
707      0.707      1.49799      1123.49      -3029.94      -1906.45      46.4984      197.246
708      0.708      1.49564      1121.73      -3028.18      -1906.45      46.4328      197.246
709      0.709      1.49328      1119.96      -3026.41      -1906.45      46.3673      197.247
710      0.71      1.49093      1118.2      -3024.65      -1906.45      46.302      197.247
711      0.711      1.48858      1116.43      -3022.89      -1906.45      46.237      197.247
712      0.712      1.48623      1114.67      -3021.12      -1906.45      46.1721      197.247
713      0.713      1.48388      1112.91      -3019.36      -1906.45      46.1073      197.247
714      0.714      1.48152      1111.14      -3017.59      -1906.45      46.0428      197.247
715      0.715      1.47917      1109.38      -3015.83      -1906.45      45.9784      197.248
716      0.716      1.47682      1107.62      -3014.07      -1906.45      45.9143      197.248
717      0.717      1.47447      1105.85      -3012.3      -1906.45      45.8503      197.248
718      0.718      1.47212      1104.09      -3010.54      -1906.45      45.7864      197.248
719      0.719      1.46977      1102.33      -3008.78      -1906.45      45.7228      197.248
720      0.72      1.46742      1100.56      -3007.01      -1906.45      45.6593      197.248
721      0.721      1.46507      1098.8      -3005.25      -1906.45      45.596      197.248
722      0.722      1.46272      1097.04      -3003.49      -1906.45      45.5329      197.249
723      0.723      1.46037      1095.28      -3001.72      -1906.45      45.47      197.249
724      0.724      1.45802      1093.51      -2999.96      -1906.45      45.4072      197.249
725      0.725      1.45567      1091.75      -2998.2      -1906.45      45.3446      197.249
726      0.726      1.45332      1089.99      -2996.44      -1906.45      45.2822      197.249
727      0.727      1.45097      1088.23      -2994.68      -1906.45      45.22      197.249
728      0.728      1.44863      1086.47      -2992.92      -1906.45      45.1579      197.25
729      0.729      1.44628      1084.71      -2991.16      -1906.45      45.096      197.25
730      0.73      1.44393      1082.95      -2989.4      -1906.45      45.0342      197.25
731      0.731      1.44159      1081.19      -2987.64      -1906.45      44.9727      197.25
732      0.732      1.43924      1079.43      -2985.88      -1906.45      44.9113      197.25
733      0.733      1.4369      1077.67      -2984.12      -1906.45      44.85      197.25
734      0.734      1.43455      1075.92      -2982.36      -1906.45      44.789      197.251
735      0.735      1.43221      1074.16      -2980.61      -1906.45      44.7281      197.251
736      0.736      1.42987      1072.4      -2978.85      -1906.45      44.6673      197.251
737      0.737      1.42753      1070.65      -2977.09      -1906.45      44.6067      197.251
738      0.738      1.42519      1068.89      -2975.34      -1906.45      44.5463      197.251
739      0.739      1.42285      1067.14      -2973.58      -1906.45      44.4861      197.251
740      0.74      1.42051      1065.38      -2971.83      -1906.45      44.426      197.252
741      0.741      1.41817      1063.63      -2970.07      -1906.45      44.3661      197.252
742      0.742      1.41583      1061.87      -2968.32      -1906.44      44.3063      197.252
743      0.743      1.4135      1060.12      -2966.57      -1906.44      44.2467      197.252
744      0.744      1.41116      1058.37      -2964.81      -1906.44      44.1873      197.252
745      0.745      1.40883      1056.62      -2963.06      -1906.44      44.128      197.252
746      0.746      1.40649      1054.87      -2961.31      -1906.44      44.0689      197.252
747      0.747      1.40416      1053.12      -2959.56      -1906.44      44.01      197.253
748      0.748      1.40183      1051.37      -2957.81      -1906.44      43.9512      197.253
749      0.749      1.3995      1049.62      -2956.07      -1906.44      43.8925      197.253
750      0.75      1.39717      1047.88      -2954.32      -1906.44      43.834      197.253
751      0.751      1.39484      1046.13      -2952.57      -1906.44      43.7757      197.253
752      0.752      1.39251      1044.39      -2950.83      -1906.44      43.7175      197.253
753      0.753      1.39019      1042.64      -2949.08      -1906.44      43.6595      197.254
754      0.754      1.38786      1040.9      -2947.34      -1906.44      43.6016      197.254
755      0.755      1.38554      1039.16      -2945.59      -1906.44      43.5439      197.254
756      0.756      1.38322      1037.41      -2943.85      -1906.44      43.4863      197.254
757      0.757      1.3809      1035.67      -2942.11      -1906.44      43.4289      197.254
758      0.758      1.37858      1033.93      -2940.37      -1906.44      43.3717      197.254
759      0.759      1.37626      1032.19      -2938.63      -1906.44      43.3146      197.254
760      0.76      1.37394      1030.46      -2936.89      -1906.44      43.2576      197.255
761      0.761      1.37163      1028.72      -2935.16      -1906.44      43.2008      197.255
762      0.762      1.36931      1026.98      -2933.42      -1906.44      43.1441      197.255
763      0.763      1.367      1025.25      -2931.69      -1906.44      43.0876      197.255
764      0.764      1.36469      1023.52      -2929.95      -1906.44      43.0313      197.255
765      0.765      1.36238      1021.78      -2928.22      -1906.43      42.975      197.255
766      0.766      1.36007      1020.05      -2926.49      -1906.43      42.919      197.256
767      0.767      1.35777      1018.32      -2924.76      -1906.43      42.863      197.256
768      0.768      1.35546      1016.6      -2923.03      -1906.43      42.8073      197.256
769      0.769      1.35316      1014.87      -2921.3      -1906.43      42.7516      197.256
770      0.77      1.35086      1013.14      -2919.57      -1906.43      42.6961      197.256
771      0.771      1.34856      1011.42      -2917.85      -1906.43      42.6408      197.256
772      0.772      1.34626      1009.69      -2916.12      -1906.43      42.5856      197.257
773      0.773      1.34396      1007.97      -2914.4      -1906.43      42.5305      197.257
774      0.774      1.34167      1006.25      -2912.68      -1906.43      42.4756      197.257
775      0.775      1.33937      1004.53      -2910.96      -1906.43      42.4209      197.257
776      0.776      1.33708      1002.81      -2909.24      -1906.43      42.3662      197.257
777      0.777      1.33479      1001.09      -2907.52      -1906.43      42.3117      197.257
778      0.778      1.33251      999.379      -2905.81      -1906.43      42.2574      197.257
779      0.779      1.33022      997.665      -2904.09      -1906.43      42.2032      197.258
780      0.78      1.32794      995.953      -2902.38      -1906.42      42.1491      197.258
781      0.781      1.32566      994.241      -2900.67      -1906.42      42.0952      197.258
782      0.782      1.32338      992.532      -2898.95      -1906.42      42.0414      197.258
783      0.783      1.3211      990.824      -2897.25      -1906.42      41.9877      197.258
784      0.784      1.31882      989.117      -2895.54      -1906.42      41.9342      197.258
785      0.785      1.31655      987.412      -2893.83      -1906.42      41.8808      197.259
786      0.786      1.31428      985.708      -2892.13      -1906.42      41.8275      197.259
787      0.787      1.31201      984.006      -2890.43      -1906.42      41.7744      197.259
788      0.788      1.30974      982.306      -2888.72      -1906.42      41.7214      197.259
789      0.789      1.30748      980.607      -2887.02      -1906.42      41.6686      197.259
790      0.79      1.30521      978.91      -2885.33      -1906.42      41.6159      197.259
791      0.791      1.30295      977.215      -2883.63      -1906.42      41.5633      197.259
792      0.792      1.30069      975.521      -2881.94      -1906.42      41.5109      197.26
793      0.793      1.29844      973.829      -2880.24      -1906.41      41.4585      197.26
794      0.794      1.29619      972.139      -2878.55      -1906.41      41.4064      197.26
795      0.795      1.29393      970.45      -2876.86      -1906.41      41.3543      197.26
796      0.796      1.29168      968.764      -2875.18      -1906.41      41.3024      197.26
797      0.797      1.28944      967.079      -2873.49      -1906.41      41.2506      197.26
798      0.798      1.28719      965.396      -2871.81      -1906.41      41.1989      197.26
799      0.799      1.28495      963.715      -2870.12      -1906.41      41.1474      197.261
800      0.8      1.28271      962.035      -2868.44      -1906.41      41.096      197.261
801      0.801      1.28048      960.358      -2866.76      -1906.41      41.0447      197.261
802      0.802      1.27824      958.682      -2865.09      -1906.41      40.9936      197.261
803      0.803      1.27601      957.008      -2863.41      -1906.41      40.9426      197.261
804      0.804      1.27378      955.337      -2861.74      -1906.4      40.8917      197.261
805      0.805      1.27156      953.667      -2860.07      -1906.4      40.8409      197.262
806      0.806      1.26933      951.999      -2858.4      -1906.4      40.7903      197.262
807      0.807      1.26711      950.333      -2856.73      -1906.4      40.7397      197.262
808      0.808      1.26489      948.67      -2855.07      -1906.4      40.6894      197.262
809      0.809      1.26268      947.008      -2853.41      -1906.4      40.6391      197.262
810      0.81      1.26046      945.348      -2851.75      -1906.4      40.5889      197.262
811      0.811      1.25825      943.691      -2850.09      -1906.4      40.5389      197.262
812      0.812      1.25605      942.035      -2848.43      -1906.4      40.489      197.263
813      0.813      1.25384      940.382      -2846.78      -1906.39      40.4393      197.263
814      0.814      1.25164      938.731      -2845.12      -1906.39      40.3896      197.263
815      0.815      1.24944      937.082      -2843.47      -1906.39      40.3401      197.263
816      0.816      1.24725      935.435      -2841.83      -1906.39      40.2907      197.263
817      0.817      1.24505      933.79      -2840.18      -1906.39      40.2414      197.263
818      0.818      1.24286      932.148      -2838.54      -1906.39      40.1922      197.263
819      0.819      1.24068      930.508      -2836.9      -1906.39      40.1432      197.264
820      0.82      1.23849      928.87      -2835.26      -1906.39      40.0943      197.264
821      0.821      1.23631      927.234      -2833.62      -1906.39      40.0455      197.264
822      0.822      1.23413      925.601      -2831.99      -1906.38      39.9968      197.264
823      0.823      1.23196      923.97      -2830.35      -1906.38      39.9482      197.264
824      0.824      1.22979      922.341      -2828.72      -1906.38      39.8997      197.264
825      0.825      1.22762      920.715      -2827.1      -1906.38      39.8514      197.264
826      0.826      1.22545      919.091      -2825.47      -1906.38      39.8032      197.265
827      0.827      1.22329      917.47      -2823.85      -1906.38      39.7551      197.265
828      0.828      1.22113      915.851      -2822.23      -1906.38      39.7071      197.265
829      0.829      1.21898      914.234      -2820.61      -1906.38      39.6592      197.265
830      0.83      1.21683      912.62      -2818.99      -1906.38      39.6115      197.265
831      0.831      1.21468      911.008      -2817.38      -1906.37      39.5639      197.265
832      0.832      1.21253      909.399      -2815.77      -1906.37      39.5163      197.266
833      0.833      1.21039      907.792      -2814.16      -1906.37      39.4689      197.266
834      0.834      1.20825      906.188      -2812.56      -1906.37      39.4216      197.266
835      0.835      1.20612      904.587      -2810.96      -1906.37      39.3744      197.266
836      0.836      1.20398      902.988      -2809.36      -1906.37      39.3274      197.266
837      0.837      1.20186      901.391      -2807.76      -1906.37      39.2804      197.266
838      0.838      1.19973      899.798      -2806.16      -1906.37      39.2336      197.266
839      0.839      1.19761      898.207      -2804.57      -1906.36      39.1868      197.267
840      0.84      1.19549      896.618      -2802.98      -1906.36      39.1402      197.267
841      0.841      1.19338      895.032      -2801.39      -1906.36      39.0937      197.267
842      0.842      1.19127      893.449      -2799.81      -1906.36      39.0473      197.267
843      0.843      1.18916      891.869      -2798.23      -1906.36      39.001      197.267
844      0.844      1.18706      890.291      -2796.65      -1906.36      38.9548      197.267
845      0.845      1.18496      888.717      -2795.07      -1906.36      38.9088      197.267
846      0.846      1.18286      887.144      -2793.5      -1906.35      38.8628      197.268
847      0.847      1.18077      885.575      -2791.93      -1906.35      38.8169      197.268
848      0.848      1.17868      884.009      -2790.36      -1906.35      38.7712      197.268
849      0.849      1.17659      882.445      -2788.8      -1906.35      38.7256      197.268
850      0.85      1.17451      880.884      -2787.23      -1906.35      38.68      197.268
851      0.851      1.17244      879.326      -2785.67      -1906.35      38.6346      197.268
852      0.852      1.17036      877.771      -2784.12      -1906.35      38.5893      197.268
853      0.853      1.16829      876.219      -2782.56      -1906.34      38.5441      197.269
854      0.854      1.16623      874.67      -2781.01      -1906.34      38.499      197.269
855      0.855      1.16416      873.124      -2779.46      -1906.34      38.454      197.269
856      0.856      1.16211      871.58      -2777.92      -1906.34      38.4091      197.269
857      0.857      1.16005      870.04      -2776.38      -1906.34      38.3643      197.269
858      0.858      1.158      868.503      -2774.84      -1906.34      38.3196      197.269
859      0.859      1.15596      866.968      -2773.3      -1906.34      38.275      197.269
860      0.86      1.15392      865.437      -2771.77      -1906.33      38.2305      197.27
861      0.861      1.15188      863.909      -2770.24      -1906.33      38.1862      197.27
862      0.862      1.14984      862.384      -2768.71      -1906.33      38.1419      197.27
863      0.863      1.14782      860.861      -2767.19      -1906.33      38.0977      197.27
864      0.864      1.14579      859.342      -2765.67      -1906.33      38.0536      197.27
865      0.865      1.14377      857.827      -2764.15      -1906.33      38.0097      197.27
866      0.866      1.14175      856.314      -2762.64      -1906.32      37.9658      197.27
867      0.867      1.13974      854.804      -2761.13      -1906.32      37.9221      197.271
868      0.868      1.13773      853.298      -2759.62      -1906.32      37.8784      197.271
869      0.869      1.13573      851.794      -2758.11      -1906.32      37.8348      197.271
870      0.87      1.13373      850.294      -2756.61      -1906.32      37.7914      197.271
871      0.871      1.13173      848.798      -2755.11      -1906.32      37.748      197.271
872      0.872      1.12974      847.304      -2753.62      -1906.31      37.7047      197.271
873      0.873      1.12775      845.814      -2752.13      -1906.31      37.6616      197.271
874      0.874      1.12577      844.327      -2750.64      -1906.31      37.6185      197.272
875      0.875      1.12379      842.843      -2749.15      -1906.31      37.5756      197.272
876      0.876      1.12182      841.362      -2747.67      -1906.31      37.5327      197.272
877      0.877      1.11985      839.885      -2746.19      -1906.31      37.4899      197.272
878      0.878      1.11788      838.411      -2744.72      -1906.3      37.4472      197.272
879      0.879      1.11592      836.941      -2743.24      -1906.3      37.4047      197.272
880      0.88      1.11396      835.474      -2741.78      -1906.3      37.3622      197.272
881      0.881      1.11201      834.01      -2740.31      -1906.3      37.3198      197.272
882      0.882      1.11007      832.55      -2738.85      -1906.3      37.2775      197.273
883      0.883      1.10812      831.093      -2737.39      -1906.3      37.2353      197.273
884      0.884      1.10619      829.639      -2735.93      -1906.29      37.1932      197.273
885      0.885      1.10425      828.189      -2734.48      -1906.29      37.1512      197.273
886      0.886      1.10232      826.743      -2733.03      -1906.29      37.1093      197.273
887      0.887      1.1004      825.3      -2731.59      -1906.29      37.0675      197.273
888      0.888      1.09848      823.86      -2730.15      -1906.29      37.0258      197.273
889      0.889      1.09657      822.424      -2728.71      -1906.29      36.9842      197.274
890      0.89      1.09466      820.991      -2727.28      -1906.28      36.9426      197.274
891      0.891      1.09275      819.562      -2725.84      -1906.28      36.9012      197.274
892      0.892      1.09085      818.137      -2724.42      -1906.28      36.8599      197.274
893      0.893      1.08895      816.715      -2722.99      -1906.28      36.8186      197.274
894      0.894      1.08706      815.297      -2721.57      -1906.28      36.7775      197.274
895      0.895      1.08518      813.882      -2720.16      -1906.28      36.7364      197.274
896      0.896      1.08329      812.471      -2718.74      -1906.27      36.6954      197.275
897      0.897      1.08142      811.064      -2717.34      -1906.27      36.6545      197.275
898      0.898      1.07955      809.66      -2715.93      -1906.27      36.6137      197.275
899      0.899      1.07768      808.26      -2714.53      -1906.27      36.573      197.275
900      0.9      1.07582      806.863      -2713.13      -1906.27      36.5324      197.275
901      0.901      1.07396      805.471      -2711.74      -1906.26      36.4919      197.275
902      0.902      1.07211      804.082      -2710.34      -1906.26      36.4515      197.275
903      0.903      1.07026      802.696      -2708.96      -1906.26      36.4111      197.275
904      0.904      1.06842      801.315      -2707.57      -1906.26      36.3709      197.276
905      0.905      1.06658      799.937      -2706.19      -1906.26      36.3307      197.276
906      0.906      1.06475      798.563      -2704.82      -1906.26      36.2906      197.276
907      0.907      1.06292      797.193      -2703.45      -1906.25      36.2506      197.276
908      0.908      1.0611      795.826      -2702.08      -1906.25      36.2107      197.276
909      0.909      1.05928      794.464      -2700.71      -1906.25      36.1709      197.276
910      0.91      1.05747      793.105      -2699.35      -1906.25      36.1312      197.276
911      0.911      1.05567      791.75      -2698      -1906.25      36.0916      197.277
912      0.912      1.05386      790.398      -2696.64      -1906.24      36.052      197.277
913      0.913      1.05207      789.051      -2695.29      -1906.24      36.0126      197.277
914      0.914      1.05028      787.708      -2693.95      -1906.24      35.9732      197.277
915      0.915      1.04849      786.368      -2692.61      -1906.24      35.9339      197.277
916      0.916      1.04671      785.032      -2691.27      -1906.24      35.8947      197.277
917      0.917      1.04493      783.701      -2689.93      -1906.23      35.8556      197.277
918      0.918      1.04316      782.373      -2688.6      -1906.23      35.8165      197.277
919      0.919      1.0414      781.049      -2687.28      -1906.23      35.7776      197.278
920      0.92      1.03964      779.729      -2685.96      -1906.23      35.7387      197.278
921      0.921      1.03788      778.413      -2684.64      -1906.23      35.6999      197.278
922      0.922      1.03613      777.101      -2683.32      -1906.22      35.6612      197.278
923      0.923      1.03439      775.793      -2682.01      -1906.22      35.6226      197.278
924      0.924      1.03265      774.489      -2680.71      -1906.22      35.5841      197.278
925      0.925      1.03092      773.189      -2679.41      -1906.22      35.5457      197.278
926      0.926      1.02919      771.893      -2678.11      -1906.22      35.5073      197.279
927      0.927      1.02747      770.601      -2676.81      -1906.21      35.469      197.279
928      0.928      1.02575      769.313      -2675.52      -1906.21      35.4308      197.279
929      0.929      1.02404      768.029      -2674.24      -1906.21      35.3927      197.279
930      0.93      1.02233      766.749      -2672.96      -1906.21      35.3547      197.279
931      0.931      1.02063      765.473      -2671.68      -1906.21      35.3167      197.279
932      0.932      1.01894      764.202      -2670.41      -1906.2      35.2788      197.279
933      0.933      1.01725      762.934      -2669.14      -1906.2      35.2411      197.279
934      0.934      1.01556      761.671      -2667.87      -1906.2      35.2033      197.28
935      0.935      1.01388      760.411      -2666.61      -1906.2      35.1657      197.28
936      0.936      1.01221      759.156      -2665.35      -1906.2      35.1282      197.28
937      0.937      1.01054      757.905      -2664.1      -1906.19      35.0907      197.28
938      0.938      1.00888      756.658      -2662.85      -1906.19      35.0533      197.28
939      0.939      1.00722      755.415      -2661.6      -1906.19      35.016      197.28
940      0.94      1.00557      754.177      -2660.36      -1906.19      34.9788      197.28
941      0.941      1.00392      752.942      -2659.13      -1906.19      34.9416      197.28
942      0.942      1.00228      751.712      -2657.9      -1906.18      34.9046      197.281
943      0.943      1.00065      750.486      -2656.67      -1906.18      34.8676      197.281
944      0.944      0.999019      749.264      -2655.44      -1906.18      34.8307      197.281
945      0.945      0.997396      748.047      -2654.22      -1906.18      34.7938      197.281
946      0.946      0.995778      746.834      -2653.01      -1906.17      34.7571      197.281
947      0.947      0.994166      745.625      -2651.8      -1906.17      34.7204      197.281
948      0.948      0.99256      744.42      -2650.59      -1906.17      34.6838      197.281
949      0.949      0.990959      743.219      -2649.39      -1906.17      34.6473      197.281
950      0.95      0.989364      742.023      -2648.19      -1906.17      34.6108      197.282
951      0.951      0.987775      740.831      -2646.99      -1906.16      34.5744      197.282
952      0.952      0.986191      739.643      -2645.8      -1906.16      34.5381      197.282
953      0.953      0.984613      738.46      -2644.62      -1906.16      34.5019      197.282
954      0.954      0.983041      737.281      -2643.44      -1906.16      34.4658      197.282
955      0.955      0.981475      736.106      -2642.26      -1906.16      34.4297      197.282
956      0.956      0.979914      734.935      -2641.09      -1906.15      34.3937      197.282
957      0.957      0.978359      733.769      -2639.92      -1906.15      34.3578      197.282
958      0.958      0.97681      732.608      -2638.76      -1906.15      34.322      197.283
959      0.959      0.975267      731.45      -2637.6      -1906.15      34.2862      197.283
960      0.96      0.973729      730.297      -2636.44      -1906.14      34.2505      197.283
961      0.961      0.972198      729.148      -2635.29      -1906.14      34.2149      197.283
962      0.962      0.970672      728.004      -2634.14      -1906.14      34.1793      197.283
963      0.963      0.969152      726.864      -2633      -1906.14      34.1439      197.283
964      0.964      0.967638      725.728      -2631.86      -1906.14      34.1085      197.283
965      0.965      0.96613      724.597      -2630.73      -1906.13      34.0731      197.283
966      0.966      0.964627      723.47      -2629.6      -1906.13      34.0379      197.284
967      0.967      0.963131      722.348      -2628.48      -1906.13      34.0027      197.284
968      0.968      0.96164      721.23      -2627.36      -1906.13      33.9676      197.284
969      0.969      0.960155      720.117      -2626.24      -1906.12      33.9326      197.284
970      0.97      0.958677      719.007      -2625.13      -1906.12      33.8976      197.284
971      0.971      0.957204      717.903      -2624.02      -1906.12      33.8627      197.284
972      0.972      0.955737      716.803      -2622.92      -1906.12      33.8279      197.284
973      0.973      0.954276      715.707      -2621.82      -1906.12      33.7932      197.284
974      0.974      0.952821      714.616      -2620.73      -1906.11      33.7585      197.285
975      0.975      0.951372      713.529      -2619.64      -1906.11      33.7239      197.285
976      0.976      0.949928      712.446      -2618.56      -1906.11      33.6894      197.285
977      0.977      0.948491      711.368      -2617.48      -1906.11      33.6549      197.285
978      0.978      0.94706      710.295      -2616.4      -1906.1      33.6205      197.285
979      0.979      0.945635      709.226      -2615.33      -1906.1      33.5862      197.285
980      0.98      0.944216      708.162      -2614.26      -1906.1      33.5519      197.285
981      0.981      0.942802      707.102      -2613.2      -1906.1      33.5177      197.285
982      0.982      0.941395      706.046      -2612.14      -1906.1      33.4836      197.286
983      0.983      0.939994      704.995      -2611.09      -1906.09      33.4496      197.286
984      0.984      0.938599      703.949      -2610.04      -1906.09      33.4156      197.286
985      0.985      0.937209      702.907      -2609      -1906.09      33.3817      197.286
986      0.986      0.935826      701.87      -2607.96      -1906.09      33.3479      197.286
987      0.987      0.934449      700.837      -2606.92      -1906.08      33.3141      197.286
988      0.988      0.933078      699.809      -2605.89      -1906.08      33.2804      197.286
989      0.989      0.931713      698.785      -2604.86      -1906.08      33.2468      197.286
990      0.99      0.930354      697.766      -2603.84      -1906.08      33.2132      197.287
991      0.991      0.929001      696.751      -2602.83      -1906.08      33.1797      197.287
992      0.992      0.927654      695.741      -2601.81      -1906.07      33.1463      197.287
993      0.993      0.926314      694.735      -2600.81      -1906.07      33.1129      197.287
994      0.994      0.924979      693.734      -2599.8      -1906.07      33.0796      197.287
995      0.995      0.92365      692.738      -2598.8      -1906.07      33.0464      197.287
996      0.996      0.922328      691.746      -2597.81      -1906.06      33.0133      197.287
997      0.997      0.921011      690.759      -2596.82      -1906.06      32.9802      197.287
998      0.998      0.919701      689.776      -2595.84      -1906.06      32.9471      197.287
999      0.999      0.918397      688.798      -2594.85      -1906.06      32.9142      197.288
1000      1      0.917099      687.824      -2593.88      -1906.05      32.8813      197.288
1000      1      0.917099      687.824      -2593.88      -1906.05      32.8813      197.288
Execution time in seconds: 1.76571
