Timestep Time Temperature KineticEnergy PotentialEnergy TotalEnergy DiffusionConstant MeanSquareDisplacement
1      0.0579368      2.4265      1819.87      -3725.44      -1905.57      567.111      197.14
2      0.115874      2.40747      1805.6      -3711.18      -1905.58      283.568      197.148
3      0.173811      2.37565      1781.73      -3687.33      -1905.6      189.054      197.157
4      0.231747      2.33085      1748.14      -3653.76      -1905.62      141.797      197.166
5      0.289684      2.27289      1704.67      -3610.32      -1905.65      113.443      197.176
6      0.347621      2.20161      1651.21      -3556.88      -1905.68      94.5403      197.185
7      0.405558      2.11696      1587.72      -3493.41      -1905.69      81.0386      197.195
8      0.463495      2.0192      1514.4      -3420.09      -1905.69      70.9124      197.205
9      0.521432      1.90906      1431.8      -3337.45      -1905.65      63.0364      197.215
10      0.579368      1.78798      1340.99      -3246.56      -1905.57      56.7356      197.225
11      0.637305      1.65829      1243.72      -3149.16      -1905.44      51.5804      197.235
12      0.695242      1.52337      1142.53      -3047.78      -1905.26      47.2843      197.244
13      0.753179      1.38757      1040.67      -2945.7      -1905.03      43.6491      197.254
14      0.811116      1.25597      941.978      -2846.77      -1904.79      40.5332      197.263
15      0.869053      1.13387      850.403      -2754.97      -1904.57      37.8326      197.271
16      0.926989      1.02608      769.563      -2673.96      -1904.39      35.4694      197.279
17      0.984926      0.93629      702.217      -2606.52      -1904.3      33.3842      197.286
18      1.04286      0.866591      649.943      -2554.23      -1904.28      31.5306      197.293
19      1.1008      0.817386      613.039      -2517.38      -1904.34      29.872      197.299
20      1.15874      0.787566      590.675      -2495.12      -1904.44      28.3792      197.304
21      1.21667      0.774923      581.192      -2485.77      -1904.58      27.0285      197.309
22      1.27461      0.776623      582.467      -2487.18      -1904.71      25.8005      197.313
23      1.33255      0.789642      592.231      -2497.07      -1904.84      24.6792      197.317
24      1.39048      0.811082      608.312      -2513.26      -1904.95      23.6513      197.321
25      1.44842      0.838359      628.769      -2533.81      -1905.04      22.7056      197.324
26      1.50636      0.869277      651.957      -2557.07      -1905.11      21.8326      197.326
27      1.56429      0.902037      676.527      -2581.7      -1905.17      21.0242      197.329
28      1.62223      0.935197      701.397      -2606.61      -1905.21      20.2736      197.331
29      1.68017      0.967607      725.705      -2630.95      -1905.24      19.5747      197.332
30      1.73811      0.998336      748.752      -2654.02      -1905.27      18.9223      197.334
31      1.79604      1.02662      769.965      -2675.26      -1905.29      18.312      197.335
32      1.85398      1.05184      788.877      -2694.19      -1905.31      17.7399      197.336
33      1.91192      1.0735      805.125      -2710.45      -1905.32      17.2024      197.337
34      1.96985      1.09128      818.462      -2723.79      -1905.32      16.6965      197.338
35      2.02779      1.10504      828.784      -2734.1      -1905.32      16.2196      197.339
36      2.08573      1.11486      836.143      -2741.45      -1905.3      15.7691      197.34
37      2.14366      1.121      840.752      -2746.03      -1905.28      15.343      197.341
38      2.2016      1.12395      842.965      -2748.22      -1905.25      14.9393      197.342
39      2.25954      1.12431      843.231      -2748.45      -1905.22      14.5564      197.344
40      2.31747      1.12271      842.036      -2747.23      -1905.19      14.1926      197.345
41      2.37541      1.1198      839.851      -2745.02      -1905.17      13.8465      197.347
42      2.43335      1.11612      837.087      -2742.24      -1905.15      13.517      197.349
43      2.49128      1.11211      834.08      -2739.22      -1905.14      13.2028      197.352
44      2.54922      1.10814      831.107      -2736.24      -1905.13      12.9029      197.354
45      2.60716      1.10457      828.427      -2733.54      -1905.12      12.6164      197.357
46      2.66509      1.10176      826.322      -2731.42      -1905.1      12.3423      197.361
47      2.72303      1.10013      825.099      -2730.18      -1905.08      12.0799      197.364
48      2.78097      1.1001      825.074      -2730.14      -1905.07      11.8285      197.368
49      2.83891      1.10199      826.491      -2731.55      -1905.06      11.5873      197.372
50      2.89684      1.10593      829.45      -2734.52      -1905.07      11.3558      197.376
51      2.95478      1.11181      833.86      -2738.95      -1905.09      11.1333      197.379
52      3.01272      1.11927      839.454      -2744.56      -1905.11      10.9195      197.383
53      3.07065      1.12782      845.868      -2751      -1905.13      10.7136      197.387
54      3.12859      1.13697      852.728      -2757.88      -1905.15      10.5154      197.391
55      3.18653      1.14629      859.72      -2764.88      -1905.16      10.3244      197.394
56      3.24446      1.1555      866.628      -2771.79      -1905.17      10.1402      197.397
57      3.3024      1.16443      873.322      -2778.49      -1905.17      9.96242      197.399
58      3.36034      1.17298      879.733      -2784.9      -1905.17      9.79074      197.401
59      3.41827      1.1811      885.823      -2790.99      -1905.17      9.62486      197.402
60      3.47621      1.18875      891.562      -2796.73      -1905.17      9.46447      197.403
61      3.53415      1.1959      896.925      -2802.09      -1905.17      9.30929      197.402
62      3.59208      1.20253      901.896      -2807.06      -1905.16      9.15908      197.401
63      3.65002      1.20866      906.493      -2811.65      -1905.16      9.01359      197.399
64      3.70796      1.21436      910.772      -2815.93      -1905.15      8.8726      197.395
65      3.76589      1.21979      914.841      -2819.98      -1905.14      8.7359      197.391
66      3.82383      1.22512      918.843      -2823.97      -1905.13      8.6033      197.385
67      3.88177      1.23059      922.941      -2828.06      -1905.12      8.47461      197.379
68      3.93971      1.23638      927.288      -2832.4      -1905.11      8.34966      197.371
69      3.99764      1.24265      931.987      -2837.1      -1905.11      8.2283      197.363
70      4.05558      1.24942      937.064      -2842.18      -1905.12      8.11038      197.354
71      4.11352      1.25659      942.443      -2847.57      -1905.13      7.99574      197.344
72      4.17145      1.26394      947.954      -2853.1      -1905.14      7.88427      197.333
73      4.22939      1.27113      953.35      -2858.51      -1905.16      7.77584      197.322
74      4.28733      1.2778      958.35      -2863.53      -1905.18      7.67033      197.311
75      4.34526      1.28357      962.679      -2867.88      -1905.2      7.56762      197.3
76      4.4032      1.28815      966.115      -2871.33      -1905.21      7.46762      197.289
77      4.46114      1.29135      968.514      -2873.73      -1905.22      7.37023      197.278
78      4.51907      1.29308      969.811      -2875.03      -1905.22      7.27534      197.267
79      4.57701      1.29335      970.013      -2875.23      -1905.22      7.18287      197.256
80      4.63495      1.29223      969.173      -2874.39      -1905.21      7.09273      197.247
81      4.69288      1.28983      967.374      -2872.58      -1905.21      7.00484      197.238
82      4.75082      1.2863      964.724      -2869.93      -1905.2      6.91913      197.229
83      4.80876      1.28182      961.362      -2866.56      -1905.2      6.8355      197.222
84      4.86669      1.27662      957.467      -2862.65      -1905.19      6.7539      197.215
85      4.92463      1.27103      953.273      -2858.44      -1905.17      6.67425      197.209
86      4.98257      1.26543      949.071      -2854.22      -1905.15      6.59648      197.204
87      5.04051      1.26026      945.196      -2850.33      -1905.13      6.52052      197.2
88      5.09844      1.25597      941.981      -2847.09      -1905.11      6.44631      197.197
89      5.15638      1.25294      939.702      -2844.81      -1905.1      6.37379      197.194
90      5.21432      1.25136      938.524      -2843.63      -1905.1      6.30291      197.192
91      5.27225      1.25131      938.482      -2843.59      -1905.11      6.23361      197.191
92      5.33019      1.25271      939.532      -2844.64      -1905.11      6.16583      197.19
93      5.38813      1.25546      941.599      -2846.71      -1905.11      6.09954      197.191
94      5.44606      1.25951      944.632      -2849.74      -1905.11      6.03468      197.191
95      5.504      1.26484      948.628      -2853.73      -1905.1      5.97121      197.193
96      5.56194      1.27147      953.6      -2858.7      -1905.1      5.90908      197.196
97      5.61987      1.27937      959.527      -2864.63      -1905.1      5.84826      197.199
98      5.67781      1.28842      966.319      -2871.43      -1905.11      5.78871      197.203
99      5.73575      1.29839      973.79      -2878.91      -1905.12      5.73039      197.208
100      5.79368      1.3089      981.673      -2886.81      -1905.14      5.67325      197.214
101      5.85162      1.31953      989.649      -2894.81      -1905.16      5.61728      197.221
102      5.90956      1.32987      997.401      -2902.57      -1905.17      5.56242      197.229
103      5.96749      1.33953      1004.65      -2909.83      -1905.18      5.50864      197.237
104      6.02543      1.34824      1011.18      -2916.37      -1905.19      5.45592      197.246
105      6.08337      1.35583      1016.87      -2922.06      -1905.19      5.40422      197.255
106      6.14131      1.36222      1021.66      -2926.85      -1905.19      5.35351      197.265
107      6.19924      1.36737      1025.53      -2930.72      -1905.19      5.30376      197.276
108      6.25718      1.37127      1028.46      -2933.65      -1905.19      5.25494      197.287
109      6.31512      1.37389      1030.42      -2935.61      -1905.2      5.20702      197.298
110      6.37305      1.37515      1031.36      -2936.56      -1905.2      5.15998      197.309
111      6.43099      1.37499      1031.25      -2936.45      -1905.2      5.11379      197.32
112      6.48893      1.37341      1030.06      -2935.26      -1905.2      5.06843      197.332
113      6.54686      1.37047      1027.85      -2933.04      -1905.19      5.02387      197.343
114      6.6048      1.36633      1024.75      -2929.93      -1905.18      4.98008      197.355
115      6.66274      1.36128      1020.96      -2926.13      -1905.16      4.93706      197.366
116      6.72067      1.35567      1016.75      -2921.9      -1905.15      4.89477      197.377
117      6.77861      1.34986      1012.4      -2917.53      -1905.13      4.85319      197.387
118      6.83655      1.34418      1008.14      -2913.26      -1905.12      4.81232      197.398
119      6.89448      1.33888      1004.16      -2909.28      -1905.11      4.77212      197.408
120      6.95242      1.33409      1000.57      -2905.68      -1905.12      4.73258      197.417
121      7.01036      1.32981      997.357      -2902.48      -1905.12      4.69368      197.426
122      7.06829      1.32597      994.48      -2899.61      -1905.13      4.65541      197.435
123      7.12623      1.32244      991.834      -2896.97      -1905.13      4.61776      197.443
124      7.18417      1.31907      989.305      -2894.45      -1905.14      4.58069      197.451
125      7.24211      1.3157      986.775      -2891.92      -1905.15      4.54421      197.458
126      7.30004      1.31217      984.125      -2889.29      -1905.16      4.5083      197.465
127      7.35798      1.30833      981.245      -2886.41      -1905.17      4.47293      197.471
128      7.41592      1.30403      978.024      -2883.2      -1905.18      4.43811      197.476
129      7.47385      1.29917      974.374      -2879.56      -1905.18      4.4038      197.48
130      7.53179      1.29365      970.241      -2875.43      -1905.18      4.37001      197.484
131      7.58973      1.2875      965.624      -2870.81      -1905.18      4.33671      197.487
132      7.64766      1.28082      960.614      -2865.79      -1905.17      4.3039      197.489
133      7.7056      1.27386      955.394      -2860.55      -1905.16      4.27156      197.489
134      7.76354      1.26697      950.226      -2855.36      -1905.14      4.23968      197.489
135      7.82147      1.26055      945.414      -2850.53      -1905.12      4.20825      197.488
136      7.87941      1.25498      941.237      -2846.34      -1905.11      4.17726      197.486
137      7.93735      1.25052      937.887      -2842.99      -1905.1      4.1467      197.483
138      7.99528      1.24726      935.446      -2840.55      -1905.11      4.11657      197.479
139      8.05322      1.2452      933.897      -2839.01      -1905.11      4.08685      197.474
140      8.11116      1.24421      933.156      -2838.27      -1905.12      4.05754      197.468
141      8.16909      1.24414      933.102      -2838.23      -1905.13      4.02863      197.461
142      8.22703      1.2448      933.597      -2838.73      -1905.13      4.0001      197.454
143      8.28497      1.24599      934.491      -2839.63      -1905.14      3.97197      197.446
144      8.34291      1.24752      935.643      -2840.79      -1905.15      3.94421      197.437
145      8.40084      1.24923      936.926      -2842.08      -1905.15      3.91681      197.427
146      8.45878      1.25099      938.242      -2843.4      -1905.15      3.88978      197.417
147      8.51672      1.25271      939.534      -2844.69      -1905.15      3.86311      197.406
148      8.57465      1.25436      940.772      -2845.93      -1905.15      3.83679      197.395
149      8.63259      1.2559      941.925      -2847.08      -1905.15      3.81081      197.383
150      8.69053      1.25727      942.951      -2848.11      -1905.16      3.78517      197.37
151      8.74846      1.25836      943.769      -2848.93      -1905.16      3.75986      197.358
152      8.8064      1.25901      944.258      -2849.43      -1905.17      3.73487      197.345
153      8.86434      1.25904      944.278      -2849.46      -1905.18      3.71021      197.331
154      8.92227      1.25826      943.692      -2848.88      -1905.19      3.68587      197.318
155      8.98021      1.25653      942.401      -2847.59      -1905.19      3.66183      197.304
156      9.03815      1.25382      940.368      -2845.56      -1905.19      3.63811      197.291
157      9.09608      1.25018      937.633      -2842.82      -1905.18      3.61469      197.277
158      9.15402      1.24574      934.302      -2839.47      -1905.17      3.59156      197.264
159      9.21196      1.24071      930.534      -2835.69      -1905.16      3.56874      197.25
160      9.26989      1.23536      926.523      -2831.67      -1905.15      3.5462      197.237
161      9.32783      1.22999      922.493      -2827.63      -1905.13      3.52394      197.224
162      9.38577      1.22492      918.693      -2823.81      -1905.12      3.50197      197.212
163      9.44371      1.22052      915.391      -2820.49      -1905.1      3.48027      197.2
164      9.50164      1.21716      912.869      -2817.95      -1905.08      3.45884      197.188
165      9.55958      1.2152      911.4      -2816.47      -1905.07      3.43768      197.177
166      9.61752      1.21496      911.222      -2816.28      -1905.06      3.41678      197.166
167      9.67545      1.21668      912.508      -2817.56      -1905.05      3.39614      197.155
168      9.73339      1.22045      915.34      -2820.39      -1905.05      3.37575      197.145
169      9.79133      1.22626      919.695      -2824.76      -1905.06      3.35561      197.135
170      9.84926      1.23391      925.434      -2830.51      -1905.08      3.33571      197.126
171      9.9072      1.24306      932.298      -2837.4      -1905.1      3.31605      197.117
172      9.96514      1.25324      939.931      -2845.05      -1905.12      3.29663      197.108
173      10.0231      1.26388      947.91      -2853.06      -1905.15      3.27743      197.1
174      10.081      1.27439      955.795      -2860.97      -1905.17      3.25847      197.092
175      10.1389      1.28424      963.177      -2868.37      -1905.19      3.23972      197.084
176      10.1969      1.29295      969.716      -2874.92      -1905.21      3.22119      197.077
177      10.2548      1.30023      975.169      -2880.39      -1905.22      3.20287      197.069
178      10.3128      1.30587      979.405      -2884.62      -1905.22      3.18477      197.062
179      10.3707      1.30987      982.401      -2887.61      -1905.21      3.16687      197.056
180      10.4286      1.31231      984.23      -2889.43      -1905.2      3.14917      197.049
181      10.4866      1.31339      985.044      -2890.23      -1905.18      3.13166      197.042
182      10.5445      1.3134      985.05      -2890.22      -1905.17      3.11436      197.036
183      10.6024      1.31263      984.47      -2889.63      -1905.16      3.09724      197.03
184      10.6604      1.31135      983.51      -2888.66      -1905.15      3.08031      197.024
185      10.7183      1.30976      982.319      -2887.46      -1905.14      3.06357      197.018
186      10.7763      1.30797      980.975      -2886.12      -1905.14      3.04701      197.012
187      10.8342      1.30597      979.48      -2884.63      -1905.15      3.03063      197.006
188      10.8921      1.30371      977.78      -2882.93      -1905.15      3.01443      197.001
189      10.9501      1.30105      975.789      -2880.95      -1905.16      2.9984      196.996
190      11.008      1.2979      973.422      -2878.59      -1905.16      2.98255      196.992
191      11.0659      1.29415      970.615      -2875.78      -1905.17      2.96688      196.988
192      11.1239      1.2898      967.349      -2872.51      -1905.16      2.95137      196.984
193      11.1818      1.28487      963.652      -2868.81      -1905.16      2.93604      196.982
194      11.2397      1.27947      959.6      -2864.75      -1905.15      2.92088      196.98
195      11.2977      1.27375      955.315      -2860.46      -1905.15      2.90588      196.978
196      11.3556      1.26794      950.956      -2856.09      -1905.13      2.89105      196.978
197      11.4136      1.26228      946.712      -2851.83      -1905.12      2.87638      196.978
198      11.4715      1.25705      942.786      -2847.89      -1905.11      2.86187      196.979
199      11.5294      1.25251      939.38      -2844.47      -1905.09      2.84752      196.981
200      11.5874      1.24889      936.668      -2841.75      -1905.09      2.83332      196.984
201      11.6453      1.24638      934.782      -2839.86      -1905.08      2.81927      196.988
202      11.7032      1.24505      933.787      -2838.87      -1905.08      2.80538      196.992
203      11.7612      1.2449      933.674      -2838.76      -1905.09      2.79162      196.997
204      11.8191      1.24582      934.365      -2839.46      -1905.1      2.77802      197.002
205      11.8771      1.24764      935.728      -2840.84      -1905.11      2.76455      197.008
206      11.935      1.25014      937.607      -2842.73      -1905.12      2.75121      197.014
207      11.9929      1.25313      939.849      -2844.98      -1905.13      2.73801      197.021
208      12.0509      1.25644      942.33      -2847.46      -1905.13      2.72494      197.028
209      12.1088      1.25995      944.965      -2850.1      -1905.14      2.712      197.035
210      12.1667      1.2636      947.703      -2852.84      -1905.14      2.69919      197.042
211      12.2247      1.26737      950.528      -2855.67      -1905.14      2.68649      197.049
212      12.2826      1.27125      953.438      -2858.57      -1905.14      2.67392      197.056
213      12.3405      1.27524      956.433      -2861.57      -1905.14      2.66146      197.064
214      12.3985      1.27936      959.519      -2864.65      -1905.13      2.64913      197.071
215      12.4564      1.28361      962.704      -2867.84      -1905.13      2.63691      197.079
216      12.5144      1.28801      966.007      -2871.14      -1905.13      2.6248      197.086
217      12.5723      1.29259      969.441      -2874.57      -1905.13      2.61281      197.094
218      12.6302      1.29732      972.991      -2878.12      -1905.13      2.60094      197.103
219      12.6882      1.30212      976.587      -2881.73      -1905.14      2.58917      197.111
220      12.7461      1.30679      980.092      -2885.25      -1905.15      2.57752      197.12
221      12.804      1.31108      983.313      -2888.48      -1905.17      2.56597      197.129
222      12.862      1.31471      986.033      -2891.21      -1905.18      2.55454      197.138
223      12.9199      1.31742      988.064      -2893.25      -1905.19      2.54321      197.148
224      12.9779      1.31908      989.307      -2894.5      -1905.19      2.53199      197.158
225      13.0358      1.31972      989.79      -2894.97      -1905.18      2.52087      197.169
226      13.0937      1.31956      989.672      -2894.84      -1905.16      2.50985      197.18
227      13.1517      1.31891      989.186      -2894.34      -1905.15      2.49894      197.191
228      13.2096      1.31803      988.526      -2893.67      -1905.15      2.48813      197.203
229      13.2675      1.317      987.747      -2892.91      -1905.16      2.47741      197.215
230      13.3255      1.31563      986.72      -2891.9      -1905.18      2.46679      197.227
231      13.3834      1.31358      985.188      -2890.38      -1905.2      2.45627      197.24
232      13.4413      1.31049      982.869      -2888.08      -1905.21      2.44584      197.252
233      13.4993      1.30608      979.559      -2884.78      -1905.22      2.4355      197.265
234      13.5572      1.30024      975.181      -2880.4      -1905.22      2.42524      197.277
235      13.6152      1.29308      969.811      -2875.02      -1905.2      2.41508      197.29
236      13.6731      1.28489      963.667      -2868.85      -1905.18      2.40499      197.302
237      13.731      1.27614      957.102      -2862.26      -1905.16      2.39499      197.314
238      13.789      1.26743      950.572      -2855.7      -1905.13      2.38507      197.326
239      13.8469      1.25946      944.596      -2849.69      -1905.09      2.37522      197.337
240      13.9048      1.25294      939.704      -2844.77      -1905.06      2.36545      197.348
241      13.9628      1.24851      936.381      -2841.42      -1905.04      2.35576      197.358
242      14.0207      1.24665      934.989      -2840.02      -1905.03      2.34614      197.367
243      14.0787      1.24762      935.719      -2840.75      -1905.03      2.33658      197.376
244      14.1366      1.25143      938.573      -2843.62      -1905.04      2.3271      197.383
245      14.1945      1.25784      943.383      -2848.44      -1905.06      2.31768      197.39
246      14.2525      1.26645      949.84      -2854.93      -1905.09      2.30833      197.396
247      14.3104      1.27672      957.537      -2862.65      -1905.12      2.29904      197.401
248      14.3683      1.28799      965.996      -2871.14      -1905.15      2.28982      197.405
249      14.4263      1.2996      974.703      -2879.88      -1905.18      2.28066      197.408
250      14.4842      1.31087      983.152      -2888.36      -1905.21      2.27156      197.41
251      14.5421      1.32117      990.878      -2896.11      -1905.23      2.26252      197.411
252      14.6001      1.33001      997.505      -2902.75      -1905.25      2.25354      197.411
253      14.658      1.33703      1002.77      -2908.03      -1905.25      2.24462      197.41
254      14.716      1.34209      1006.56      -2911.82      -1905.25      2.23576      197.408
255      14.7739      1.34521      1008.91      -2914.15      -1905.24      2.22697      197.406
256      14.8318      1.34663      1009.98      -2915.2      -1905.23      2.21823      197.402
257      14.8898      1.34673      1010.05      -2915.25      -1905.2      2.20956      197.399
258      14.9477      1.34597      1009.48      -2914.66      -1905.18      2.20095      197.395
259      15.0056      1.34487      1008.65      -2913.81      -1905.16      2.1924      197.39
260      15.0636      1.34386      1007.9      -2913.04      -1905.15      2.18392      197.386
261      15.1215      1.34322      1007.42      -2912.56      -1905.14      2.1755      197.381
262      15.1795      1.34301      1007.26      -2912.41      -1905.15      2.16715      197.377
263      15.2374      1.34307      1007.3      -2912.47      -1905.17      2.15887      197.373
264      15.2953      1.34308      1007.31      -2912.49      -1905.18      2.15065      197.369
265      15.3533      1.34269      1007.02      -2912.21      -1905.2      2.14249      197.365
266      15.4112      1.34153      1006.15      -2911.36      -1905.21      2.13439      197.362
267      15.4691      1.33934      1004.5      -2909.72      -1905.22      2.12636      197.358
268      15.5271      1.3359      1001.92      -2907.15      -1905.22      2.11839      197.355
269      15.585      1.33111      998.331      -2903.55      -1905.22      2.11048      197.351
270      15.6429      1.32495      993.714      -2898.93      -1905.22      2.10263      197.348
271      15.7009      1.31752      988.143      -2893.35      -1905.21      2.09483      197.344
272      15.7588      1.30904      981.778      -2886.97      -1905.19      2.0871      197.341
273      15.8168      1.29983      974.873      -2880.04      -1905.17      2.07941      197.337
274      15.8747      1.29034      967.755      -2872.9      -1905.15      2.07179      197.334
275      15.9326      1.28106      960.799      -2865.92      -1905.12      2.06421      197.33
276      15.9906      1.27251      954.381      -2859.48      -1905.1      2.0567      197.327
277      16.0485      1.26511      948.834      -2853.92      -1905.09      2.04924      197.323
278      16.1064      1.2592      944.404      -2849.48      -1905.08      2.04183      197.32
279      16.1644      1.25496      941.22      -2846.3      -1905.08      2.03448      197.316
280      16.2223      1.25241      939.308      -2844.39      -1905.09      2.02718      197.313
281      16.2803      1.25147      938.6      -2843.69      -1905.09      2.01994      197.311
282      16.3382      1.25196      938.969      -2844.07      -1905.1      2.01275      197.308
283      16.3961      1.25367      940.253      -2845.37      -1905.11      2.00562      197.306
284      16.4541      1.25636      942.272      -2847.4      -1905.12      1.99854      197.305
285      16.512      1.25978      944.837      -2849.97      -1905.14      1.99152      197.304
286      16.5699      1.26365      947.737      -2852.89      -1905.15      1.98455      197.303
287      16.6279      1.26766      950.743      -2855.91      -1905.17      1.97763      197.303
288      16.6858      1.27147      953.604      -2858.79      -1905.18      1.97077      197.303
289      16.7437      1.27475      956.065      -2861.26      -1905.2      1.96396      197.304
290      16.8017      1.27721      957.904      -2863.11      -1905.21      1.9572      197.305
291      16.8596      1.27861      958.957      -2864.17      -1905.21      1.95049      197.307
292      16.9176      1.27885      959.141      -2864.36      -1905.22      1.94384      197.31
293      16.9755      1.27794      958.454      -2863.67      -1905.21      1.93723      197.313
294      17.0334      1.27595      956.964      -2862.17      -1905.21      1.93068      197.316
295      17.0914      1.27305      954.788      -2859.99      -1905.2      1.92417      197.321
296      17.1493      1.26945      952.086      -2857.27      -1905.19      1.91772      197.325
297      17.2072      1.26539      949.045      -2854.22      -1905.17      1.91131      197.33
298      17.2652      1.26117      945.876      -2851.04      -1905.16      1.90495      197.335
299      17.3231      1.25708      942.813      -2847.96      -1905.14      1.89863      197.341
300      17.3811      1.25348      940.11      -2845.24      -1905.13      1.89236      197.347
301      17.439      1.2507      938.026      -2843.14      -1905.11      1.88613      197.354
302      17.4969      1.24906      936.792      -2841.89      -1905.1      1.87995      197.36
303      17.5549      1.24877      936.578      -2841.67      -1905.09      1.87381      197.367
304      17.6128      1.24995      937.464      -2842.55      -1905.09      1.86771      197.374
305      17.6707      1.25257      939.427      -2844.52      -1905.1      1.86165      197.381
306      17.7287      1.25647      942.35      -2847.46      -1905.11      1.85564      197.388
307      17.7866      1.26141      946.057      -2851.17      -1905.12      1.84966      197.395
308      17.8445      1.26713      950.35      -2855.47      -1905.13      1.84372      197.402
309      17.9025      1.27338      955.036      -2860.17      -1905.13      1.83781      197.409
310      17.9604      1.27992      959.944      -2865.09      -1905.14      1.83195      197.415
311      18.0184      1.28658      964.932      -2870.08      -1905.15      1.82612      197.422
312      18.0763      1.29319      969.89      -2875.04      -1905.15      1.82032      197.428
313      18.1342      1.29964      974.729      -2879.88      -1905.15      1.81456      197.434
314      18.1922      1.30583      979.375      -2884.53      -1905.16      1.80883      197.439
315      18.2501      1.31169      983.764      -2888.92      -1905.16      1.80313      197.444
316      18.308      1.31712      987.836      -2893      -1905.16      1.79746      197.448
317      18.366      1.32204      991.532      -2896.7      -1905.17      1.79182      197.451
318      18.4239      1.32639      994.79      -2899.96      -1905.17      1.78621      197.454
319      18.4819      1.33004      997.53      -2902.7      -1905.17      1.78063      197.456
320      18.5398      1.33285      999.64      -2904.83      -1905.19      1.77508      197.457
321      18.5977      1.33464      1000.98      -2906.17      -1905.2      1.76955      197.458
322      18.6557      1.33519      1001.39      -2906.6      -1905.21      1.76406      197.458
323      18.7136      1.33434      1000.75      -2905.97      -1905.21      1.75859      197.457
324      18.7715      1.33199      998.993      -2904.21      -1905.21      1.75315      197.456
325      18.8295      1.32821      996.155      -2901.36      -1905.2      1.74774      197.454
326      18.8874      1.3232      992.4      -2897.59      -1905.19      1.74236      197.452
327      18.9453      1.31734      988.003      -2893.17      -1905.16      1.73701      197.449
328      19.0033      1.31109      983.317      -2888.46      -1905.14      1.73169      197.446
329      19.0612      1.30497      978.73      -2883.85      -1905.12      1.7264      197.443
330      19.1192      1.29948      974.613      -2879.71      -1905.1      1.72114      197.44
331      19.1771      1.29502      971.266      -2876.35      -1905.09      1.71591      197.437
332      19.235      1.29185      968.891      -2873.97      -1905.08      1.71072      197.434
333      19.293      1.29008      967.564      -2872.65      -1905.09      1.70556      197.432
334      19.3509      1.28963      967.221      -2872.32      -1905.1      1.70043      197.429
335      19.4088      1.29021      967.659      -2872.78      -1905.12      1.69533      197.427
336      19.4668      1.2914      968.548      -2873.69      -1905.15      1.69027      197.424
337      19.5247      1.29263      969.469      -2874.64      -1905.18      1.68523      197.422
338      19.5827      1.29329      969.966      -2875.17      -1905.2      1.68023      197.42
339      19.6406      1.2928      969.601      -2874.83      -1905.23      1.67526      197.419
340      19.6985      1.29068      968.007      -2873.25      -1905.24      1.67032      197.417
341      19.7565      1.28659      964.939      -2870.19      -1905.25      1.6654      197.415
342      19.8144      1.28039      960.294      -2865.54      -1905.24      1.66052      197.413
343      19.8723      1.27216      954.122      -2859.35      -1905.23      1.65566      197.411
344      19.9303      1.26217      946.626      -2851.84      -1905.21      1.65082      197.408
345      19.9882      1.25086      938.146      -2843.33      -1905.18      1.64602      197.406
346      20.0461      1.23885      929.137      -2834.29      -1905.15      1.64124      197.403
347      20.1041      1.22685      920.138      -2825.25      -1905.11      1.63649      197.4
348      20.162      1.21565      911.734      -2816.81      -1905.08      1.63176      197.398
349      20.22      1.20601      904.504      -2809.55      -1905.04      1.62706      197.395
350      20.2779      1.19862      898.962      -2803.98      -1905.02      1.62239      197.391
351      20.3358      1.19399      895.496      -2800.5      -1905.01      1.61774      197.388
352      20.3938      1.19243      894.325      -2799.33      -1905.01      1.61312      197.385
353      20.4517      1.19397      895.475      -2800.5      -1905.02      1.60852      197.382
354      20.5096      1.19837      898.78      -2803.82      -1905.04      1.60395      197.379
355      20.5676      1.20521      903.906      -2808.98      -1905.07      1.59941      197.376
356      20.6255      1.21388      910.411      -2815.51      -1905.1      1.59489      197.373
357      20.6835      1.22374      917.809      -2822.94      -1905.13      1.59041      197.37
358      20.7414      1.23417      925.63      -2830.78      -1905.15      1.58594      197.368
359      20.7993      1.24464      933.482      -2838.65      -1905.17      1.58151      197.366
360      20.8573      1.25478      941.084      -2846.26      -1905.18      1.57711      197.365
361      20.9152      1.26437      948.275      -2853.45      -1905.18      1.57273      197.363
362      20.9731      1.27333      954.998      -2860.17      -1905.17      1.56838      197.363
363      21.0311      1.28169      961.271      -2866.44      -1905.17      1.56405      197.362
364      21.089      1.28952      967.139      -2872.3      -1905.16      1.55976      197.363
365      21.1469      1.29686      972.646      -2877.8      -1905.16      1.55549      197.363
366      21.2049      1.30376      977.821      -2882.98      -1905.15      1.55125      197.364
367      21.2628      1.31022      982.669      -2887.82      -1905.15      1.54703      197.366
368      21.3208      1.31623      987.174      -2892.33      -1905.16      1.54284      197.368
369      21.3787      1.32173      991.301      -2896.46      -1905.16      1.53868      197.37
370      21.4366      1.32665      994.984      -2900.15      -1905.16      1.53454      197.372
371      21.4946      1.33085      998.135      -2903.31      -1905.17      1.53042      197.375
372      21.5525      1.3342      1000.65      -2905.83      -1905.18      1.52633      197.378
373      21.6104      1.33656      1002.42      -2907.6      -1905.18      1.52226      197.38
374      21.6684      1.33779      1003.34      -2908.53      -1905.19      1.51822      197.384
375      21.7263      1.33782      1003.36      -2908.56      -1905.19      1.51419      197.387
376      21.7843      1.3366      1002.45      -2907.64      -1905.19      1.51019      197.39
377      21.8422      1.33416      1000.62      -2905.81      -1905.19      1.50621      197.393
378      21.9001      1.33058      997.934      -2903.12      -1905.18      1.50225      197.397
379      21.9581      1.32599      994.489      -2899.67      -1905.18      1.49831      197.401
380      22.016      1.32053      990.394      -2895.57      -1905.17      1.4944      197.404
381      22.0739      1.31435      985.765      -2890.93      -1905.17      1.49051      197.408
382      22.1319      1.30763      980.721      -2885.88      -1905.16      1.48664      197.413
383      22.1898      1.3005      975.375      -2880.53      -1905.16      1.48279      197.417
384      22.2477      1.29311      969.833      -2874.99      -1905.16      1.47897      197.422
385      22.3057      1.2856      964.199      -2869.35      -1905.15      1.47517      197.428
386      22.3636      1.27811      958.582      -2863.73      -1905.15      1.47139      197.434
387      22.4216      1.27082      953.116      -2858.25      -1905.14      1.46764      197.44
388      22.4795      1.26397      947.979      -2853.1      -1905.13      1.46391      197.447
389      22.5374      1.25787      943.401      -2848.51      -1905.11      1.4602      197.455
390      22.5954      1.25289      939.668      -2844.76      -1905.09      1.45651      197.463
391      22.6533      1.24947      937.106      -2842.18      -1905.07      1.45285      197.471
392      22.7112      1.24804      936.027      -2841.09      -1905.06      1.44921      197.481
393      22.7692      1.24887      936.656      -2841.71      -1905.05      1.4456      197.49
394      22.8271      1.25208      939.059      -2844.12      -1905.06      1.442      197.5
395      22.8851      1.25748      943.109      -2848.19      -1905.08      1.43842      197.51
396      22.943      1.26465      948.49      -2853.6      -1905.11      1.43487      197.521
397      23.0009      1.27301      954.76      -2859.9      -1905.14      1.43133      197.531
398      23.0589      1.28192      961.443      -2866.61      -1905.17      1.42781      197.542
399      23.1168      1.29079      968.096      -2873.29      -1905.19      1.42431      197.552
400      23.1747      1.29913      974.35      -2879.56      -1905.21      1.42082      197.563
401      23.2327      1.30656      979.923      -2885.14      -1905.22      1.41735      197.573
402      23.2906      1.31282      984.616      -2889.84      -1905.22      1.41389      197.582
403      23.3485      1.31774      988.304      -2893.53      -1905.22      1.41045      197.591
404      23.4065      1.32124      990.93      -2896.15      -1905.22      1.40702      197.6
405      23.4644      1.32332      992.491      -2897.71      -1905.22      1.4036      197.608
406      23.5224      1.32404      993.033      -2898.25      -1905.21      1.40019      197.615
407      23.5803      1.32351      992.63      -2897.83      -1905.2      1.3968      197.622
408      23.6382      1.32183      991.373      -2896.57      -1905.2      1.39342      197.627
409      23.6962      1.31914      989.358      -2894.55      -1905.19      1.39004      197.632
410      23.7541      1.31559      986.689      -2891.87      -1905.18      1.38668      197.636
411      23.812      1.31132      983.492      -2888.67      -1905.17      1.38333      197.639
412      23.87      1.30656      979.924      -2885.08      -1905.16      1.37999      197.642
413      23.9279      1.30157      976.181      -2881.32      -1905.14      1.37666      197.643
414      23.9859      1.29666      972.495      -2877.62      -1905.13      1.37333      197.644
415      24.0438      1.29215      969.109      -2874.22      -1905.11      1.37002      197.643
416      24.1017      1.28833      966.248      -2871.35      -1905.1      1.36672      197.642
417      24.1597      1.28544      964.08      -2869.17      -1905.09      1.36343      197.64
418      24.2176      1.28358      962.686      -2867.78      -1905.09      1.36015      197.637
419      24.2755      1.28272      962.037      -2867.14      -1905.1      1.35688      197.634
420      24.3335      1.28267      962.002      -2867.12      -1905.11      1.35361      197.629
421      24.3914      1.28315      962.36      -2867.49      -1905.13      1.35036      197.623
422      24.4493      1.28378      962.831      -2867.98      -1905.15      1.34712      197.617
423      24.5073      1.28414      963.108      -2868.28      -1905.17      1.34389      197.61
424      24.5652      1.28385      962.888      -2868.07      -1905.19      1.34066      197.602
425      24.6232      1.28254      961.905      -2867.1      -1905.2      1.33745      197.594
426      24.6811      1.27995      959.96      -2865.17      -1905.21      1.33425      197.585
427      24.739      1.27594      956.952      -2862.16      -1905.21      1.33106      197.575
428      24.797      1.27052      952.889      -2858.09      -1905.2      1.32788      197.564
429      24.8549      1.26386      947.898      -2853.08      -1905.18      1.32471      197.554
430      24.9128      1.25627      942.203      -2847.37      -1905.17      1.32156      197.542
431      24.9708      1.24813      936.094      -2841.24      -1905.14      1.31841      197.531
432      25.0287      1.23985      929.891      -2835.02      -1905.13      1.31528      197.519
433      25.0867      1.23186      923.896      -2829.01      -1905.11      1.31216      197.507
434      25.1446      1.22449      918.365      -2823.46      -1905.1      1.30906      197.494
435      25.2025      1.21797      913.48      -2818.57      -1905.09      1.30597      197.482
436      25.2605      1.21247      909.354      -2814.44      -1905.09      1.30289      197.469
437      25.3184      1.20804      906.031      -2811.12      -1905.09      1.29982      197.456
438      25.3763      1.20469      903.518      -2808.61      -1905.09      1.29677      197.443
439      25.4343      1.2024      901.801      -2806.9      -1905.09      1.29373      197.43
440      25.4922      1.20115      900.862      -2805.96      -1905.09      1.2907      197.417
441      25.5501      1.20093      900.699      -2805.79      -1905.09      1.28769      197.404
442      25.6081      1.20178      901.332      -2806.42      -1905.09      1.28469      197.39
443      25.666      1.20374      902.803      -2807.89      -1905.08      1.2817      197.376
444      25.724      1.20687      905.156      -2810.24      -1905.08      1.27872      197.362
445      25.7819      1.21124      908.43      -2813.51      -1905.08      1.27575      197.348
446      25.8398      1.21684      912.632      -2817.71      -1905.08      1.2728      197.334
447      25.8978      1.22363      917.719      -2822.8      -1905.08      1.26986      197.319
448      25.9557      1.23144      923.577      -2828.67      -1905.09      1.26693      197.304
449      26.0136      1.24002      930.011      -2835.12      -1905.11      1.26401      197.289
450      26.0716      1.24902      936.762      -2841.89      -1905.13      1.2611      197.274
451      26.1295      1.25803      943.522      -2848.67      -1905.15      1.25821      197.258
452      26.1875      1.26662      949.963      -2855.13      -1905.17      1.25533      197.243
453      26.2454      1.27438      955.785      -2860.97      -1905.18      1.25245      197.227
454      26.3033      1.28098      960.739      -2865.93      -1905.19      1.2496      197.211
455      26.3613      1.28622      964.665      -2869.86      -1905.19      1.24675      197.195
456      26.4192      1.29001      967.508      -2872.7      -1905.19      1.24392      197.18
457      26.4771      1.29243      969.325      -2874.5      -1905.18      1.2411      197.165
458      26.5351      1.29371      970.28      -2875.44      -1905.16      1.2383      197.15
459      26.593      1.29415      970.616      -2875.76      -1905.15      1.23551      197.135
460      26.6509      1.29413      970.598      -2875.73      -1905.13      1.23273      197.121
461      26.7089      1.29393      970.448      -2875.57      -1905.13      1.22997      197.107
462      26.7668      1.2937      970.275      -2875.4      -1905.13      1.22723      197.094
463      26.8248      1.29338      970.038      -2875.18      -1905.14      1.2245      197.082
464      26.8827      1.29276      969.569      -2874.73      -1905.16      1.22179      197.07
465      26.9406      1.29152      968.637      -2873.81      -1905.17      1.2191      197.06
466      26.9986      1.28937      967.029      -2872.21      -1905.18      1.21642      197.05
467      27.0565      1.28616      964.617      -2869.8      -1905.18      1.21376      197.041
468      27.1144      1.28186      961.394      -2866.57      -1905.17      1.21112      197.033
469      27.1724      1.27664      957.479      -2862.64      -1905.16      1.2085      197.026
470      27.2303      1.27079      953.095      -2858.24      -1905.14      1.20589      197.02
471      27.2883      1.26469      948.52      -2853.64      -1905.12      1.2033      197.016
472      27.3462      1.25871      944.034      -2849.14      -1905.11      1.20073      197.012
473      27.4041      1.25316      939.868      -2844.96      -1905.1      1.19818      197.01
474      27.4621      1.24824      936.18      -2841.27      -1905.09      1.19564      197.008
475      27.52      1.24407      933.05      -2838.14      -1905.09      1.19312      197.008
476      27.5779      1.24065      930.487      -2835.58      -1905.09      1.19062      197.008
477      27.6359      1.23795      928.464      -2833.56      -1905.1      1.18813      197.01
478      27.6938      1.23592      926.936      -2832.03      -1905.1      1.18566      197.013
479      27.7517      1.23449      925.866      -2830.96      -1905.1      1.1832      197.016
480      27.8097      1.23364      925.227      -2830.33      -1905.1      1.18076      197.02
481      27.8676      1.23333      924.996      -2830.09      -1905.1      1.17834      197.025
482      27.9256      1.23351      925.133      -2830.23      -1905.1      1.17593      197.03
483      27.9835      1.23409      925.567      -2830.68      -1905.11      1.17353      197.036
484      28.0414      1.23493      926.194      -2831.31      -1905.12      1.17114      197.042
485      28.0994      1.23584      926.883      -2832.01      -1905.13      1.16876      197.049
486      28.1573      1.23666      927.493      -2832.63      -1905.13      1.16639      197.055
487      28.2152      1.23719      927.894      -2833.03      -1905.14      1.16403      197.061
488      28.2732      1.23731      927.98      -2833.12      -1905.14      1.16168      197.067
489      28.3311      1.23691      927.686      -2832.83      -1905.15      1.15934      197.073
490      28.3891      1.236      926.998      -2832.14      -1905.15      1.157      197.078
491      28.447      1.23462      925.964      -2831.1      -1905.14      1.15467      197.082
492      28.5049      1.23292      924.69      -2829.82      -1905.13      1.15235      197.086
493      28.5629      1.23113      923.345      -2828.46      -1905.12      1.15003      197.088
494      28.6208      1.22955      922.159      -2827.26      -1905.1      1.14771      197.09
495      28.6787      1.22855      921.409      -2826.49      -1905.08      1.1454      197.091
496      28.7367      1.2285      921.378      -2826.45      -1905.07      1.14308      197.091
497      28.7946      1.22974      922.308      -2827.37      -1905.06      1.14078      197.089
498      28.8525      1.23248      924.362      -2829.42      -1905.05      1.13847      197.087
499      28.9105      1.23678      927.586      -2832.65      -1905.06      1.13617      197.084
500      28.9684      1.24255      931.909      -2836.98      -1905.07      1.13388      197.079
501      29.0264      1.24955      937.165      -2842.25      -1905.08      1.13158      197.074
502      29.0843      1.25751      943.13      -2848.23      -1905.1      1.12929      197.068
503      29.1422      1.26608      949.561      -2854.67      -1905.11      1.12701      197.061
504      29.2002      1.27495      956.213      -2861.34      -1905.12      1.12473      197.054
505      29.2581      1.2838      962.851      -2867.99      -1905.13      1.12246      197.046
506      29.316      1.29234      969.254      -2874.4      -1905.15      1.12019      197.037
507      29.374      1.30027      975.202      -2880.36      -1905.16      1.11793      197.029
508      29.4319      1.30731      980.485      -2885.65      -1905.17      1.11569      197.02
509      29.4899      1.31321      984.906      -2890.08      -1905.18      1.11345      197.012
510      29.5478      1.31772      988.29      -2893.48      -1905.19      1.11122      197.004
511      29.6057      1.32067      990.5      -2895.69      -1905.19      1.109      196.996
512      29.6637      1.32194      991.454      -2896.65      -1905.19      1.10679      196.989
513      29.7216      1.32152      991.144      -2896.33      -1905.19      1.10459      196.981
514      29.7795      1.31952      989.642      -2894.83      -1905.18      1.1024      196.975
515      29.8375      1.31615      987.114      -2892.28      -1905.17      1.10023      196.968
516      29.8954      1.31175      983.814      -2888.96      -1905.15      1.09806      196.962
517      29.9533      1.30676      980.069      -2885.2      -1905.13      1.09591      196.957
518      30.0113      1.30168      976.263      -2881.37      -1905.11      1.09377      196.952
519      30.0692      1.29705      972.788      -2877.87      -1905.09      1.09163      196.947
520      30.1272      1.29334      970.004      -2875.07      -1905.07      1.08951      196.942
521      30.1851      1.29093      968.2      -2873.26      -1905.06      1.08739      196.938
522      30.243      1.29007      967.551      -2872.61      -1905.06      1.08528      196.934
523      30.301      1.2908      968.098      -2873.16      -1905.06      1.08319      196.93
524      30.3589      1.29299      969.742      -2874.82      -1905.08      1.0811      196.926
525      30.4168      1.29634      972.257      -2877.35      -1905.1      1.07902      196.921
526      30.4748      1.30044      975.327      -2880.44      -1905.12      1.07694      196.918
527      30.5327      1.30481      978.608      -2883.74      -1905.14      1.07488      196.914
528      30.5907      1.30906      981.793      -2886.94      -1905.15      1.07282      196.91
529      30.6486      1.31288      984.664      -2889.82      -1905.15      1.07078      196.907
530      30.7065      1.31615      987.112      -2892.26      -1905.15      1.06874      196.904
531      30.7645      1.31885      989.138      -2894.28      -1905.14      1.06671      196.901
532      30.8224      1.32109      990.814      -2895.95      -1905.14      1.06469      196.898
533      30.8803      1.32299      992.24      -2897.37      -1905.13      1.06268      196.896
534      30.9383      1.32466      993.498      -2898.62      -1905.13      1.06068      196.894
535      30.9962      1.32616      994.623      -2899.75      -1905.13      1.05869      196.892
536      31.0541      1.32746      995.594      -2900.73      -1905.13      1.05671      196.891
537      31.1121      1.32845      996.337      -2901.48      -1905.14      1.05473      196.89
538      31.17      1.32903      996.77      -2901.91      -1905.14      1.05277      196.889
539      31.228      1.32912      996.842      -2901.98      -1905.14      1.05081      196.888
540      31.2859      1.32875      996.566      -2901.7      -1905.14      1.04886      196.887
541      31.3438      1.32805      996.041      -2901.16      -1905.12      1.04691      196.886
542      31.4018      1.32726      995.444      -2900.55      -1905.11      1.04498      196.885
543      31.4597      1.32666      994.996      -2900.09      -1905.09      1.04305      196.883
544      31.5176      1.32655      994.911      -2899.99      -1905.08      1.04112      196.882
545      31.5756      1.32713      995.346      -2900.42      -1905.07      1.0392      196.881
546      31.6335      1.32848      996.362      -2901.44      -1905.08      1.03729      196.879
547      31.6915      1.33055      997.915      -2903      -1905.08      1.03539      196.878
548      31.7494      1.33313      999.85      -2904.95      -1905.1      1.03349      196.877
549      31.8073      1.33589      1001.92      -2907.04      -1905.12      1.0316      196.875
550      31.8653      1.3384      1003.8      -2908.94      -1905.14      1.02972      196.874
551      31.9232      1.34018      1005.13      -2910.3      -1905.17      1.02785      196.873
552      31.9811      1.34074      1005.56      -2910.75      -1905.19      1.02598      196.873
553      32.0391      1.33962      1004.72      -2909.93      -1905.21      1.02413      196.872
554      32.097      1.33646      1002.34      -2907.57      -1905.22      1.02228      196.872
555      32.1549      1.33102      998.266      -2903.49      -1905.23      1.02044      196.872
556      32.2129      1.32326      992.445      -2897.67      -1905.22      1.0186      196.873
557      32.2708      1.31333      984.998      -2890.21      -1905.21      1.01678      196.873
558      32.3288      1.30159      976.192      -2881.38      -1905.18      1.01496      196.874
559      32.3867      1.28858      966.438      -2871.59      -1905.16      1.01315      196.875
560      32.4446      1.27499      956.245      -2861.37      -1905.12      1.01135      196.877
561      32.5026      1.26156      946.169      -2851.26      -1905.09      1.00955      196.878
562      32.5605      1.249      936.752      -2841.82      -1905.06      1.00776      196.88
563      32.6184      1.23796      928.467      -2833.51      -1905.04      1.00598      196.881
564      32.6764      1.2289      921.674      -2826.71      -1905.03      1.0042      196.883
565      32.7343      1.22213      916.598      -2821.63      -1905.03      1.00244      196.884
566      32.7923      1.21777      913.33      -2818.36      -1905.03      1.00067      196.886
567      32.8502      1.21578      911.834      -2816.88      -1905.04      0.998919      196.888
568      32.9081      1.21595      911.965      -2817.03      -1905.06      0.997172      196.89
569      32.9661      1.21799      913.492      -2818.57      -1905.08      0.995431      196.893
570      33.024      1.22148      916.113      -2821.21      -1905.1      0.993697      196.895
571      33.0819      1.22599      919.493      -2824.61      -1905.12      0.991971      196.898
572      33.1399      1.23106      923.292      -2828.43      -1905.14      0.990252      196.901
573      33.1978      1.23627      927.2      -2832.36      -1905.16      0.98854      196.904
574      33.2557      1.24127      930.949      -2836.12      -1905.17      0.986835      196.908
575      33.3137      1.24576      934.322      -2839.5      -1905.18      0.985138      196.911
576      33.3716      1.24952      937.143      -2842.33      -1905.19      0.983447      196.915
577      33.4296      1.25234      939.256      -2844.45      -1905.19      0.981762      196.919
578      33.4875      1.25402      940.518      -2845.72      -1905.2      0.980085      196.923
579      33.5454      1.25441      940.811      -2846.02      -1905.21      0.978413      196.928
580      33.6034      1.25342      940.063      -2845.27      -1905.21      0.976748      196.932
581      33.6613      1.25106      938.292      -2843.49      -1905.2      0.975089      196.937
582      33.7192      1.24752      935.638      -2840.82      -1905.18      0.973436      196.941
583      33.7772      1.24314      932.357      -2837.52      -1905.16      0.971789      196.946
584      33.8351      1.23838      928.781      -2833.92      -1905.14      0.970148      196.95
585      33.8931      1.23367      925.255      -2830.37      -1905.12      0.968513      196.955
586      33.951      1.22944      922.079      -2827.18      -1905.1      0.966883      196.96
587      34.0089      1.22596      919.471      -2824.56      -1905.09      0.96526      196.965
588      34.0669      1.22343      917.575      -2822.66      -1905.09      0.963642      196.97
589      34.1248      1.22197      916.48      -2821.57      -1905.09      0.96203      196.975
590      34.1827      1.22165      916.236      -2821.32      -1905.08      0.960424      196.98
591      34.2407      1.2225      916.874      -2821.96      -1905.08      0.958825      196.985
592      34.2986      1.22455      918.415      -2823.5      -1905.08      0.95723      196.99
593      34.3565      1.22781      920.858      -2825.94      -1905.08      0.955642      196.995
594      34.4145      1.23224      924.177      -2829.26      -1905.08      0.954059      197.001
595      34.4724      1.23774      928.302      -2833.39      -1905.09      0.952481      197.006
596      34.5304      1.24413      933.101      -2838.2      -1905.1      0.950908      197.011
597      34.5883      1.25118      938.383      -2843.5      -1905.11      0.949341      197.016
598      34.6462      1.25854      943.903      -2849.03      -1905.13      0.947778      197.022
599      34.7042      1.26583      949.371      -2854.52      -1905.15      0.94622      197.027
600      34.7621      1.27265      954.488      -2859.65      -1905.16      0.944667      197.032
601      34.82      1.27862      958.967      -2864.15      -1905.18      0.943118      197.036
602      34.878      1.28343      962.57      -2867.76      -1905.19      0.941573      197.041
603      34.9359      1.28685      965.135      -2870.32      -1905.19      0.940032      197.045
604      34.9939      1.2888      966.598      -2871.78      -1905.19      0.938496      197.05
605      35.0518      1.28933      967.001      -2872.18      -1905.18      0.936964      197.054
606      35.1097      1.28865      966.491      -2871.65      -1905.16      0.935436      197.057
607      35.1677      1.28706      965.297      -2870.44      -1905.14      0.933913      197.061
608      35.2256      1.28492      963.691      -2868.82      -1905.13      0.932394      197.065
609      35.2835      1.28259      961.945      -2867.06      -1905.11      0.93088      197.068
610      35.3415      1.28038      960.283      -2865.39      -1905.1      0.92937      197.072
611      35.3994      1.27846      958.847      -2863.95      -1905.1      0.927866      197.075
612      35.4573      1.27692      957.69      -2862.8      -1905.11      0.926366      197.079
613      35.5153      1.27571      956.783      -2861.9      -1905.12      0.924871      197.082
614      35.5732      1.27473      956.044      -2861.17      -1905.12      0.923381      197.086
615      35.6312      1.27384      955.378      -2860.51      -1905.13      0.921897      197.089
616      35.6891      1.27295      954.71      -2859.84      -1905.14      0.920417      197.093
617      35.747      1.27203      954.019      -2859.15      -1905.13      0.918942      197.097
618      35.805      1.27114      953.356      -2858.48      -1905.13      0.917472      197.1
619      35.8629      1.27044      952.828      -2857.95      -1905.12      0.916007      197.104
620      35.9208      1.2701      952.578      -2857.69      -1905.11      0.914547      197.108
621      35.9788      1.27032      952.741      -2857.85      -1905.1      0.913091      197.111
622      36.0367      1.27121      953.411      -2858.51      -1905.1      0.911641      197.115
623      36.0947      1.2728      954.603      -2859.71      -1905.11      0.910194      197.119
624      36.1526      1.27501      956.259      -2861.37      -1905.11      0.908753      197.123
625      36.2105      1.27768      958.264      -2863.38      -1905.12      0.907316      197.126
626      36.2685      1.28063      960.474      -2865.6      -1905.13      0.905883      197.13
627      36.3264      1.28368      962.756      -2867.89      -1905.13      0.904455      197.134
628      36.3843      1.28667      965.002      -2870.14      -1905.14      0.903032      197.137
629      36.4423      1.28951      967.131      -2872.27      -1905.14      0.901613      197.141
630      36.5002      1.29211      969.086      -2874.23      -1905.14      0.900199      197.145
631      36.5581      1.29442      970.817      -2875.96      -1905.14      0.898789      197.148
632      36.6161      1.29637      972.279      -2877.42      -1905.15      0.897385      197.152
633      36.674      1.29791      973.431      -2878.58      -1905.15      0.895984      197.156
634      36.732      1.299      974.248      -2879.4      -1905.15      0.894589      197.16
635      36.7899      1.29963      974.724      -2879.87      -1905.15      0.893198      197.164
636      36.8478      1.29983      974.875      -2880.02      -1905.15      0.891811      197.168
637      36.9058      1.29964      974.731      -2879.88      -1905.15      0.890429      197.172
638      36.9637      1.29909      974.316      -2879.46      -1905.15      0.889051      197.176
639      37.0216      1.2982      973.653      -2878.8      -1905.15      0.887676      197.179
640      37.0796      1.29701      972.758      -2877.91      -1905.15      0.886305      197.183
641      37.1375      1.29552      971.643      -2876.79      -1905.15      0.884937      197.186
642      37.1955      1.29377      970.329      -2875.48      -1905.15      0.883572      197.189
643      37.2534      1.2918      968.849      -2873.99      -1905.15      0.882211      197.192
644      37.3113      1.28966      967.243      -2872.39      -1905.14      0.880852      197.195
645      37.3693      1.2874      965.549      -2870.69      -1905.14      0.879496      197.197
646      37.4272      1.28506      963.795      -2868.94      -1905.14      0.878144      197.199
647      37.4851      1.28268      962.01      -2867.15      -1905.14      0.876795      197.201
648      37.5431      1.2803      960.228      -2865.37      -1905.14      0.875449      197.202
649      37.601      1.27802      958.514      -2863.65      -1905.13      0.874106      197.204
650      37.6589      1.27598      956.987      -2862.11      -1905.12      0.872768      197.205
651      37.7169      1.27443      955.823      -2860.93      -1905.11      0.871434      197.207
652      37.7748      1.27367      955.252      -2860.34      -1905.09      0.870105      197.208
653      37.8328      1.27403      955.523      -2860.6      -1905.07      0.86878      197.21
654      37.8907      1.27581      956.856      -2861.92      -1905.06      0.867461      197.212
655      37.9486      1.27919      959.39      -2864.45      -1905.06      0.866147      197.214
656      38.0066      1.28418      963.139      -2868.21      -1905.07      0.864838      197.217
657      38.0645      1.29064      967.979      -2873.06      -1905.08      0.863534      197.22
658      38.1224      1.29823      973.673      -2878.78      -1905.1      0.862236      197.223
659      38.1804      1.30653      979.898      -2885.02      -1905.13      0.860944      197.227
660      38.2383      1.31506      986.295      -2891.44      -1905.15      0.859656      197.231
661      38.2963      1.32332      992.494      -2897.67      -1905.17      0.858374      197.235
662      38.3542      1.33084      998.132      -2903.33      -1905.19      0.857096      197.239
663      38.4121      1.33717      1002.88      -2908.09      -1905.21      0.855823      197.244
664      38.4701      1.34193      1006.44      -2911.67      -1905.22      0.854554      197.248
665      38.528      1.34486      1008.65      -2913.88      -1905.23      0.853288      197.253
666      38.5859      1.34585      1009.39      -2914.62      -1905.23      0.852025      197.257
667      38.6439      1.34492      1008.69      -2913.92      -1905.23      0.850764      197.261
668      38.7018      1.34218      1006.63      -2911.85      -1905.22      0.849506      197.264
669      38.7597      1.33776      1003.32      -2908.54      -1905.21      0.848248      197.267
670      38.8177      1.3318      998.851      -2904.06      -1905.21      0.846992      197.27
671      38.8756      1.32442      993.316      -2898.52      -1905.2      0.845737      197.271
672      38.9336      1.31582      986.868      -2892.06      -1905.19      0.844483      197.272
673      38.9915      1.30636      979.77      -2884.93      -1905.16      0.843229      197.272
674      39.0494      1.29659      972.442      -2877.57      -1905.13      0.841975      197.272
675      39.1074      1.28725      965.438      -2870.52      -1905.09      0.840721      197.27
676      39.1653      1.27917      959.374      -2864.42      -1905.05      0.839468      197.268
677      39.2232      1.27306      954.798      -2859.82      -1905.02      0.838216      197.265
678      39.2812      1.26943      952.076      -2857.09      -1905.01      0.836963      197.261
679      39.3391      1.26843      951.325      -2856.35      -1905.02      0.835712      197.257
680      39.3971      1.26985      952.389      -2857.44      -1905.05      0.834461      197.252
681      39.455      1.27317      954.88      -2859.96      -1905.08      0.83321      197.246
682      39.5129      1.27769      958.269      -2863.39      -1905.12      0.831961      197.239
683      39.5709      1.28262      961.968      -2867.12      -1905.15      0.830713      197.232
684      39.6288      1.28722      965.417      -2870.59      -1905.18      0.829467      197.225
685      39.6867      1.29087      968.152      -2873.35      -1905.2      0.828222      197.216
686      39.7447      1.29313      969.845      -2875.05      -1905.2      0.826978      197.208
687      39.8026      1.29376      970.32      -2875.52      -1905.2      0.825736      197.199
688      39.8605      1.29274      969.553      -2874.75      -1905.19      0.824497      197.189
689      39.9185      1.29021      967.656      -2872.83      -1905.18      0.823259      197.179
690      39.9764      1.28645      964.838      -2870      -1905.16      0.822023      197.169
691      40.0344      1.28182      961.368      -2866.51      -1905.14      0.820789      197.158
692      40.0923      1.27672      957.541      -2862.66      -1905.12      0.819556      197.147
693      40.1502      1.27151      953.631      -2858.74      -1905.11      0.818326      197.136
694      40.2082      1.26649      949.867      -2854.97      -1905.1      0.817098      197.124
695      40.2661      1.26188      946.407      -2851.5      -1905.1      0.815871      197.112
696      40.324      1.25776      943.323      -2848.42      -1905.1      0.814647      197.099
697      40.382      1.25415      940.611      -2845.71      -1905.1      0.813425      197.086
698      40.4399      1.25094      938.202      -2843.32      -1905.11      0.812204      197.073
699      40.4979      1.24798      935.986      -2841.11      -1905.12      0.810987      197.059
700      40.5558      1.24512      933.841      -2838.97      -1905.13      0.809771      197.045
701      40.6137      1.24222      931.663      -2836.8      -1905.14      0.808558      197.031
702      40.6717      1.23918      929.386      -2834.52      -1905.14      0.807347      197.017
703      40.7296      1.236      926.997      -2832.13      -1905.14      0.806138      197.002
704      40.7875      1.2327      924.529      -2829.66      -1905.13      0.804933      196.987
705      40.8455      1.2294      922.053      -2827.18      -1905.12      0.80373      196.972
706      40.9034      1.22624      919.68      -2824.8      -1905.12      0.80253      196.957
707      40.9613      1.2234      917.55      -2822.66      -1905.11      0.801333      196.942
708      41.0193      1.2211      915.825      -2820.92      -1905.1      0.80014      196.927
709      41.0772      1.21955      914.661      -2819.75      -1905.09      0.79895      196.912
710      41.1352      1.21892      914.186      -2819.27      -1905.09      0.797763      196.897
711      41.1931      1.21931      914.486      -2819.57      -1905.09      0.796581      196.882
712      41.251      1.22077      915.578      -2820.67      -1905.09      0.795403      196.867
713      41.309      1.22322      917.416      -2822.52      -1905.1      0.794229      196.853
714      41.3669      1.22652      919.893      -2825      -1905.11      0.79306      196.839
715      41.4248      1.23047      922.849      -2827.97      -1905.12      0.791895      196.825
716      41.4828      1.23479      926.095      -2831.23      -1905.14      0.790736      196.811
717      41.5407      1.23926      929.443      -2834.59      -1905.15      0.789581      196.799
718      41.5987      1.24363      932.726      -2837.88      -1905.16      0.788432      196.786
719      41.6566      1.24777      935.825      -2840.98      -1905.16      0.787288      196.775
720      41.7145      1.25157      938.679      -2843.84      -1905.16      0.78615      196.763
721      41.7725      1.25504      941.28      -2846.44      -1905.16      0.785017      196.753
722      41.8304      1.2582      943.649      -2848.8      -1905.15      0.78389      196.743
723      41.8883      1.2611      945.822      -2850.97      -1905.15      0.782767      196.733
724      41.9463      1.26376      947.823      -2852.97      -1905.15      0.78165      196.724
725      42.0042      1.2662      949.652      -2854.8      -1905.15      0.780538      196.715
726      42.0621      1.26837      951.278      -2856.43      -1905.15      0.77943      196.707
727      42.1201      1.27019      952.644      -2857.8      -1905.16      0.778327      196.699
728      42.178      1.27156      953.667      -2858.83      -1905.16      0.777229      196.692
729      42.236      1.27235      954.266      -2859.43      -1905.16      0.776134      196.684
730      42.2939      1.2725      954.373      -2859.54      -1905.16      0.775042      196.677
731      42.3518      1.27194      953.958      -2859.12      -1905.16      0.773954      196.67
732      42.4098      1.27071      953.031      -2858.19      -1905.16      0.772869      196.663
733      42.4677      1.26886      951.643      -2856.79      -1905.15      0.771787      196.656
734      42.5256      1.26651      949.885      -2855.03      -1905.14      0.770708      196.649
735      42.5836      1.26385      947.886      -2853.02      -1905.13      0.769632      196.642
736      42.6415      1.26107      945.799      -2850.92      -1905.12      0.768557      196.635
737      42.6995      1.2584      943.799      -2848.91      -1905.11      0.767486      196.627
738      42.7574      1.25608      942.062      -2847.16      -1905.1      0.766416      196.62
739      42.8153      1.25432      940.743      -2845.83      -1905.09      0.765349      196.612
740      42.8733      1.25328      939.957      -2845.04      -1905.09      0.764285      196.604
741      42.9312      1.25302      939.762      -2844.85      -1905.09      0.763223      196.597
742      42.9891      1.25353      940.149      -2845.24      -1905.09      0.762164      196.589
743      43.0471      1.25472      941.041      -2846.14      -1905.1      0.761108      196.581
744      43.105      1.25642      942.318      -2847.43      -1905.11      0.760054      196.573
745      43.1629      1.25844      943.831      -2848.95      -1905.12      0.759003      196.565
746      43.2209      1.26057      945.429      -2850.56      -1905.13      0.757955      196.557
747      43.2788      1.26262      946.968      -2852.11      -1905.14      0.756911      196.549
748      43.3368      1.26442      948.312      -2853.46      -1905.15      0.755869      196.541
749      43.3947      1.26579      949.341      -2854.5      -1905.16      0.75483      196.534
750      43.4526      1.26662      949.962      -2855.12      -1905.16      0.753793      196.526
751      43.5106      1.26682      950.113      -2855.27      -1905.16      0.75276      196.518
752      43.5685      1.26637      949.774      -2854.93      -1905.16      0.751729      196.51
753      43.6264      1.26531      948.981      -2854.13      -1905.15      0.750702      196.503
754      43.6844      1.26374      947.808      -2852.96      -1905.15      0.749677      196.495
755      43.7423      1.26181      946.356      -2851.5      -1905.14      0.748655      196.487
756      43.8003      1.25964      944.732      -2849.87      -1905.14      0.747636      196.48
757      43.8582      1.25736      943.021      -2848.16      -1905.14      0.74662      196.472
758      43.9161      1.25503      941.274      -2846.41      -1905.14      0.745607      196.465
759      43.9741      1.25269      939.514      -2844.65      -1905.14      0.744598      196.458
760      44.032      1.25034      937.758      -2842.89      -1905.13      0.743592      196.451
761      44.0899      1.24806      936.047      -2841.18      -1905.13      0.742589      196.444
762      44.1479      1.24596      934.47      -2839.59      -1905.12      0.741591      196.438
763      44.2058      1.24423      933.173      -2838.28      -1905.11      0.740596      196.432
764      44.2637      1.24312      932.343      -2837.44      -1905.09      0.739605      196.426
765      44.3217      1.2429      932.178      -2837.26      -1905.08      0.738618      196.421
766      44.3796      1.2438      932.853      -2837.93      -1905.07      0.737635      196.416
767      44.4376      1.24596      934.472      -2839.54      -1905.07      0.736656      196.411
768      44.4955      1.24939      937.042      -2842.12      -1905.08      0.735682      196.407
769      44.5534      1.25396      940.474      -2845.56      -1905.09      0.734711      196.403
770      44.6114      1.25947      944.599      -2849.7      -1905.1      0.733746      196.4
771      44.6693      1.2656      949.202      -2854.32      -1905.12      0.732784      196.398
772      44.7272      1.27206      954.048      -2859.18      -1905.13      0.731828      196.396
773      44.7852      1.27856      958.922      -2864.06      -1905.14      0.730876      196.394
774      44.8431      1.28485      963.634      -2868.78      -1905.15      0.729928      196.394
775      44.9011      1.2907      968.021      -2873.18      -1905.16      0.728986      196.393
776      44.959      1.29591      971.934      -2877.1      -1905.16      0.728048      196.394
777      45.0169      1.3003      975.223      -2880.4      -1905.17      0.727116      196.395
778      45.0749      1.30367      977.751      -2882.93      -1905.18      0.726189      196.397
779      45.1328      1.30588      979.412      -2884.59      -1905.18      0.725267      196.4
780      45.1907      1.30688      980.158      -2885.34      -1905.18      0.724351      196.404
781      45.2487      1.30669      980.02      -2885.19      -1905.17      0.723441      196.408
782      45.3066      1.30548      979.109      -2884.27      -1905.16      0.722536      196.414
783      45.3645      1.30346      977.594      -2882.74      -1905.15      0.721638      196.421
784      45.4225      1.30089      975.668      -2880.8      -1905.13      0.720745      196.428
785      45.4804      1.29802      973.514      -2878.64      -1905.12      0.719859      196.437
786      45.5384      1.29503      971.27      -2876.39      -1905.12      0.718978      196.447
787      45.5963      1.29202      969.018      -2874.14      -1905.12      0.718104      196.457
788      45.6542      1.28904      966.783      -2871.9      -1905.12      0.717236      196.469
789      45.7122      1.28605      964.534      -2869.66      -1905.13      0.716373      196.482
790      45.7701      1.28295      962.212      -2867.35      -1905.13      0.715517      196.496
791      45.828      1.27967      959.754      -2864.89      -1905.14      0.714667      196.511
792      45.886      1.27616      957.117      -2862.26      -1905.14      0.713822      196.526
793      45.9439      1.2724      954.297      -2859.44      -1905.14      0.712983      196.543
794      46.0019      1.26845      951.34      -2856.47      -1905.13      0.712149      196.561
795      46.0598      1.26446      948.348      -2853.48      -1905.13      0.71132      196.579
796      46.1177      1.26062      945.467      -2850.59      -1905.12      0.710495      196.599
797      46.1757      1.25715      942.863      -2847.97      -1905.11      0.709676      196.618
798      46.2336      1.25428      940.712      -2845.81      -1905.1      0.70886      196.639
799      46.2915      1.25224      939.177      -2844.27      -1905.09      0.708048      196.66
800      46.3495      1.25118      938.388      -2843.48      -1905.09      0.70724      196.681
801      46.4074      1.25122      938.417      -2843.51      -1905.09      0.706435      196.703
802      46.4653      1.25236      939.269      -2844.36      -1905.09      0.705633      196.725
803      46.5233      1.25451      940.882      -2845.98      -1905.1      0.704833      196.747
804      46.5812      1.25753      943.145      -2848.25      -1905.11      0.704035      196.769
805      46.6392      1.26122      945.912      -2851.03      -1905.12      0.703239      196.791
806      46.6971      1.26537      949.031      -2854.16      -1905.13      0.702445      196.813
807      46.755      1.26981      952.356      -2857.49      -1905.13      0.701652      196.835
808      46.813      1.27433      955.745      -2860.89      -1905.14      0.700861      196.856
809      46.8709      1.27875      959.059      -2864.21      -1905.15      0.70007      196.878
810      46.9288      1.28288      962.157      -2867.31      -1905.16      0.699281      196.899
811      46.9868      1.28653      964.898      -2870.06      -1905.16      0.698492      196.919
812      47.0447      1.28954      967.155      -2872.32      -1905.17      0.697704      196.94
813      47.1027      1.29177      968.829      -2874      -1905.17      0.696917      196.96
814      47.1606      1.29315      969.859      -2875.03      -1905.17      0.69613      196.979
815      47.2185      1.29363      970.225      -2875.39      -1905.17      0.695344      196.999
816      47.2765      1.29326      969.948      -2875.11      -1905.16      0.694559      197.018
817      47.3344      1.29211      969.081      -2874.24      -1905.16      0.693775      197.037
818      47.3923      1.29028      967.708      -2872.86      -1905.15      0.692993      197.055
819      47.4503      1.28793      965.948      -2871.09      -1905.14      0.692211      197.074
820      47.5082      1.28527      963.955      -2869.08      -1905.13      0.69143      197.092
821      47.5661      1.28255      961.914      -2867.03      -1905.12      0.690651      197.11
822      47.6241      1.28004      960.029      -2865.13      -1905.1      0.689873      197.127
823      47.682      1.278      958.503      -2863.59      -1905.09      0.689097      197.145
824      47.74      1.27669      957.515      -2862.6      -1905.08      0.688322      197.163
825      47.7979      1.27627      957.201      -2862.28      -1905.08      0.687549      197.18
826      47.8558      1.27686      957.643      -2862.72      -1905.07      0.686777      197.198
827      47.9138      1.27848      958.861      -2863.94      -1905.08      0.686007      197.215
828      47.9717      1.28108      960.81      -2865.89      -1905.08      0.685239      197.233
829      48.0296      1.28451      963.385      -2868.48      -1905.09      0.684473      197.25
830      48.0876      1.28856      966.417      -2871.53      -1905.11      0.683708      197.267
831      48.1455      1.2929      969.676      -2874.8      -1905.12      0.682945      197.285
832      48.2035      1.29719      972.89      -2878.03      -1905.14      0.682184      197.302
833      48.2614      1.30104      975.78      -2880.94      -1905.16      0.681424      197.319
834      48.3193      1.30413      978.097      -2883.27      -1905.17      0.680665      197.336
835      48.3773      1.30623      979.672      -2884.85      -1905.18      0.679908      197.352
836      48.4352      1.30725      980.436      -2885.61      -1905.17      0.679151      197.369
837      48.4931      1.30723      980.423      -2885.59      -1905.17      0.678394      197.385
838      48.5511      1.30631      979.736      -2884.89      -1905.16      0.677638      197.4
839      48.609      1.30467      978.503      -2883.65      -1905.15      0.676881      197.415
840      48.6669      1.30245      976.836      -2881.98      -1905.15      0.676124      197.429
841      48.7249      1.29973      974.794      -2879.94      -1905.15      0.675367      197.443
842      48.7828      1.2965      972.377      -2877.53      -1905.15      0.674609      197.456
843      48.8408      1.29271      969.529      -2874.69      -1905.16      0.67385      197.468
844      48.8987      1.28822      966.163      -2871.33      -1905.17      0.67309      197.479
845      48.9566      1.28292      962.187      -2867.36      -1905.18      0.67233      197.49
846      49.0146      1.27671      957.534      -2862.71      -1905.18      0.671569      197.5
847      49.0725      1.26959      952.189      -2857.37      -1905.18      0.670807      197.509
848      49.1304      1.26161      946.206      -2851.38      -1905.18      0.670045      197.518
849      49.1884      1.25295      939.716      -2844.88      -1905.17      0.669282      197.525
850      49.2463      1.24393      932.947      -2838.1      -1905.15      0.668519      197.532
851      49.3043      1.23496      926.216      -2831.35      -1905.13      0.667754      197.539
852      49.3622      1.22658      919.936      -2825.04      -1905.1      0.66699      197.544
853      49.4201      1.21945      914.585      -2819.66      -1905.07      0.666225      197.55
854      49.4781      1.21423      910.671      -2815.72      -1905.05      0.66546      197.554
855      49.536      1.21153      908.644      -2813.67      -1905.03      0.664695      197.558
856      49.5939      1.21172      908.79      -2813.82      -1905.03      0.66393      197.561
857      49.6519      1.21485      911.139      -2816.18      -1905.05      0.663166      197.564
858      49.7098      1.22058      915.434      -2820.51      -1905.08      0.662401      197.567
859      49.7677      1.22824      921.18      -2826.29      -1905.11      0.661638      197.569
860      49.8257      1.23702      927.764      -2832.92      -1905.15      0.660875      197.571
861      49.8836      1.2461      934.574      -2839.76      -1905.18      0.660113      197.573
862      49.9416      1.25478      941.087      -2846.29      -1905.2      0.659353      197.575
863      49.9995      1.26256      946.923      -2852.14      -1905.21      0.658593      197.576
864      50.0574      1.26916      951.868      -2857.08      -1905.21      0.657834      197.577
865      50.1154      1.27448      955.862      -2861.07      -1905.21      0.657076      197.578
866      50.1733      1.27864      958.981      -2864.17      -1905.19      0.65632      197.578
867      50.2312      1.28187      961.403      -2866.58      -1905.17      0.655565      197.579
868      50.2892      1.2845      963.373      -2868.53      -1905.16      0.654811      197.58
869      50.3471      1.28685      965.14      -2870.28      -1905.14      0.654059      197.58
870      50.4051      1.2892      966.902      -2872.03      -1905.13      0.653309      197.58
871      50.463      1.29168      968.76      -2873.89      -1905.13      0.65256      197.581
872      50.5209      1.29428      970.711      -2875.85      -1905.14      0.651813      197.581
873      50.5789      1.29688      972.662      -2877.81      -1905.15      0.651067      197.581
874      50.6368      1.29929      974.464      -2879.62      -1905.16      0.650324      197.582
875      50.6947      1.30127      975.956      -2881.12      -1905.17      0.649582      197.582
876      50.7527      1.30265      976.987      -2882.16      -1905.17      0.648843      197.583
877      50.8106      1.30326      977.445      -2882.62      -1905.17      0.648106      197.584
878      50.8685      1.30301      977.258      -2882.43      -1905.18      0.647371      197.585
879      50.9265      1.30185      976.39      -2881.56      -1905.17      0.646638      197.586
880      50.9844      1.29978      974.831      -2880      -1905.17      0.645908      197.588
881      51.0424      1.29678      972.584      -2877.76      -1905.17      0.64518      197.589
882      51.1003      1.29286      969.643      -2874.82      -1905.18      0.644455      197.591
883      51.1582      1.28799      965.992      -2871.17      -1905.18      0.643731      197.593
884      51.2162      1.28215      961.609      -2866.79      -1905.18      0.64301      197.595
885      51.2741      1.27531      956.482      -2861.67      -1905.18      0.642291      197.597
886      51.332      1.26752      950.637      -2855.82      -1905.18      0.641574      197.6
887      51.39      1.25889      944.166      -2849.34      -1905.17      0.640858      197.602
888      51.4479      1.24965      937.239      -2842.4      -1905.16      0.640143      197.604
889      51.5059      1.24016      930.117      -2835.25      -1905.14      0.63943      197.606
890      51.5638      1.23085      923.14      -2828.25      -1905.11      0.638717      197.608
891      51.6217      1.22227      916.704      -2821.79      -1905.09      0.638005      197.61
892      51.6797      1.21496      911.218      -2816.28      -1905.06      0.637294      197.611
893      51.7376      1.20942      907.068      -2812.11      -1905.05      0.636582      197.611
894      51.7955      1.20607      904.553      -2809.59      -1905.03      0.635871      197.612
895      51.8535      1.20514      903.852      -2808.88      -1905.03      0.635159      197.611
896      51.9114      1.20667      905.005      -2810.04      -1905.04      0.634448      197.61
897      51.9693      1.21057      907.925      -2812.98      -1905.05      0.633736      197.609
898      52.0273      1.21655      912.414      -2817.48      -1905.07      0.633024      197.607
899      52.0852      1.22426      918.196      -2823.29      -1905.09      0.632312      197.605
900      52.1432      1.23324      924.931      -2830.05      -1905.12      0.631601      197.602
901      52.2011      1.24298      932.238      -2837.38      -1905.14      0.63089      197.599
902      52.259      1.25296      939.718      -2844.88      -1905.16      0.630181      197.596
903      52.317      1.26263      946.976      -2852.16      -1905.19      0.629472      197.592
904      52.3749      1.27154      953.652      -2858.85      -1905.2      0.628765      197.589
905      52.4328      1.27928      959.461      -2864.67      -1905.21      0.628059      197.585
906      52.4908      1.28562      964.213      -2869.43      -1905.22      0.627355      197.582
907      52.5487      1.29044      967.828      -2873.04      -1905.21      0.626654      197.579
908      52.6067      1.29378      970.336      -2875.54      -1905.2      0.625955      197.576
909      52.6646      1.29582      971.864      -2877.05      -1905.19      0.625258      197.574
910      52.7225      1.2968      972.601      -2877.78      -1905.18      0.624565      197.572
911      52.7805      1.29704      972.782      -2877.94      -1905.16      0.623874      197.57
912      52.8384      1.29688      972.658      -2877.8      -1905.15      0.623186      197.569
913      52.8963      1.29664      972.483      -2877.61      -1905.13      0.622501      197.568
914      52.9543      1.29666      972.493      -2877.61      -1905.12      0.62182      197.568
915      53.0122      1.2972      972.898      -2878.01      -1905.11      0.621142      197.569
916      53.0701      1.2985      973.875      -2878.97      -1905.1      0.620466      197.569
917      53.1281      1.30075      975.565      -2880.66      -1905.09      0.619794      197.571
918      53.186      1.30409      978.065      -2883.15      -1905.09      0.619125      197.573
919      53.244      1.30854      981.404      -2886.5      -1905.09      0.618458      197.575
920      53.3019      1.31404      985.532      -2890.63      -1905.1      0.617794      197.578
921      53.3598      1.32039      990.293      -2895.41      -1905.12      0.617133      197.581
922      53.4178      1.32722      995.418      -2900.56      -1905.14      0.616473      197.584
923      53.4757      1.33406      1000.55      -2905.71      -1905.16      0.615815      197.587
924      53.5336      1.34036      1005.27      -2910.46      -1905.19      0.615159      197.59
925      53.5916      1.34558      1009.18      -2914.39      -1905.21      0.614503      197.593
926      53.6495      1.34926      1011.95      -2917.17      -1905.22      0.613849      197.596
927      53.7075      1.35109      1013.32      -2918.55      -1905.23      0.613196      197.599
928      53.7654      1.35093      1013.2      -2918.42      -1905.23      0.612542      197.601
929      53.8233      1.3488      1011.6      -2916.81      -1905.22      0.611889      197.603
930      53.8813      1.34483      1008.62      -2913.82      -1905.21      0.611236      197.605
931      53.9392      1.33924      1004.43      -2909.63      -1905.19      0.610583      197.606
932      53.9971      1.33231      999.235      -2904.42      -1905.18      0.609929      197.607
933      54.0551      1.32433      993.245      -2898.41      -1905.17      0.609276      197.607
934      54.113      1.3156      986.699      -2891.85      -1905.15      0.608622      197.606
935      54.1709      1.30647      979.855      -2884.99      -1905.14      0.607968      197.605
936      54.2289      1.2973      972.973      -2878.09      -1905.12      0.607314      197.604
937      54.2868      1.28839      966.291      -2871.4      -1905.11      0.60666      197.602
938      54.3448      1.27997      959.98      -2865.09      -1905.11      0.606006      197.599
939      54.4027      1.27216      954.124      -2859.23      -1905.11      0.605352      197.597
940      54.4606      1.26495      948.716      -2853.84      -1905.12      0.604698      197.593
941      54.5186      1.25826      943.695      -2848.82      -1905.13      0.604044      197.59
942      54.5765      1.25197      938.978      -2844.11      -1905.13      0.603391      197.586
943      54.6344      1.24603      934.519      -2839.66      -1905.14      0.602737      197.581
944      54.6924      1.24044      930.333      -2835.46      -1905.13      0.602083      197.576
945      54.7503      1.23536      926.523      -2831.64      -1905.12      0.601429      197.57
946      54.8083      1.23104      923.281      -2828.39      -1905.1      0.600774      197.564
947      54.8662      1.22782      920.867      -2825.95      -1905.09      0.600119      197.557
948      54.9241      1.22611      919.58      -2824.65      -1905.07      0.599462      197.55
949      54.9821      1.22627      919.705      -2824.76      -1905.05      0.598805      197.541
950      55.04      1.2286      921.451      -2826.5      -1905.05      0.598147      197.532
951      55.0979      1.23319      924.89      -2829.95      -1905.06      0.597488      197.522
952      55.1559      1.23989      929.921      -2834.99      -1905.07      0.596827      197.511
953      55.2138      1.24837      936.274      -2841.38      -1905.1      0.596165      197.499
954      55.2717      1.25806      943.546      -2848.68      -1905.13      0.595501      197.486
955      55.3297      1.26833      951.248      -2856.41      -1905.16      0.594837      197.473
956      55.3876      1.2785      958.875      -2864.06      -1905.19      0.594172      197.459
957      55.4456      1.28795      965.962      -2871.17      -1905.21      0.593506      197.444
958      55.5035      1.29618      972.137      -2877.36      -1905.22      0.59284      197.428
959      55.5614      1.30287      977.156      -2882.38      -1905.23      0.592174      197.412
960      55.6194      1.30791      980.934      -2886.16      -1905.22      0.591508      197.396
961      55.6773      1.31135      983.515      -2888.72      -1905.21      0.590843      197.379
962      55.7352      1.31338      985.038      -2890.23      -1905.19      0.590179      197.362
963      55.7932      1.31423      985.67      -2890.85      -1905.18      0.589516      197.346
964      55.8511      1.31409      985.57      -2890.74      -1905.17      0.588854      197.329
965      55.9091      1.31316      984.87      -2890.04      -1905.17      0.588194      197.312
966      55.967      1.31156      983.672      -2888.83      -1905.16      0.587535      197.295
967      56.0249      1.30944      982.079      -2887.23      -1905.15      0.586878      197.279
968      56.0829      1.30697      980.225      -2885.36      -1905.14      0.586223      197.262
969      56.1408      1.30437      978.276      -2883.4      -1905.13      0.585569      197.246
970      56.1987      1.3019      976.425      -2881.54      -1905.11      0.584916      197.229
971      56.2567      1.2998      974.854      -2879.96      -1905.1      0.584265      197.213
972      56.3146      1.29827      973.703      -2878.8      -1905.1      0.583615      197.196
973      56.3725      1.29738      973.032      -2878.14      -1905.1      0.582967      197.18
974      56.4305      1.29706      972.792      -2877.91      -1905.12      0.58232      197.163
975      56.4884      1.29711      972.835      -2877.97      -1905.13      0.581674      197.147
976      56.5464      1.29726      972.942      -2878.09      -1905.15      0.581029      197.131
977      56.6043      1.29716      972.868      -2878.03      -1905.16      0.580386      197.114
978      56.6622      1.29654      972.403      -2877.57      -1905.17      0.579744      197.098
979      56.7202      1.29522      971.411      -2876.58      -1905.17      0.579104      197.081
980      56.7781      1.29315      969.864      -2875.03      -1905.17      0.578465      197.065
981      56.836      1.29046      967.843      -2873      -1905.16      0.577827      197.049
982      56.894      1.28737      965.525      -2870.66      -1905.14      0.577192      197.032
983      56.9519      1.28419      963.146      -2868.27      -1905.12      0.576558      197.016
984      57.0099      1.28131      960.979      -2866.08      -1905.1      0.575926      197.001
985      57.0678      1.27907      959.303      -2864.39      -1905.08      0.575296      196.985
986      57.1257      1.27783      958.372      -2863.44      -1905.07      0.574668      196.97
987      57.1837      1.27788      958.408      -2863.47      -1905.06      0.574042      196.955
988      57.2416      1.27942      959.562      -2864.62      -1905.05      0.573419      196.941
989      57.2995      1.28253      961.898      -2866.95      -1905.06      0.572799      196.927
990      57.3575      1.28716      965.369      -2870.43      -1905.07      0.572181      196.913
991      57.4154      1.29306      969.799      -2874.88      -1905.08      0.571566      196.9
992      57.4733      1.29985      974.89      -2880      -1905.11      0.570954      196.888
993      57.5313      1.30701      980.254      -2885.39      -1905.13      0.570344      196.876
994      57.5892      1.31395      985.459      -2890.62      -1905.16      0.569738      196.865
995      57.6472      1.32012      990.092      -2895.28      -1905.18      0.569136      196.854
996      57.7051      1.32506      993.794      -2898.99      -1905.2      0.568536      196.845
997      57.763      1.3284      996.297      -2901.51      -1905.21      0.56794      196.836
998      57.821      1.32992      997.443      -2902.66      -1905.21      0.567348      196.828
999      57.8789      1.32959      997.19      -2902.4      -1905.21      0.566759      196.82
1000      57.9368      1.32747      995.603      -2900.8      -1905.2      0.566174      196.814
1000      57.9368      1.32747      995.603      -2900.8      -1905.2      0.566174      196.814
Execution time in seconds: 1.90789
