Timestep Time Temperature KineticEnergy PotentialEnergy TotalEnergy DiffusionConstant MeanSquareDisplacement
1      0.0947421      2.41584      1811.88      -3717.47      -1905.59      346.81      197.145
2      0.189484      2.3646      1773.45      -3679.12      -1905.67      173.418      197.159
3      0.284226      2.27843      1708.82      -3614.6      -1905.78      115.621      197.175
4      0.378968      2.1566      1617.45      -3523.33      -1905.89      86.7225      197.191
5      0.473711      1.99937      1499.53      -3405.4      -1905.88      69.3838      197.207
6      0.568453      1.80989      1357.42      -3263.04      -1905.63      57.8246      197.223
7      0.663195      1.59657      1197.43      -3102.44      -1905.01      49.568      197.239
8      0.757937      1.37479      1031.09      -2935.15      -1904.06      43.3753      197.255
9      0.852679      1.16578      874.333      -2777.35      -1903.02      38.5586      197.269
10      0.947421      0.991441      743.581      -2645.87      -1902.29      34.705      197.281
11      1.04216      0.867088      650.316      -2552.43      -1902.11      31.5518      197.293
12      1.13691      0.796847      597.635      -2500.07      -1902.44      28.9239      197.302
13      1.23165      0.77455      580.912      -2483.92      -1903.01      26.7001      197.31
14      1.32639      0.788336      591.252      -2494.84      -1903.59      24.7937      197.317
15      1.42113      0.825428      619.071      -2523.12      -1904.05      23.1415      197.322
16      1.51587      0.874958      656.219      -2560.59      -1904.37      21.6956      197.327
17      1.61062      0.928805      696.604      -2601.18      -1904.58      20.4198      197.33
18      1.70536      0.981272      735.954      -2640.67      -1904.72      19.2856      197.333
19      1.8001      1.02834      771.258      -2676.08      -1904.82      18.2708      197.335
20      1.89484      1.06715      800.36      -2705.25      -1904.89      17.3574      197.337
21      1.98958      1.09585      821.889      -2726.79      -1904.9      16.531      197.339
22      2.08433      1.11391      835.433      -2740.28      -1904.85      15.7797      197.34
23      2.17907      1.12227      841.701      -2746.44      -1904.74      15.0938      197.342
24      2.27381      1.12313      842.344      -2746.95      -1904.61      14.465      197.344
25      2.36855      1.11925      839.436      -2743.93      -1904.5      13.8866      197.347
26      2.46329      1.11315      834.864      -2739.29      -1904.43      13.3527      197.351
27      2.55804      1.10674      830.054      -2734.43      -1904.37      12.8585      197.355
28      2.65278      1.10158      826.186      -2730.49      -1904.31      12.3996      197.36
29      2.74752      1.0994      824.547      -2728.78      -1904.23      11.9724      197.366
30      2.84226      1.10187      826.401      -2730.6      -1904.2      11.5736      197.372
31      2.93701      1.10971      832.279      -2736.53      -1904.25      11.2007      197.379
32      3.03175      1.12197      841.476      -2745.82      -1904.35      10.851      197.385
33      3.12649      1.13663      852.473      -2756.91      -1904.43      10.5225      197.391
34      3.22123      1.1518      863.849      -2768.32      -1904.47      10.2133      197.396
35      3.31597      1.16636      874.771      -2779.25      -1904.48      9.92169      197.4
36      3.41072      1.17987      884.903      -2789.38      -1904.47      9.64621      197.403
37      3.50546      1.19213      894.1      -2798.57      -1904.47      9.38552      197.403
38      3.6002      1.20303      902.275      -2806.74      -1904.46      9.13845      197.401
39      3.69494      1.21266      909.496      -2813.94      -1904.44      8.90392      197.397
40      3.78968      1.2215      916.127      -2820.52      -1904.39      8.68099      197.389
41      3.88443      1.23039      922.795      -2827.14      -1904.35      8.46881      197.379
42      3.97917      1.2402      930.148      -2834.47      -1904.32      8.26663      197.366
43      4.07391      1.25131      938.48      -2842.83      -1904.35      8.07376      197.351
44      4.16865      1.26325      947.44      -2851.85      -1904.41      7.88958      197.334
45      4.26339      1.27477      956.078      -2860.58      -1904.5      7.71356      197.316
46      4.35814      1.28426      963.194      -2867.76      -1904.57      7.54516      197.297
47      4.45288      1.29044      967.831      -2872.43      -1904.6      7.38394      197.279
48      4.54762      1.29275      969.561      -2874.17      -1904.6      7.22947      197.261
49      4.64236      1.29125      968.436      -2873.03      -1904.59      7.08134      197.245
50      4.73711      1.2864      964.798      -2869.37      -1904.57      6.93921      197.231
51      4.83185      1.27892      959.192      -2863.72      -1904.53      6.80273      197.219
52      4.92659      1.26994      952.451      -2856.92      -1904.47      6.67158      197.209
53      5.02133      1.26106      945.793      -2850.17      -1904.38      6.54545      197.201
54      5.11607      1.25421      940.655      -2844.97      -1904.31      6.42406      197.196
55      5.21082      1.25088      938.162      -2842.46      -1904.29      6.30714      197.192
56      5.30556      1.25156      938.673      -2842.98      -1904.31      6.19446      197.19
57      5.4003      1.25597      941.976      -2846.29      -1904.31      6.08579      197.191
58      5.49504      1.26383      947.876      -2852.16      -1904.29      5.98093      197.193
59      5.58978      1.27516      956.373      -2860.65      -1904.28      5.87969      197.197
60      5.68453      1.28971      967.283      -2871.59      -1904.31      5.78189      197.204
61      5.77927      1.30647      979.854      -2884.23      -1904.38      5.68737      197.213
62      5.87401      1.32376      992.822      -2897.27      -1904.45      5.59596      197.224
63      5.96875      1.33979      1004.85      -2909.35      -1904.51      5.5075      197.237
64      6.06349      1.35327      1014.95      -2919.47      -1904.52      5.42186      197.253
65      6.15824      1.3636      1022.7      -2927.22      -1904.52      5.33889      197.269
66      6.25298      1.37062      1027.96      -2932.48      -1904.52      5.25847      197.287
67      6.34772      1.37418      1030.64      -2935.17      -1904.54      5.18047      197.305
68      6.44246      1.37404      1030.53      -2935.08      -1904.55      5.10477      197.324
69      6.53721      1.37015      1027.62      -2932.14      -1904.52      5.03127      197.343
70      6.63195      1.36309      1022.32      -2926.78      -1904.46      4.95986      197.361
71      6.72669      1.3541      1015.58      -2919.96      -1904.38      4.89045      197.379
72      6.82143      1.34475      1008.56      -2912.89      -1904.32      4.82294      197.396
73      6.91617      1.33626      1002.19      -2906.5      -1904.3      4.75727      197.413
74      7.01092      1.32912      996.843      -2901.16      -1904.32      4.69334      197.428
75      7.10566      1.32311      992.336      -2896.69      -1904.36      4.63109      197.442
76      7.2004      1.31762      988.218      -2892.61      -1904.4      4.57044      197.454
77      7.29514      1.31196      983.972      -2888.4      -1904.43      4.51134      197.465
78      7.38988      1.30545      979.089      -2883.56      -1904.47      4.45371      197.475
79      7.48463      1.2975      973.128      -2877.62      -1904.5      4.3975      197.482
80      7.57937      1.28782      965.866      -2870.36      -1904.49      4.34265      197.487
81      7.67411      1.27675      957.56      -2862      -1904.44      4.28909      197.49
82      7.76885      1.26545      949.09      -2853.46      -1904.37      4.23679      197.49
83      7.86359      1.25563      941.72      -2846.02      -1904.3      4.18569      197.487
84      7.95834      1.24861      936.456      -2840.74      -1904.29      4.13575      197.482
85      8.05308      1.2448      933.602      -2837.91      -1904.31      4.08693      197.474
86      8.14782      1.24383      932.87      -2837.21      -1904.34      4.0392      197.464
87      8.24256      1.24493      933.698      -2838.08      -1904.38      3.99252      197.452
88      8.33731      1.24726      935.446      -2839.86      -1904.41      3.94687      197.438
89      8.43205      1.25005      937.54      -2841.97      -1904.43      3.90221      197.421
90      8.52679      1.25283      939.619      -2844.04      -1904.42      3.8585      197.404
91      8.62153      1.25536      941.521      -2845.95      -1904.42      3.81573      197.385
92      8.71627      1.25744      943.08      -2847.53      -1904.44      3.77387      197.364
93      8.81102      1.25856      943.917      -2848.4      -1904.48      3.73288      197.343
94      8.90576      1.25793      943.449      -2847.96      -1904.51      3.69276      197.321
95      9.0005      1.2549      941.176      -2845.7      -1904.52      3.65348      197.299
96      9.09524      1.24932      936.987      -2841.48      -1904.5      3.61501      197.277
97      9.18998      1.24168      931.257      -2835.71      -1904.45      3.57735      197.255
98      9.28473      1.23297      924.729      -2829.12      -1904.4      3.54046      197.233
99      9.37947      1.2245      918.377      -2822.7      -1904.33      3.50433      197.213
100      9.47421      1.2178      913.346      -2817.6      -1904.25      3.46894      197.193
101      9.56895      1.21447      910.85      -2815.04      -1904.19      3.43427      197.174
102      9.66369      1.2159      911.923      -2816.07      -1904.15      3.4003      197.157
103      9.75844      1.22279      917.094      -2821.26      -1904.16      3.36701      197.14
104      9.85318      1.23486      926.143      -2830.37      -1904.23      3.33437      197.125
105      9.94792      1.25071      938.033      -2842.36      -1904.33      3.30238      197.111
106      10.0427      1.26811      951.08      -2855.53      -1904.45      3.271      197.097
107      10.1374      1.28455      963.413      -2867.96      -1904.54      3.24022      197.084
108      10.2321      1.29798      973.486      -2878.08      -1904.59      3.21002      197.072
109      10.3269      1.30722      980.418      -2885      -1904.59      3.18039      197.061
110      10.4216      1.31212      984.09      -2888.63      -1904.54      3.1513      197.05
111      10.5164      1.31337      985.031      -2889.51      -1904.48      3.12274      197.039
112      10.6111      1.31219      984.139      -2888.56      -1904.42      3.0947      197.029
113      10.7059      1.30971      982.284      -2886.67      -1904.39      3.06716      197.019
114      10.8006      1.3066      979.949      -2884.34      -1904.39      3.04011      197.01
115      10.8953      1.30283      977.122      -2881.54      -1904.42      3.01354      197.001
116      10.9901      1.29799      973.494      -2877.94      -1904.44      2.98744      196.993
117      11.0848      1.29168      968.763      -2873.21      -1904.45      2.96181      196.987
118      11.1796      1.28384      962.88      -2867.32      -1904.44      2.93664      196.982
119      11.2743      1.27482      956.119      -2860.52      -1904.4      2.91192      196.979
120      11.3691      1.26541      949.059      -2853.41      -1904.35      2.88764      196.978
121      11.4638      1.25667      942.5      -2846.8      -1904.3      2.86379      196.98
122      11.5585      1.24974      937.302      -2841.55      -1904.25      2.84037      196.983
123      11.6533      1.24554      934.158      -2838.39      -1904.23      2.81736      196.989
124      11.748      1.24448      933.364      -2837.61      -1904.25      2.79474      196.996
125      11.8428      1.24629      934.716      -2839.01      -1904.29      2.77251      197.005
126      11.9375      1.25019      937.641      -2841.98      -1904.33      2.75065      197.015
127      12.0322      1.25532      941.487      -2845.85      -1904.36      2.72914      197.026
128      12.127      1.26105      945.788      -2850.16      -1904.37      2.70797      197.037
129      12.2217      1.26712      950.342      -2854.72      -1904.37      2.68714      197.049
130      12.3165      1.27348      955.11      -2859.48      -1904.37      2.66663      197.061
131      12.4112      1.28014      960.104      -2864.48      -1904.37      2.64644      197.073
132      12.506      1.28717      965.381      -2869.74      -1904.36      2.62656      197.086
133      12.6007      1.29467      970.999      -2875.37      -1904.37      2.60698      197.099
134      12.6954      1.30242      976.815      -2881.22      -1904.4      2.58771      197.112
135      12.7902      1.30969      982.265      -2886.73      -1904.47      2.56873      197.127
136      12.8849      1.3153      986.471      -2890.99      -1904.52      2.55004      197.143
137      12.9797      1.31832      988.738      -2893.26      -1904.53      2.53164      197.159
138      13.0744      1.31882      989.114      -2893.58      -1904.47      2.51352      197.177
139      13.1692      1.31786      988.398      -2892.82      -1904.42      2.49567      197.195
140      13.2639      1.31635      987.261      -2891.71      -1904.45      2.47809      197.215
141      13.3586      1.31378      985.338      -2889.88      -1904.54      2.46076      197.235
142      13.4534      1.30868      981.51      -2886.11      -1904.6      2.44369      197.255
143      13.5481      1.29993      974.949      -2879.55      -1904.6      2.42686      197.276
144      13.6429      1.28769      965.767      -2870.31      -1904.54      2.41025      197.296
145      13.7376      1.27347      955.103      -2859.52      -1904.42      2.39387      197.316
146      13.8323      1.25986      944.897      -2849.18      -1904.28      2.3777      197.335
147      13.9271      1.24991      937.436      -2841.59      -1904.16      2.36173      197.352
148      14.0218      1.24623      934.67      -2838.77      -1904.1      2.34596      197.368
149      14.1166      1.25004      937.529      -2841.66      -1904.13      2.33037      197.381
150      14.2113      1.26089      945.669      -2849.88      -1904.21      2.31497      197.393
151      14.3061      1.27697      957.727      -2862.06      -1904.34      2.29974      197.401
152      14.4008      1.29562      971.713      -2876.19      -1904.48      2.28468      197.407
153      14.4955      1.31388      985.407      -2890.01      -1904.6      2.26978      197.411
154      14.5903      1.32911      996.83      -2901.52      -1904.69      2.25505      197.411
155      14.685      1.33958      1004.69      -2909.39      -1904.71      2.24048      197.409
156      14.7798      1.34487      1008.66      -2913.32      -1904.67      2.22607      197.405
157      14.8745      1.34591      1009.43      -2914      -1904.58      2.21183      197.4
158      14.9693      1.34456      1008.42      -2912.89      -1904.47      2.19776      197.393
159      15.064      1.34291      1007.18      -2911.59      -1904.41      2.18386      197.386
160      15.1587      1.34224      1006.68      -2911.1      -1904.42      2.17013      197.378
161      15.2535      1.34235      1006.76      -2911.25      -1904.49      2.15658      197.372
162      15.3482      1.34195      1006.46      -2911.02      -1904.56      2.1432      197.365
163      15.443      1.33953      1004.65      -2909.25      -1904.6      2.12998      197.36
164      15.5377      1.334      1000.5      -2905.12      -1904.62      2.11694      197.354
165      15.6324      1.32486      993.646      -2898.25      -1904.61      2.10405      197.349
166      15.7272      1.31235      984.264      -2888.82      -1904.55      2.09131      197.343
167      15.8219      1.29754      973.153      -2877.61      -1904.46      2.07873      197.337
168      15.9167      1.28225      961.691      -2866.05      -1904.36      2.06629      197.331
169      16.0114      1.26867      951.499      -2855.76      -1904.27      2.05401      197.325
170      16.1062      1.25856      943.924      -2848.15      -1904.23      2.04186      197.32
171      16.2009      1.25285      939.636      -2843.87      -1904.23      2.02987      197.314
172      16.2956      1.25144      938.58      -2842.85      -1904.27      2.01802      197.31
173      16.3904      1.25361      940.211      -2844.53      -1904.32      2.00632      197.306
174      16.4851      1.25836      943.767      -2848.13      -1904.37      1.99477      197.304
175      16.5799      1.2645      948.374      -2852.8      -1904.43      1.98336      197.303
176      16.6746      1.2707      953.023      -2857.52      -1904.5      1.97209      197.303
177      16.7694      1.27552      956.638      -2861.2      -1904.56      1.96097      197.305
178      16.8641      1.2778      958.353      -2862.94      -1904.58      1.94998      197.308
179      16.9588      1.27705      957.791      -2862.36      -1904.57      1.93914      197.313
180      17.0536      1.27348      955.108      -2859.65      -1904.54      1.92842      197.319
181      17.1483      1.2678      950.851      -2855.35      -1904.5      1.91784      197.326
182      17.2431      1.26108      945.808      -2850.25      -1904.44      1.90738      197.335
183      17.3378      1.25457      940.931      -2845.3      -1904.37      1.89705      197.344
184      17.4325      1.24974      937.304      -2841.6      -1904.3      1.88684      197.355
185      17.5273      1.24795      935.962      -2840.21      -1904.25      1.87675      197.366
186      17.622      1.25001      937.504      -2841.75      -1904.25      1.86677      197.377
187      17.7168      1.25579      941.841      -2846.12      -1904.28      1.85689      197.389
188      17.8115      1.26442      948.312      -2852.64      -1904.33      1.84712      197.4
189      17.9063      1.27475      956.059      -2860.43      -1904.37      1.83746      197.412
190      18.001      1.28575      964.313      -2868.71      -1904.4      1.82788      197.423
191      18.0957      1.29667      972.5      -2876.91      -1904.41      1.81841      197.432
192      18.1905      1.30697      980.226      -2884.65      -1904.43      1.80902      197.441
193      18.2852      1.31625      987.191      -2891.63      -1904.44      1.79971      197.448
194      18.38      1.32418      993.134      -2897.59      -1904.45      1.79048      197.454
195      18.4747      1.33036      997.768      -2902.25      -1904.48      1.78133      197.458
196      18.5695      1.33421      1000.66      -2905.18      -1904.53      1.77226      197.46
197      18.6642      1.33492      1001.19      -2905.76      -1904.57      1.76327      197.46
198      18.7589      1.33181      998.861      -2903.44      -1904.58      1.75434      197.458
199      18.8537      1.32495      993.711      -2898.24      -1904.53      1.7455      197.455
200      18.9484      1.31545      986.59      -2891.02      -1904.43      1.73674      197.451
201      19.0432      1.3053      978.973      -2883.3      -1904.33      1.72806      197.446
202      19.1379      1.29663      972.47      -2876.72      -1904.25      1.71946      197.441
203      19.2326      1.29104      968.283      -2872.51      -1904.23      1.71095      197.436
204      19.3274      1.28909      966.817      -2871.08      -1904.26      1.70252      197.432
205      19.4221      1.28999      967.496      -2871.85      -1904.35      1.69418      197.428
206      19.5169      1.29182      968.865      -2873.34      -1904.48      1.68593      197.425
207      19.6116      1.29202      969.013      -2873.61      -1904.59      1.67776      197.421
208      19.7064      1.28826      966.194      -2870.85      -1904.66      1.66967      197.418
209      19.8011      1.27919      959.394      -2864.05      -1904.66      1.66165      197.415
210      19.8958      1.26484      948.632      -2853.22      -1904.59      1.65371      197.411
211      19.9906      1.24665      934.988      -2839.46      -1904.47      1.64584      197.407
212      20.0853      1.2272      920.401      -2824.72      -1904.32      1.63804      197.403
213      20.1801      1.20974      907.307      -2811.47      -1904.16      1.63031      197.398
214      20.2748      1.19746      898.099      -2802.15      -1904.06      1.62264      197.393
215      20.3696      1.19264      894.479      -2798.51      -1904.03      1.61505      197.388
216      20.4643      1.19595      896.96      -2801.04      -1904.08      1.60753      197.382
217      20.559      1.20632      904.739      -2808.94      -1904.2      1.60009      197.377
218      20.6538      1.2214      916.049      -2820.39      -1904.34      1.59271      197.373
219      20.7485      1.23843      928.822      -2833.27      -1904.44      1.58541      197.369
220      20.8433      1.25515      941.366      -2845.86      -1904.49      1.57818      197.366
221      20.938      1.27036      952.769      -2857.26      -1904.49      1.57103      197.365
222      21.0327      1.2838      962.847      -2867.31      -1904.46      1.56395      197.364
223      21.1275      1.29571      971.783      -2876.22      -1904.43      1.55694      197.365
224      21.2222      1.30636      979.77      -2884.19      -1904.42      1.55      197.367
225      21.317      1.31584      986.877      -2891.3      -1904.43      1.54314      197.37
226      21.4117      1.32402      993.019      -2897.46      -1904.44      1.53634      197.374
227      21.5065      1.33057      997.925      -2902.39      -1904.47      1.5296      197.378
228      21.6012      1.33491      1001.18      -2905.68      -1904.5      1.52293      197.383
229      21.6959      1.33648      1002.36      -2906.88      -1904.52      1.51632      197.388
230      21.7907      1.33493      1001.2      -2905.72      -1904.53      1.50977      197.393
231      21.8854      1.33028      997.707      -2902.22      -1904.51      1.50328      197.399
232      21.9802      1.32289      992.166      -2896.66      -1904.49      1.49684      197.405
233      22.0749      1.31333      985      -2889.47      -1904.47      1.49047      197.412
234      22.1697      1.30226      976.692      -2881.14      -1904.45      1.48415      197.419
235      22.2644      1.2903      967.726      -2872.16      -1904.43      1.4779      197.427
236      22.3591      1.27811      958.581      -2862.99      -1904.41      1.47171      197.437
237      22.4539      1.26647      949.855      -2854.22      -1904.37      1.46558      197.447
238      22.5486      1.25658      942.436      -2846.73      -1904.3      1.45951      197.46
239      22.6434      1.2501      937.576      -2841.79      -1904.21      1.45351      197.474
240      22.7381      1.24881      936.611      -2840.78      -1904.16      1.44756      197.489
241      22.8328      1.25369      940.267      -2844.47      -1904.2      1.44167      197.505
242      22.9276      1.26404      948.028      -2852.34      -1904.31      1.43584      197.522
243      23.0223      1.27767      958.252      -2862.69      -1904.44      1.43006      197.539
244      23.1171      1.29193      968.945      -2873.48      -1904.54      1.42432      197.557
245      23.2118      1.30462      978.463      -2883.06      -1904.59      1.41862      197.573
246      23.3066      1.31433      985.748      -2890.37      -1904.62      1.41297      197.589
247      23.4013      1.32039      990.295      -2894.91      -1904.62      1.40735      197.603
248      23.496      1.32273      992.049      -2896.64      -1904.59      1.40176      197.615
249      23.5908      1.32167      991.253      -2895.82      -1904.57      1.39621      197.625
250      23.6855      1.31773      988.298      -2892.83      -1904.54      1.39068      197.634
251      23.7803      1.31153      983.645      -2888.14      -1904.5      1.38518      197.64
252      23.875      1.30387      977.9      -2882.34      -1904.44      1.37971      197.643
253      23.9698      1.29587      971.905      -2876.28      -1904.37      1.37427      197.645
254      24.0645      1.28888      966.659      -2870.97      -1904.31      1.36885      197.644
255      24.1592      1.28402      963.017      -2867.3      -1904.28      1.36346      197.641
256      24.254      1.28178      961.333      -2865.63      -1904.3      1.3581      197.635
257      24.3487      1.28168      961.259      -2865.62      -1904.36      1.35276      197.627
258      24.4435      1.28246      961.844      -2866.29      -1904.44      1.34744      197.617
259      24.5382      1.28244      961.829      -2866.35      -1904.52      1.34216      197.605
260      24.6329      1.28      959.997      -2864.57      -1904.58      1.3369      197.591
261      24.7277      1.27406      955.547      -2860.13      -1904.58      1.33167      197.575
262      24.8224      1.26451      948.383      -2852.92      -1904.54      1.32648      197.558
263      24.9172      1.25225      939.185      -2843.65      -1904.46      1.32131      197.54
264      25.0119      1.23891      929.179      -2833.55      -1904.37      1.31618      197.52
265      25.1067      1.22625      919.687      -2824      -1904.31      1.31108      197.501
266      25.2014      1.21563      911.721      -2816      -1904.28      1.30601      197.48
267      25.2961      1.20773      905.8      -2810.08      -1904.28      1.30099      197.459
268      25.3909      1.20274      902.059      -2806.34      -1904.28      1.29599      197.438
269      25.4856      1.20062      900.463      -2804.74      -1904.28      1.29104      197.417
270      25.5804      1.20134      901.002      -2805.27      -1904.27      1.28611      197.395
271      25.6751      1.20503      903.771      -2808.03      -1904.25      1.28122      197.373
272      25.7699      1.21188      908.912      -2813.16      -1904.24      1.27636      197.35
273      25.8646      1.22191      916.434      -2820.69      -1904.25      1.27154      197.327
274      25.9593      1.23466      925.993      -2830.29      -1904.3      1.26674      197.302
275      26.0541      1.249      936.753      -2841.13      -1904.37      1.26197      197.278
276      26.1488      1.26329      947.47      -2851.93      -1904.46      1.25724      197.252
277      26.2436      1.27573      956.799      -2861.32      -1904.52      1.25254      197.226
278      26.3383      1.28494      963.702      -2868.24      -1904.54      1.24787      197.201
279      26.433      1.29037      967.775      -2872.29      -1904.52      1.24324      197.175
280      26.5278      1.29252      969.388      -2873.84      -1904.45      1.23864      197.15
281      26.6225      1.29271      969.531      -2873.91      -1904.38      1.23408      197.126
282      26.7173      1.29234      969.257      -2873.61      -1904.35      1.22957      197.104
283      26.812      1.29193      968.946      -2873.35      -1904.4      1.22509      197.083
284      26.9068      1.29072      968.039      -2872.51      -1904.47      1.22066      197.064
285      27.0015      1.2874      965.553      -2870.07      -1904.52      1.21628      197.048
286      27.0962      1.2812      960.903      -2865.4      -1904.5      1.21194      197.034
287      27.191      1.27245      954.334      -2858.77      -1904.44      1.20765      197.023
288      27.2857      1.26239      946.789      -2851.15      -1904.36      1.20341      197.015
289      27.3805      1.25256      939.423      -2843.73      -1904.3      1.19921      197.009
290      27.4752      1.24417      933.128      -2837.41      -1904.28      1.19506      197.007
291      27.57      1.23776      928.323      -2832.61      -1904.28      1.19095      197.007
292      27.6647      1.2334      925.049      -2829.34      -1904.29      1.18689      197.01
293      27.7594      1.23094      923.208      -2827.5      -1904.29      1.18287      197.015
294      27.8542      1.23027      922.701      -2827      -1904.3      1.17889      197.022
295      27.9489      1.23113      923.346      -2827.66      -1904.32      1.17494      197.031
296      28.0437      1.23297      924.731      -2829.09      -1904.36      1.17103      197.04
297      28.1384      1.23496      926.222      -2830.62      -1904.4      1.16715      197.05
298      28.2331      1.2362      927.15      -2831.58      -1904.43      1.16328      197.059
299      28.3279      1.23605      927.036      -2831.48      -1904.44      1.15944      197.067
300      28.4226      1.23435      925.763      -2830.19      -1904.42      1.15562      197.074
301      28.5174      1.23155      923.664      -2828.05      -1904.38      1.15181      197.079
302      28.6121      1.22874      921.556      -2825.87      -1904.31      1.14801      197.082
303      28.7069      1.22752      920.636      -2824.87      -1904.23      1.14422      197.081
304      28.8016      1.22949      922.116      -2826.31      -1904.19      1.14044      197.078
305      28.8963      1.23559      926.695      -2830.9      -1904.2      1.13666      197.073
306      28.9911      1.24566      934.246      -2838.5      -1904.26      1.1329      197.064
307      29.0858      1.25862      943.965      -2848.29      -1904.32      1.12915      197.054
308      29.1806      1.27304      954.779      -2859.16      -1904.38      1.12541      197.041
309      29.2753      1.28751      965.635      -2870.06      -1904.43      1.12169      197.027
310      29.3701      1.30074      975.558      -2880.04      -1904.48      1.11799      197.013
311      29.4648      1.31152      983.642      -2888.17      -1904.52      1.11432      196.999
312      29.5595      1.3188      989.097      -2893.66      -1904.56      1.11067      196.985
313      29.6543      1.32184      991.381      -2895.96      -1904.58      1.10705      196.973
314      29.749      1.32051      990.385      -2894.94      -1904.55      1.10346      196.961
315      29.8438      1.31545      986.587      -2891.08      -1904.49      1.0999      196.95
316      29.9385      1.30811      981.08      -2885.48      -1904.4      1.09636      196.941
317      30.0332      1.30053      975.401      -2879.71      -1904.31      1.09286      196.933
318      30.128      1.29486      971.145      -2875.38      -1904.24      1.08938      196.925
319      30.2227      1.29268      969.507      -2873.72      -1904.21      1.08593      196.918
320      30.3175      1.29455      970.913      -2875.16      -1904.25      1.0825      196.911
321      30.4122      1.29984      974.88      -2879.21      -1904.33      1.07909      196.905
322      30.507      1.30692      980.189      -2884.61      -1904.42      1.0757      196.898
323      30.6017      1.31391      985.435      -2889.91      -1904.48      1.07234      196.893
324      30.6964      1.31955      989.663      -2894.14      -1904.48      1.069      196.888
325      30.7912      1.32352      992.638      -2897.08      -1904.45      1.06569      196.883
326      30.8859      1.3262      994.654      -2899.07      -1904.41      1.0624      196.88
327      30.9807      1.3281      996.078      -2900.49      -1904.41      1.05914      196.878
328      31.0754      1.32933      997.001      -2901.43      -1904.42      1.0559      196.876
329      31.1702      1.32964      997.232      -2901.67      -1904.44      1.05269      196.875
330      31.2649      1.32888      996.658      -2901.07      -1904.42      1.04949      196.874
331      31.3596      1.32747      995.599      -2899.96      -1904.36      1.04632      196.872
332      31.4544      1.32643      994.819      -2899.12      -1904.3      1.04316      196.871
333      31.5491      1.32685      995.135      -2899.4      -1904.27      1.04001      196.869
334      31.6439      1.32921      996.907      -2901.19      -1904.28      1.03689      196.867
335      31.7386      1.33307      999.8      -2904.14      -1904.34      1.03378      196.865
336      31.8333      1.33712      1002.84      -2907.27      -1904.43      1.0307      196.863
337      31.9281      1.33954      1004.66      -2909.19      -1904.53      1.02763      196.862
338      32.0228      1.33836      1003.77      -2908.39      -1904.62      1.02459      196.862
339      32.1176      1.33193      998.944      -2903.62      -1904.67      1.02157      196.862
340      32.2123      1.31951      989.633      -2894.29      -1904.65      1.01857      196.863
341      32.3071      1.30168      976.263      -2880.83      -1904.57      1.01559      196.864
342      32.4018      1.2804      960.304      -2864.74      -1904.44      1.01263      196.866
343      32.4965      1.25863      943.974      -2848.27      -1904.29      1.00969      196.868
344      32.5913      1.23951      929.631      -2833.81      -1904.18      1.00677      196.871
345      32.686      1.22548      919.113      -2823.25      -1904.13      1.00386      196.873
346      32.7808      1.21776      913.318      -2817.47      -1904.15      1.00097      196.876
347      32.8755      1.2162      912.15      -2816.37      -1904.22      0.998108      196.88
348      32.9703      1.21962      914.714      -2819.02      -1904.31      0.99526      196.884
349      33.065      1.22621      919.654      -2824.06      -1904.4      0.992432      196.888
350      33.1597      1.23408      925.559      -2830.03      -1904.47      0.989623      196.894
351      33.2545      1.24167      931.25      -2835.76      -1904.52      0.986835      196.9
352      33.3492      1.24784      935.883      -2840.43      -1904.55      0.984065      196.907
353      33.444      1.25177      938.829      -2843.41      -1904.58      0.981314      196.914
354      33.5387      1.25271      939.532      -2844.14      -1904.61      0.97858      196.922
355      33.6334      1.25023      937.675      -2842.26      -1904.59      0.975864      196.93
356      33.7282      1.24476      933.571      -2838.09      -1904.52      0.973163      196.938
357      33.8229      1.23772      928.287      -2832.71      -1904.43      0.970479      196.947
358      33.9177      1.23091      923.185      -2827.55      -1904.36      0.967811      196.955
359      34.0124      1.2257      919.276      -2823.61      -1904.34      0.965158      196.964
360      34.1072      1.22274      917.052      -2821.37      -1904.32      0.962521      196.973
361      34.2019      1.22237      916.781      -2821.08      -1904.3      0.9599      196.982
362      34.2966      1.22498      918.733      -2823.01      -1904.28      0.957294      196.992
363      34.3914      1.2308      923.103      -2827.39      -1904.28      0.954703      197.001
364      34.4861      1.2397      929.773      -2834.09      -1904.32      0.952126      197.011
365      34.5809      1.25084      938.133      -2842.51      -1904.38      0.949562      197.02
366      34.6756      1.26282      947.114      -2851.57      -1904.46      0.947011      197.029
367      34.7704      1.27391      955.431      -2859.96      -1904.53      0.944471      197.038
368      34.8651      1.28253      961.9      -2866.47      -1904.57      0.941942      197.045
369      34.9598      1.28768      965.757      -2870.33      -1904.58      0.939425      197.053
370      35.0546      1.28918      966.887      -2871.42      -1904.53      0.936918      197.06
371      35.1493      1.28782      965.863      -2870.33      -1904.46      0.934423      197.066
372      35.2441      1.28494      963.705      -2868.1      -1904.4      0.93194      197.072
373      35.3388      1.28188      961.411      -2865.78      -1904.37      0.929469      197.078
374      35.4335      1.27936      959.52      -2863.9      -1904.38      0.927011      197.084
375      35.5283      1.27729      957.971      -2862.39      -1904.42      0.924565      197.089
376      35.623      1.27515      956.364      -2860.82      -1904.45      0.922132      197.095
377      35.7178      1.27258      954.437      -2858.88      -1904.44      0.919713      197.101
378      35.8125      1.26991      952.429      -2856.83      -1904.4      0.917306      197.106
379      35.9073      1.26806      951.048      -2855.4      -1904.35      0.914911      197.112
380      36.002      1.26808      951.059      -2855.38      -1904.32      0.912528      197.117
381      36.0967      1.27038      952.782      -2857.12      -1904.34      0.910157      197.122
382      36.1915      1.27458      955.938      -2860.32      -1904.38      0.907798      197.127
383      36.2862      1.27986      959.898      -2864.32      -1904.42      0.905451      197.132
384      36.381      1.28538      964.033      -2868.47      -1904.44      0.903115      197.137
385      36.4757      1.2905      967.878      -2872.33      -1904.45      0.900791      197.142
386      36.5705      1.29477      971.077      -2875.55      -1904.47      0.89848      197.147
387      36.6652      1.29778      973.332      -2877.82      -1904.48      0.896181      197.152
388      36.7599      1.29929      974.47      -2878.95      -1904.49      0.893895      197.157
389      36.8547      1.29936      974.521      -2879      -1904.47      0.891621      197.162
390      36.9494      1.29822      973.666      -2878.13      -1904.47      0.889359      197.168
391      37.0442      1.2961      972.077      -2876.54      -1904.47      0.887108      197.173
392      37.1389      1.29312      969.843      -2874.31      -1904.47      0.884867      197.178
393      37.2336      1.28941      967.061      -2871.52      -1904.46      0.882636      197.183
394      37.3284      1.28526      963.942      -2868.39      -1904.45      0.880415      197.187
395      37.4231      1.28107      960.803      -2865.23      -1904.43      0.878204      197.191
396      37.5179      1.27732      957.989      -2862.4      -1904.41      0.876002      197.194
397      37.6126      1.27452      955.891      -2860.27      -1904.38      0.873812      197.198
398      37.7074      1.27341      955.055      -2859.38      -1904.33      0.871633      197.202
399      37.8021      1.27494      956.204      -2860.48      -1904.28      0.869467      197.206
400      37.8968      1.28001      960.006      -2864.27      -1904.26      0.867314      197.211
401      37.9916      1.28884      966.631      -2870.93      -1904.3      0.865175      197.216
402      38.0863      1.30063      975.472      -2879.85      -1904.38      0.863051      197.223
403      38.1811      1.31377      985.326      -2889.79      -1904.47      0.86094      197.23
404      38.2758      1.32641      994.806      -2899.35      -1904.54      0.858844      197.238
405      38.3706      1.33682      1002.62      -2907.23      -1904.61      0.856759      197.246
406      38.4653      1.34356      1007.67      -2912.32      -1904.66      0.854685      197.254
407      38.56      1.34569      1009.27      -2913.93      -1904.66      0.85262      197.262
408      38.6548      1.34306      1007.3      -2911.94      -1904.65      0.85056      197.269
409      38.7495      1.33604      1002.03      -2906.66      -1904.63      0.848504      197.275
410      38.8443      1.32511      993.836      -2898.45      -1904.62      0.846451      197.279
411      38.939      1.3109      983.177      -2887.73      -1904.56      0.844399      197.28
412      39.0337      1.29485      971.137      -2875.57      -1904.43      0.842348      197.28
413      39.1285      1.27963      959.72      -2863.98      -1904.26      0.840298      197.278
414      39.2232      1.2684      951.302      -2855.45      -1904.15      0.838248      197.273
415      39.318      1.26335      947.511      -2851.65      -1904.14      0.8362      197.266
416      39.4127      1.26457      948.424      -2852.66      -1904.23      0.834153      197.257
417      39.5075      1.27014      952.608      -2856.98      -1904.37      0.832108      197.247
418      39.6022      1.27711      957.832      -2862.34      -1904.51      0.830067      197.235
419      39.6969      1.28265      961.985      -2866.57      -1904.58      0.828031      197.222
420      39.7917      1.28499      963.742      -2868.33      -1904.59      0.825998      197.207
421      39.8864      1.28376      962.822      -2867.36      -1904.54      0.823972      197.192
422      39.9812      1.27979      959.844      -2864.3      -1904.46      0.82195      197.175
423      40.0759      1.27453      955.897      -2860.28      -1904.38      0.819935      197.158
424      40.1707      1.26937      952.028      -2856.37      -1904.35      0.817925      197.139
425      40.2654      1.26508      948.812      -2853.16      -1904.35      0.81592      197.12
426      40.3601      1.26161      946.207      -2850.6      -1904.39      0.813921      197.1
427      40.4549      1.25826      943.692      -2848.13      -1904.44      0.811928      197.079
428      40.5496      1.25414      940.601      -2845.08      -1904.48      0.80994      197.057
429      40.6444      1.24864      936.478      -2840.96      -1904.48      0.807958      197.034
430      40.7391      1.24173      931.294      -2835.76      -1904.46      0.805981      197.01
431      40.8338      1.23395      925.463      -2829.88      -1904.42      0.80401      196.985
432      40.9286      1.22632      919.742      -2824.1      -1904.36      0.802046      196.96
433      41.0233      1.22017      915.126      -2819.43      -1904.3      0.800089      196.934
434      41.1181      1.2168      912.6      -2816.86      -1904.26      0.798139      196.908
435      41.2128      1.21705      912.788      -2817.06      -1904.27      0.7962      196.882
436      41.3076      1.22095      915.711      -2820.03      -1904.31      0.794271      196.856
437      41.4023      1.22768      920.757      -2825.14      -1904.39      0.792355      196.832
438      41.497      1.23592      926.939      -2831.39      -1904.45      0.790451      196.808
439      41.5918      1.24437      933.275      -2837.77      -1904.49      0.788563      196.786
440      41.6865      1.25212      939.094      -2843.6      -1904.5      0.78669      196.766
441      41.7813      1.25886      944.146      -2848.64      -1904.5      0.784832      196.748
442      41.876      1.26462      948.464      -2852.95      -1904.48      0.78299      196.731
443      41.9708      1.26951      952.135      -2856.61      -1904.48      0.781163      196.716
444      42.0655      1.27349      955.119      -2859.6      -1904.48      0.779349      196.702
445      42.1602      1.27623      957.171      -2861.67      -1904.5      0.777548      196.69
446      42.255      1.27722      957.918      -2862.44      -1904.52      0.775757      196.678
447      42.3497      1.27603      957.026      -2861.54      -1904.52      0.773976      196.666
448      42.4445      1.27256      954.423      -2858.91      -1904.49      0.772204      196.655
449      42.5392      1.26729      950.468      -2854.9      -1904.43      0.770438      196.643
450      42.6339      1.26125      945.941      -2850.31      -1904.36      0.768679      196.631
451      42.7287      1.25582      941.867      -2846.17      -1904.3      0.766926      196.619
452      42.8234      1.2523      939.225      -2843.48      -1904.26      0.76518      196.606
453      42.9182      1.25151      938.632      -2842.89      -1904.26      0.76344      196.593
454      43.0129      1.25349      940.117      -2844.41      -1904.3      0.761708      196.58
455      43.1077      1.25746      943.096      -2847.46      -1904.36      0.759983      196.566
456      43.2024      1.26215      946.609      -2851.04      -1904.43      0.758266      196.553
457      43.2971      1.26624      949.683      -2854.15      -1904.47      0.756557      196.541
458      43.3919      1.26882      951.613      -2856.1      -1904.49      0.754856      196.528
459      43.4866      1.26941      952.056      -2856.54      -1904.49      0.753164      196.515
460      43.5814      1.268      950.997      -2855.47      -1904.47      0.75148      196.503
461      43.6761      1.26489      948.669      -2853.12      -1904.45      0.749805      196.491
462      43.7709      1.26057      945.428      -2849.87      -1904.44      0.748138      196.48
463      43.8656      1.25544      941.58      -2846.02      -1904.44      0.746481      196.469
464      43.9603      1.24977      937.325      -2841.76      -1904.43      0.744833      196.459
465      44.0551      1.24391      932.93      -2837.33      -1904.4      0.743195      196.449
466      44.1498      1.23867      929.003      -2833.34      -1904.34      0.741568      196.44
467      44.2446      1.23544      926.577      -2830.84      -1904.26      0.739951      196.433
468      44.3393      1.23574      926.805      -2831.01      -1904.2      0.738347      196.427
469      44.434      1.24058      930.433      -2834.63      -1904.2      0.736753      196.422
470      44.5288      1.2499      937.422      -2841.67      -1904.25      0.735171      196.418
471      44.6235      1.26261      946.956      -2851.28      -1904.33      0.733601      196.415
472      44.7183      1.27696      957.722      -2862.14      -1904.42      0.732042      196.414
473      44.813      1.29096      968.223      -2872.73      -1904.51      0.730496      196.414
474      44.9078      1.30274      977.054      -2881.62      -1904.57      0.728962      196.416
475      45.0025      1.31085      983.136      -2887.74      -1904.6      0.727442      196.42
476      45.0972      1.31447      985.854      -2890.46      -1904.6      0.725934      196.426
477      45.192      1.31358      985.181      -2889.74      -1904.56      0.724441      196.433
478      45.2867      1.30898      981.734      -2886.22      -1904.48      0.722962      196.444
479      45.3815      1.30213      976.595      -2881      -1904.41      0.721499      196.456
480      45.4762      1.29449      970.867      -2875.23      -1904.36      0.720051      196.471
481      45.571      1.28702      965.266      -2869.62      -1904.35      0.71862      196.489
482      45.6657      1.27998      959.982      -2864.36      -1904.38      0.717206      196.51
483      45.7604      1.2731      954.826      -2859.24      -1904.41      0.715809      196.534
484      45.8552      1.26605      949.538      -2853.96      -1904.42      0.714429      196.562
485      45.9499      1.25881      944.105      -2848.51      -1904.41      0.713066      196.592
486      46.0447      1.25192      938.94      -2843.3      -1904.36      0.711718      196.625
487      46.1394      1.24642      934.813      -2839.12      -1904.31      0.710384      196.66
488      46.2341      1.24346      932.595      -2836.86      -1904.27      0.709064      196.698
489      46.3289      1.24391      932.936      -2837.19      -1904.26      0.707755      196.737
490      46.4236      1.24799      935.995      -2840.28      -1904.28      0.706456      196.777
491      46.5184      1.25512      941.338      -2845.67      -1904.34      0.705165      196.819
492      46.6131      1.26412      948.091      -2852.48      -1904.39      0.70388      196.86
493      46.7079      1.27368      955.263      -2859.7      -1904.44      0.7026      196.902
494      46.8026      1.28274      962.052      -2866.51      -1904.46      0.701324      196.943
495      46.8973      1.29057      967.926      -2872.4      -1904.47      0.70005      196.983
496      46.9921      1.2967      972.524      -2877.01      -1904.48      0.698778      197.022
497      47.0868      1.30072      975.54      -2880.04      -1904.5      0.697507      197.06
498      47.1816      1.30227      976.7      -2881.21      -1904.51      0.696236      197.097
499      47.2763      1.30116      975.868      -2880.37      -1904.5      0.694965      197.132
500      47.3711      1.29753      973.151      -2877.62      -1904.47      0.693695      197.166
501      47.4658      1.29197      968.975      -2873.4      -1904.42      0.692426      197.199
502      47.5605      1.28546      964.096      -2868.46      -1904.36      0.691157      197.231
503      47.6553      1.27926      959.444      -2863.75      -1904.31      0.689891      197.262
504      47.75      1.27451      955.883      -2860.16      -1904.27      0.688626      197.291
505      47.8448      1.27207      954.053      -2858.3      -1904.25      0.687364      197.321
506      47.9395      1.27242      954.314      -2858.56      -1904.25      0.686104      197.349
507      48.0342      1.27557      956.678      -2860.95      -1904.27      0.684848      197.377
508      48.129      1.28092      960.692      -2865.03      -1904.33      0.683595      197.404
509      48.2237      1.28726      965.442      -2869.84      -1904.4      0.682345      197.431
510      48.3185      1.29317      969.874      -2874.32      -1904.45      0.681097      197.457
511      48.4132      1.29758      973.184      -2877.65      -1904.47      0.679851      197.483
512      48.508      1.29992      974.937      -2879.41      -1904.48      0.678605      197.506
513      48.6027      1.29993      974.947      -2879.43      -1904.48      0.677358      197.529
514      48.6974      1.29751      973.131      -2877.62      -1904.49      0.67611      197.549
515      48.7922      1.29262      969.467      -2873.95      -1904.49      0.674859      197.567
516      48.8869      1.28537      964.025      -2868.51      -1904.49      0.673606      197.583
517      48.9817      1.27599      956.991      -2861.47      -1904.48      0.672349      197.597
518      49.0764      1.26496      948.72      -2853.18      -1904.46      0.671089      197.608
519      49.1712      1.25311      939.83      -2844.24      -1904.41      0.669826      197.617
520      49.2659      1.24177      931.325      -2835.67      -1904.34      0.668561      197.624
521      49.3606      1.23278      924.584      -2828.84      -1904.26      0.667294      197.628
522      49.4554      1.228      921.002      -2825.21      -1904.21      0.666025      197.631
523      49.5501      1.22851      921.38      -2825.61      -1904.23      0.664756      197.633
524      49.6449      1.23391      925.434      -2829.76      -1904.33      0.663488      197.632
525      49.7396      1.24243      931.826      -2836.28      -1904.45      0.66222      197.631
526      49.8343      1.25164      938.73      -2843.28      -1904.55      0.660955      197.629
527      49.9291      1.25948      944.611      -2849.2      -1904.59      0.659692      197.627
528      50.0238      1.26501      948.756      -2853.32      -1904.57      0.658432      197.624
529      50.1186      1.26843      951.322      -2855.83      -1904.51      0.657177      197.621
530      50.2133      1.27066      952.992      -2857.45      -1904.46      0.655926      197.617
531      50.3081      1.27263      954.472      -2858.9      -1904.43      0.65468      197.614
532      50.4028      1.27484      956.131      -2860.57      -1904.44      0.653439      197.611
533      50.4975      1.27724      957.928      -2862.38      -1904.45      0.652205      197.608
534      50.5923      1.27946      959.592      -2864.05      -1904.46      0.650977      197.607
535      50.687      1.28119      960.891      -2865.35      -1904.46      0.649757      197.606
536      50.7818      1.2823      961.725      -2866.18      -1904.46      0.648545      197.606
537      50.8765      1.28259      961.946      -2866.43      -1904.48      0.647342      197.607
538      50.9713      1.28149      961.117      -2865.65      -1904.53      0.646148      197.61
539      51.066      1.27801      958.505      -2863.09      -1904.58      0.644962      197.614
540      51.1607      1.27117      953.377      -2857.99      -1904.61      0.643784      197.619
541      51.2555      1.2606      945.449      -2850.04      -1904.59      0.642613      197.625
542      51.3502      1.24699      935.243      -2839.74      -1904.5      0.641449      197.631
543      51.445      1.23223      924.173      -2828.55      -1904.38      0.640289      197.638
544      51.5397      1.219      914.253      -2818.5      -1904.25      0.639132      197.644
545      51.6344      1.21001      907.505      -2811.66      -1904.16      0.637976      197.649
546      51.7292      1.20709      905.318      -2809.45      -1904.14      0.636821      197.653
547      51.8239      1.21072      908.042      -2812.22      -1904.18      0.635665      197.656
548      51.9187      1.22006      915.041      -2819.29      -1904.25      0.634509      197.657
549      52.0134      1.23347      925.1      -2829.43      -1904.33      0.633353      197.657
550      52.1082      1.24909      936.82      -2841.23      -1904.41      0.632196      197.655
551      52.2029      1.26516      948.867      -2853.34      -1904.47      0.631041      197.653
552      52.2976      1.28019      960.145      -2864.65      -1904.51      0.629886      197.649
553      52.3924      1.29325      969.935      -2874.45      -1904.52      0.628734      197.645
554      52.4871      1.30389      977.918      -2882.44      -1904.52      0.627585      197.641
555      52.5819      1.31202      984.015      -2888.54      -1904.52      0.626438      197.636
556      52.6766      1.31758      988.184      -2892.72      -1904.53      0.625295      197.631
557      52.7714      1.32052      990.392      -2894.92      -1904.53      0.624156      197.625
558      52.8661      1.32117      990.875      -2895.36      -1904.49      0.623022      197.62
559      52.9608      1.32061      990.459      -2894.86      -1904.4      0.621891      197.615
560      53.0556      1.32067      990.506      -2894.82      -1904.31      0.620766      197.61
561      53.1503      1.32302      992.262      -2896.55      -1904.29      0.619645      197.606
562      53.2451      1.328      996.001      -2900.35      -1904.35      0.618529      197.602
563      53.3398      1.33448      1000.86      -2905.3      -1904.44      0.617417      197.597
564      53.4345      1.34072      1005.54      -2910.03      -1904.5      0.616309      197.593
565      53.5293      1.34526      1008.94      -2913.48      -1904.54      0.615206      197.589
566      53.624      1.34712      1010.34      -2914.91      -1904.56      0.614105      197.585
567      53.7188      1.34565      1009.24      -2913.81      -1904.57      0.613008      197.58
568      53.8135      1.3406      1005.45      -2910.01      -1904.56      0.611912      197.575
569      53.9083      1.33231      999.23      -2903.75      -1904.51      0.610819      197.569
570      54.003      1.32158      991.183      -2895.65      -1904.47      0.609728      197.563
571      54.0977      1.30942      982.067      -2886.49      -1904.42      0.608638      197.556
572      54.1925      1.29678      972.586      -2876.98      -1904.39      0.607551      197.548
573      54.2872      1.28437      963.275      -2867.65      -1904.38      0.606467      197.54
574      54.382      1.27263      954.476      -2858.85      -1904.37      0.605385      197.532
575      54.4767      1.2618      946.349      -2850.73      -1904.38      0.604305      197.523
576      54.5715      1.25194      938.954      -2843.34      -1904.38      0.603229      197.514
577      54.6662      1.24318      932.382      -2836.76      -1904.38      0.602153      197.505
578      54.7609      1.23579      926.843      -2831.2      -1904.36      0.60108      197.494
579      54.8557      1.23028      922.707      -2827.04      -1904.34      0.600006      197.482
580      54.9504      1.2273      920.476      -2824.78      -1904.3      0.598933      197.47
581      55.0452      1.22748      920.613      -2824.91      -1904.3      0.597859      197.456
582      55.1399      1.23096      923.223      -2827.55      -1904.33      0.596785      197.44
583      55.2346      1.23716      927.866      -2832.25      -1904.39      0.595711      197.423
584      55.3294      1.24498      933.736      -2838.17      -1904.44      0.594638      197.406
585      55.4241      1.25344      940.079      -2844.54      -1904.46      0.593565      197.387
586      55.5189      1.26194      946.459      -2850.92      -1904.46      0.592494      197.368
587      55.6136      1.27018      952.636      -2857.1      -1904.47      0.591425      197.348
588      55.7084      1.27776      958.318      -2862.81      -1904.49      0.59036      197.328
589      55.8031      1.28413      963.099      -2867.61      -1904.51      0.589296      197.307
590      55.8978      1.28873      966.551      -2871.08      -1904.52      0.588236      197.287
591      55.9926      1.29116      968.367      -2872.89      -1904.52      0.587177      197.265
592      56.0873      1.29135      968.514      -2873.02      -1904.5      0.58612      197.243
593      56.1821      1.2897      967.272      -2871.74      -1904.47      0.585064      197.221
594      56.2768      1.2868      965.101      -2869.54      -1904.44      0.58401      197.197
595      56.3716      1.28326      962.441      -2866.87      -1904.43      0.582957      197.173
596      56.4663      1.27949      959.618      -2864.03      -1904.41      0.581907      197.149
597      56.561      1.27587      956.903      -2861.29      -1904.39      0.58086      197.124
598      56.6558      1.27292      954.689      -2859.04      -1904.35      0.579817      197.1
599      56.7505      1.27137      953.529      -2857.84      -1904.31      0.578779      197.076
600      56.8453      1.27194      953.952      -2858.24      -1904.29      0.577747      197.053
601      56.94      1.275      956.251      -2860.53      -1904.28      0.576722      197.031
602      57.0347      1.2805      960.374      -2864.67      -1904.3      0.575704      197.011
603      57.1295      1.288      965.999      -2870.32      -1904.32      0.574694      196.992
604      57.2242      1.29687      972.65      -2877      -1904.35      0.573691      196.974
605      57.319      1.30632      979.737      -2884.12      -1904.38      0.572695      196.958
606      57.4137      1.31544      986.58      -2891      -1904.42      0.571705      196.942
607      57.5085      1.32324      992.432      -2896.9      -1904.47      0.570721      196.928
608      57.6032      1.32866      996.492      -2901      -1904.51      0.569742      196.914
609      57.6979      1.3307      998.024      -2902.56      -1904.54      0.568768      196.9
610      57.7927      1.32877      996.575      -2901.11      -1904.53      0.567799      196.888
611      57.8874      1.32294      992.203      -2896.69      -1904.49      0.566836      196.876
612      57.9822      1.31401      985.511      -2889.95      -1904.44      0.565879      196.865
613      58.0769      1.30325      977.44      -2881.82      -1904.38      0.564928      196.856
614      58.1717      1.29188      968.914      -2873.27      -1904.35      0.563984      196.847
615      58.2664      1.28077      960.577      -2864.92      -1904.35      0.563046      196.84
616      58.3611      1.2703      952.724      -2857.09      -1904.36      0.562116      196.834
617      58.4559      1.26053      945.4      -2849.78      -1904.38      0.561193      196.83
618      58.5506      1.25141      938.56      -2842.96      -1904.4      0.560278      196.828
619      58.6454      1.24281      932.105      -2836.53      -1904.43      0.559371      196.827
620      58.7401      1.23447      925.852      -2830.31      -1904.46      0.558472      196.828
621      58.8348      1.22615      919.616      -2824.09      -1904.48      0.55758      196.831
622      58.9296      1.21798      913.487      -2817.93      -1904.44      0.556694      196.835
623      59.0243      1.21082      908.116      -2812.49      -1904.37      0.555815      196.84
624      59.1191      1.20612      904.588      -2808.9      -1904.31      0.55494      196.845
625      59.2138      1.20508      903.807      -2808.1      -1904.29      0.554071      196.852
626      59.3086      1.208      906.001      -2810.31      -1904.31      0.553207      196.859
627      59.4033      1.21441      910.807      -2815.15      -1904.34      0.552349      196.868
628      59.498      1.22346      917.595      -2821.97      -1904.38      0.551497      196.878
629      59.5928      1.23417      925.625      -2830.04      -1904.42      0.550651      196.889
630      59.6875      1.24553      934.145      -2838.59      -1904.44      0.549812      196.901
631      59.7823      1.25672      942.538      -2847      -1904.46      0.548979      196.915
632      59.877      1.26709      950.314      -2854.8      -1904.49      0.548153      196.93
633      59.9718      1.27576      956.823      -2861.38      -1904.55      0.547332      196.947
634      60.0665      1.28133      960.998      -2865.63      -1904.64      0.546518      196.964
635      60.1612      1.28221      961.66      -2866.33      -1904.67      0.54571      196.983
636      60.256      1.27776      958.319      -2862.94      -1904.62      0.544908      197.004
637      60.3507      1.26905      951.789      -2856.27      -1904.49      0.544112      197.025
638      60.4455      1.25869      944.02      -2848.35      -1904.33      0.543321      197.048
639      60.5402      1.24974      937.307      -2841.52      -1904.21      0.542534      197.071
640      60.6349      1.24463      933.469      -2837.62      -1904.15      0.54175      197.094
641      60.7297      1.24458      933.433      -2837.59      -1904.15      0.540967      197.117
642      60.8244      1.24961      937.209      -2841.41      -1904.2      0.540185      197.139
643      60.9192      1.25886      944.143      -2848.4      -1904.26      0.539402      197.159
644      61.0139      1.27099      953.243      -2857.56      -1904.32      0.538617      197.179
645      61.1087      1.28458      963.435      -2867.81      -1904.37      0.53783      197.196
646      61.2034      1.29824      973.681      -2878.11      -1904.43      0.53704      197.212
647      61.2981      1.31065      982.988      -2887.47      -1904.48      0.536249      197.226
648      61.3929      1.32051      990.385      -2894.92      -1904.53      0.535455      197.239
649      61.4876      1.32672      995.039      -2899.59      -1904.56      0.534659      197.249
650      61.5824      1.32875      996.563      -2901.09      -1904.53      0.533863      197.259
651      61.6771      1.32712      995.338      -2899.79      -1904.45      0.533067      197.268
652      61.7719      1.32328      992.464      -2896.83      -1904.36      0.532272      197.277
653      61.8666      1.31902      989.264      -2893.57      -1904.3      0.53148      197.285
654      61.9613      1.31559      986.692      -2890.97      -1904.28      0.530691      197.294
655      62.0561      1.31347      985.106      -2889.4      -1904.29      0.529905      197.303
656      62.1508      1.31256      984.418      -2888.74      -1904.32      0.529122      197.312
657      62.2456      1.31243      984.323      -2888.67      -1904.35      0.528343      197.322
658      62.3403      1.31263      984.475      -2888.84      -1904.37      0.527568      197.333
659      62.435      1.31287      984.653      -2889.03      -1904.37      0.526797      197.343
660      62.5298      1.3133      984.976      -2889.32      -1904.34      0.526029      197.355
661      62.6245      1.31468      986.011      -2890.3      -1904.29      0.525265      197.367
662      62.7193      1.31804      988.529      -2892.79      -1904.26      0.524504      197.379
663      62.814      1.32384      992.876      -2897.17      -1904.3      0.523747      197.392
664      62.9088      1.33132      998.486      -2902.87      -1904.38      0.522992      197.405
665      63.0035      1.33881      1004.1      -2908.56      -1904.46      0.52224      197.418
666      63.0982      1.34464      1008.48      -2912.98      -1904.5      0.521488      197.43
667      63.193      1.34783      1010.87      -2915.38      -1904.5      0.520738      197.442
668      63.2877      1.34802      1011.02      -2915.51      -1904.5      0.519987      197.453
669      63.3825      1.34519      1008.89      -2913.39      -1904.49      0.519236      197.463
670      63.4772      1.33947      1004.6      -2909.08      -1904.48      0.518483      197.471
671      63.572      1.33128      998.458      -2902.91      -1904.45      0.517728      197.478
672      63.6667      1.32136      991.019      -2895.43      -1904.41      0.516971      197.483
673      63.7614      1.31062      982.963      -2887.34      -1904.38      0.516211      197.486
674      63.8562      1.29985      974.888      -2879.25      -1904.36      0.515448      197.487
675      63.9509      1.28967      967.253      -2871.59      -1904.34      0.514684      197.487
676      64.0457      1.28058      960.434      -2864.76      -1904.33      0.513918      197.485
677      64.1404      1.2729      954.678      -2859.01      -1904.33      0.513151      197.482
678      64.2351      1.26662      949.964      -2854.32      -1904.36      0.512383      197.478
679      64.3299      1.26129      945.964      -2850.36      -1904.39      0.511616      197.473
680      64.4246      1.25633      942.244      -2846.65      -1904.41      0.510848      197.467
681      64.5194      1.25144      938.578      -2842.97      -1904.39      0.510081      197.461
682      64.6141      1.24684      935.127      -2839.48      -1904.35      0.509314      197.453
683      64.7089      1.24314      932.355      -2836.67      -1904.31      0.508548      197.445
684      64.8036      1.24101      930.756      -2835.05      -1904.29      0.507783      197.437
685      64.8983      1.24071      930.535      -2834.84      -1904.3      0.507017      197.428
686      64.9931      1.24189      931.418      -2835.77      -1904.35      0.506253      197.418
687      65.0878      1.24361      932.704      -2837.11      -1904.4      0.505489      197.407
688      65.1826      1.24471      933.531      -2837.97      -1904.44      0.504728      197.397
689      65.2773      1.24428      933.213      -2837.68      -1904.46      0.503968      197.386
690      65.3721      1.24192      931.44      -2835.9      -1904.46      0.503211      197.376
691      65.4668      1.23769      928.264      -2832.71      -1904.44      0.502457      197.365
692      65.5615      1.23195      923.959      -2828.38      -1904.42      0.501706      197.356
693      65.6563      1.22519      918.891      -2823.3      -1904.4      0.500959      197.347
694      65.751      1.21795      913.461      -2817.85      -1904.39      0.500216      197.338
695      65.8458      1.21082      908.112      -2812.47      -1904.36      0.499477      197.331
696      65.9405      1.20445      903.341      -2807.67      -1904.33      0.498741      197.323
697      66.0352      1.19954      899.657      -2803.97      -1904.31      0.498009      197.317
698      66.13      1.19662      897.464      -2801.76      -1904.3      0.497281      197.311
699      66.2247      1.19592      896.943      -2801.25      -1904.3      0.496557      197.306
700      66.3195      1.19729      897.97      -2802.3      -1904.33      0.495835      197.301
701      66.4142      1.20021      900.154      -2804.51      -1904.36      0.495117      197.297
702      66.509      1.20402      903.013      -2807.39      -1904.38      0.494401      197.292
703      66.6037      1.20821      906.159      -2810.54      -1904.38      0.493687      197.288
704      66.6984      1.21248      909.362      -2813.75      -1904.38      0.492974      197.284
705      66.7932      1.21674      912.552      -2816.93      -1904.38      0.492262      197.278
706      66.8879      1.22106      915.795      -2820.16      -1904.37      0.49155      197.273
707      66.9827      1.22567      919.252      -2823.61      -1904.36      0.490839      197.266
708      67.0774      1.23082      923.114      -2827.47      -1904.35      0.490126      197.258
709      67.1722      1.23671      927.529      -2831.88      -1904.35      0.489412      197.249
710      67.2669      1.24342      932.566      -2836.92      -1904.35      0.488696      197.238
711      67.3616      1.25097      938.23      -2842.59      -1904.36      0.487978      197.226
712      67.4564      1.2593      944.473      -2848.84      -1904.37      0.487257      197.212
713      67.5511      1.2682      951.149      -2855.53      -1904.38      0.486535      197.196
714      67.6459      1.27728      957.959      -2862.36      -1904.4      0.485812      197.179
715      67.7406      1.28606      964.546      -2868.96      -1904.42      0.485089      197.161
716      67.8353      1.29415      970.613      -2875.04      -1904.43      0.484367      197.143
717      67.9301      1.30124      975.927      -2880.37      -1904.44      0.483647      197.125
718      68.0248      1.30698      980.239      -2884.7      -1904.46      0.482929      197.107
719      68.1196      1.31097      983.23      -2887.71      -1904.48      0.482215      197.09
720      68.2143      1.3127      984.524      -2889.04      -1904.51      0.481504      197.073
721      68.3091      1.31171      983.781      -2888.3      -1904.52      0.480797      197.057
722      68.4038      1.30791      980.932      -2885.44      -1904.5      0.480095      197.042
723      68.4985      1.30177      976.326      -2880.79      -1904.46      0.479397      197.028
724      68.5933      1.29422      970.666      -2875.08      -1904.41      0.478704      197.015
725      68.688      1.28637      964.777      -2869.14      -1904.37      0.478016      197.004
726      68.7828      1.27918      959.386      -2863.72      -1904.34      0.477333      196.994
727      68.8775      1.27342      955.062      -2859.37      -1904.31      0.476655      196.985
728      68.9723      1.26964      952.229      -2856.53      -1904.3      0.47598      196.977
729      69.067      1.26815      951.112      -2855.41      -1904.3      0.47531      196.969
730      69.1617      1.26883      951.625      -2855.96      -1904.33      0.474643      196.963
731      69.2565      1.27113      953.347      -2857.72      -1904.37      0.47398      196.957
732      69.3512      1.27422      955.665      -2860.08      -1904.41      0.473322      196.953
733      69.446      1.27731      957.98      -2862.42      -1904.44      0.472668      196.949
734      69.5407      1.27975      959.814      -2864.27      -1904.46      0.472019      196.947
735      69.6354      1.28111      960.829      -2865.3      -1904.47      0.471376      196.947
736      69.7302      1.28109      960.817      -2865.29      -1904.48      0.470738      196.948
737      69.8249      1.27967      959.755      -2864.22      -1904.46      0.470104      196.95
738      69.9197      1.27719      957.893      -2862.32      -1904.43      0.469475      196.953
739      70.0144      1.27434      955.752      -2860.14      -1904.38      0.468849      196.957
740      70.1092      1.27203      954.022      -2858.36      -1904.34      0.468227      196.962
741      70.2039      1.2712      953.401      -2857.7      -1904.3      0.467606      196.967
742      70.2986      1.27257      954.43      -2858.71      -1904.29      0.466988      196.972
743      70.3934      1.27643      957.324      -2861.63      -1904.3      0.46637      196.976
744      70.4881      1.28239      961.792      -2866.15      -1904.36      0.465752      196.98
745      70.5829      1.28928      966.961      -2871.42      -1904.45      0.465134      196.983
746      70.6776      1.29544      971.581      -2876.12      -1904.54      0.464515      196.985
747      70.7724      1.29934      974.506      -2879.09      -1904.58      0.463895      196.986
748      70.8671      1.30041      975.305      -2879.85      -1904.55      0.463274      196.985
749      70.9618      1.29939      974.544      -2879.01      -1904.47      0.46265      196.983
750      71.0566      1.29784      973.377      -2877.78      -1904.41      0.462025      196.979
751      71.1513      1.29699      972.745      -2877.14      -1904.4      0.461397      196.974
752      71.2461      1.29716      972.87      -2877.29      -1904.42      0.460766      196.967
753      71.3408      1.2978      973.352      -2877.82      -1904.47      0.460133      196.957
754      71.4355      1.29806      973.546      -2878.05      -1904.5      0.459497      196.946
755      71.5303      1.29728      972.957      -2877.46      -1904.5      0.458858      196.934
756      71.625      1.29535      971.516      -2875.98      -1904.47      0.458218      196.919
757      71.7198      1.29285      969.64      -2874.06      -1904.42      0.457577      196.904
758      71.8145      1.29071      968.031      -2872.4      -1904.37      0.456935      196.887
759      71.9093      1.28972      967.289      -2871.65      -1904.36      0.456294      196.87
760      72.004      1.29007      967.556      -2871.94      -1904.39      0.455654      196.853
761      72.0987      1.29124      968.431      -2872.87      -1904.44      0.455017      196.837
762      72.1935      1.29224      969.181      -2873.67      -1904.49      0.454384      196.822
763      72.2882      1.29205      969.035      -2873.57      -1904.53      0.453756      196.807
764      72.383      1.28985      967.385      -2871.94      -1904.56      0.453134      196.795
765      72.4777      1.28528      963.957      -2868.5      -1904.55      0.452517      196.785
766      72.5725      1.27867      959.001      -2863.49      -1904.49      0.451907      196.776
767      72.6672      1.27115      953.365      -2857.77      -1904.41      0.451303      196.77
768      72.7619      1.26434      948.258      -2852.59      -1904.34      0.450705      196.765
769      72.8567      1.25963      944.72      -2849.03      -1904.31      0.450114      196.763
770      72.9514      1.2575      943.125      -2847.47      -1904.34      0.449528      196.762
771      73.0462      1.25741      943.056      -2847.46      -1904.41      0.448948      196.763
772      73.1409      1.25815      943.613      -2848.08      -1904.47      0.448373      196.766
773      73.2356      1.25859      943.943      -2848.44      -1904.49      0.447802      196.771
774      73.3304      1.2582      943.654      -2848.13      -1904.48      0.447236      196.776
775      73.4251      1.25731      942.985      -2847.42      -1904.43      0.446674      196.783
776      73.5199      1.25699      942.746      -2847.1      -1904.36      0.446115      196.79
777      73.6146      1.25869      944.015      -2848.31      -1904.3      0.445559      196.798
778      73.7094      1.26362      947.713      -2851.99      -1904.27      0.445006      196.807
779      73.8041      1.27217      954.125      -2858.43      -1904.31      0.444456      196.816
780      73.8988      1.28351      962.635      -2867.03      -1904.39      0.443909      196.826
781      73.9936      1.29588      971.911      -2876.39      -1904.48      0.443365      196.837
782      74.0883      1.3073      980.473      -2885.01      -1904.54      0.442823      196.848
783      74.1831      1.31628      987.209      -2891.78      -1904.57      0.442284      196.86
784      74.2778      1.32199      991.493      -2896.06      -1904.57      0.441746      196.872
785      74.3726      1.3241      993.075      -2897.64      -1904.56      0.44121      196.884
786      74.4673      1.32271      992.035      -2896.57      -1904.53      0.440675      196.895
787      74.562      1.31842      988.815      -2893.3      -1904.48      0.440142      196.907
788      74.6568      1.31224      984.178      -2888.6      -1904.42      0.439608      196.919
789      74.7515      1.30533      978.999      -2883.38      -1904.38      0.439076      196.93
790      74.8463      1.29866      973.996      -2878.36      -1904.36      0.438545      196.941
791      74.941      1.29275      969.561      -2873.92      -1904.36      0.438015      196.952
792      75.0357      1.28765      965.738      -2870.12      -1904.38      0.437486      196.963
793      75.1305      1.28308      962.312      -2866.73      -1904.42      0.43696      196.974
794      75.2252      1.27859      958.944      -2863.39      -1904.44      0.436436      196.986
795      75.32      1.27384      955.382      -2859.83      -1904.45      0.435914      196.998
796      75.4147      1.26891      951.685      -2856.11      -1904.42      0.435396      197.012
797      75.5095      1.26441      948.306      -2852.69      -1904.38      0.434881      197.026
798      75.6042      1.26121      945.907      -2850.25      -1904.35      0.43437      197.041
799      75.6989      1.26002      945.018      -2849.35      -1904.33      0.433863      197.058
800      75.7937      1.26111      945.832      -2850.17      -1904.34      0.433359      197.075
801      75.8884      1.26427      948.205      -2852.57      -1904.37      0.432859      197.094
802      75.9832      1.26892      951.69      -2856.11      -1904.42      0.432362      197.113
803      76.0779      1.27408      955.562      -2860.04      -1904.47      0.431868      197.133
804      76.1727      1.2786      958.949      -2863.47      -1904.52      0.431376      197.154
805      76.2674      1.28151      961.131      -2865.67      -1904.54      0.430885      197.175
806      76.3621      1.28244      961.83      -2866.35      -1904.52      0.430395      197.195
807      76.4569      1.28172      961.29      -2865.77      -1904.48      0.429905      197.215
808      76.5516      1.28018      960.133      -2864.56      -1904.42      0.429415      197.235
809      76.6464      1.27884      959.129      -2863.5      -1904.37      0.428924      197.253
810      76.7411      1.27866      958.994      -2863.32      -1904.33      0.428432      197.27
811      76.8358      1.28026      960.193      -2864.52      -1904.32      0.427939      197.286
812      76.9306      1.28366      962.748      -2867.1      -1904.35      0.427445      197.301
813      77.0253      1.28817      966.131      -2870.55      -1904.42      0.426949      197.315
814      77.1201      1.29251      969.381      -2873.87      -1904.49      0.426451      197.327
815      77.2148      1.29526      971.442      -2875.98      -1904.54      0.425951      197.338
816      77.3096      1.29539      971.54      -2876.1      -1904.56      0.425449      197.348
817      77.4043      1.29257      969.424      -2873.97      -1904.55      0.424946      197.356
818      77.499      1.28727      965.452      -2869.95      -1904.5      0.424441      197.363
819      77.5938      1.28069      960.52      -2864.95      -1904.43      0.423935      197.368
820      77.6885      1.27441      955.811      -2860.17      -1904.36      0.423429      197.373
821      77.7833      1.2699      952.422      -2856.74      -1904.32      0.422922      197.378
822      77.878      1.26807      951.054      -2855.36      -1904.31      0.422418      197.382
823      77.9728      1.26918      951.885      -2856.22      -1904.33      0.421914      197.387
824      78.0675      1.2728      954.602      -2858.97      -1904.37      0.421413      197.392
825      78.1622      1.27808      958.557      -2862.97      -1904.42      0.420914      197.397
826      78.257      1.28401      963.01      -2867.46      -1904.45      0.420417      197.403
827      78.3517      1.28977      967.33      -2871.8      -1904.47      0.419922      197.41
828      78.4465      1.29473      971.048      -2875.53      -1904.48      0.419428      197.416
829      78.5412      1.29832      973.74      -2878.25      -1904.51      0.418936      197.422
830      78.6359      1.29993      974.947      -2879.48      -1904.53      0.418445      197.429
831      78.7307      1.29907      974.302      -2878.83      -1904.53      0.417955      197.435
832      78.8254      1.29569      971.767      -2876.27      -1904.5      0.417465      197.441
833      78.9202      1.29046      967.842      -2872.27      -1904.43      0.416976      197.447
834      79.0149      1.28474      963.552      -2867.9      -1904.35      0.416486      197.452
835      79.1097      1.28021      960.161      -2864.44      -1904.28      0.415996      197.456
836      79.2044      1.27828      958.713      -2862.96      -1904.25      0.415506      197.459
837      79.2991      1.27955      959.664      -2863.92      -1904.26      0.415014      197.462
838      79.3939      1.28374      962.802      -2867.11      -1904.3      0.414522      197.463
839      79.4886      1.28989      967.418      -2871.78      -1904.36      0.414029      197.463
840      79.5834      1.29674      972.554      -2876.98      -1904.43      0.413534      197.463
841      79.6781      1.30289      977.165      -2881.65      -1904.49      0.413038      197.461
842      79.7729      1.30703      980.271      -2884.8      -1904.53      0.412541      197.458
843      79.8676      1.3083      981.222      -2885.76      -1904.54      0.412044      197.454
844      79.9623      1.30651      979.881      -2884.39      -1904.51      0.411546      197.449
845      80.0571      1.30215      976.612      -2881.08      -1904.47      0.411049      197.444
846      80.1518      1.2961      972.073      -2876.49      -1904.42      0.410552      197.439
847      80.2466      1.28936      967.02      -2871.4      -1904.38      0.410056      197.434
848      80.3413      1.28291      962.18      -2866.52      -1904.34      0.409562      197.428
849      80.436      1.27748      958.113      -2862.45      -1904.33      0.40907      197.424
850      80.5308      1.2734      955.047      -2859.4      -1904.36      0.40858      197.419
851      80.6255      1.27038      952.782      -2857.18      -1904.4      0.408092      197.416
852      80.7203      1.26778      950.837      -2855.27      -1904.43      0.407606      197.412
853      80.815      1.26504      948.777      -2853.23      -1904.45      0.407122      197.409
854      80.9098      1.26191      946.431      -2850.88      -1904.45      0.406639      197.406
855      81.0045      1.25853      943.897      -2848.33      -1904.43      0.406157      197.403
856      81.0992      1.25532      941.487      -2845.88      -1904.4      0.405676      197.4
857      81.194      1.25288      939.662      -2844.02      -1904.36      0.405195      197.396
858      81.2887      1.25178      938.836      -2843.19      -1904.36      0.404714      197.392
859      81.3835      1.2521      939.074      -2843.46      -1904.38      0.404233      197.387
860      81.4782      1.25332      939.99      -2844.42      -1904.44      0.403752      197.382
861      81.573      1.25451      940.881      -2845.37      -1904.49      0.403273      197.377
862      81.6677      1.2547      941.026      -2845.54      -1904.52      0.402795      197.372
863      81.7624      1.25339      940.044      -2844.55      -1904.5      0.40232      197.368
864      81.8572      1.25087      938.155      -2842.6      -1904.45      0.401849      197.365
865      81.9519      1.24819      936.143      -2840.52      -1904.38      0.401381      197.364
866      82.0467      1.24667      935.002      -2839.33      -1904.33      0.400918      197.364
867      82.1414      1.24733      935.496      -2839.8      -1904.31      0.40046      197.366
868      82.2361      1.2506      937.949      -2842.26      -1904.31      0.400006      197.37
869      82.3309      1.25639      942.294      -2846.62      -1904.33      0.399555      197.375
870      82.4256      1.26417      948.125      -2852.5      -1904.37      0.399108      197.38
871      82.5204      1.27286      954.645      -2859.09      -1904.44      0.398663      197.387
872      82.6151      1.28093      960.695      -2865.22      -1904.52      0.39822      197.394
873      82.7099      1.28665      964.988      -2869.58      -1904.59      0.397778      197.401
874      82.8046      1.28865      966.486      -2871.11      -1904.62      0.397336      197.408
875      82.8993      1.28624      964.68      -2869.29      -1904.61      0.396895      197.414
876      82.9941      1.27956      959.672      -2864.25      -1904.58      0.396455      197.42
877      83.0888      1.26948      952.107      -2856.63      -1904.52      0.396015      197.426
878      83.1836      1.25736      943.021      -2847.47      -1904.45      0.395575      197.432
879      83.2783      1.24494      933.708      -2838.08      -1904.37      0.395136      197.438
880      83.3731      1.23408      925.559      -2829.86      -1904.3      0.394698      197.443
881      83.4678      1.22634      919.756      -2824.03      -1904.28      0.394259      197.448
882      83.5625      1.22246      916.844      -2821.15      -1904.31      0.393821      197.452
883      83.6573      1.22205      916.541      -2820.91      -1904.37      0.393382      197.455
884      83.752      1.22404      918.029      -2822.45      -1904.43      0.392941      197.458
885      83.8468      1.22734      920.508      -2824.96      -1904.45      0.3925      197.459
886      83.9415      1.23138      923.536      -2827.99      -1904.45      0.392056      197.459
887      84.0362      1.23597      926.977      -2831.43      -1904.45      0.39161      197.457
888      84.131      1.241      930.748      -2835.21      -1904.46      0.391161      197.452
889      84.2257      1.24628      934.712      -2839.18      -1904.47      0.390709      197.446
890      84.3205      1.25175      938.809      -2843.27      -1904.46      0.390253      197.438
891      84.4152      1.2577      943.278      -2847.69      -1904.41      0.389794      197.427
892      84.51      1.26499      948.745      -2853.1      -1904.35      0.38933      197.414
893      84.6047      1.27466      955.995      -2860.3      -1904.31      0.388862      197.397
894      84.6994      1.28725      965.438      -2869.76      -1904.33      0.388389      197.378
895      84.7942      1.3022      976.65      -2881.05      -1904.4      0.387912      197.356
896      84.8889      1.31786      988.396      -2892.89      -1904.49      0.387431      197.332
897      84.9837      1.33202      999.013      -2903.59      -1904.58      0.386947      197.305
898      85.0784      1.34257      1006.93      -2911.56      -1904.63      0.386459      197.276
899      85.1732      1.34817      1011.13      -2915.76      -1904.63      0.38597      197.246
900      85.2679      1.34862      1011.46      -2916.03      -1904.57      0.385479      197.214
901      85.3626      1.34481      1008.61      -2913.09      -1904.48      0.384988      197.181
902      85.4574      1.33833      1003.75      -2908.15      -1904.4      0.384497      197.148
903      85.5521      1.33073      998.049      -2902.4      -1904.35      0.384007      197.115
904      85.6469      1.32309      992.32      -2896.65      -1904.33      0.383518      197.083
905      85.7416      1.31593      986.945      -2891.27      -1904.33      0.383032      197.051
906      85.8363      1.30935      982.013      -2886.35      -1904.34      0.382548      197.019
907      85.9311      1.30334      977.508      -2881.85      -1904.34      0.382068      196.989
908      86.0258      1.29787      973.401      -2877.75      -1904.35      0.381591      196.96
909      86.1206      1.29296      969.716      -2874.06      -1904.35      0.381118      196.933
910      86.2153      1.2887      966.524      -2870.88      -1904.35      0.380649      196.907
911      86.3101      1.28508      963.812      -2868.19      -1904.38      0.380185      196.883
912      86.4048      1.28178      961.333      -2865.76      -1904.42      0.379725      196.86
913      86.4995      1.27812      958.593      -2863.07      -1904.47      0.37927      196.84
914      86.5943      1.27343      955.074      -2859.57      -1904.5      0.378819      196.822
915      86.689      1.26756      950.671      -2855.14      -1904.47      0.378373      196.805
916      86.7838      1.26139      946.045      -2850.43      -1904.39      0.377932      196.79
917      86.8785      1.25674      942.554      -2846.84      -1904.29      0.377494      196.777
918      86.9733      1.25554      941.652      -2845.89      -1904.24      0.377061      196.765
919      87.068      1.25876      944.072      -2848.33      -1904.26      0.376632      196.755
920      87.1627      1.26585      949.384      -2853.73      -1904.35      0.376206      196.747
921      87.2575      1.27498      956.235      -2860.69      -1904.45      0.375785      196.74
922      87.3522      1.28398      962.984      -2867.52      -1904.53      0.375366      196.734
923      87.447      1.291      968.25      -2872.83      -1904.57      0.374951      196.73
924      87.5417      1.29488      971.16      -2875.75      -1904.59      0.374538      196.726
925      87.6364      1.29517      971.378      -2875.95      -1904.57      0.374127      196.723
926      87.7312      1.29205      969.035      -2873.57      -1904.53      0.373717      196.72
927      87.8259      1.28609      964.567      -2869.07      -1904.5      0.373308      196.717
928      87.9207      1.27797      958.48      -2862.96      -1904.48      0.372898      196.713
929      88.0154      1.26816      951.122      -2855.59      -1904.47      0.372488      196.708
930      88.1102      1.25688      942.663      -2847.13      -1904.46      0.372077      196.703
931      88.2049      1.24448      933.357      -2837.79      -1904.43      0.371666      196.697
932      88.2996      1.23184      923.884      -2828.24      -1904.35      0.371255      196.69
933      88.3944      1.2206      915.448      -2819.71      -1904.26      0.370844      196.683
934      88.4891      1.21262      909.464      -2813.65      -1904.19      0.370434      196.676
935      88.5839      1.20931      906.984      -2811.15      -1904.17      0.370025      196.669
936      88.6786      1.2111      908.324      -2812.52      -1904.19      0.369618      196.663
937      88.7734      1.21745      913.086      -2817.33      -1904.25      0.369212      196.657
938      88.8681      1.22724      920.431      -2824.73      -1904.3      0.368809      196.652
939      88.9628      1.23925      929.435      -2833.78      -1904.34      0.368408      196.647
940      89.0576      1.25239      939.295      -2843.67      -1904.38      0.368008      196.643
941      89.1523      1.26572      949.291      -2853.71      -1904.42      0.36761      196.64
942      89.2471      1.2781      958.577      -2863.06      -1904.48      0.367214      196.636
943      89.3418      1.28812      966.093      -2870.64      -1904.55      0.366818      196.633
944      89.4365      1.29436      970.769      -2875.37      -1904.6      0.366424      196.63
945      89.5313      1.29585      971.886      -2876.5      -1904.61      0.36603      196.627
946      89.626      1.29246      969.344      -2873.92      -1904.58      0.365637      196.623
947      89.7208      1.285      963.749      -2868.25      -1904.51      0.365243      196.619
948      89.8155      1.27509      956.314      -2860.73      -1904.42      0.364849      196.615
949      89.9103      1.26478      948.586      -2852.92      -1904.33      0.364455      196.609
950      90.005      1.25603      942.022      -2846.31      -1904.28      0.36406      196.603
951      90.0997      1.25007      937.551      -2841.84      -1904.28      0.363665      196.597
952      90.1945      1.2472      935.398      -2839.72      -1904.32      0.36327      196.59
953      90.2892      1.247      935.248      -2839.61      -1904.36      0.362875      196.582
954      90.384      1.24877      936.575      -2840.97      -1904.4      0.362482      196.575
955      90.4787      1.25178      938.836      -2843.27      -1904.43      0.36209      196.569
956      90.5735      1.2553      941.475      -2845.95      -1904.47      0.361702      196.563
957      90.6682      1.25863      943.974      -2848.47      -1904.5      0.361317      196.56
958      90.7629      1.26133      945.998      -2850.5      -1904.5      0.360935      196.557
959      90.8577      1.26339      947.543      -2852.03      -1904.48      0.360557      196.556
960      90.9524      1.2652      948.897      -2853.35      -1904.46      0.360183      196.557
961      91.0472      1.26721      950.411      -2854.86      -1904.45      0.359812      196.559
962      91.1419      1.26963      952.223      -2856.68      -1904.46      0.359445      196.563
963      91.2366      1.27229      954.217      -2858.68      -1904.47      0.35908      196.567
964      91.3314      1.27498      956.236      -2860.7      -1904.46      0.358717      196.573
965      91.4261      1.27776      958.321      -2862.76      -1904.44      0.358355      196.578
966      91.5209      1.28095      960.712      -2865.13      -1904.41      0.357995      196.584
967      91.6156      1.28488      963.663      -2868.06      -1904.4      0.357635      196.59
968      91.7104      1.28971      967.285      -2871.68      -1904.39      0.357275      196.595
969      91.8051      1.29542      971.564      -2875.95      -1904.39      0.356915      196.6
970      91.8998      1.30193      976.449      -2880.83      -1904.39      0.356555      196.604
971      91.9946      1.30915      981.859      -2886.25      -1904.39      0.356194      196.608
972      92.0893      1.31677      987.577      -2891.99      -1904.41      0.355833      196.61
973      92.1841      1.32412      993.091      -2897.56      -1904.47      0.355472      196.613
974      92.2788      1.33008      997.56      -2902.09      -1904.53      0.355111      196.615
975      92.3736      1.3334      1000.05      -2904.62      -1904.57      0.354751      196.617
976      92.4683      1.33323      999.922      -2904.5      -1904.58      0.354391      196.62
977      92.563      1.32935      997.01      -2901.58      -1904.57      0.354033      196.622
978      92.6578      1.32214      991.605      -2896.14      -1904.53      0.353677      196.625
979      92.7525      1.31239      984.29      -2888.78      -1904.49      0.353321      196.628
980      92.8473      1.30113      975.845      -2880.29      -1904.45      0.352965      196.631
981      92.942      1.28956      967.168      -2871.57      -1904.4      0.35261      196.633
982      93.0367      1.27885      959.137      -2863.5      -1904.36      0.352253      196.635
983      93.1315      1.26999      952.49      -2856.83      -1904.34      0.351896      196.635
984      93.2262      1.26367      947.752      -2852.08      -1904.32      0.351537      196.635
985      93.321      1.26024      945.18      -2849.51      -1904.33      0.351177      196.633
986      93.4157      1.25957      944.679      -2849.04      -1904.36      0.350816      196.631
987      93.5105      1.26094      945.702      -2850.13      -1904.43      0.350456      196.628
988      93.6052      1.26308      947.312      -2851.81      -1904.5      0.350096      196.625
989      93.6999      1.26465      948.489      -2853.03      -1904.54      0.349738      196.623
990      93.7947      1.26485      948.639      -2853.16      -1904.52      0.349383      196.622
991      93.8894      1.26405      948.037      -2852.48      -1904.44      0.349031      196.622
992      93.9842      1.26381      947.86      -2852.19      -1904.33      0.348684      196.625
993      94.0789      1.26627      949.705      -2853.95      -1904.24      0.348342      196.63
994      94.1737      1.27304      954.781      -2859.01      -1904.23      0.348005      196.638
995      94.2684      1.28426      963.196      -2867.5      -1904.3      0.347673      196.648
996      94.3631      1.29838      973.783      -2878.21      -1904.43      0.347346      196.66
997      94.4579      1.31275      984.566      -2889.12      -1904.56      0.347023      196.674
998      94.5526      1.32468      993.512      -2898.16      -1904.64      0.346703      196.69
999      94.6474      1.33215      999.11      -2903.79      -1904.68      0.346386      196.707
1000      94.7421      1.33414      1000.6      -2905.28      -1904.67      0.346073      196.726
1000      94.7421      1.33414      1000.6      -2905.28      -1904.67      0.346073      196.726
Execution time in seconds: 1.87655
