Timestep Time Temperature KineticEnergy PotentialEnergy TotalEnergy DiffusionConstant MeanSquareDisplacement
1      0.0316474      2.43094      1823.21      -3728.78      -1905.57      1038.19      197.136
2      0.0632947      2.42528      1818.96      -3724.53      -1905.57      519.107      197.14
3      0.0949421      2.41583      1811.87      -3717.45      -1905.57      346.079      197.145
4      0.126589      2.40259      1801.94      -3707.52      -1905.57      259.566      197.15
5      0.158237      2.38553      1789.15      -3694.72      -1905.58      207.658      197.155
6      0.189884      2.36462      1773.46      -3679.04      -1905.58      173.052      197.159
7      0.221532      2.33983      1754.87      -3660.45      -1905.58      148.334      197.164
8      0.253179      2.31112      1733.34      -3638.93      -1905.59      129.796      197.17
9      0.284826      2.27847      1708.85      -3614.45      -1905.59      115.377      197.175
10      0.316474      2.24185      1681.39      -3586.98      -1905.59      103.842      197.18
11      0.348121      2.20125      1650.93      -3556.53      -1905.6      94.4046      197.185
12      0.379768      2.15665      1617.49      -3523.09      -1905.6      86.5399      197.191
13      0.411416      2.10809      1581.07      -3486.67      -1905.6      79.8852      197.196
14      0.443063      2.05562      1541.72      -3447.32      -1905.6      74.1811      197.202
15      0.474711      1.99935      1499.52      -3405.12      -1905.6      69.2376      197.207
16      0.506358      1.93944      1454.58      -3360.18      -1905.6      64.9121      197.212
17      0.538005      1.87611      1407.08      -3312.67      -1905.59      61.0954      197.218
18      0.569653      1.80966      1357.24      -3262.82      -1905.57      57.7028      197.223
19      0.6013      1.74047      1305.35      -3210.91      -1905.56      54.6673      197.229
20      0.632947      1.66903      1251.78      -3157.31      -1905.53      51.9353      197.234
21      0.664595      1.59592      1196.94      -3102.44      -1905.5      49.4636      197.239
22      0.696242      1.52179      1141.34      -3046.81      -1905.47      47.2165      197.245
23      0.727889      1.44739      1085.55      -2990.98      -1905.44      45.1647      197.25
24      0.759537      1.37355      1030.16      -2935.56      -1905.4      43.284      197.255
25      0.791184      1.30112      975.84      -2881.2      -1905.36      41.5536      197.259
26      0.822832      1.23097      923.231      -2828.55      -1905.32      39.9564      197.264
27      0.854479      1.16397      872.979      -2778.26      -1905.28      38.4774      197.269
28      0.886126      1.10091      825.685      -2730.94      -1905.25      37.104      197.273
29      0.917774      1.04251      781.881      -2687.11      -1905.22      35.8254      197.277
30      0.949421      0.989353      742.015      -2647.22      -1905.2      34.6319      197.282
31      0.981068      0.9419      706.425      -2611.61      -1905.19      33.5154      197.285
32      1.01272      0.90045      675.338      -2580.52      -1905.18      32.4687      197.289
33      1.04436      0.86515      648.862      -2554.05      -1905.18      31.4853      197.293
34      1.07601      0.835994      626.996      -2532.19      -1905.19      30.5598      197.296
35      1.10766      0.812844      609.633      -2514.84      -1905.2      29.6872      197.299
36      1.13931      0.79544      596.58      -2501.8      -1905.22      28.863      197.302
37      1.17095      0.783433      587.575      -2492.81      -1905.24      28.0833      197.305
38      1.2026      0.7764      582.3      -2487.56      -1905.26      27.3446      197.308
39      1.23425      0.773875      580.406      -2485.69      -1905.28      26.6438      197.31
40      1.26589      0.775365      581.524      -2486.83      -1905.31      25.978      197.313
41      1.29754      0.780373      585.28      -2490.61      -1905.33      25.3447      197.315
42      1.32919      0.78841      591.308      -2496.65      -1905.35      24.7415      197.317
43      1.36084      0.799007      599.256      -2504.62      -1905.37      24.1664      197.319
44      1.39248      0.811725      608.794      -2514.18      -1905.38      23.6174      197.321
45      1.42413      0.826158      619.618      -2525.02      -1905.4      23.0927      197.323
46      1.45578      0.841933      631.45      -2536.86      -1905.41      22.5909      197.324
47      1.48743      0.858716      644.037      -2549.46      -1905.42      22.1104      197.326
48      1.51907      0.876207      657.155      -2562.59      -1905.43      21.6499      197.327
49      1.55072      0.894141      670.606      -2576.05      -1905.44      21.2082      197.328
50      1.58237      0.912282      684.212      -2589.66      -1905.45      20.7842      197.329
51      1.61402      0.930424      697.818      -2603.28      -1905.46      20.3768      197.33
52      1.64566      0.948384      711.288      -2616.75      -1905.46      19.985      197.331
53      1.67731      0.965999      724.5      -2629.97      -1905.47      19.608      197.332
54      1.70896      0.983124      737.343      -2642.82      -1905.47      19.245      197.333
55      1.74061      0.999625      749.719      -2655.2      -1905.48      18.8951      197.334
56      1.77225      1.01539      761.54      -2667.02      -1905.48      18.5578      197.335
57      1.8039      1.0303      772.727      -2678.21      -1905.49      18.2323      197.335
58      1.83555      1.04428      783.21      -2688.7      -1905.49      17.918      197.336
59      1.86719      1.05724      792.926      -2698.42      -1905.49      17.6144      197.337
60      1.89884      1.0691      801.826      -2707.32      -1905.49      17.3208      197.337
61      1.93049      1.07982      809.868      -2715.36      -1905.49      17.0369      197.338
62      1.96214      1.08936      817.024      -2722.52      -1905.49      16.7622      197.338
63      1.99378      1.0977      823.277      -2728.77      -1905.49      16.4962      197.339
64      2.02543      1.10484      828.628      -2734.12      -1905.49      16.2384      197.339
65      2.05708      1.11079      833.089      -2738.58      -1905.49      15.9887      197.34
66      2.08873      1.11558      836.689      -2742.18      -1905.49      15.7465      197.34
67      2.12037      1.11929      839.467      -2744.95      -1905.49      15.5115      197.341
68      2.15202      1.12197      841.481      -2746.96      -1905.48      15.2834      197.341
69      2.18367      1.12372      842.793      -2748.27      -1905.48      15.062      197.342
70      2.21532      1.12464      843.477      -2748.95      -1905.47      14.8468      197.343
71      2.24696      1.12481      843.611      -2749.08      -1905.47      14.6378      197.343
72      2.27861      1.12437      843.275      -2748.74      -1905.46      14.4345      197.344
73      2.31026      1.1234      842.55      -2748.01      -1905.46      14.2369      197.345
74      2.34191      1.12202      841.512      -2746.97      -1905.45      14.0445      197.346
75      2.37355      1.12031      840.231      -2745.68      -1905.45      13.8574      197.347
76      2.4052      1.11837      838.776      -2744.22      -1905.45      13.6751      197.348
77      2.43685      1.11627      837.201      -2742.64      -1905.44      13.4976      197.349
78      2.46849      1.11408      835.559      -2741      -1905.44      13.3246      197.351
79      2.50014      1.11186      833.896      -2739.34      -1905.44      13.156      197.352
80      2.53179      1.10967      832.252      -2737.69      -1905.44      12.9917      197.353
81      2.56344      1.10756      830.671      -2736.11      -1905.44      12.8314      197.355
82      2.59508      1.10559      829.196      -2734.63      -1905.43      12.675      197.357
83      2.62673      1.10383      827.871      -2733.3      -1905.43      12.5224      197.358
84      2.65838      1.10233      826.744      -2732.17      -1905.43      12.3735      197.36
85      2.69003      1.10116      825.868      -2731.29      -1905.42      12.228      197.362
86      2.72167      1.10039      825.294      -2730.72      -1905.42      12.0859      197.364
87      2.75332      1.1001      825.075      -2730.49      -1905.42      11.9471      197.366
88      2.78497      1.10034      825.257      -2730.67      -1905.42      11.8115      197.368
89      2.81662      1.10117      825.875      -2731.29      -1905.42      11.6789      197.37
90      2.84826      1.1026      826.953      -2732.37      -1905.42      11.5493      197.372
91      2.87991      1.10466      828.495      -2733.91      -1905.42      11.4225      197.374
92      2.91156      1.10732      830.491      -2735.91      -1905.42      11.2984      197.376
93      2.94321      1.11054      832.909      -2738.33      -1905.42      11.1771      197.378
94      2.97485      1.11427      835.704      -2741.13      -1905.43      11.0583      197.381
95      3.0065      1.11843      838.821      -2744.25      -1905.43      10.942      197.383
96      3.03815      1.12293      842.198      -2747.63      -1905.43      10.8281      197.385
97      3.06979      1.1277      845.771      -2751.21      -1905.44      10.7166      197.387
98      3.10144      1.13264      849.481      -2754.92      -1905.44      10.6074      197.389
99      3.13309      1.13769      853.271      -2758.71      -1905.44      10.5003      197.391
100      3.16474      1.14279      857.095      -2762.54      -1905.44      10.3954      197.392
101      3.19638      1.14789      860.915      -2766.36      -1905.44      10.2926      197.394
102      3.22803      1.15293      864.701      -2770.15      -1905.45      10.1918      197.396
103      3.25968      1.15791      868.432      -2773.88      -1905.45      10.0929      197.397
104      3.29133      1.16279      872.092      -2777.54      -1905.45      9.9959      197.399
105      3.32297      1.16756      875.671      -2781.12      -1905.45      9.90076      197.4
106      3.35462      1.17222      879.161      -2784.61      -1905.45      9.8074      197.401
107      3.38627      1.17674      882.557      -2788      -1905.45      9.71578      197.402
108      3.41792      1.18114      885.853      -2791.3      -1905.45      9.62585      197.402
109      3.44956      1.18539      889.045      -2794.49      -1905.45      9.53756      197.402
110      3.48121      1.1895      892.127      -2797.57      -1905.45      9.45086      197.403
111      3.51286      1.19346      895.097      -2800.54      -1905.45      9.36571      197.402
112      3.54451      1.19727      897.95      -2803.4      -1905.45      9.28207      197.402
113      3.57615      1.20091      900.685      -2806.13      -1905.45      9.19989      197.401
114      3.6078      1.20441      903.304      -2808.75      -1905.45      9.11915      197.4
115      3.63945      1.20775      905.813      -2811.26      -1905.44      9.03979      197.399
116      3.67109      1.21096      908.222      -2813.67      -1905.44      8.96179      197.397
117      3.70274      1.21406      910.543      -2815.99      -1905.44      8.88511      197.396
118      3.73439      1.21706      912.795      -2818.24      -1905.44      8.80971      197.393
119      3.76604      1.22      915.001      -2820.44      -1905.44      8.73556      197.391
120      3.79768      1.22291      917.185      -2822.62      -1905.44      8.66264      197.388
121      3.82933      1.22583      919.375      -2824.81      -1905.44      8.59091      197.385
122      3.86098      1.22879      921.596      -2827.03      -1905.43      8.52034      197.381
123      3.89263      1.23183      923.875      -2829.31      -1905.43      8.45091      197.377
124      3.92427      1.23498      926.235      -2831.67      -1905.43      8.38258      197.373
125      3.95592      1.23826      928.696      -2834.13      -1905.43      8.31534      197.369
126      3.98757      1.24169      931.268      -2836.7      -1905.43      8.24915      197.364
127      4.01922      1.24527      933.955      -2839.39      -1905.43      8.18399      197.359
128      4.05086      1.249      936.752      -2842.18      -1905.43      8.11984      197.354
129      4.08251      1.25286      939.645      -2845.08      -1905.43      8.05668      197.349
130      4.11416      1.25681      942.611      -2848.05      -1905.44      7.99449      197.343
131      4.14581      1.26082      945.617      -2851.06      -1905.44      7.93323      197.338
132      4.17745      1.26484      948.627      -2854.07      -1905.44      7.8729      197.332
133      4.2091      1.2688      951.598      -2857.04      -1905.44      7.81347      197.326
134      4.24075      1.27264      954.483      -2859.93      -1905.45      7.75493      197.32
135      4.27239      1.27631      957.233      -2862.68      -1905.45      7.69725      197.314
136      4.30404      1.27974      959.805      -2865.26      -1905.45      7.64041      197.308
137      4.33569      1.28287      962.156      -2867.61      -1905.46      7.58441      197.302
138      4.36734      1.28567      964.249      -2869.71      -1905.46      7.52921      197.296
139      4.39898      1.28807      966.056      -2871.52      -1905.46      7.47481      197.29
140      4.43063      1.29007      967.555      -2873.02      -1905.46      7.42119      197.283
141      4.46228      1.29164      968.73      -2874.19      -1905.46      7.36834      197.277
142      4.49393      1.29277      969.576      -2875.04      -1905.46      7.31623      197.271
143      4.52557      1.29345      970.09      -2875.55      -1905.46      7.26485      197.266
144      4.55722      1.2937      970.278      -2875.74      -1905.46      7.21419      197.26
145      4.58887      1.29353      970.148      -2875.61      -1905.46      7.16424      197.254
146      4.62052      1.29295      969.71      -2875.17      -1905.46      7.11498      197.249
147      4.65216      1.29197      968.979      -2874.44      -1905.46      7.06639      197.244
148      4.68381      1.29063      967.969      -2873.43      -1905.46      7.01847      197.239
149      4.71546      1.28893      966.699      -2872.16      -1905.46      6.9712      197.234
150      4.74711      1.28692      965.19      -2870.65      -1905.46      6.92457      197.23
151      4.77875      1.28462      963.463      -2868.92      -1905.46      6.87856      197.226
152      4.8104      1.28206      961.544      -2867      -1905.45      6.83317      197.222
153      4.84205      1.27929      959.466      -2864.92      -1905.45      6.78838      197.218
154      4.87369      1.27635      957.265      -2862.72      -1905.45      6.74418      197.214
155      4.90534      1.27331      954.981      -2860.43      -1905.45      6.70056      197.211
156      4.93699      1.27021      952.659      -2858.1      -1905.45      6.65751      197.208
157      4.96864      1.26714      950.352      -2855.79      -1905.44      6.61501      197.206
158      5.00028      1.26415      948.115      -2853.55      -1905.44      6.57306      197.203
159      5.03193      1.26134      946.004      -2851.44      -1905.44      6.53165      197.201
160      5.06358      1.25877      944.074      -2849.51      -1905.43      6.49076      197.199
161      5.09523      1.2565      942.377      -2847.81      -1905.43      6.45039      197.197
162      5.12687      1.25461      940.956      -2846.39      -1905.43      6.41052      197.196
163      5.15852      1.25313      939.846      -2845.27      -1905.43      6.37115      197.194
164      5.19017      1.25209      939.066      -2844.49      -1905.43      6.33226      197.193
165      5.22182      1.2515      938.628      -2844.06      -1905.43      6.29385      197.192
166      5.25346      1.25137      938.53      -2843.96      -1905.43      6.25592      197.191
167      5.28511      1.25169      938.766      -2844.19      -1905.43      6.21844      197.191
168      5.31676      1.25243      939.324      -2844.75      -1905.43      6.18141      197.19
169      5.34841      1.25359      940.19      -2845.62      -1905.43      6.14483      197.19
170      5.38005      1.25514      941.352      -2846.78      -1905.43      6.10869      197.19
171      5.4117      1.25707      942.804      -2848.23      -1905.43      6.07298      197.191
172      5.44335      1.25939      944.54      -2849.97      -1905.43      6.03769      197.191
173      5.47499      1.26208      946.562      -2851.99      -1905.43      6.00281      197.192
174      5.50664      1.26516      948.873      -2854.3      -1905.43      5.96834      197.193
175      5.53829      1.26863      951.476      -2856.9      -1905.43      5.93428      197.194
176      5.56994      1.27249      954.369      -2859.79      -1905.43      5.9006      197.196
177      5.60158      1.27673      957.547      -2862.97      -1905.43      5.86732      197.198
178      5.63323      1.28133      960.997      -2866.42      -1905.43      5.83442      197.2
179      5.66488      1.28627      964.7      -2870.13      -1905.43      5.80189      197.202
180      5.69653      1.2915      968.622      -2874.05      -1905.43      5.76973      197.205
181      5.72817      1.29697      972.728      -2878.16      -1905.43      5.73794      197.207
182      5.75982      1.30263      976.973      -2882.41      -1905.44      5.7065      197.211
183      5.79147      1.30841      981.307      -2886.74      -1905.44      5.67541      197.214
184      5.82312      1.31423      985.674      -2891.12      -1905.44      5.64467      197.217
185      5.85476      1.32003      990.023      -2895.47      -1905.44      5.61427      197.221
186      5.88641      1.32574      994.303      -2899.75      -1905.45      5.5842      197.225
187      5.91806      1.33129      998.466      -2903.91      -1905.45      5.55445      197.229
188      5.94971      1.33662      1002.47      -2907.92      -1905.45      5.52503      197.234
189      5.98135      1.3417      1006.28      -2911.73      -1905.45      5.49593      197.239
190      6.013      1.34648      1009.86      -2915.31      -1905.45      5.46714      197.243
191      6.04465      1.35092      1013.19      -2918.65      -1905.45      5.43865      197.248
192      6.07629      1.35503      1016.27      -2921.72      -1905.45      5.41047      197.254
193      6.10794      1.35877      1019.08      -2924.53      -1905.45      5.38258      197.259
194      6.13959      1.36215      1021.61      -2927.07      -1905.45      5.35499      197.265
195      6.17124      1.36516      1023.87      -2929.33      -1905.45      5.32768      197.27
196      6.20288      1.36781      1025.85      -2931.31      -1905.45      5.30065      197.276
197      6.23453      1.37007      1027.56      -2933.01      -1905.45      5.2739      197.282
198      6.26618      1.37197      1028.97      -2934.43      -1905.45      5.24743      197.288
199      6.29783      1.37347      1030.1      -2935.56      -1905.45      5.22122      197.294
200      6.32947      1.37458      1030.93      -2936.39      -1905.46      5.19527      197.3
201      6.36112      1.37527      1031.45      -2936.91      -1905.46      5.16959      197.306
202      6.39277      1.37555      1031.66      -2937.12      -1905.46      5.14416      197.312
203      6.42442      1.3754      1031.55      -2937.01      -1905.46      5.11898      197.319
204      6.45606      1.37483      1031.12      -2936.58      -1905.46      5.09405      197.325
205      6.48771      1.37382      1030.37      -2935.82      -1905.46      5.06936      197.331
206      6.51936      1.37241      1029.31      -2934.76      -1905.46      5.04491      197.337
207      6.55101      1.37061      1027.96      -2933.41      -1905.45      5.0207      197.344
208      6.58265      1.36845      1026.34      -2931.79      -1905.45      4.99672      197.35
209      6.6143      1.36598      1024.49      -2929.94      -1905.45      4.97296      197.356
210      6.64595      1.36325      1022.44      -2927.89      -1905.45      4.94944      197.362
211      6.67759      1.36032      1020.24      -2925.68      -1905.44      4.92613      197.368
212      6.70924      1.35723      1017.93      -2923.37      -1905.44      4.90304      197.374
213      6.74089      1.35407      1015.55      -2920.99      -1905.44      4.88017      197.38
214      6.77254      1.35088      1013.16      -2918.6      -1905.44      4.8575      197.386
215      6.80418      1.34772      1010.79      -2916.23      -1905.43      4.83505      197.391
216      6.83583      1.34464      1008.48      -2913.91      -1905.43      4.8128      197.397
217      6.86748      1.34167      1006.25      -2911.68      -1905.43      4.79076      197.403
218      6.89913      1.33883      1004.13      -2909.56      -1905.43      4.76891      197.408
219      6.93077      1.33615      1002.12      -2907.55      -1905.43      4.74726      197.413
220      6.96242      1.33363      1000.22      -2905.65      -1905.43      4.7258      197.418
221      6.99407      1.33126      998.448      -2903.88      -1905.43      4.70454      197.423
222      7.02572      1.32904      996.781      -2902.21      -1905.43      4.68346      197.428
223      7.05736      1.32694      995.206      -2900.64      -1905.43      4.66257      197.433
224      7.08901      1.32494      993.708      -2899.14      -1905.44      4.64187      197.437
225      7.12066      1.32303      992.269      -2897.71      -1905.44      4.62134      197.442
226      7.15231      1.32116      990.87      -2896.31      -1905.44      4.60099      197.446
227      7.18395      1.31932      989.491      -2894.93      -1905.44      4.58082      197.45
228      7.2156      1.31749      988.114      -2893.56      -1905.44      4.56082      197.454
229      7.24725      1.31563      986.719      -2892.16      -1905.44      4.54099      197.458
230      7.27889      1.31372      985.287      -2890.73      -1905.44      4.52133      197.462
231      7.31054      1.31174      983.802      -2889.25      -1905.45      4.50184      197.465
232      7.34219      1.30966      982.243      -2887.69      -1905.45      4.48251      197.468
233      7.37384      1.30746      980.592      -2886.04      -1905.45      4.46334      197.472
234      7.40548      1.30511      978.833      -2884.28      -1905.45      4.44433      197.474
235      7.43713      1.3026      976.951      -2882.4      -1905.45      4.42547      197.477
236      7.46878      1.29991      974.935      -2880.39      -1905.45      4.40678      197.479
237      7.50043      1.29703      972.775      -2878.23      -1905.45      4.38823      197.482
238      7.53207      1.29396      970.468      -2875.92      -1905.45      4.36983      197.483
239      7.56372      1.29069      968.015      -2873.47      -1905.45      4.35159      197.485
240      7.59537      1.28724      965.427      -2870.88      -1905.45      4.33348      197.486
241      7.62702      1.28363      962.721      -2868.17      -1905.45      4.31553      197.488
242      7.65866      1.2799      959.926      -2865.37      -1905.45      4.29771      197.488
243      7.69031      1.2761      957.077      -2862.52      -1905.45      4.28004      197.489
244      7.72196      1.27229      954.217      -2859.66      -1905.44      4.2625      197.489
245      7.75361      1.26852      951.392      -2856.83      -1905.44      4.2451      197.489
246      7.78525      1.26487      948.653      -2854.09      -1905.44      4.22784      197.489
247      7.8169      1.2614      946.052      -2851.48      -1905.43      4.21071      197.488
248      7.84855      1.25818      943.632      -2849.06      -1905.43      4.19371      197.487
249      7.88019      1.25524      941.431      -2846.86      -1905.43      4.17684      197.486
250      7.91184      1.25264      939.478      -2844.91      -1905.43      4.1601      197.484
251      7.94349      1.25039      937.79      -2843.22      -1905.43      4.14348      197.482
252      7.97514      1.2485      936.375      -2841.8      -1905.43      4.127      197.48
253      8.00678      1.24698      935.231      -2840.66      -1905.43      4.11064      197.478
254      8.03843      1.2458      934.352      -2839.78      -1905.43      4.0944      197.475
255      8.07008      1.24496      933.723      -2839.15      -1905.43      4.07828      197.472
256      8.10173      1.24444      933.327      -2838.76      -1905.43      4.06228      197.469
257      8.13337      1.24419      933.145      -2838.58      -1905.43      4.0464      197.465
258      8.16502      1.24421      933.155      -2838.59      -1905.43      4.03064      197.462
259      8.19667      1.24444      933.333      -2838.77      -1905.44      4.015      197.458
260      8.22832      1.24488      933.657      -2839.09      -1905.44      3.99947      197.454
261      8.25996      1.24547      934.101      -2839.54      -1905.44      3.98406      197.449
262      8.29161      1.24619      934.643      -2840.08      -1905.44      3.96876      197.445
263      8.32326      1.24701      935.258      -2840.7      -1905.44      3.95358      197.44
264      8.35491      1.2479      935.927      -2841.37      -1905.44      3.9385      197.435
265      8.38655      1.24884      936.629      -2842.07      -1905.44      3.92353      197.43
266      8.4182      1.2498      937.348      -2842.79      -1905.44      3.90868      197.424
267      8.44985      1.25076      938.073      -2843.52      -1905.44      3.89393      197.419
268      8.48149      1.25172      938.792      -2844.24      -1905.44      3.87928      197.413
269      8.51314      1.25267      939.501      -2844.94      -1905.44      3.86475      197.407
270      8.54479      1.25359      940.196      -2845.64      -1905.44      3.85031      197.401
271      8.57644      1.25449      940.871      -2846.31      -1905.44      3.83598      197.394
272      8.60808      1.25536      941.521      -2846.96      -1905.44      3.82176      197.388
273      8.63973      1.25619      942.14      -2847.58      -1905.44      3.80763      197.381
274      8.67138      1.25696      942.721      -2848.16      -1905.44      3.7936      197.375
275      8.70303      1.25767      943.25      -2848.7      -1905.45      3.77968      197.368
276      8.73467      1.25828      943.713      -2849.16      -1905.45      3.76585      197.361
277      8.76632      1.25878      944.089      -2849.54      -1905.45      3.75212      197.354
278      8.79797      1.25914      944.356      -2849.81      -1905.45      3.73849      197.347
279      8.82962      1.25932      944.491      -2849.94      -1905.45      3.72495      197.339
280      8.86126      1.25929      944.469      -2849.92      -1905.45      3.71151      197.332
281      8.89291      1.25902      944.268      -2849.72      -1905.45      3.69817      197.325
282      8.92456      1.25849      943.869      -2849.32      -1905.45      3.68492      197.317
283      8.95621      1.25768      943.258      -2848.71      -1905.46      3.67176      197.31
284      8.98785      1.25657      942.426      -2847.88      -1905.46      3.65869      197.303
285      9.0195      1.25516      941.37      -2846.82      -1905.45      3.64571      197.295
286      9.05115      1.25346      940.095      -2845.55      -1905.45      3.63283      197.288
287      9.08279      1.25149      938.614      -2844.07      -1905.45      3.62004      197.28
288      9.11444      1.24926      936.943      -2842.39      -1905.45      3.60733      197.273
289      9.14609      1.24681      935.104      -2840.55      -1905.45      3.59471      197.266
290      9.17774      1.24417      933.125      -2838.57      -1905.45      3.58219      197.258
291      9.20938      1.24138      931.036      -2836.48      -1905.45      3.56975      197.251
292      9.24103      1.23849      928.869      -2834.31      -1905.44      3.55739      197.244
293      9.27268      1.23554      926.658      -2832.1      -1905.44      3.54512      197.237
294      9.30433      1.23259      924.442      -2829.88      -1905.44      3.53294      197.23
295      9.33597      1.22968      922.262      -2827.7      -1905.44      3.52084      197.223
296      9.36762      1.22688      920.158      -2825.59      -1905.44      3.50882      197.216
297      9.39927      1.22423      918.174      -2823.61      -1905.43      3.49689      197.209
298      9.43092      1.22181      916.355      -2821.78      -1905.43      3.48503      197.202
299      9.46256      1.21966      914.747      -2820.17      -1905.43      3.47326      197.196
300      9.49421      1.21786      913.395      -2818.82      -1905.42      3.46157      197.189
301      9.52586      1.21646      912.345      -2817.77      -1905.42      3.44996      197.183
302      9.55751      1.21552      911.639      -2817.06      -1905.42      3.43843      197.177
303      9.58915      1.21508      911.313      -2816.73      -1905.42      3.42698      197.171
304      9.6208      1.2152      911.4      -2816.81      -1905.41      3.4156      197.165
305      9.65245      1.2159      911.926      -2817.34      -1905.41      3.4043      197.159
306      9.68409      1.21721      912.908      -2818.32      -1905.41      3.39308      197.153
307      9.71574      1.21914      914.353      -2819.77      -1905.41      3.38193      197.148
308      9.74739      1.22168      916.261      -2821.67      -1905.41      3.37086      197.142
309      9.77904      1.22483      918.62      -2824.03      -1905.41      3.35986      197.137
310      9.81068      1.22854      921.406      -2826.82      -1905.42      3.34893      197.132
311      9.84233      1.23278      924.588      -2830.01      -1905.42      3.33807      197.127
312      9.87398      1.23749      928.121      -2833.54      -1905.42      3.32729      197.122
313      9.90563      1.24261      931.954      -2837.38      -1905.43      3.31658      197.117
314      9.93727      1.24803      936.026      -2841.46      -1905.43      3.30594      197.112
315      9.96892      1.25369      940.268      -2845.7      -1905.43      3.29536      197.107
316      10.0006      1.25948      944.61      -2850.05      -1905.44      3.28486      197.103
317      10.0322      1.2653      948.979      -2854.42      -1905.44      3.27442      197.098
318      10.0639      1.27107      953.304      -2858.75      -1905.45      3.26405      197.094
319      10.0955      1.27669      957.517      -2862.97      -1905.45      3.25375      197.09
320      10.1272      1.28207      961.554      -2867.01      -1905.45      3.24351      197.085
321      10.1588      1.28715      965.36      -2870.82      -1905.46      3.23334      197.081
322      10.1905      1.29185      968.887      -2874.35      -1905.46      3.22323      197.077
323      10.2221      1.29613      972.097      -2877.56      -1905.46      3.21319      197.073
324      10.2537      1.29995      974.962      -2880.42      -1905.46      3.20321      197.069
325      10.2854      1.30328      977.462      -2882.92      -1905.46      3.19329      197.065
326      10.317      1.30612      979.59      -2885.05      -1905.46      3.18343      197.062
327      10.3487      1.30846      981.347      -2886.81      -1905.46      3.17364      197.058
328      10.3803      1.31032      982.743      -2888.2      -1905.46      3.1639      197.054
329      10.412      1.31173      983.794      -2889.25      -1905.46      3.15423      197.051
330      10.4436      1.3127      984.526      -2889.98      -1905.45      3.14461      197.047
331      10.4753      1.31329      984.968      -2890.42      -1905.45      3.13505      197.043
332      10.5069      1.31354      985.155      -2890.6      -1905.45      3.12556      197.04
333      10.5386      1.3135      985.123      -2890.57      -1905.45      3.11611      197.036
334      10.5702      1.31321      984.908      -2890.35      -1905.44      3.10673      197.033
335      10.6019      1.31273      984.547      -2889.99      -1905.44      3.0974      197.03
336      10.6335      1.3121      984.073      -2889.51      -1905.44      3.08813      197.026
337      10.6652      1.31135      983.513      -2888.95      -1905.44      3.07892      197.023
338      10.6968      1.31052      982.889      -2888.33      -1905.44      3.06976      197.02
339      10.7285      1.30962      982.215      -2887.65      -1905.44      3.06065      197.016
340      10.7601      1.30867      981.5      -2886.94      -1905.44      3.0516      197.013
341      10.7918      1.30766      980.744      -2886.18      -1905.44      3.0426      197.01
342      10.8234      1.30659      979.943      -2885.38      -1905.44      3.03366      197.007
343      10.855      1.30545      979.087      -2884.53      -1905.44      3.02477      197.004
344      10.8867      1.30422      978.161      -2883.6      -1905.44      3.01593      197.001
345      10.9183      1.30287      977.153      -2882.6      -1905.44      3.00715      196.999
346      10.95      1.3014      976.046      -2881.49      -1905.44      2.99842      196.996
347      10.9816      1.29977      974.827      -2880.27      -1905.45      2.98974      196.993
348      11.0133      1.29798      973.482      -2878.93      -1905.45      2.98111      196.991
349      11.0449      1.29601      972.004      -2877.45      -1905.45      2.97254      196.989
350      11.0766      1.29385      970.388      -2875.83      -1905.45      2.96401      196.987
351      11.1082      1.29151      968.632      -2874.08      -1905.45      2.95554      196.985
352      11.1399      1.28899      966.74      -2872.19      -1905.45      2.94712      196.983
353      11.1715      1.2863      964.722      -2870.17      -1905.45      2.93875      196.982
354      11.2032      1.28345      962.589      -2868.03      -1905.45      2.93043      196.981
355      11.2348      1.28048      960.359      -2865.8      -1905.44      2.92216      196.98
356      11.2665      1.2774      958.051      -2863.49      -1905.44      2.91394      196.979
357      11.2981      1.27425      955.69      -2861.13      -1905.44      2.90577      196.978
358      11.3298      1.27107      953.303      -2858.74      -1905.44      2.89765      196.978
359      11.3614      1.26789      950.92      -2856.36      -1905.44      2.88957      196.978
360      11.3931      1.26477      948.574      -2854.01      -1905.43      2.88155      196.978
361      11.4247      1.26173      946.299      -2851.73      -1905.43      2.87357      196.978
362      11.4563      1.25884      944.127      -2849.56      -1905.43      2.86564      196.979
363      11.488      1.25612      942.092      -2847.52      -1905.43      2.85776      196.98
364      11.5196      1.25364      940.227      -2845.65      -1905.43      2.84993      196.981
365      11.5513      1.25141      938.561      -2843.99      -1905.43      2.84214      196.982
366      11.5829      1.24949      937.117      -2842.54      -1905.42      2.8344      196.984
367      11.6146      1.24789      935.918      -2841.34      -1905.42      2.8267      196.986
368      11.6462      1.24664      934.978      -2840.4      -1905.42      2.81905      196.988
369      11.6779      1.24574      934.306      -2839.73      -1905.42      2.81144      196.99
370      11.7095      1.2452      933.903      -2839.33      -1905.42      2.80387      196.992
371      11.7412      1.24502      933.764      -2839.19      -1905.42      2.79635      196.995
372      11.7728      1.24517      933.877      -2839.3      -1905.42      2.78888      196.998
373      11.8045      1.24564      934.228      -2839.65      -1905.43      2.78144      197.001
374      11.8361      1.24639      934.793      -2840.22      -1905.43      2.77405      197.004
375      11.8678      1.2474      935.548      -2840.98      -1905.43      2.76669      197.007
376      11.8994      1.24862      936.467      -2841.9      -1905.43      2.75938      197.01
377      11.9311      1.25003      937.524      -2842.96      -1905.43      2.75211      197.014
378      11.9627      1.25159      938.694      -2844.13      -1905.43      2.74488      197.017
379      11.9944      1.25327      939.954      -2845.39      -1905.43      2.73769      197.021
380      12.026      1.25505      941.285      -2846.72      -1905.44      2.73053      197.024
381      12.0576      1.2569      942.673      -2848.11      -1905.44      2.72342      197.028
382      12.0893      1.25881      944.104      -2849.54      -1905.44      2.71634      197.032
383      12.1209      1.26076      945.57      -2851.01      -1905.44      2.7093      197.036
384      12.1526      1.26275      947.066      -2852.5      -1905.44      2.7023      197.04
385      12.1842      1.26478      948.588      -2854.02      -1905.44      2.69534      197.044
386      12.2159      1.26685      950.136      -2855.57      -1905.44      2.68841      197.048
387      12.2475      1.26895      951.71      -2857.15      -1905.44      2.68151      197.052
388      12.2792      1.27108      953.309      -2858.75      -1905.44      2.67466      197.056
389      12.3108      1.27325      954.934      -2860.37      -1905.44      2.66784      197.06
390      12.3425      1.27545      956.586      -2862.02      -1905.44      2.66105      197.064
391      12.3741      1.27769      958.265      -2863.7      -1905.44      2.6543      197.068
392      12.4058      1.27996      959.972      -2865.41      -1905.44      2.64758      197.072
393      12.4374      1.28228      961.71      -2867.15      -1905.44      2.6409      197.076
394      12.4691      1.28464      963.481      -2868.92      -1905.44      2.63426      197.08
395      12.5007      1.28705      965.289      -2870.72      -1905.44      2.62764      197.084
396      12.5324      1.28951      967.135      -2872.57      -1905.44      2.62106      197.089
397      12.564      1.29203      969.021      -2874.46      -1905.44      2.61452      197.093
398      12.5957      1.29459      970.943      -2876.38      -1905.44      2.60801      197.098
399      12.6273      1.29719      972.896      -2878.33      -1905.44      2.60153      197.102
400      12.6589      1.29982      974.866      -2880.31      -1905.44      2.59509      197.107
401      12.6906      1.30245      976.836      -2882.28      -1905.44      2.58868      197.111
402      12.7222      1.30504      978.781      -2884.22      -1905.44      2.5823      197.116
403      12.7539      1.30756      980.669      -2886.11      -1905.44      2.57596      197.121
404      12.7855      1.30996      982.468      -2887.91      -1905.45      2.56965      197.126
405      12.8172      1.31219      984.139      -2889.59      -1905.45      2.56337      197.131
406      12.8488      1.3142      985.649      -2891.1      -1905.45      2.55712      197.136
407      12.8805      1.31595      986.965      -2892.42      -1905.45      2.55091      197.141
408      12.9121      1.31741      988.06      -2893.51      -1905.45      2.54472      197.147
409      12.9438      1.31856      988.919      -2894.37      -1905.45      2.53857      197.152
410      12.9754      1.31938      989.536      -2894.99      -1905.45      2.53245      197.158
411      13.0071      1.31989      989.92      -2895.37      -1905.45      2.52636      197.164
412      13.0387      1.32012      990.089      -2895.54      -1905.45      2.52031      197.169
413      13.0704      1.3201      990.076      -2895.52      -1905.45      2.51428      197.175
414      13.102      1.31989      989.919      -2895.36      -1905.45      2.50828      197.181
415      13.1337      1.31954      989.657      -2895.1      -1905.44      2.50232      197.188
416      13.1653      1.3191      989.326      -2894.77      -1905.44      2.49638      197.194
417      13.197      1.31861      988.954      -2894.4      -1905.44      2.49048      197.2
418      13.2286      1.31807      988.553      -2893.99      -1905.44      2.4846      197.207
419      13.2602      1.31749      988.115      -2893.56      -1905.44      2.47875      197.213
420      13.2919      1.31682      987.618      -2893.06      -1905.45      2.47293      197.22
421      13.3235      1.31603      987.025      -2892.47      -1905.45      2.46714      197.226
422      13.3552      1.31505      986.29      -2891.74      -1905.45      2.46138      197.233
423      13.3868      1.31382      985.367      -2890.82      -1905.46      2.45565      197.24
424      13.4185      1.31228      984.208      -2889.67      -1905.46      2.44994      197.247
425      13.4501      1.31037      982.776      -2888.24      -1905.46      2.44426      197.254
426      13.4818      1.30806      981.041      -2886.5      -1905.46      2.43861      197.261
427      13.5134      1.30532      978.99      -2884.45      -1905.46      2.43298      197.268
428      13.5451      1.30216      976.619      -2882.08      -1905.46      2.42738      197.274
429      13.5767      1.29858      973.939      -2879.4      -1905.46      2.42181      197.281
430      13.6084      1.29463      970.975      -2876.43      -1905.46      2.41626      197.288
431      13.64      1.29035      967.763      -2873.22      -1905.46      2.41074      197.295
432      13.6717      1.2858      964.354      -2869.81      -1905.45      2.40524      197.302
433      13.7033      1.28107      960.806      -2866.25      -1905.45      2.39976      197.308
434      13.735      1.27625      957.19      -2862.63      -1905.44      2.39431      197.315
435      13.7666      1.27145      953.586      -2859.02      -1905.44      2.38888      197.321
436      13.7983      1.26677      950.076      -2855.51      -1905.43      2.38348      197.327
437      13.8299      1.26233      946.746      -2852.17      -1905.43      2.3781      197.333
438      13.8615      1.25825      943.685      -2849.11      -1905.42      2.37274      197.339
439      13.8932      1.25464      940.977      -2846.4      -1905.42      2.36741      197.345
440      13.9248      1.25161      938.705      -2844.12      -1905.41      2.36209      197.351
441      13.9565      1.24925      936.938      -2842.35      -1905.41      2.3568      197.356
442      13.9881      1.24765      935.736      -2841.14      -1905.41      2.35153      197.361
443      14.0198      1.24686      935.142      -2840.55      -1905.41      2.34629      197.367
444      14.0514      1.24691      935.183      -2840.59      -1905.41      2.34106      197.371
445      14.0831      1.24783      935.869      -2841.28      -1905.41      2.33585      197.376
446      14.1147      1.24959      937.192      -2842.6      -1905.41      2.33067      197.38
447      14.1464      1.25217      939.129      -2844.54      -1905.41      2.3255      197.384
448      14.178      1.25553      941.644      -2847.06      -1905.41      2.32035      197.388
449      14.2097      1.25959      944.689      -2850.11      -1905.42      2.31523      197.392
450      14.2413      1.26428      948.207      -2853.63      -1905.42      2.31012      197.395
451      14.273      1.26951      952.129      -2857.56      -1905.43      2.30503      197.398
452      14.3046      1.27518      956.382      -2861.81      -1905.43      2.29996      197.401
453      14.3363      1.28118      960.888      -2866.32      -1905.44      2.29492      197.403
454      14.3679      1.28742      965.564      -2871.01      -1905.44      2.28988      197.405
455      14.3996      1.29377      970.324      -2875.77      -1905.45      2.28487      197.407
456      14.4312      1.30011      975.085      -2880.54      -1905.45      2.27988      197.408
457      14.4628      1.30635      979.765      -2885.22      -1905.46      2.2749      197.409
458      14.4945      1.31238      984.285      -2889.75      -1905.46      2.26995      197.41
459      14.5261      1.3181      988.574      -2894.04      -1905.46      2.26501      197.411
460      14.5578      1.32342      992.568      -2898.04      -1905.47      2.26009      197.411
461      14.5894      1.32829      996.214      -2901.69      -1905.47      2.25518      197.411
462      14.6211      1.33262      999.467      -2904.94      -1905.47      2.2503      197.411
463      14.6527      1.3364      1002.3      -2907.77      -1905.47      2.24543      197.41
464      14.6844      1.33958      1004.69      -2910.16      -1905.47      2.24058      197.409
465      14.716      1.34217      1006.63      -2912.1      -1905.47      2.23575      197.408
466      14.7477      1.34418      1008.14      -2913.61      -1905.47      2.23094      197.407
467      14.7793      1.34564      1009.23      -2914.7      -1905.47      2.22615      197.406
468      14.811      1.34659      1009.94      -2915.41      -1905.47      2.22137      197.404
469      14.8426      1.34709      1010.32      -2915.78      -1905.47      2.21661      197.402
470      14.8743      1.3472      1010.4      -2915.86      -1905.46      2.21187      197.4
471      14.9059      1.34701      1010.26      -2915.72      -1905.46      2.20715      197.398
472      14.9376      1.34659      1009.95      -2915.4      -1905.45      2.20245      197.396
473      14.9692      1.34604      1009.53      -2914.98      -1905.45      2.19777      197.393
474      15.0009      1.34543      1009.07      -2914.52      -1905.45      2.19311      197.391
475      15.0325      1.34483      1008.62      -2914.06      -1905.45      2.18846      197.388
476      15.0641      1.34429      1008.22      -2913.66      -1905.44      2.18384      197.386
477      15.0958      1.34387      1007.9      -2913.35      -1905.44      2.17923      197.384
478      15.1274      1.34358      1007.69      -2913.13      -1905.44      2.17465      197.381
479      15.1591      1.34342      1007.57      -2913.01      -1905.44      2.17008      197.379
480      15.1907      1.34337      1007.53      -2912.97      -1905.45      2.16554      197.376
481      15.2224      1.34339      1007.54      -2912.99      -1905.45      2.16101      197.374
482      15.254      1.34343      1007.57      -2913.02      -1905.45      2.1565      197.372
483      15.2857      1.34343      1007.57      -2913.03      -1905.45      2.15201      197.37
484      15.3173      1.34334      1007.5      -2912.96      -1905.46      2.14754      197.368
485      15.349      1.34308      1007.31      -2912.77      -1905.46      2.14309      197.365
486      15.3806      1.34261      1006.96      -2912.42      -1905.46      2.13866      197.363
487      15.4123      1.34187      1006.41      -2911.87      -1905.46      2.13425      197.362
488      15.4439      1.34082      1005.62      -2911.08      -1905.46      2.12985      197.36
489      15.4756      1.33943      1004.57      -2910.04      -1905.46      2.12548      197.358
490      15.5072      1.33766      1003.24      -2908.71      -1905.47      2.12112      197.356
491      15.5389      1.33549      1001.62      -2907.08      -1905.47      2.11678      197.354
492      15.5705      1.33292      999.688      -2905.15      -1905.46      2.11246      197.352
493      15.6022      1.32993      997.449      -2902.91      -1905.46      2.10815      197.35
494      15.6338      1.32654      994.905      -2900.37      -1905.46      2.10386      197.348
495      15.6654      1.32276      992.068      -2897.53      -1905.46      2.0996      197.347
496      15.6971      1.31861      988.958      -2894.42      -1905.46      2.09534      197.345
497      15.7287      1.31414      985.603      -2891.06      -1905.46      2.09111      197.343
498      15.7604      1.30938      982.039      -2887.49      -1905.45      2.08689      197.341
499      15.792      1.30441      978.309      -2883.76      -1905.45      2.08268      197.339
500      15.8237      1.29929      974.466      -2879.91      -1905.45      2.0785      197.337
501      15.8553      1.29409      970.567      -2876.01      -1905.44      2.07433      197.335
502      15.887      1.2889      966.672      -2872.11      -1905.44      2.07018      197.333
503      15.9186      1.28379      962.844      -2868.28      -1905.44      2.06604      197.331
504      15.9503      1.27886      959.145      -2864.58      -1905.43      2.06192      197.329
505      15.9819      1.27418      955.635      -2861.06      -1905.43      2.05782      197.327
506      16.0136      1.26983      952.37      -2857.8      -1905.43      2.05373      197.325
507      16.0452      1.26586      949.397      -2854.82      -1905.42      2.04966      197.323
508      16.0769      1.26234      946.753      -2852.17      -1905.42      2.04561      197.321
509      16.1085      1.25929      944.467      -2849.89      -1905.42      2.04157      197.32
510      16.1402      1.25674      942.556      -2847.98      -1905.42      2.03755      197.318
511      16.1718      1.2547      941.027      -2846.45      -1905.42      2.03354      197.316
512      16.2035      1.25317      939.88      -2845.3      -1905.42      2.02955      197.314
513      16.2351      1.25214      939.105      -2844.53      -1905.42      2.02558      197.313
514      16.2667      1.25158      938.685      -2844.11      -1905.42      2.02162      197.311
515      16.2984      1.25147      938.601      -2844.02      -1905.42      2.01768      197.31
516      16.33      1.25177      938.827      -2844.25      -1905.43      2.01376      197.309
517      16.3617      1.25245      939.338      -2844.77      -1905.43      2.00985      197.307
518      16.3933      1.25347      940.104      -2845.53      -1905.43      2.00596      197.306
519      16.425      1.2548      941.096      -2846.53      -1905.43      2.00209      197.305
520      16.4566      1.25638      942.284      -2847.72      -1905.43      1.99823      197.305
521      16.4883      1.25818      943.637      -2849.07      -1905.44      1.99439      197.304
522      16.5199      1.26016      945.122      -2850.56      -1905.44      1.99056      197.303
523      16.5516      1.26227      946.705      -2852.14      -1905.44      1.98675      197.303
524      16.5832      1.26446      948.347      -2853.79      -1905.44      1.98296      197.303
525      16.6149      1.26668      950.011      -2855.46      -1905.45      1.97918      197.303
526      16.6465      1.26887      951.654      -2857.1      -1905.45      1.97542      197.303
527      16.6782      1.27098      953.235      -2858.69      -1905.45      1.97167      197.303
528      16.7098      1.27295      954.713      -2860.17      -1905.45      1.96794      197.303
529      16.7415      1.27473      956.046      -2861.5      -1905.46      1.96422      197.304
530      16.7731      1.27626      957.199      -2862.66      -1905.46      1.96053      197.305
531      16.8048      1.27752      958.138      -2863.6      -1905.46      1.95684      197.305
532      16.8364      1.27846      958.843      -2864.3      -1905.46      1.95317      197.306
533      16.868      1.27906      959.295      -2864.76      -1905.46      1.94952      197.308
534      16.8997      1.27931      959.483      -2864.94      -1905.46      1.94588      197.309
535      16.9313      1.27921      959.406      -2864.87      -1905.46      1.94226      197.31
536      16.963      1.27876      959.067      -2864.53      -1905.46      1.93865      197.312
537      16.9946      1.27797      958.479      -2863.94      -1905.46      1.93506      197.314
538      17.0263      1.27687      957.654      -2863.11      -1905.46      1.93148      197.316
539      17.0579      1.27549      956.615      -2862.07      -1905.46      1.92792      197.318
540      17.0896      1.27384      955.383      -2860.84      -1905.46      1.92437      197.32
541      17.1212      1.27198      953.986      -2859.44      -1905.45      1.92083      197.322
542      17.1529      1.26994      952.453      -2857.9      -1905.45      1.91731      197.325
543      17.1845      1.26775      950.816      -2856.27      -1905.45      1.91381      197.327
544      17.2162      1.26548      949.108      -2854.56      -1905.45      1.91032      197.33
545      17.2478      1.26316      947.366      -2852.81      -1905.45      1.90684      197.333
546      17.2795      1.26084      945.629      -2851.07      -1905.44      1.90338      197.336
547      17.3111      1.25858      943.935      -2849.38      -1905.44      1.89993      197.339
548      17.3428      1.25644      942.326      -2847.76      -1905.44      1.89649      197.342
549      17.3744      1.25446      940.846      -2846.28      -1905.44      1.89307      197.346
550      17.4061      1.25272      939.537      -2844.97      -1905.43      1.88966      197.349
551      17.4377      1.25125      938.44      -2843.87      -1905.43      1.88626      197.353
552      17.4693      1.25012      937.593      -2843.02      -1905.43      1.88288      197.356
553      17.501      1.24937      937.026      -2842.45      -1905.42      1.87951      197.36
554      17.5326      1.24902      936.766      -2842.19      -1905.42      1.87615      197.363
555      17.5643      1.2491      936.827      -2842.25      -1905.42      1.87281      197.367
556      17.5959      1.24963      937.22      -2842.64      -1905.42      1.86947      197.371
557      17.6276      1.25059      937.94      -2843.36      -1905.42      1.86615      197.375
558      17.6592      1.25197      938.978      -2844.4      -1905.42      1.86284      197.378
559      17.6909      1.25375      940.314      -2845.74      -1905.42      1.85955      197.382
560      17.7225      1.2559      941.923      -2847.35      -1905.43      1.85626      197.386
561      17.7542      1.25837      943.774      -2849.2      -1905.43      1.85299      197.39
562      17.7858      1.26112      945.837      -2851.27      -1905.43      1.84973      197.394
563      17.8175      1.2641      948.078      -2853.51      -1905.43      1.84648      197.398
564      17.8491      1.26729      950.466      -2855.9      -1905.43      1.84324      197.401
565      17.8808      1.27063      952.971      -2858.4      -1905.43      1.84001      197.405
566      17.9124      1.27409      955.565      -2861      -1905.43      1.8368      197.409
567      17.9441      1.27763      958.22      -2863.66      -1905.44      1.83359      197.412
568      17.9757      1.28122      960.913      -2866.35      -1905.44      1.8304      197.416
569      18.0074      1.28483      963.624      -2869.06      -1905.44      1.82721      197.419
570      18.039      1.28844      966.334      -2871.77      -1905.44      1.82404      197.423
571      18.0706      1.29204      969.028      -2874.47      -1905.44      1.82087      197.426
572      18.1023      1.29559      971.693      -2877.13      -1905.44      1.81772      197.429
573      18.1339      1.29909      974.316      -2879.76      -1905.44      1.81458      197.432
574      18.1656      1.30251      976.885      -2882.33      -1905.44      1.81144      197.435
575      18.1972      1.30585      979.388      -2884.83      -1905.44      1.80832      197.438
576      18.2289      1.30909      981.817      -2887.26      -1905.44      1.8052      197.441
577      18.2605      1.31222      984.162      -2889.6      -1905.44      1.80209      197.443
578      18.2922      1.31522      986.413      -2891.86      -1905.44      1.799      197.446
579      18.3238      1.31808      988.559      -2894      -1905.44      1.79591      197.448
580      18.3555      1.32079      990.591      -2896.03      -1905.44      1.79283      197.45
581      18.3871      1.32333      992.499      -2897.94      -1905.44      1.78976      197.451
582      18.4188      1.3257      994.272      -2899.72      -1905.44      1.7867      197.453
583      18.4504      1.32786      995.897      -2901.34      -1905.45      1.78365      197.454
584      18.4821      1.32981      997.358      -2902.8      -1905.45      1.7806      197.455
585      18.5137      1.33151      998.636      -2904.08      -1905.45      1.77756      197.456
586      18.5454      1.33294      999.709      -2905.16      -1905.45      1.77454      197.457
587      18.577      1.33407      1000.55      -2906      -1905.45      1.77152      197.457
588      18.6087      1.33485      1001.14      -2906.59      -1905.45      1.76851      197.457
589      18.6403      1.33526      1001.44      -2906.9      -1905.46      1.7655      197.457
590      18.6719      1.33526      1001.44      -2906.9      -1905.46      1.76251      197.457
591      18.7036      1.33483      1001.12      -2906.58      -1905.46      1.75952      197.457
592      18.7352      1.33395      1000.47      -2905.92      -1905.46      1.75655      197.456
593      18.7669      1.33263      999.471      -2904.93      -1905.46      1.75358      197.455
594      18.7985      1.33086      998.148      -2903.6      -1905.46      1.75062      197.454
595      18.8302      1.32869      996.514      -2901.97      -1905.45      1.74767      197.453
596      18.8618      1.32613      994.599      -2900.05      -1905.45      1.74472      197.452
597      18.8935      1.32326      992.442      -2897.89      -1905.45      1.74179      197.451
598      18.9251      1.32012      990.093      -2895.54      -1905.45      1.73887      197.45
599      18.9568      1.31681      987.608      -2893.05      -1905.44      1.73595      197.448
600      18.9884      1.3134      985.051      -2890.49      -1905.44      1.73304      197.447
601      19.0201      1.30998      982.483      -2887.92      -1905.44      1.73015      197.445
602      19.0517      1.30663      979.969      -2885.4      -1905.43      1.72726      197.443
603      19.0834      1.30343      977.571      -2883      -1905.43      1.72438      197.442
604      19.115      1.30046      975.343      -2880.77      -1905.42      1.72151      197.44
605      19.1467      1.29778      973.336      -2878.76      -1905.42      1.71865      197.438
606      19.1783      1.29545      971.589      -2877.01      -1905.42      1.7158      197.437
607      19.21      1.29351      970.132      -2875.55      -1905.42      1.71296      197.435
608      19.2416      1.29198      968.984      -2874.4      -1905.42      1.71013      197.433
609      19.2732      1.29087      968.154      -2873.57      -1905.42      1.70731      197.432
610      19.3049      1.29018      967.635      -2873.06      -1905.42      1.70449      197.43
611      19.3365      1.28988      967.409      -2872.83      -1905.42      1.70169      197.429
612      19.3682      1.28993      967.444      -2872.87      -1905.42      1.6989      197.428
613      19.3998      1.29026      967.698      -2873.13      -1905.43      1.69612      197.426
614      19.4315      1.29082      968.118      -2873.55      -1905.43      1.69334      197.425
615      19.4631      1.29152      968.639      -2874.07      -1905.44      1.69058      197.424
616      19.4948      1.29225      969.191      -2874.63      -1905.44      1.68782      197.423
617      19.5264      1.29293      969.7      -2875.15      -1905.45      1.68508      197.421
618      19.5581      1.29346      970.092      -2875.54      -1905.45      1.68234      197.42
619      19.5897      1.29372      970.29      -2875.74      -1905.45      1.67962      197.419
620      19.6214      1.29363      970.226      -2875.68      -1905.46      1.6769      197.418
621      19.653      1.29311      969.834      -2875.3      -1905.46      1.67419      197.417
622      19.6847      1.29208      969.062      -2874.53      -1905.46      1.67149      197.416
623      19.7163      1.29049      967.865      -2873.33      -1905.47      1.6688      197.415
624      19.748      1.28828      966.213      -2871.68      -1905.47      1.66611      197.414
625      19.7796      1.28545      964.088      -2869.56      -1905.47      1.66344      197.413
626      19.8113      1.28198      961.487      -2866.95      -1905.47      1.66077      197.412
627      19.8429      1.27789      958.418      -2863.88      -1905.47      1.65811      197.411
628      19.8745      1.27321      954.907      -2860.37      -1905.46      1.65546      197.41
629      19.9062      1.26799      950.989      -2856.45      -1905.46      1.65282      197.408
630      19.9378      1.26229      946.716      -2852.17      -1905.46      1.65019      197.407
631      19.9695      1.2562      942.147      -2847.6      -1905.45      1.64756      197.406
632      20.0011      1.2498      937.353      -2842.8      -1905.45      1.64494      197.404
633      20.0328      1.24322      932.415      -2837.86      -1905.44      1.64233      197.403
634      20.0644      1.23656      927.42      -2832.86      -1905.44      1.63973      197.402
635      20.0961      1.22995      922.463      -2827.89      -1905.43      1.63714      197.4
636      20.1277      1.22352      917.639      -2823.06      -1905.42      1.63455      197.399
637      20.1594      1.21739      913.045      -2818.46      -1905.42      1.63197      197.397
638      20.191      1.2117      908.777      -2814.19      -1905.41      1.6294      197.395
639      20.2227      1.20657      904.927      -2810.34      -1905.41      1.62684      197.394
640      20.2543      1.2021      901.576      -2806.98      -1905.4      1.62428      197.392
641      20.286      1.19839      898.796      -2804.2      -1905.4      1.62173      197.39
642      20.3176      1.19553      896.645      -2802.04      -1905.4      1.61919      197.389
643      20.3493      1.19355      895.164      -2800.56      -1905.4      1.61666      197.387
644      20.3809      1.1925      894.378      -2799.77      -1905.4      1.61414      197.385
645      20.4126      1.19239      894.295      -2799.69      -1905.4      1.61162      197.384
646      20.4442      1.19321      894.907      -2800.31      -1905.4      1.60911      197.382
647      20.4758      1.19491      896.185      -2801.59      -1905.4      1.60661      197.38
648      20.5075      1.19744      898.083      -2803.49      -1905.4      1.60412      197.378
649      20.5391      1.20073      900.546      -2805.96      -1905.41      1.60163      197.377
650      20.5708      1.20467      903.504      -2808.92      -1905.41      1.59915      197.375
651      20.6024      1.20918      906.882      -2812.3      -1905.42      1.59668      197.374
652      20.6341      1.21413      910.601      -2816.03      -1905.43      1.59422      197.372
653      20.6657      1.21944      914.581      -2820.01      -1905.43      1.59177      197.371
654      20.6974      1.22499      918.742      -2824.18      -1905.43      1.58933      197.369
655      20.729      1.23068      923.01      -2828.45      -1905.44      1.58689      197.368
656      20.7607      1.23643      927.321      -2832.76      -1905.44      1.58446      197.367
657      20.7923      1.24216      931.619      -2837.06      -1905.44      1.58204      197.366
658      20.824      1.24781      935.858      -2841.3      -1905.45      1.57963      197.365
659      20.8556      1.25334      940.003      -2845.45      -1905.45      1.57722      197.364
660      20.8873      1.25871      944.03      -2849.48      -1905.45      1.57483      197.363
661      20.9189      1.2639      947.927      -2853.37      -1905.45      1.57244      197.363
662      20.9506      1.26892      951.689      -2857.13      -1905.45      1.57006      197.362
663      20.9822      1.27375      955.315      -2860.76      -1905.44      1.56769      197.362
664      21.0139      1.27842      958.812      -2864.26      -1905.44      1.56533      197.362
665      21.0455      1.28292      962.187      -2867.63      -1905.44      1.56297      197.362
666      21.0771      1.28726      965.449      -2870.89      -1905.44      1.56063      197.362
667      21.1088      1.29147      968.603      -2874.04      -1905.44      1.55829      197.362
668      21.1404      1.29554      971.655      -2877.1      -1905.44      1.55596      197.362
669      21.1721      1.29948      974.611      -2880.05      -1905.44      1.55364      197.363
670      21.2037      1.30329      977.471      -2882.91      -1905.44      1.55132      197.363
671      21.2354      1.30698      980.235      -2885.67      -1905.44      1.54902      197.364
672      21.267      1.31053      982.9      -2888.34      -1905.44      1.54672      197.365
673      21.2987      1.31395      985.462      -2890.9      -1905.44      1.54443      197.366
674      21.3303      1.31722      987.914      -2893.35      -1905.44      1.54214      197.367
675      21.362      1.32033      990.251      -2895.69      -1905.44      1.53987      197.368
676      21.3936      1.32328      992.459      -2897.9      -1905.44      1.5376      197.369
677      21.4253      1.32603      994.526      -2899.97      -1905.44      1.53534      197.37
678      21.4569      1.32858      996.436      -2901.88      -1905.44      1.53309      197.372
679      21.4886      1.3309      998.174      -2903.62      -1905.44      1.53084      197.373
680      21.5202      1.33296      999.719      -2905.16      -1905.45      1.5286      197.375
681      21.5519      1.33474      1001.05      -2906.5      -1905.45      1.52637      197.376
682      21.5835      1.33622      1002.16      -2907.61      -1905.45      1.52414      197.378
683      21.6152      1.33737      1003.02      -2908.47      -1905.45      1.52192      197.379
684      21.6468      1.33817      1003.63      -2909.08      -1905.45      1.51971      197.381
685      21.6784      1.33861      1003.96      -2909.41      -1905.45      1.5175      197.383
686      21.7101      1.33868      1004.01      -2909.46      -1905.45      1.51531      197.385
687      21.7417      1.33836      1003.77      -2909.22      -1905.45      1.51311      197.386
688      21.7734      1.33767      1003.25      -2908.7      -1905.45      1.51093      197.388
689      21.805      1.3366      1002.45      -2907.9      -1905.45      1.50875      197.39
690      21.8367      1.33516      1001.37      -2906.82      -1905.45      1.50658      197.392
691      21.8683      1.33338      1000.03      -2905.48      -1905.45      1.50441      197.394
692      21.9      1.33126      998.447      -2903.89      -1905.45      1.50225      197.396
693      21.9316      1.32884      996.63      -2902.08      -1905.45      1.5001      197.398
694      21.9633      1.32614      994.602      -2900.05      -1905.44      1.49795      197.4
695      21.9949      1.32317      992.38      -2897.82      -1905.44      1.49581      197.402
696      22.0266      1.31998      989.986      -2895.43      -1905.44      1.49368      197.404
697      22.0582      1.31658      987.439      -2892.88      -1905.44      1.49155      197.406
698      22.0899      1.31301      984.759      -2890.2      -1905.44      1.48943      197.408
699      22.1215      1.30929      981.966      -2887.41      -1905.44      1.48732      197.411
700      22.1532      1.30544      979.079      -2884.52      -1905.44      1.48521      197.413
701      22.1848      1.30149      976.116      -2881.55      -1905.44      1.48311      197.416
702      22.2165      1.29746      973.092      -2878.53      -1905.44      1.48102      197.418
703      22.2481      1.29337      970.026      -2875.46      -1905.44      1.47894      197.421
704      22.2797      1.28924      966.932      -2872.37      -1905.44      1.47686      197.424
705      22.3114      1.28511      963.831      -2869.27      -1905.44      1.47478      197.427
706      22.343      1.28098      960.737      -2866.17      -1905.44      1.47272      197.43
707      22.3747      1.2769      957.673      -2863.11      -1905.44      1.47066      197.434
708      22.4063      1.27288      954.66      -2860.09      -1905.43      1.46861      197.437
709      22.438      1.26897      951.728      -2857.16      -1905.43      1.46657      197.441
710      22.4696      1.26521      948.908      -2854.34      -1905.43      1.46453      197.444
711      22.5013      1.26165      946.238      -2851.67      -1905.43      1.4625      197.448
712      22.5329      1.25835      943.76      -2849.19      -1905.43      1.46047      197.453
713      22.5646      1.25536      941.522      -2846.94      -1905.42      1.45846      197.457
714      22.5962      1.25277      939.576      -2845      -1905.42      1.45645      197.461
715      22.6279      1.25063      937.975      -2843.39      -1905.42      1.45444      197.466
716      22.6595      1.24903      936.775      -2842.19      -1905.41      1.45245      197.471
717      22.6912      1.24803      936.023      -2841.43      -1905.41      1.45046      197.476
718      22.7228      1.24768      935.763      -2841.17      -1905.41      1.44848      197.481
719      22.7545      1.24803      936.025      -2841.43      -1905.41      1.4465      197.486
720      22.7861      1.2491      936.822      -2842.23      -1905.41      1.44453      197.491
721      22.8178      1.25087      938.153      -2843.56      -1905.41      1.44257      197.497
722      22.8494      1.25333      939.996      -2845.41      -1905.41      1.44061      197.502
723      22.881      1.25642      942.312      -2847.73      -1905.42      1.43866      197.508
724      22.9127      1.26006      945.045      -2850.47      -1905.42      1.43671      197.513
725      22.9443      1.26417      948.129      -2853.55      -1905.43      1.43477      197.519
726      22.976      1.26865      951.485      -2856.92      -1905.43      1.43284      197.525
727      23.0076      1.27338      955.037      -2860.47      -1905.44      1.43091      197.531
728      23.0393      1.27827      958.705      -2864.14      -1905.44      1.42898      197.536
729      23.0709      1.28322      962.415      -2867.86      -1905.44      1.42706      197.542
730      23.1026      1.28813      966.096      -2871.54      -1905.45      1.42515      197.548
731      23.1342      1.29292      969.689      -2875.14      -1905.45      1.42324      197.554
732      23.1659      1.29752      973.138      -2878.59      -1905.45      1.42134      197.559
733      23.1975      1.30187      976.399      -2881.86      -1905.46      1.41944      197.565
734      23.2292      1.30591      979.434      -2884.89      -1905.46      1.41754      197.57
735      23.2608      1.30961      982.21      -2887.67      -1905.46      1.41565      197.576
736      23.2925      1.31294      984.703      -2890.16      -1905.46      1.41377      197.581
737      23.3241      1.31586      986.895      -2892.36      -1905.46      1.41189      197.586
738      23.3558      1.31837      988.776      -2894.24      -1905.46      1.41001      197.591
739      23.3874      1.32045      990.337      -2895.8      -1905.46      1.40813      197.595
740      23.4191      1.3221      991.577      -2897.04      -1905.46      1.40626      197.6
741      23.4507      1.32333      992.499      -2897.96      -1905.46      1.4044      197.604
742      23.4823      1.32415      993.109      -2898.57      -1905.46      1.40253      197.609
743      23.514      1.32456      993.417      -2898.88      -1905.46      1.40067      197.612
744      23.5456      1.32458      993.436      -2898.89      -1905.46      1.39882      197.616
745      23.5773      1.32424      993.178      -2898.64      -1905.46      1.39696      197.62
746      23.6089      1.32355      992.661      -2898.12      -1905.46      1.39511      197.623
747      23.6406      1.32253      991.898      -2897.35      -1905.46      1.39327      197.626
748      23.6722      1.32121      990.907      -2896.36      -1905.45      1.39142      197.629
749      23.7039      1.3196      989.702      -2895.16      -1905.45      1.38958      197.631
750      23.7355      1.31773      988.301      -2893.75      -1905.45      1.38775      197.634
751      23.7672      1.31563      986.724      -2892.18      -1905.45      1.38591      197.636
752      23.7988      1.31332      984.992      -2890.44      -1905.45      1.38408      197.637
753      23.8305      1.31084      983.129      -2888.58      -1905.45      1.38226      197.639
754      23.8621      1.30822      981.165      -2886.61      -1905.45      1.38043      197.64
755      23.8938      1.30551      979.131      -2884.57      -1905.44      1.37861      197.641
756      23.9254      1.30275      977.064      -2882.51      -1905.44      1.37679      197.642
757      23.9571      1.3      975.003      -2880.44      -1905.44      1.37498      197.642
758      23.9887      1.29732      972.989      -2878.42      -1905.44      1.37317      197.643
759      24.0204      1.29475      971.06      -2876.49      -1905.43      1.37136      197.643
760      24.052      1.29234      969.257      -2874.69      -1905.43      1.36955      197.642
761      24.0836      1.29015      967.616      -2873.04      -1905.43      1.36775      197.642
762      24.1153      1.28822      966.168      -2871.59      -1905.43      1.36595      197.641
763      24.1469      1.28658      964.938      -2870.36      -1905.42      1.36415      197.64
764      24.1786      1.28525      963.94      -2869.36      -1905.42      1.36235      197.639
765      24.2102      1.28424      963.179      -2868.6      -1905.42      1.36056      197.637
766      24.2419      1.28354      962.651      -2868.08      -1905.43      1.35877      197.635
767      24.2735      1.28312      962.343      -2867.77      -1905.43      1.35699      197.633
768      24.3052      1.28297      962.229      -2867.66      -1905.43      1.3552      197.631
769      24.3368      1.28304      962.279      -2867.71      -1905.43      1.35342      197.628
770      24.3685      1.28327      962.453      -2867.89      -1905.43      1.35165      197.625
771      24.4001      1.28361      962.707      -2868.14      -1905.44      1.34987      197.622
772      24.4318      1.28399      962.992      -2868.43      -1905.44      1.3481      197.619
773      24.4634      1.28434      963.257      -2868.7      -1905.44      1.34633      197.615
774      24.4951      1.2846      963.45      -2868.9      -1905.45      1.34457      197.611
775      24.5267      1.28469      963.521      -2868.97      -1905.45      1.3428      197.607
776      24.5584      1.28456      963.422      -2868.87      -1905.45      1.34104      197.603
777      24.59      1.28414      963.108      -2868.56      -1905.46      1.33929      197.599
778      24.6217      1.28339      962.542      -2868      -1905.46      1.33753      197.594
779      24.6533      1.28225      961.69      -2867.15      -1905.46      1.33578      197.589
780      24.6849      1.28071      960.532      -2865.99      -1905.46      1.33404      197.584
781      24.7166      1.27874      959.052      -2864.51      -1905.46      1.33229      197.579
782      24.7482      1.27633      957.247      -2862.71      -1905.46      1.33055      197.573
783      24.7799      1.2735      955.124      -2860.58      -1905.46      1.32882      197.568
784      24.8115      1.27027      952.701      -2858.16      -1905.46      1.32708      197.562
785      24.8432      1.26667      950.005      -2855.46      -1905.45      1.32535      197.556
786      24.8748      1.26276      947.073      -2852.52      -1905.45      1.32363      197.55
787      24.9065      1.2586      943.947      -2849.4      -1905.45      1.3219      197.544
788      24.9381      1.25423      940.676      -2846.12      -1905.45      1.32018      197.538
789      24.9698      1.24975      937.311      -2842.75      -1905.44      1.31847      197.531
790      25.0014      1.24521      933.904      -2839.34      -1905.44      1.31676      197.525
791      25.0331      1.24068      930.508      -2835.94      -1905.44      1.31505      197.518
792      25.0647      1.23623      927.171      -2832.6      -1905.43      1.31334      197.512
793      25.0964      1.23192      923.94      -2829.37      -1905.43      1.31164      197.505
794      25.128      1.2278      920.851      -2826.28      -1905.43      1.30995      197.498
795      25.1597      1.22391      917.935      -2823.36      -1905.43      1.30825      197.491
796      25.1913      1.22029      915.22      -2820.65      -1905.43      1.30656      197.484
797      25.223      1.21697      912.725      -2818.15      -1905.42      1.30488      197.477
798      25.2546      1.21395      910.461      -2815.89      -1905.42      1.3032      197.471
799      25.2862      1.21125      908.435      -2813.86      -1905.42      1.30152      197.464
800      25.3179      1.20887      906.65      -2812.07      -1905.42      1.29985      197.456
801      25.3495      1.20681      905.104      -2810.53      -1905.42      1.29818      197.449
802      25.3812      1.20506      903.798      -2809.22      -1905.42      1.29651      197.442
803      25.4128      1.20364      902.728      -2808.15      -1905.42      1.29485      197.435
804      25.4445      1.20252      901.889      -2807.31      -1905.42      1.29319      197.428
805      25.4761      1.2017      901.279      -2806.7      -1905.42      1.29154      197.421
806      25.5078      1.20119      900.896      -2806.32      -1905.42      1.28989      197.413
807      25.5394      1.20099      900.742      -2806.17      -1905.42      1.28824      197.406
808      25.5711      1.2011      900.822      -2806.24      -1905.42      1.2866      197.399
809      25.6027      1.20152      901.14      -2806.56      -1905.42      1.28496      197.391
810      25.6344      1.20227      901.705      -2807.13      -1905.42      1.28333      197.384
811      25.666      1.20337      902.524      -2807.94      -1905.42      1.2817      197.376
812      25.6977      1.20481      903.607      -2809.03      -1905.42      1.28007      197.369
813      25.7293      1.20662      904.962      -2810.38      -1905.42      1.27845      197.361
814      25.761      1.20879      906.595      -2812.01      -1905.42      1.27683      197.353
815      25.7926      1.21135      908.51      -2813.93      -1905.42      1.27521      197.346
816      25.8243      1.21428      910.709      -2816.13      -1905.42      1.2736      197.338
817      25.8559      1.21758      913.184      -2818.6      -1905.42      1.27199      197.33
818      25.8875      1.22124      915.927      -2821.35      -1905.42      1.27038      197.322
819      25.9192      1.22523      918.919      -2824.34      -1905.42      1.26878      197.314
820      25.9508      1.22951      922.136      -2827.56      -1905.42      1.26718      197.306
821      25.9825      1.23406      925.545      -2830.97      -1905.42      1.26558      197.298
822      26.0141      1.23881      929.109      -2834.54      -1905.43      1.26399      197.289
823      26.0458      1.24371      932.783      -2838.21      -1905.43      1.2624      197.281
824      26.0774      1.24869      936.518      -2841.95      -1905.43      1.26081      197.273
825      26.1091      1.25368      940.261      -2845.7      -1905.44      1.25923      197.264
826      26.1407      1.25861      943.958      -2849.4      -1905.44      1.25765      197.256
827      26.1724      1.26341      947.555      -2853      -1905.44      1.25608      197.247
828      26.204      1.268      951.002      -2856.45      -1905.44      1.25451      197.239
829      26.2357      1.27233      954.25      -2859.7      -1905.45      1.25294      197.23
830      26.2673      1.27634      957.257      -2862.71      -1905.45      1.25137      197.221
831      26.299      1.27999      959.989      -2865.44      -1905.45      1.24981      197.213
832      26.3306      1.28323      962.42      -2867.87      -1905.45      1.24826      197.204
833      26.3623      1.28604      964.532      -2869.98      -1905.45      1.2467      197.196
834      26.3939      1.28842      966.318      -2871.77      -1905.45      1.24516      197.187
835      26.4256      1.29037      967.781      -2873.23      -1905.45      1.24361      197.179
836      26.4572      1.29191      968.933      -2874.38      -1905.45      1.24207      197.17
837      26.4888      1.29306      969.798      -2875.24      -1905.45      1.24054      197.162
838      26.5205      1.29388      970.407      -2875.85      -1905.44      1.239      197.154
839      26.5521      1.2944      970.8      -2876.24      -1905.44      1.23748      197.146
840      26.5838      1.29469      971.019      -2876.46      -1905.44      1.23595      197.138
841      26.6154      1.29481      971.108      -2876.54      -1905.44      1.23443      197.13
842      26.6471      1.29481      971.11      -2876.54      -1905.43      1.23292      197.122
843      26.6787      1.29475      971.061      -2876.49      -1905.43      1.23141      197.115
844      26.7104      1.29465      970.988      -2876.42      -1905.43      1.2299      197.107
845      26.742      1.29454      970.907      -2876.34      -1905.43      1.2284      197.1
846      26.7737      1.29442      970.818      -2876.25      -1905.43      1.22691      197.093
847      26.8053      1.29428      970.708      -2876.14      -1905.43      1.22542      197.086
848      26.837      1.29407      970.554      -2875.99      -1905.44      1.22393      197.08
849      26.8686      1.29376      970.322      -2875.76      -1905.44      1.22245      197.074
850      26.9003      1.2933      969.975      -2875.42      -1905.44      1.22098      197.067
851      26.9319      1.29263      969.473      -2874.92      -1905.44      1.21951      197.062
852      26.9636      1.29171      968.781      -2874.23      -1905.45      1.21804      197.056
853      26.9952      1.29049      967.87      -2873.32      -1905.45      1.21658      197.051
854      27.0269      1.28896      966.721      -2872.17      -1905.45      1.21512      197.046
855      27.0585      1.2871      965.325      -2870.77      -1905.45      1.21367      197.041
856      27.0901      1.28492      963.686      -2869.13      -1905.45      1.21223      197.037
857      27.1218      1.28242      961.818      -2867.26      -1905.45      1.21079      197.033
858      27.1534      1.27966      959.746      -2865.19      -1905.44      1.20935      197.029
859      27.1851      1.27667      957.505      -2862.94      -1905.44      1.20792      197.025
860      27.2167      1.27351      955.136      -2860.57      -1905.44      1.2065      197.022
861      27.2484      1.27025      952.686      -2858.12      -1905.43      1.20508      197.019
862      27.28      1.26694      950.202      -2855.63      -1905.43      1.20367      197.017
863      27.3117      1.26364      947.732      -2853.16      -1905.43      1.20226      197.015
864      27.3433      1.26042      945.318      -2850.74      -1905.42      1.20086      197.013
865      27.375      1.25733      942.996      -2848.42      -1905.42      1.19946      197.011
866      27.4066      1.2544      940.798      -2846.22      -1905.42      1.19807      197.01
867      27.4383      1.25166      938.744      -2844.16      -1905.42      1.19668      197.009
868      27.4699      1.24913      936.851      -2842.27      -1905.42      1.1953      197.008
869      27.5016      1.24684      935.127      -2840.55      -1905.42      1.19392      197.008
870      27.5332      1.24476      933.572      -2838.99      -1905.42      1.19255      197.008
871      27.5649      1.24291      932.183      -2837.6      -1905.42      1.19118      197.008
872      27.5965      1.24127      930.954      -2836.37      -1905.42      1.18982      197.009
873      27.6282      1.23984      929.878      -2835.3      -1905.42      1.18846      197.01
874      27.6598      1.2386      928.947      -2834.37      -1905.42      1.18711      197.011
875      27.6914      1.23753      928.151      -2833.57      -1905.42      1.18576      197.013
876      27.7231      1.23665      927.484      -2832.91      -1905.42      1.18442      197.014
877      27.7547      1.23592      926.941      -2832.36      -1905.42      1.18308      197.016
878      27.7864      1.23536      926.518      -2831.94      -1905.42      1.18174      197.018
879      27.818      1.23495      926.212      -2831.63      -1905.42      1.18041      197.021
880      27.8497      1.23469      926.019      -2831.44      -1905.42      1.17909      197.023
881      27.8813      1.23458      925.934      -2831.36      -1905.42      1.17777      197.026
882      27.913      1.2346      925.95      -2831.37      -1905.42      1.17645      197.029
883      27.9446      1.23474      926.057      -2831.48      -1905.42      1.17514      197.032
884      27.9763      1.23499      926.243      -2831.67      -1905.42      1.17383      197.036
885      28.0079      1.23532      926.49      -2831.91      -1905.42      1.17252      197.039
886      28.0396      1.23571      926.779      -2832.2      -1905.43      1.17122      197.042
887      28.0712      1.23612      927.092      -2832.52      -1905.43      1.16992      197.046
888      28.1029      1.23654      927.406      -2832.83      -1905.43      1.16862      197.049
889      28.1345      1.23693      927.699      -2833.13      -1905.43      1.16733      197.053
890      28.1662      1.23727      927.95      -2833.38      -1905.43      1.16604      197.056
891      28.1978      1.23752      928.14      -2833.57      -1905.43      1.16475      197.06
892      28.2295      1.23767      928.253      -2833.68      -1905.43      1.16346      197.063
893      28.2611      1.2377      928.273      -2833.71      -1905.43      1.16218      197.067
894      28.2927      1.23759      928.191      -2833.62      -1905.43      1.1609      197.07
895      28.3244      1.23733      928      -2833.43      -1905.43      1.15962      197.073
896      28.356      1.23693      927.698      -2833.13      -1905.43      1.15834      197.076
897      28.3877      1.23638      927.289      -2832.72      -1905.43      1.15707      197.079
898      28.4193      1.23571      926.78      -2832.21      -1905.43      1.15579      197.082
899      28.451      1.23491      926.185      -2831.62      -1905.43      1.15452      197.084
900      28.4826      1.23403      925.523      -2830.95      -1905.43      1.15325      197.086
901      28.5143      1.23309      924.818      -2830.25      -1905.43      1.15198      197.088
902      28.5459      1.23213      924.099      -2829.53      -1905.43      1.15072      197.09
903      28.5776      1.2312      923.402      -2828.83      -1905.42      1.14945      197.091
904      28.6092      1.23036      922.766      -2828.19      -1905.42      1.14819      197.092
905      28.6409      1.22965      922.237      -2827.66      -1905.42      1.14692      197.093
906      28.6725      1.22914      921.858      -2827.27      -1905.42      1.14566      197.094
907      28.7042      1.2289      921.677      -2827.09      -1905.41      1.1444      197.094
908      28.7358      1.22898      921.737      -2827.15      -1905.41      1.14314      197.094
909      28.7675      1.22943      922.075      -2827.48      -1905.41      1.14188      197.094
910      28.7991      1.2303      922.722      -2828.13      -1905.41      1.14062      197.093
911      28.8308      1.2316      923.702      -2829.11      -1905.41      1.13936      197.092
912      28.8624      1.23337      925.028      -2830.43      -1905.41      1.13811      197.091
913      28.894      1.2356      926.7      -2832.11      -1905.41      1.13685      197.089
914      28.9257      1.23828      928.71      -2834.12      -1905.41      1.13559      197.087
915      28.9573      1.24139      931.039      -2836.45      -1905.41      1.13434      197.085
916      28.989      1.24488      933.661      -2839.07      -1905.41      1.13309      197.082
917      29.0206      1.24872      936.544      -2841.96      -1905.41      1.13184      197.08
918      29.0523      1.25287      939.65      -2845.07      -1905.42      1.13058      197.076
919      29.0839      1.25725      942.94      -2848.36      -1905.42      1.12934      197.073
920      29.1156      1.26183      946.374      -2851.79      -1905.42      1.12809      197.07
921      29.1472      1.26655      949.914      -2855.34      -1905.42      1.12684      197.066
922      29.1789      1.27136      953.519      -2858.94      -1905.43      1.1256      197.062
923      29.2105      1.2762      957.151      -2862.58      -1905.43      1.12435      197.058
924      29.2422      1.28103      960.773      -2866.2      -1905.43      1.12311      197.054
925      29.2738      1.2858      964.346      -2869.78      -1905.43      1.12187      197.049
926      29.3055      1.29045      967.837      -2873.27      -1905.43      1.12064      197.045
927      29.3371      1.29495      971.209      -2876.64      -1905.43      1.1194      197.04
928      29.3688      1.29923      974.426      -2879.86      -1905.44      1.11817      197.036
929      29.4004      1.30327      977.453      -2882.89      -1905.44      1.11694      197.031
930      29.4321      1.30701      980.257      -2885.7      -1905.44      1.11572      197.027
931      29.4637      1.31041      982.805      -2888.25      -1905.44      1.11449      197.022
932      29.4953      1.31342      985.069      -2890.51      -1905.44      1.11327      197.018
933      29.527      1.31603      987.019      -2892.46      -1905.44      1.11205      197.013
934      29.5586      1.31818      988.632      -2894.08      -1905.45      1.11084      197.009
935      29.5903      1.31985      989.886      -2895.33      -1905.45      1.10962      197.005
936      29.6219      1.32103      990.769      -2896.22      -1905.45      1.10842      197.001
937      29.6536      1.32169      991.271      -2896.72      -1905.45      1.10721      196.996
938      29.6852      1.32185      991.39      -2896.84      -1905.45      1.10601      196.992
939      29.7169      1.32151      991.132      -2896.58      -1905.45      1.10481      196.989
940      29.7485      1.32068      990.509      -2895.95      -1905.45      1.10361      196.985
941      29.7802      1.31939      989.543      -2894.99      -1905.45      1.10242      196.981
942      29.8118      1.31769      988.264      -2893.71      -1905.44      1.10123      196.978
943      29.8435      1.31561      986.708      -2892.15      -1905.44      1.10004      196.975
944      29.8751      1.31323      984.921      -2890.36      -1905.44      1.09886      196.971
945      29.9068      1.31061      982.955      -2888.39      -1905.43      1.09768      196.968
946      29.9384      1.30782      980.868      -2886.3      -1905.43      1.0965      196.965
947      29.9701      1.30496      978.723      -2884.15      -1905.43      1.09533      196.962
948      30.0017      1.30211      976.585      -2882.01      -1905.42      1.09416      196.96
949      30.0334      1.29936      974.52      -2879.94      -1905.42      1.09299      196.957
950      30.065      1.29679      972.591      -2878.01      -1905.42      1.09183      196.954
951      30.0966      1.29448      970.857      -2876.27      -1905.41      1.09066      196.952
952      30.1283      1.2925      969.372      -2874.78      -1905.41      1.0895      196.949
953      30.1599      1.29091      968.182      -2873.59      -1905.41      1.08835      196.947
954      30.1916      1.28976      967.323      -2872.73      -1905.41      1.08719      196.945
955      30.2232      1.28909      966.817      -2872.22      -1905.41      1.08604      196.942
956      30.2549      1.2889      966.677      -2872.08      -1905.41      1.08489      196.94
957      30.2865      1.2892      966.899      -2872.31      -1905.41      1.08375      196.938
958      30.3182      1.28996      967.471      -2872.88      -1905.41      1.0826      196.935
959      30.3498      1.29115      968.363      -2873.78      -1905.41      1.08146      196.933
960      30.3815      1.29272      969.538      -2874.95      -1905.42      1.08032      196.931
961      30.4131      1.2946      970.949      -2876.37      -1905.42      1.07919      196.929
962      30.4448      1.29672      972.539      -2877.96      -1905.42      1.07805      196.926
963      30.4764      1.299      974.252      -2879.68      -1905.43      1.07692      196.924
964      30.5081      1.30137      976.031      -2881.46      -1905.43      1.07579      196.922
965      30.5397      1.30376      977.822      -2883.25      -1905.43      1.07467      196.92
966      30.5714      1.30611      979.58      -2885.01      -1905.43      1.07354      196.918
967      30.603      1.30835      981.265      -2886.7      -1905.44      1.07242      196.916
968      30.6347      1.31046      982.848      -2888.28      -1905.44      1.0713      196.914
969      30.6663      1.31242      984.311      -2889.75      -1905.44      1.07019      196.912
970      30.6979      1.3142      985.649      -2891.08      -1905.44      1.06908      196.911
971      30.7296      1.31582      986.862      -2892.3      -1905.44      1.06797      196.909
972      30.7612      1.31728      987.959      -2893.39      -1905.43      1.06686      196.907
973      30.7929      1.3186      988.953      -2894.38      -1905.43      1.06575      196.906
974      30.8245      1.31982      989.863      -2895.29      -1905.43      1.06465      196.904
975      30.8562      1.32094      990.706      -2896.14      -1905.43      1.06355      196.903
976      30.8878      1.32199      991.495      -2896.92      -1905.43      1.06246      196.902
977      30.9195      1.32299      992.243      -2897.67      -1905.43      1.06136      196.901
978      30.9511      1.32394      992.956      -2898.38      -1905.43      1.06027      196.9
979      30.9828      1.32485      993.636      -2899.06      -1905.43      1.05918      196.899
980      31.0144      1.3257      994.279      -2899.71      -1905.43      1.0581      196.898
981      31.0461      1.3265      994.873      -2900.3      -1905.43      1.05702      196.897
982      31.0777      1.32721      995.408      -2900.84      -1905.43      1.05593      196.896
983      31.1094      1.32782      995.865      -2901.3      -1905.43      1.05486      196.896
984      31.141      1.32831      996.229      -2901.66      -1905.43      1.05378      196.895
985      31.1727      1.32865      996.488      -2901.92      -1905.43      1.05271      196.894
986      31.2043      1.32884      996.634      -2902.07      -1905.43      1.05164      196.894
987      31.236      1.32888      996.663      -2902.1      -1905.43      1.05057      196.893
988      31.2676      1.32878      996.582      -2902.01      -1905.43      1.0495      196.892
989      31.2992      1.32854      996.403      -2901.83      -1905.43      1.04844      196.892
990      31.3309      1.3282      996.148      -2901.58      -1905.43      1.04738      196.891
991      31.3625      1.32779      995.845      -2901.27      -1905.43      1.04631      196.891
992      31.3942      1.32737      995.529      -2900.95      -1905.43      1.04526      196.89
993      31.4258      1.32698      995.238      -2900.66      -1905.42      1.0442      196.889
994      31.4575      1.32668      995.01      -2900.43      -1905.42      1.04315      196.889
995      31.4891      1.32651      994.881      -2900.3      -1905.42      1.04209      196.888
996      31.5208      1.32651      994.883      -2900.3      -1905.42      1.04104      196.887
997      31.5524      1.32672      995.042      -2900.46      -1905.42      1.04      196.886
998      31.5841      1.32717      995.375      -2900.79      -1905.42      1.03895      196.886
999      31.6157      1.32785      995.887      -2901.3      -1905.42      1.03791      196.885
1000      31.6474      1.32877      996.576      -2901.99      -1905.42      1.03686      196.884
1000      31.6474      1.32877      996.576      -2901.99      -1905.42      1.03686      196.884
Execution time in seconds: 1.89284
