Timestep Time Temperature KineticEnergy PotentialEnergy TotalEnergy DiffusionConstant MeanSquareDisplacement
1      0.034      2.43065      1822.99      -3728.56      -1905.57      966.354      197.136
2      0.068      2.42411      1818.08      -3723.65      -1905.57      483.189      197.141
3      0.102      2.41321      1809.91      -3715.48      -1905.57      322.134      197.146
4      0.136      2.39791      1798.44      -3704.01      -1905.58      241.607      197.151
5      0.17      2.3782      1783.65      -3689.23      -1905.58      193.291      197.156
6      0.204      2.35403      1765.52      -3671.11      -1905.58      161.08      197.162
7      0.238      2.32537      1744.03      -3649.61      -1905.59      138.072      197.167
8      0.272      2.29217      1719.12      -3624.72      -1905.6      120.817      197.173
9      0.306      2.25439      1690.79      -3596.4      -1905.6      107.396      197.178
10      0.34      2.21202      1659.02      -3564.62      -1905.61      96.6588      197.184
11      0.374      2.16505      1623.79      -3529.4      -1905.61      87.8742      197.19
12      0.408      2.11349      1585.12      -3490.73      -1905.61      80.5537      197.196
13      0.442      2.05741      1543.06      -3448.67      -1905.61      74.3595      197.201
14      0.476      1.99694      1497.71      -3403.32      -1905.61      69.0501      197.207
15      0.51      1.93228      1449.21      -3354.81      -1905.6      64.4487      197.213
16      0.544      1.8637      1397.78      -3303.37      -1905.59      60.4225      197.219
17      0.578      1.79161      1343.71      -3249.28      -1905.57      56.8699      197.225
18      0.612      1.71649      1287.37      -3192.92      -1905.55      53.712      197.231
19      0.646      1.63899      1229.25      -3134.76      -1905.52      50.8865      197.236
20      0.68      1.55986      1169.9      -3075.38      -1905.48      48.3436      197.242
21      0.714      1.47997      1109.98      -3015.42      -1905.44      46.0428      197.247
22      0.748      1.4003      1050.23      -2955.62      -1905.39      43.9512      197.253
23      0.782      1.32189      991.421      -2896.76      -1905.34      42.0414      197.258
24      0.816      1.24583      934.376      -2839.67      -1905.3      40.2907      197.263
25      0.85      1.17319      879.895      -2785.14      -1905.25      38.68      197.268
26      0.884      1.10498      828.733      -2733.94      -1905.21      37.1932      197.273
27      0.918      1.04208      781.561      -2686.74      -1905.17      35.8165      197.278
28      0.952      0.985245      738.934      -2644.08      -1905.15      34.5381      197.282
29      0.986      0.935024      701.268      -2606.4      -1905.13      33.3479      197.286
30      1.02      0.891768      668.826      -2573.95      -1905.13      32.2369      197.29
31      1.054      0.855619      641.715      -2546.84      -1905.13      31.1976      197.294
32      1.088      0.826528      619.896      -2525.04      -1905.14      30.2233      197.297
33      1.122      0.804267      603.2      -2508.36      -1905.16      29.3079      197.301
34      1.156      0.788466      591.35      -2496.53      -1905.18      28.4464      197.304
35      1.19      0.778643      583.982      -2489.19      -1905.21      27.634      197.307
36      1.224      0.774241      580.681      -2485.91      -1905.23      26.8668      197.31
37      1.258      0.774658      580.994      -2486.26      -1905.26      26.141      197.312
38      1.292      0.779278      584.459      -2489.75      -1905.29      25.4534      197.315
39      1.326      0.787491      590.618      -2495.93      -1905.31      24.801      197.317
40      1.36      0.798713      599.035      -2504.37      -1905.34      24.1813      197.319
41      1.394      0.812395      609.296      -2514.66      -1905.36      23.5917      197.321
42      1.428      0.828035      621.026      -2526.4      -1905.38      23.0302      197.323
43      1.462      0.845175      633.881      -2539.28      -1905.39      22.4948      197.324
44      1.496      0.863408      647.556      -2552.96      -1905.41      21.9837      197.326
45      1.53      0.882371      661.778      -2567.2      -1905.42      21.4954      197.327
46      1.564      0.901749      676.311      -2581.74      -1905.43      21.0282      197.329
47      1.598      0.921262      690.946      -2596.39      -1905.44      20.5809      197.33
48      1.632      0.940669      705.502      -2610.95      -1905.45      20.1523      197.331
49      1.666      0.959757      719.818      -2625.27      -1905.46      19.7411      197.332
50      1.7      0.978336      733.752      -2639.21      -1905.46      19.3464      197.333
51      1.734      0.996238      747.178      -2652.65      -1905.47      18.9671      197.334
52      1.768      1.01331      759.985      -2665.46      -1905.47      18.6024      197.335
53      1.802      1.02943      772.071      -2677.55      -1905.48      18.2515      197.335
54      1.836      1.04447      783.349      -2688.83      -1905.48      17.9136      197.336
55      1.87      1.05832      793.742      -2699.22      -1905.48      17.5879      197.337
56      1.904      1.07092      803.188      -2708.67      -1905.48      17.2739      197.337
57      1.938      1.08218      811.638      -2717.12      -1905.49      16.9709      197.338
58      1.972      1.09208      819.058      -2724.54      -1905.49      16.6784      197.338
59      2.006      1.10058      825.437      -2730.92      -1905.49      16.3957      197.339
60      2.04      1.1077      830.777      -2736.26      -1905.48      16.1225      197.339
61      2.074      1.11347      835.104      -2740.58      -1905.48      15.8582      197.34
62      2.108      1.11795      838.46      -2743.94      -1905.48      15.6025      197.341
63      2.142      1.12121      840.906      -2746.38      -1905.47      15.3549      197.341
64      2.176      1.12336      842.518      -2747.98      -1905.47      15.115      197.342
65      2.21      1.12451      843.384      -2748.84      -1905.46      14.8825      197.343
66      2.244      1.1248      843.6      -2749.05      -1905.45      14.6571      197.343
67      2.278      1.12435      843.266      -2748.71      -1905.45      14.4384      197.344
68      2.312      1.12331      842.48      -2747.92      -1905.44      14.2261      197.345
69      2.346      1.12178      841.338      -2746.77      -1905.44      14.02      197.346
70      2.38      1.1199      839.927      -2745.36      -1905.43      13.8198      197.347
71      2.414      1.11777      838.327      -2743.76      -1905.43      13.6253      197.348
72      2.448      1.11548      836.607      -2742.03      -1905.43      13.4361      197.35
73      2.482      1.1131      834.828      -2740.25      -1905.42      13.2522      197.351
74      2.516      1.11073      833.046      -2738.47      -1905.42      13.0732      197.353
75      2.55      1.10842      831.311      -2736.73      -1905.42      12.899      197.354
76      2.584      1.10624      829.678      -2735.09      -1905.42      12.7294      197.356
77      2.618      1.10427      828.199      -2733.61      -1905.41      12.5642      197.358
78      2.652      1.10258      826.934      -2732.35      -1905.41      12.4032      197.36
79      2.686      1.10126      825.946      -2731.35      -1905.41      12.2463      197.362
80      2.72      1.1004      825.3      -2730.7      -1905.4      12.0934      197.364
81      2.754      1.10008      825.061      -2730.46      -1905.4      11.9442      197.366
82      2.788      1.10038      825.284      -2730.68      -1905.4      11.7987      197.368
83      2.822      1.10135      826.015      -2731.41      -1905.4      11.6566      197.37
84      2.856      1.10304      827.278      -2732.67      -1905.4      11.518      197.373
85      2.89      1.10543      829.076      -2734.47      -1905.4      11.3826      197.375
86      2.924      1.10852      831.387      -2736.79      -1905.4      11.2504      197.377
87      2.958      1.11222      834.167      -2739.57      -1905.4      11.1212      197.379
88      2.992      1.11647      837.353      -2742.76      -1905.41      10.995      197.382
89      3.026      1.12116      840.871      -2746.29      -1905.41      10.8716      197.384
90      3.06      1.12619      844.645      -2750.06      -1905.42      10.7509      197.386
91      3.094      1.13146      848.597      -2754.02      -1905.42      10.6329      197.388
92      3.128      1.13688      852.656      -2758.08      -1905.43      10.5174      197.39
93      3.162      1.14235      856.763      -2762.19      -1905.43      10.4044      197.392
94      3.196      1.14782      860.867      -2766.3      -1905.43      10.2938      197.394
95      3.23      1.15324      864.933      -2770.36      -1905.43      10.1855      197.396
96      3.264      1.15858      868.933      -2774.36      -1905.43      10.0795      197.398
97      3.298      1.1638      872.851      -2778.28      -1905.43      9.97569      197.399
98      3.332      1.1689      876.672      -2782.1      -1905.43      9.87395      197.4
99      3.366      1.17385      880.389      -2785.82      -1905.43      9.77427      197.401
100      3.4      1.17866      883.995      -2789.43      -1905.43      9.67656      197.402
101      3.434      1.18331      887.483      -2792.91      -1905.43      9.58078      197.402
102      3.468      1.1878      890.848      -2796.28      -1905.43      9.48686      197.403
103      3.502      1.19211      894.084      -2799.52      -1905.43      9.39475      197.403
104      3.536      1.19625      897.188      -2802.62      -1905.43      9.3044      197.402
105      3.57      1.20021      900.155      -2805.59      -1905.43      9.21576      197.402
106      3.604      1.20398      902.988      -2808.42      -1905.43      9.12877      197.401
107      3.638      1.20759      905.692      -2811.12      -1905.43      9.04339      197.399
108      3.672      1.21104      908.281      -2813.71      -1905.43      8.95958      197.397
109      3.706      1.21436      910.769      -2816.19      -1905.43      8.87729      197.395
110      3.74      1.21757      913.181      -2818.6      -1905.42      8.79648      197.393
111      3.774      1.22072      915.544      -2820.96      -1905.42      8.7171      197.39
112      3.808      1.22385      917.889      -2823.31      -1905.42      8.63913      197.387
113      3.842      1.227      920.25      -2825.67      -1905.42      8.56253      197.383
114      3.876      1.23021      922.661      -2828.07      -1905.41      8.48725      197.379
115      3.91      1.23354      925.152      -2830.56      -1905.41      8.41326      197.375
116      3.944      1.237      927.749      -2833.16      -1905.41      8.34054      197.371
117      3.978      1.24063      930.471      -2835.88      -1905.41      8.26905      197.366
118      4.012      1.24443      933.326      -2838.74      -1905.41      8.19876      197.361
119      4.046      1.24841      936.309      -2841.72      -1905.41      8.12964      197.355
120      4.08      1.25254      939.406      -2844.82      -1905.41      8.06166      197.349
121      4.114      1.25679      942.59      -2848      -1905.42      7.9948      197.344
122      4.148      1.26109      945.82      -2851.24      -1905.42      7.92902      197.337
123      4.182      1.2654      949.051      -2854.47      -1905.42      7.86431      197.331
124      4.216      1.26964      952.228      -2857.66      -1905.43      7.80064      197.325
125      4.25      1.27373      955.294      -2860.73      -1905.43      7.73798      197.318
126      4.284      1.27759      958.191      -2863.63      -1905.43      7.67631      197.312
127      4.318      1.28115      960.862      -2866.3      -1905.44      7.61561      197.305
128      4.352      1.28434      963.258      -2868.7      -1905.44      7.55586      197.299
129      4.386      1.28712      965.339      -2870.78      -1905.44      7.49704      197.292
130      4.42      1.28943      967.073      -2872.52      -1905.45      7.43912      197.286
131      4.454      1.29125      968.44      -2873.89      -1905.45      7.38209      197.279
132      4.488      1.29257      969.427      -2874.87      -1905.45      7.32593      197.273
133      4.522      1.29338      970.033      -2875.48      -1905.45      7.27062      197.266
134      4.556      1.29368      970.26      -2875.71      -1905.45      7.21613      197.26
135      4.59      1.29349      970.12      -2875.57      -1905.45      7.16247      197.254
136      4.624      1.29283      969.626      -2875.07      -1905.45      7.10959      197.249
137      4.658      1.29173      968.794      -2874.24      -1905.45      7.0575      197.243
138      4.692      1.29019      967.645      -2873.09      -1905.44      7.00617      197.238
139      4.726      1.28827      966.202      -2871.64      -1905.44      6.95559      197.233
140      4.76      1.28599      964.49      -2869.93      -1905.44      6.90575      197.228
141      4.794      1.28339      962.539      -2867.98      -1905.44      6.85662      197.224
142      4.828      1.28051      960.385      -2865.82      -1905.44      6.80819      197.22
143      4.862      1.27743      958.069      -2863.5      -1905.44      6.76044      197.216
144      4.896      1.27419      955.64      -2861.07      -1905.43      6.71338      197.212
145      4.93      1.27087      953.152      -2858.58      -1905.43      6.66697      197.209
146      4.964      1.26756      950.667      -2856.09      -1905.43      6.6212      197.206
147      4.998      1.26434      948.254      -2853.68      -1905.42      6.57607      197.203
148      5.032      1.26131      945.981      -2851.4      -1905.42      6.53156      197.201
149      5.066      1.25856      943.918      -2849.33      -1905.41      6.48765      197.199
150      5.1      1.25617      942.127      -2847.54      -1905.41      6.44434      197.197
151      5.134      1.25422      940.662      -2846.07      -1905.41      6.40161      197.195
152      5.168      1.25275      939.561      -2844.97      -1905.41      6.35945      197.194
153      5.202      1.2518      938.848      -2844.26      -1905.41      6.31785      197.193
154      5.236      1.25137      938.529      -2843.94      -1905.41      6.27679      197.192
155      5.27      1.25147      938.599      -2844.01      -1905.41      6.23628      197.191
156      5.304      1.25207      939.049      -2844.46      -1905.41      6.19629      197.191
157      5.338      1.25315      939.861      -2845.27      -1905.41      6.15681      197.19
158      5.372      1.25469      941.019      -2846.43      -1905.41      6.11785      197.19
159      5.406      1.25668      942.512      -2847.92      -1905.41      6.07938      197.191
160      5.44      1.25911      944.335      -2849.75      -1905.41      6.0414      197.191
161      5.474      1.26198      946.488      -2851.9      -1905.41      6.0039      197.192
162      5.508      1.2653      948.974      -2854.38      -1905.41      5.96687      197.193
163      5.542      1.26906      951.797      -2857.2      -1905.41      5.93031      197.195
164      5.576      1.27327      954.955      -2860.36      -1905.41      5.8942      197.196
165      5.61      1.27792      958.439      -2863.85      -1905.41      5.85854      197.198
166      5.644      1.28298      962.232      -2867.64      -1905.41      5.82331      197.201
167      5.678      1.28841      966.305      -2871.71      -1905.41      5.78852      197.203
168      5.712      1.29415      970.614      -2876.03      -1905.41      5.75414      197.206
169      5.746      1.30015      975.111      -2880.53      -1905.41      5.72019      197.209
170      5.78      1.30631      979.735      -2885.15      -1905.42      5.68664      197.213
171      5.814      1.31256      984.422      -2889.84      -1905.42      5.65349      197.216
172      5.848      1.31881      989.104      -2894.53      -1905.43      5.62074      197.22
173      5.882      1.32496      993.718      -2899.15      -1905.43      5.58837      197.225
174      5.916      1.33094      998.204      -2903.64      -1905.43      5.55638      197.229
175      5.95      1.33668      1002.51      -2907.94      -1905.43      5.52476      197.234
176      5.984      1.34212      1006.59      -2912.02      -1905.44      5.49351      197.239
177      6.018      1.3472      1010.4      -2915.84      -1905.44      5.46262      197.244
178      6.052      1.35191      1013.93      -2919.37      -1905.44      5.43208      197.25
179      6.086      1.35621      1017.16      -2922.59      -1905.44      5.40189      197.255
180      6.12      1.3601      1020.07      -2925.51      -1905.44      5.37204      197.261
181      6.154      1.36356      1022.67      -2928.11      -1905.44      5.34252      197.267
182      6.188      1.3666      1024.95      -2930.39      -1905.44      5.31333      197.273
183      6.222      1.36921      1026.91      -2932.34      -1905.44      5.28446      197.28
184      6.256      1.37139      1028.54      -2933.98      -1905.44      5.25591      197.286
185      6.29      1.37312      1029.84      -2935.28      -1905.44      5.22767      197.292
186      6.324      1.3744      1030.8      -2936.24      -1905.44      5.19974      197.299
187      6.358      1.3752      1031.4      -2936.84      -1905.44      5.17211      197.306
188      6.392      1.37553      1031.65      -2937.08      -1905.44      5.14477      197.312
189      6.426      1.37536      1031.52      -2936.96      -1905.44      5.11773      197.319
190      6.46      1.3747      1031.02      -2936.46      -1905.44      5.09096      197.326
191      6.494      1.37355      1030.16      -2935.6      -1905.44      5.06448      197.332
192      6.528      1.37193      1028.94      -2934.38      -1905.44      5.03828      197.339
193      6.562      1.36987      1027.4      -2932.84      -1905.44      5.01234      197.346
194      6.596      1.36741      1025.56      -2930.99      -1905.43      4.98667      197.353
195      6.63      1.36462      1023.47      -2928.9      -1905.43      4.96126      197.359
196      6.664      1.36156      1021.17      -2926.6      -1905.43      4.93611      197.366
197      6.698      1.35831      1018.73      -2924.15      -1905.42      4.91122      197.372
198      6.732      1.35493      1016.2      -2921.62      -1905.42      4.88657      197.378
199      6.766      1.35151      1013.63      -2919.05      -1905.42      4.86217      197.385
200      6.8      1.3481      1011.08      -2916.49      -1905.41      4.83801      197.391
201      6.834      1.34478      1008.59      -2914      -1905.41      4.81409      197.397
202      6.868      1.34159      1006.19      -2911.6      -1905.41      4.7904      197.403
203      6.902      1.33855      1003.92      -2909.33      -1905.41      4.76694      197.408
204      6.936      1.3357      1001.77      -2907.18      -1905.41      4.7437      197.414
205      6.97      1.33302      999.767      -2905.18      -1905.41      4.7207      197.419
206      7.004      1.33053      997.895      -2903.31      -1905.41      4.69791      197.425
207      7.038      1.32819      996.141      -2901.55      -1905.41      4.67533      197.43
208      7.072      1.32598      994.487      -2899.9      -1905.42      4.65297      197.435
209      7.106      1.32388      992.913      -2898.33      -1905.42      4.63082      197.44
210      7.14      1.32186      991.395      -2896.81      -1905.42      4.60888      197.445
211      7.174      1.31988      989.909      -2895.33      -1905.42      4.58714      197.449
212      7.208      1.31791      988.431      -2893.85      -1905.42      4.56561      197.453
213      7.242      1.31592      986.938      -2892.36      -1905.42      4.54427      197.458
214      7.276      1.31387      985.406      -2890.83      -1905.43      4.52312      197.461
215      7.31      1.31175      983.814      -2889.24      -1905.43      4.50217      197.465
216      7.344      1.30952      982.137      -2887.57      -1905.43      4.48141      197.469
217      7.378      1.30714      980.354      -2885.78      -1905.43      4.46083      197.472
218      7.412      1.30459      978.443      -2883.87      -1905.43      4.44043      197.475
219      7.446      1.30185      976.387      -2881.82      -1905.43      4.42022      197.478
220      7.48      1.2989      974.172      -2879.61      -1905.44      4.40018      197.48
221      7.514      1.29572      971.79      -2877.23      -1905.44      4.38032      197.482
222      7.548      1.29232      969.236      -2874.67      -1905.44      4.36063      197.484
223      7.582      1.28869      966.52      -2871.95      -1905.44      4.34111      197.486
224      7.616      1.28488      963.658      -2869.09      -1905.43      4.32176      197.487
225      7.65      1.28091      960.682      -2866.11      -1905.43      4.30258      197.488
226      7.684      1.27684      957.632      -2863.06      -1905.43      4.28355      197.489
227      7.718      1.27274      954.557      -2859.98      -1905.42      4.26469      197.489
228      7.752      1.26869      951.517      -2856.94      -1905.42      4.24598      197.489
229      7.786      1.26477      948.575      -2853.99      -1905.42      4.22743      197.489
230      7.82      1.26105      945.791      -2851.2      -1905.41      4.20904      197.488
231      7.854      1.25763      943.222      -2848.63      -1905.41      4.19079      197.487
232      7.888      1.25455      940.912      -2846.32      -1905.41      4.1727      197.485
233      7.922      1.25186      938.895      -2844.3      -1905.41      4.15475      197.484
234      7.956      1.24958      937.188      -2842.6      -1905.41      4.13695      197.482
235      7.99      1.24773      935.796      -2841.21      -1905.41      4.1193      197.479
236      8.024      1.24629      934.714      -2840.12      -1905.41      4.10179      197.476
237      8.058      1.24524      933.929      -2839.34      -1905.41      4.08442      197.473
238      8.092      1.24456      933.421      -2838.83      -1905.41      4.06719      197.47
239      8.126      1.24422      933.167      -2838.58      -1905.41      4.05009      197.466
240      8.16      1.24419      933.14      -2838.56      -1905.42      4.03314      197.462
241      8.194      1.24442      933.312      -2838.73      -1905.42      4.01632      197.458
242      8.228      1.24487      933.654      -2839.07      -1905.42      3.99963      197.454
243      8.262      1.24551      934.135      -2839.56      -1905.42      3.98308      197.449
244      8.296      1.2463      934.726      -2840.15      -1905.42      3.96665      197.444
245      8.33      1.2472      935.399      -2840.82      -1905.42      3.95036      197.439
246      8.364      1.24817      936.128      -2841.55      -1905.42      3.93419      197.433
247      8.398      1.24919      936.889      -2842.31      -1905.43      3.91815      197.428
248      8.432      1.25022      937.665      -2843.09      -1905.43      3.90223      197.422
249      8.466      1.25125      938.441      -2843.87      -1905.43      3.88644      197.416
250      8.5      1.25228      939.207      -2844.63      -1905.43      3.87077      197.409
251      8.534      1.25328      939.958      -2845.38      -1905.43      3.85522      197.403
252      8.568      1.25425      940.688      -2846.11      -1905.43      3.83979      197.396
253      8.602      1.25519      941.392      -2846.82      -1905.43      3.82448      197.389
254      8.636      1.25608      942.061      -2847.49      -1905.43      3.80929      197.382
255      8.67      1.25691      942.686      -2848.11      -1905.43      3.79421      197.375
256      8.704      1.25767      943.254      -2848.68      -1905.43      3.77925      197.368
257      8.738      1.25832      943.743      -2849.17      -1905.43      3.7644      197.36
258      8.772      1.25884      944.129      -2849.56      -1905.43      3.74967      197.353
259      8.806      1.25918      944.385      -2849.82      -1905.43      3.73505      197.345
260      8.84      1.25931      944.48      -2849.92      -1905.44      3.72053      197.337
261      8.874      1.25918      944.387      -2849.83      -1905.44      3.70613      197.329
262      8.908      1.25877      944.078      -2849.52      -1905.44      3.69184      197.321
263      8.942      1.25804      943.532      -2848.97      -1905.44      3.67765      197.313
264      8.976      1.25698      942.734      -2848.18      -1905.44      3.66357      197.305
265      9.01      1.25557      941.679      -2847.12      -1905.44      3.6496      197.297
266      9.044      1.25383      940.369      -2845.81      -1905.44      3.63573      197.289
267      9.078      1.25176      938.817      -2844.26      -1905.44      3.62197      197.281
268      9.112      1.24939      937.043      -2842.48      -1905.44      3.60831      197.273
269      9.146      1.24677      935.075      -2840.51      -1905.44      3.59475      197.266
270      9.18      1.24393      932.944      -2838.38      -1905.43      3.58129      197.258
271      9.214      1.24092      930.689      -2836.12      -1905.43      3.56794      197.25
272      9.248      1.2378      928.35      -2833.78      -1905.43      3.55468      197.242
273      9.282      1.23463      925.971      -2831.4      -1905.43      3.54152      197.235
274      9.316      1.23147      923.6      -2829.02      -1905.42      3.52846      197.227
275      9.35      1.22838      921.287      -2826.71      -1905.42      3.5155      197.22
276      9.384      1.22545      919.085      -2824.5      -1905.42      3.50263      197.212
277      9.418      1.22273      917.047      -2822.46      -1905.41      3.48986      197.205
278      9.452      1.22031      915.231      -2820.64      -1905.41      3.47718      197.198
279      9.486      1.21826      913.694      -2819.1      -1905.41      3.4646      197.191
280      9.52      1.21666      912.493      -2817.9      -1905.4      3.45211      197.184
281      9.554      1.21557      911.68      -2817.08      -1905.4      3.43971      197.178
282      9.588      1.21507      911.301      -2816.7      -1905.4      3.42739      197.171
283      9.622      1.2152      911.398      -2816.79      -1905.4      3.41517      197.165
284      9.656      1.216      912.003      -2817.4      -1905.39      3.40304      197.159
285      9.69      1.21751      913.135      -2818.53      -1905.39      3.39099      197.152
286      9.724      1.21974      914.802      -2820.2      -1905.39      3.37904      197.146
287      9.758      1.22267      917.001      -2822.4      -1905.4      3.36716      197.141
288      9.792      1.22628      919.712      -2825.11      -1905.4      3.35537      197.135
289      9.826      1.23054      922.903      -2828.3      -1905.4      3.34367      197.129
290      9.86      1.23537      926.527      -2831.93      -1905.4      3.33205      197.124
291      9.894      1.2407      930.524      -2835.93      -1905.41      3.32051      197.119
292      9.928      1.24643      934.822      -2840.24      -1905.41      3.30905      197.113
293      9.962      1.25245      939.34      -2844.76      -1905.42      3.29767      197.108
294      9.996      1.25866      943.991      -2849.42      -1905.42      3.28637      197.103
295      10.03      1.26491      948.686      -2854.12      -1905.43      3.27515      197.099
296      10.064      1.27111      953.335      -2858.77      -1905.43      3.26401      197.094
297      10.098      1.27714      957.854      -2863.29      -1905.44      3.25294      197.089
298      10.132      1.28289      962.165      -2867.61      -1905.44      3.24195      197.085
299      10.166      1.28827      966.2      -2871.65      -1905.45      3.23104      197.08
300      10.2      1.2932      969.901      -2875.35      -1905.45      3.2202      197.076
301      10.234      1.29763      973.225      -2878.67      -1905.45      3.20943      197.072
302      10.268      1.30152      976.141      -2881.59      -1905.45      3.19873      197.068
303      10.302      1.30484      978.632      -2884.08      -1905.45      3.18811      197.064
304      10.336      1.30759      980.692      -2886.14      -1905.45      3.17756      197.059
305      10.37      1.30977      982.33      -2887.78      -1905.45      3.16708      197.055
306      10.404      1.31142      983.563      -2889.01      -1905.45      3.15666      197.052
307      10.438      1.31256      984.42      -2889.86      -1905.44      3.14632      197.048
308      10.472      1.31325      984.936      -2890.38      -1905.44      3.13604      197.044
309      10.506      1.31354      985.154      -2890.59      -1905.44      3.12583      197.04
310      10.54      1.31349      985.116      -2890.55      -1905.43      3.11569      197.036
311      10.574      1.31316      984.871      -2890.3      -1905.43      3.10562      197.033
312      10.608      1.31262      984.462      -2889.89      -1905.43      3.0956      197.029
313      10.642      1.3119      983.928      -2889.36      -1905.43      3.08566      197.025
314      10.676      1.31107      983.303      -2888.73      -1905.43      3.07577      197.022
315      10.71      1.31015      982.611      -2888.04      -1905.42      3.06596      197.018
316      10.744      1.30915      981.865      -2887.29      -1905.42      3.0562      197.015
317      10.778      1.3081      981.073      -2886.5      -1905.42      3.04651      197.012
318      10.812      1.30698      980.232      -2885.66      -1905.43      3.03688      197.008
319      10.846      1.30577      979.331      -2884.76      -1905.43      3.02731      197.005
320      10.88      1.30447      978.355      -2883.78      -1905.43      3.0178      197.002
321      10.914      1.30305      977.286      -2882.72      -1905.43      3.00835      196.999
322      10.948      1.30148      976.106      -2881.54      -1905.43      2.99897      196.996
323      10.982      1.29973      974.797      -2880.23      -1905.43      2.98964      196.993
324      11.016      1.29779      973.344      -2878.78      -1905.43      2.98038      196.991
325      11.05      1.29565      971.737      -2877.17      -1905.43      2.97117      196.989
326      11.084      1.29329      969.969      -2875.4      -1905.43      2.96202      196.986
327      11.118      1.29072      968.041      -2873.47      -1905.43      2.95294      196.985
328      11.152      1.28795      965.959      -2871.39      -1905.43      2.94391      196.983
329      11.186      1.28498      963.736      -2869.17      -1905.43      2.93494      196.981
330      11.22      1.28185      961.389      -2866.82      -1905.43      2.92603      196.98
331      11.254      1.27859      958.942      -2864.37      -1905.43      2.91717      196.979
332      11.288      1.27523      956.423      -2861.85      -1905.43      2.90837      196.978
333      11.322      1.27182      953.863      -2859.29      -1905.42      2.89963      196.978
334      11.356      1.2684      951.301      -2856.72      -1905.42      2.89095      196.978
335      11.39      1.26503      948.774      -2854.19      -1905.42      2.88232      196.978
336      11.424      1.26177      946.324      -2851.74      -1905.42      2.87375      196.978
337      11.458      1.25866      943.994      -2849.41      -1905.41      2.86523      196.979
338      11.492      1.25577      941.825      -2847.24      -1905.41      2.85677      196.98
339      11.526      1.25314      939.856      -2845.27      -1905.41      2.84836      196.981
340      11.56      1.25083      938.122      -2843.53      -1905.41      2.84      196.983
341      11.594      1.24887      936.653      -2842.06      -1905.41      2.8317      196.984
342      11.628      1.2473      935.473      -2840.88      -1905.41      2.82345      196.986
343      11.662      1.24613      934.597      -2840      -1905.41      2.81525      196.989
344      11.696      1.24538      934.032      -2839.44      -1905.41      2.8071      196.991
345      11.73      1.24503      933.774      -2839.18      -1905.41      2.799      196.994
346      11.764      1.24508      933.814      -2839.22      -1905.41      2.79096      196.997
347      11.798      1.24551      934.132      -2839.54      -1905.41      2.78296      197
348      11.832      1.24627      934.704      -2840.12      -1905.41      2.77501      197.003
349      11.866      1.24733      935.498      -2840.91      -1905.41      2.7671      197.007
350      11.9      1.24864      936.483      -2841.9      -1905.42      2.75925      197.01
351      11.934      1.25017      937.626      -2843.04      -1905.42      2.75144      197.014
352      11.968      1.25186      938.897      -2844.32      -1905.42      2.74367      197.018
353      12.002      1.25369      940.268      -2845.69      -1905.42      2.73596      197.022
354      12.036      1.25562      941.716      -2847.14      -1905.42      2.72828      197.026
355      12.07      1.25763      943.224      -2848.65      -1905.43      2.72065      197.03
356      12.104      1.2597      944.778      -2850.2      -1905.43      2.71307      197.034
357      12.138      1.26183      946.37      -2851.8      -1905.43      2.70552      197.038
358      12.172      1.26399      947.993      -2853.42      -1905.43      2.69803      197.042
359      12.206      1.26619      949.646      -2855.07      -1905.43      2.69057      197.046
360      12.24      1.26844      951.329      -2856.76      -1905.43      2.68315      197.051
361      12.274      1.27072      953.042      -2858.47      -1905.43      2.67578      197.055
362      12.308      1.27304      954.784      -2860.21      -1905.43      2.66844      197.059
363      12.342      1.27541      956.556      -2861.98      -1905.43      2.66115      197.064
364      12.376      1.27781      958.36      -2863.79      -1905.43      2.6539      197.068
365      12.41      1.28026      960.197      -2865.62      -1905.43      2.64669      197.072
366      12.444      1.28276      962.069      -2867.49      -1905.43      2.63952      197.077
367      12.478      1.28531      963.98      -2869.41      -1905.42      2.63239      197.081
368      12.512      1.28791      965.935      -2871.36      -1905.42      2.62529      197.086
369      12.546      1.29058      967.933      -2873.36      -1905.42      2.61824      197.091
370      12.58      1.2933      969.977      -2875.4      -1905.42      2.61123      197.095
371      12.614      1.29608      972.06      -2877.48      -1905.42      2.60425      197.1
372      12.648      1.29889      974.17      -2879.6      -1905.43      2.59732      197.105
373      12.682      1.30172      976.287      -2881.71      -1905.43      2.59042      197.11
374      12.716      1.30451      978.383      -2883.81      -1905.43      2.58356      197.115
375      12.75      1.30723      980.42      -2885.85      -1905.43      2.57674      197.12
376      12.784      1.30981      982.359      -2887.79      -1905.44      2.56995      197.126
377      12.818      1.3122      984.154      -2889.59      -1905.44      2.56321      197.131
378      12.852      1.31435      985.761      -2891.2      -1905.44      2.5565      197.137
379      12.886      1.31619      987.14      -2892.58      -1905.44      2.54983      197.142
380      12.92      1.31768      988.262      -2893.71      -1905.45      2.54319      197.148
381      12.954      1.31881      989.109      -2894.55      -1905.45      2.53659      197.154
382      12.988      1.31957      989.678      -2895.12      -1905.45      2.53003      197.16
383      13.022      1.31998      989.986      -2895.43      -1905.44      2.5235      197.166
384      13.056      1.32008      990.062      -2895.5      -1905.44      2.51701      197.173
385      13.09      1.31994      989.953      -2895.39      -1905.44      2.51056      197.179
386      13.124      1.31961      989.705      -2895.14      -1905.44      2.50414      197.186
387      13.158      1.31916      989.367      -2894.8      -1905.43      2.49775      197.192
388      13.192      1.31863      988.976      -2894.41      -1905.43      2.4914      197.199
389      13.226      1.31806      988.548      -2893.98      -1905.43      2.48508      197.206
390      13.26      1.31744      988.08      -2893.52      -1905.43      2.4788      197.213
391      13.294      1.31673      987.544      -2892.98      -1905.44      2.47255      197.22
392      13.328      1.31586      986.893      -2892.33      -1905.44      2.46633      197.228
393      13.362      1.31476      986.071      -2891.52      -1905.45      2.46015      197.235
394      13.396      1.31336      985.018      -2890.47      -1905.45      2.45399      197.242
395      13.43      1.31157      983.681      -2889.13      -1905.45      2.44787      197.249
396      13.464      1.30935      982.014      -2887.47      -1905.45      2.44178      197.257
397      13.498      1.30665      979.989      -2885.44      -1905.46      2.43572      197.264
398      13.532      1.30346      977.594      -2883.05      -1905.46      2.42969      197.272
399      13.566      1.29978      974.836      -2880.29      -1905.45      2.42369      197.279
400      13.6      1.29565      971.74      -2877.19      -1905.45      2.41773      197.286
401      13.634      1.29113      968.347      -2873.8      -1905.45      2.41179      197.294
402      13.668      1.28628      964.713      -2870.16      -1905.44      2.40587      197.301
403      13.702      1.28122      960.912      -2866.35      -1905.44      2.39999      197.308
404      13.736      1.27604      957.029      -2862.46      -1905.43      2.39413      197.315
405      13.77      1.27088      953.163      -2858.59      -1905.43      2.38831      197.322
406      13.804      1.26589      949.418      -2854.84      -1905.42      2.3825      197.328
407      13.838      1.2612      945.899      -2851.31      -1905.41      2.37673      197.335
408      13.872      1.25696      942.717      -2848.13      -1905.41      2.37098      197.341
409      13.906      1.2533      939.974      -2845.38      -1905.4      2.36526      197.348
410      13.94      1.25036      937.769      -2843.17      -1905.4      2.35956      197.354
411      13.974      1.24824      936.183      -2841.58      -1905.39      2.35389      197.359
412      14.008      1.24704      935.278      -2840.67      -1905.39      2.34824      197.365
413      14.042      1.2468      935.097      -2840.49      -1905.39      2.34262      197.37
414      14.076      1.24754      935.658      -2841.05      -1905.39      2.33702      197.375
415      14.11      1.24928      936.957      -2842.35      -1905.39      2.33144      197.38
416      14.144      1.25196      938.97      -2844.36      -1905.39      2.32589      197.384
417      14.178      1.25554      941.652      -2847.05      -1905.4      2.32036      197.388
418      14.212      1.25993      944.946      -2850.35      -1905.4      2.31485      197.392
419      14.246      1.26504      948.778      -2854.19      -1905.41      2.30937      197.395
420      14.28      1.27075      953.066      -2858.48      -1905.41      2.30391      197.399
421      14.314      1.27695      957.715      -2863.13      -1905.42      2.29847      197.401
422      14.348      1.2835      962.626      -2868.05      -1905.43      2.29305      197.404
423      14.382      1.29026      967.696      -2873.13      -1905.43      2.28765      197.406
424      14.416      1.29709      972.82      -2878.26      -1905.44      2.28228      197.408
425      14.45      1.30386      977.895      -2883.34      -1905.44      2.27692      197.409
426      14.484      1.31043      982.821      -2888.27      -1905.45      2.27159      197.41
427      14.518      1.31668      987.507      -2892.96      -1905.46      2.26628      197.411
428      14.552      1.32249      991.869      -2897.33      -1905.46      2.26099      197.411
429      14.586      1.32779      995.839      -2901.3      -1905.46      2.25572      197.411
430      14.62      1.33248      999.361      -2904.83      -1905.47      2.25047      197.411
431      14.654      1.33653      1002.4      -2907.86      -1905.47      2.24524      197.41
432      14.688      1.33989      1004.92      -2910.39      -1905.47      2.24003      197.409
433      14.722      1.34258      1006.93      -2912.4      -1905.47      2.23484      197.408
434      14.756      1.3446      1008.45      -2913.91      -1905.47      2.22968      197.407
435      14.79      1.34599      1009.49      -2914.95      -1905.46      2.22453      197.405
436      14.824      1.34681      1010.11      -2915.57      -1905.46      2.21941      197.403
437      14.858      1.34715      1010.36      -2915.82      -1905.46      2.21431      197.401
438      14.892      1.34709      1010.31      -2915.76      -1905.45      2.20923      197.399
439      14.926      1.34672      1010.04      -2915.49      -1905.45      2.20417      197.397
440      14.96      1.34617      1009.63      -2915.07      -1905.44      2.19913      197.394
441      14.994      1.34552      1009.14      -2914.57      -1905.44      2.19412      197.391
442      15.028      1.34486      1008.65      -2914.08      -1905.43      2.18912      197.389
443      15.062      1.34428      1008.21      -2913.64      -1905.43      2.18415      197.386
444      15.096      1.34383      1007.87      -2913.3      -1905.43      2.17921      197.384
445      15.13      1.34353      1007.64      -2913.07      -1905.43      2.17428      197.381
446      15.164      1.34337      1007.53      -2912.96      -1905.43      2.16938      197.379
447      15.198      1.34334      1007.5      -2912.94      -1905.43      2.1645      197.376
448      15.232      1.34337      1007.53      -2912.96      -1905.44      2.15964      197.374
449      15.266      1.34341      1007.56      -2913      -1905.44      2.1548      197.371
450      15.3      1.34338      1007.53      -2912.98      -1905.44      2.14999      197.369
451      15.334      1.3432      1007.4      -2912.85      -1905.45      2.1452      197.367
452      15.368      1.3428      1007.1      -2912.55      -1905.45      2.14043      197.364
453      15.402      1.34212      1006.59      -2912.04      -1905.45      2.13568      197.362
454      15.436      1.3411      1005.82      -2911.28      -1905.45      2.13095      197.36
455      15.47      1.33968      1004.76      -2910.22      -1905.46      2.12625      197.358
456      15.504      1.33783      1003.38      -2908.83      -1905.46      2.12156      197.356
457      15.538      1.33553      1001.65      -2907.11      -1905.46      2.1169      197.354
458      15.572      1.33276      999.572      -2905.03      -1905.46      2.11225      197.352
459      15.606      1.32952      997.137      -2902.59      -1905.46      2.10763      197.35
460      15.64      1.3258      994.352      -2899.81      -1905.46      2.10303      197.348
461      15.674      1.32164      991.232      -2896.69      -1905.45      2.09845      197.346
462      15.708      1.31707      987.805      -2893.26      -1905.45      2.09388      197.344
463      15.742      1.31214      984.108      -2889.56      -1905.45      2.08934      197.342
464      15.776      1.30692      980.19      -2885.63      -1905.44      2.08481      197.34
465      15.81      1.30148      976.11      -2881.55      -1905.44      2.08031      197.338
466      15.844      1.29591      971.935      -2877.37      -1905.44      2.07582      197.336
467      15.878      1.29032      967.741      -2873.17      -1905.43      2.07135      197.334
468      15.912      1.2848      963.604      -2869.03      -1905.43      2.06691      197.332
469      15.946      1.27947      959.602      -2865.02      -1905.42      2.06248      197.33
470      15.98      1.27441      955.809      -2861.23      -1905.42      2.05807      197.327
471      16.014      1.26973      952.296      -2857.71      -1905.41      2.05368      197.325
472      16.048      1.26549      949.12      -2854.53      -1905.41      2.0493      197.323
473      16.082      1.26177      946.328      -2851.74      -1905.41      2.04495      197.321
474      16.116      1.2586      943.952      -2849.36      -1905.41      2.04062      197.319
475      16.15      1.25602      942.013      -2847.42      -1905.41      2.0363      197.317
476      16.184      1.25402      940.516      -2845.92      -1905.41      2.032      197.316
477      16.218      1.25261      939.457      -2844.87      -1905.41      2.02772      197.314
478      16.252      1.25176      938.818      -2844.23      -1905.41      2.02347      197.312
479      16.286      1.25144      938.578      -2843.99      -1905.41      2.01923      197.311
480      16.32      1.25161      938.708      -2844.12      -1905.41      2.015      197.309
481      16.354      1.25224      939.177      -2844.59      -1905.42      2.0108      197.308
482      16.388      1.25326      939.948      -2845.37      -1905.42      2.00662      197.307
483      16.422      1.25465      940.986      -2846.41      -1905.42      2.00245      197.306
484      16.456      1.25634      942.253      -2847.68      -1905.42      1.99831      197.305
485      16.49      1.25828      943.711      -2849.14      -1905.43      1.99418      197.304
486      16.524      1.26043      945.319      -2850.75      -1905.43      1.99007      197.304
487      16.558      1.26271      947.034      -2852.47      -1905.43      1.98598      197.303
488      16.592      1.26508      948.809      -2854.24      -1905.43      1.98191      197.303
489      16.626      1.26746      950.595      -2856.03      -1905.44      1.97785      197.303
490      16.66      1.26979      952.34      -2857.78      -1905.44      1.97382      197.303
491      16.694      1.27199      953.993      -2859.44      -1905.44      1.9698      197.303
492      16.728      1.274      955.501      -2860.95      -1905.45      1.9658      197.304
493      16.762      1.27576      956.817      -2862.27      -1905.45      1.96182      197.304
494      16.796      1.2772      957.9      -2863.35      -1905.45      1.95786      197.305
495      16.83      1.27829      958.718      -2864.17      -1905.45      1.95391      197.306
496      16.864      1.279      959.247      -2864.7      -1905.46      1.94999      197.307
497      16.898      1.2793      959.474      -2864.93      -1905.46      1.94608      197.309
498      16.932      1.27919      959.394      -2864.85      -1905.46      1.94218      197.31
499      16.966      1.27868      959.013      -2864.47      -1905.45      1.93831      197.312
500      17      1.27779      958.345      -2863.8      -1905.45      1.93445      197.314
501      17.034      1.27655      957.41      -2862.86      -1905.45      1.93061      197.316
502      17.068      1.27498      956.232      -2861.68      -1905.45      1.92679      197.318
503      17.102      1.27312      954.842      -2860.29      -1905.45      1.92298      197.321
504      17.136      1.27103      953.274      -2858.72      -1905.45      1.91919      197.324
505      17.17      1.26876      951.567      -2857.01      -1905.44      1.91542      197.326
506      17.204      1.26635      949.76      -2855.2      -1905.44      1.91166      197.329
507      17.238      1.26387      947.899      -2853.34      -1905.44      1.90792      197.332
508      17.272      1.26137      946.029      -2851.46      -1905.44      1.90419      197.335
509      17.306      1.25893      944.198      -2849.63      -1905.43      1.90049      197.339
510      17.34      1.25661      942.457      -2847.89      -1905.43      1.89679      197.342
511      17.374      1.25448      940.861      -2846.29      -1905.43      1.89311      197.346
512      17.408      1.25262      939.461      -2844.88      -1905.42      1.88945      197.349
513      17.442      1.25108      938.31      -2843.73      -1905.42      1.8858      197.353
514      17.476      1.24993      937.451      -2842.87      -1905.42      1.88217      197.357
515      17.51      1.24923      936.923      -2842.34      -1905.41      1.87855      197.361
516      17.544      1.24901      936.755      -2842.17      -1905.41      1.87495      197.365
517      17.578      1.24929      936.964      -2842.38      -1905.41      1.87136      197.369
518      17.612      1.25007      937.554      -2842.97      -1905.41      1.86779      197.373
519      17.646      1.25135      938.516      -2843.93      -1905.41      1.86423      197.377
520      17.68      1.25311      939.833      -2845.25      -1905.41      1.86068      197.381
521      17.714      1.2553      941.475      -2846.89      -1905.42      1.85715      197.385
522      17.748      1.25788      943.407      -2848.83      -1905.42      1.85363      197.389
523      17.782      1.26079      945.59      -2851.01      -1905.42      1.85012      197.393
524      17.816      1.26398      947.984      -2853.41      -1905.42      1.84663      197.397
525      17.85      1.2674      950.548      -2855.97      -1905.43      1.84315      197.402
526      17.884      1.271      953.246      -2858.67      -1905.43      1.83969      197.406
527      17.918      1.27473      956.044      -2861.47      -1905.43      1.83623      197.41
528      17.952      1.27854      958.906      -2864.34      -1905.43      1.83279      197.413
529      17.986      1.28241      961.807      -2867.24      -1905.43      1.82936      197.417
530      18.02      1.28629      964.72      -2870.15      -1905.43      1.82594      197.421
531      18.054      1.29017      967.626      -2873.06      -1905.43      1.82254      197.425
532      18.088      1.29401      970.505      -2875.94      -1905.43      1.81914      197.428
533      18.122      1.29779      973.342      -2878.77      -1905.43      1.81576      197.431
534      18.156      1.3015      976.122      -2881.55      -1905.43      1.81239      197.435
535      18.19      1.30511      978.83      -2884.26      -1905.43      1.80903      197.438
536      18.224      1.30861      981.454      -2886.89      -1905.43      1.80568      197.441
537      18.258      1.31198      983.982      -2889.42      -1905.43      1.80234      197.443
538      18.292      1.3152      986.402      -2891.84      -1905.43      1.79902      197.446
539      18.326      1.31827      988.702      -2894.14      -1905.44      1.7957      197.448
540      18.36      1.32116      990.869      -2896.3      -1905.44      1.79239      197.45
541      18.394      1.32386      992.892      -2898.33      -1905.44      1.7891      197.452
542      18.428      1.32634      994.756      -2900.19      -1905.44      1.78581      197.453
543      18.462      1.32859      996.444      -2901.88      -1905.44      1.78253      197.455
544      18.496      1.33058      997.935      -2903.37      -1905.44      1.77926      197.456
545      18.53      1.33227      999.204      -2904.65      -1905.44      1.77601      197.456
546      18.564      1.33363      1000.22      -2905.66      -1905.44      1.77276      197.457
547      18.598      1.3346      1000.95      -2906.4      -1905.45      1.76952      197.457
548      18.632      1.33516      1001.37      -2906.82      -1905.45      1.76629      197.457
549      18.666      1.33526      1001.45      -2906.9      -1905.45      1.76307      197.457
550      18.7      1.33487      1001.15      -2906.6      -1905.45      1.75986      197.457
551      18.734      1.33396      1000.47      -2905.93      -1905.45      1.75667      197.456
552      18.768      1.33254      999.403      -2904.86      -1905.45      1.75348      197.455
553      18.802      1.33061      997.954      -2903.41      -1905.45      1.7503      197.454
554      18.836      1.3282      996.151      -2901.6      -1905.45      1.74713      197.453
555      18.87      1.32537      994.031      -2899.48      -1905.45      1.74397      197.452
556      18.904      1.32219      991.646      -2897.09      -1905.44      1.74082      197.451
557      18.938      1.31875      989.062      -2894.5      -1905.44      1.73768      197.449
558      18.972      1.31513      986.351      -2891.79      -1905.43      1.73455      197.447
559      19.006      1.31145      983.591      -2889.02      -1905.43      1.73143      197.446
560      19.04      1.30781      980.861      -2886.29      -1905.42      1.72833      197.444
561      19.074      1.30432      978.239      -2883.66      -1905.42      1.72523      197.442
562      19.108      1.30106      975.795      -2881.21      -1905.42      1.72214      197.44
563      19.142      1.29813      973.595      -2879.01      -1905.41      1.71907      197.439
564      19.176      1.29559      971.69      -2877.1      -1905.41      1.71601      197.437
565      19.21      1.29349      970.117      -2875.53      -1905.41      1.71295      197.435
566      19.244      1.29187      968.901      -2874.31      -1905.41      1.70991      197.433
567      19.278      1.29073      968.051      -2873.46      -1905.41      1.70688      197.432
568      19.312      1.29008      967.556      -2872.97      -1905.41      1.70386      197.43
569      19.346      1.28986      967.392      -2872.81      -1905.41      1.70086      197.429
570      19.38      1.29002      967.517      -2872.93      -1905.42      1.69786      197.427
571      19.414      1.29049      967.871      -2873.29      -1905.42      1.69487      197.426
572      19.448      1.29118      968.383      -2873.81      -1905.43      1.6919      197.424
573      19.482      1.29196      968.969      -2874.4      -1905.43      1.68894      197.423
574      19.516      1.29272      969.539      -2874.98      -1905.44      1.68598      197.422
575      19.55      1.29333      970.001      -2875.45      -1905.44      1.68304      197.421
576      19.584      1.29368      970.261      -2875.71      -1905.45      1.68011      197.42
577      19.618      1.29364      970.23      -2875.69      -1905.46      1.67719      197.418
578      19.652      1.2931      969.828      -2875.29      -1905.46      1.67428      197.417
579      19.686      1.29198      968.988      -2874.45      -1905.46      1.67138      197.416
580      19.72      1.29021      967.656      -2873.12      -1905.46      1.66848      197.415
581      19.754      1.28773      965.795      -2871.26      -1905.47      1.6656      197.414
582      19.788      1.28452      963.387      -2868.85      -1905.47      1.66273      197.413
583      19.822      1.28057      960.43      -2865.9      -1905.47      1.65987      197.412
584      19.856      1.27592      956.942      -2862.41      -1905.46      1.65702      197.41
585      19.89      1.27061      952.96      -2858.42      -1905.46      1.65417      197.409
586      19.924      1.26472      948.537      -2853.99      -1905.46      1.65134      197.408
587      19.958      1.25832      943.742      -2849.19      -1905.45      1.64851      197.406
588      19.992      1.25154      938.658      -2844.1      -1905.45      1.6457      197.405
589      20.026      1.24451      933.381      -2838.82      -1905.44      1.64289      197.403
590      20.06      1.23736      928.019      -2833.45      -1905.43      1.6401      197.402
591      20.094      1.23025      922.686      -2828.11      -1905.42      1.63731      197.4
592      20.128      1.22333      917.501      -2822.92      -1905.42      1.63453      197.399
593      20.162      1.21678      912.585      -2818      -1905.41      1.63176      197.397
594      20.196      1.21074      908.057      -2813.46      -1905.4      1.629      197.395
595      20.23      1.20537      904.027      -2809.42      -1905.4      1.62624      197.393
596      20.264      1.20079      900.594      -2805.99      -1905.39      1.6235      197.392
597      20.298      1.19712      897.843      -2803.23      -1905.39      1.62077      197.39
598      20.332      1.19445      895.839      -2801.22      -1905.39      1.61804      197.388
599      20.366      1.19283      894.625      -2800.01      -1905.38      1.61532      197.386
600      20.4      1.19229      894.22      -2799.6      -1905.38      1.61262      197.384
601      20.434      1.19283      894.623      -2800.01      -1905.39      1.60992      197.382
602      20.468      1.19441      895.805      -2801.2      -1905.39      1.60723      197.38
603      20.502      1.19696      897.718      -2803.11      -1905.39      1.60455      197.379
604      20.536      1.20039      900.294      -2805.69      -1905.4      1.60188      197.377
605      20.57      1.2046      903.447      -2808.85      -1905.41      1.59921      197.375
606      20.604      1.20945      907.087      -2812.5      -1905.41      1.59656      197.373
607      20.638      1.21482      911.114      -2816.53      -1905.42      1.59392      197.372
608      20.672      1.22057      915.43      -2820.86      -1905.43      1.59129      197.37
609      20.706      1.22658      919.936      -2825.37      -1905.43      1.58866      197.369
610      20.74      1.23272      924.543      -2829.98      -1905.44      1.58605      197.367
611      20.774      1.2389      929.176      -2834.62      -1905.44      1.58344      197.366
612      20.808      1.24502      933.769      -2839.21      -1905.44      1.58084      197.365
613      20.842      1.25103      938.272      -2843.72      -1905.44      1.57826      197.364
614      20.876      1.25687      942.65      -2848.1      -1905.45      1.57568      197.363
615      20.91      1.26251      946.881      -2852.33      -1905.45      1.57311      197.363
616      20.944      1.26794      950.956      -2856.4      -1905.44      1.57055      197.362
617      20.978      1.27317      954.875      -2860.32      -1905.44      1.56801      197.362
618      21.012      1.27819      958.643      -2864.08      -1905.44      1.56547      197.362
619      21.046      1.28303      962.269      -2867.71      -1905.44      1.56294      197.361
620      21.08      1.28769      965.765      -2871.2      -1905.44      1.56042      197.362
621      21.114      1.29218      969.136      -2874.58      -1905.44      1.55791      197.362
622      21.148      1.29652      972.392      -2877.83      -1905.44      1.5554      197.362
623      21.182      1.30072      975.536      -2880.97      -1905.44      1.55291      197.363
624      21.216      1.30476      978.57      -2884.01      -1905.44      1.55043      197.363
625      21.25      1.30865      981.491      -2886.93      -1905.44      1.54795      197.364
626      21.284      1.31239      984.296      -2889.73      -1905.44      1.54549      197.365
627      21.318      1.31597      986.978      -2892.42      -1905.44      1.54303      197.366
628      21.352      1.31937      989.529      -2894.97      -1905.44      1.54059      197.367
629      21.386      1.32258      991.937      -2897.38      -1905.44      1.53815      197.369
630      21.42      1.32558      994.187      -2899.63      -1905.44      1.53572      197.37
631      21.454      1.32834      996.259      -2901.7      -1905.44      1.53329      197.372
632      21.488      1.33084      998.132      -2903.57      -1905.44      1.53088      197.373
633      21.522      1.33305      999.785      -2905.23      -1905.44      1.52847      197.375
634      21.556      1.33492      1001.19      -2906.64      -1905.45      1.52607      197.376
635      21.59      1.33645      1002.34      -2907.79      -1905.45      1.52368      197.378
636      21.624      1.33759      1003.19      -2908.64      -1905.45      1.5213      197.38
637      21.658      1.33833      1003.75      -2909.2      -1905.45      1.51893      197.382
638      21.692      1.33864      1003.98      -2909.43      -1905.45      1.51656      197.384
639      21.726      1.33852      1003.89      -2909.34      -1905.45      1.5142      197.385
640      21.76      1.33796      1003.47      -2908.92      -1905.45      1.51185      197.387
641      21.794      1.33696      1002.72      -2908.17      -1905.45      1.50951      197.389
642      21.828      1.33553      1001.65      -2907.1      -1905.45      1.50717      197.391
643      21.862      1.3337      1000.27      -2905.72      -1905.45      1.50484      197.393
644      21.896      1.33148      998.61      -2904.06      -1905.45      1.50252      197.395
645      21.93      1.3289      996.676      -2902.12      -1905.45      1.50021      197.397
646      21.964      1.326      994.497      -2899.94      -1905.45      1.4979      197.4
647      21.998      1.3228      992.096      -2897.54      -1905.44      1.4956      197.402
648      22.032      1.31933      989.498      -2894.94      -1905.44      1.49331      197.404
649      22.066      1.31564      986.728      -2892.17      -1905.44      1.49103      197.407
650      22.1      1.31175      983.812      -2889.25      -1905.44      1.48876      197.409
651      22.134      1.3077      980.772      -2886.21      -1905.44      1.48649      197.412
652      22.168      1.30351      977.632      -2883.07      -1905.44      1.48423      197.414
653      22.202      1.29922      974.413      -2879.85      -1905.44      1.48198      197.417
654      22.236      1.29485      971.137      -2876.57      -1905.44      1.47973      197.42
655      22.27      1.29043      967.823      -2873.26      -1905.44      1.4775      197.423
656      22.304      1.28599      964.493      -2869.93      -1905.44      1.47527      197.426
657      22.338      1.28156      961.168      -2866.6      -1905.43      1.47305      197.43
658      22.372      1.27716      957.873      -2863.31      -1905.43      1.47084      197.433
659      22.406      1.27285      954.636      -2860.07      -1905.43      1.46863      197.437
660      22.44      1.26866      951.493      -2856.92      -1905.43      1.46644      197.441
661      22.474      1.26464      948.483      -2853.91      -1905.43      1.46425      197.445
662      22.508      1.26087      945.653      -2851.08      -1905.42      1.46207      197.449
663      22.542      1.25741      943.056      -2848.48      -1905.42      1.4599      197.454
664      22.576      1.25434      940.753      -2846.17      -1905.42      1.45773      197.458
665      22.61      1.25175      938.811      -2844.22      -1905.41      1.45558      197.463
666      22.644      1.24973      937.295      -2842.7      -1905.41      1.45343      197.468
667      22.678      1.24836      936.27      -2841.68      -1905.41      1.45129      197.474
668      22.712      1.24773      935.794      -2841.2      -1905.4      1.44915      197.479
669      22.746      1.24788      935.91      -2841.31      -1905.4      1.44703      197.484
670      22.78      1.24885      936.64      -2842.04      -1905.4      1.44491      197.49
671      22.814      1.25065      937.987      -2843.39      -1905.4      1.4428      197.496
672      22.848      1.25324      939.928      -2845.33      -1905.41      1.44069      197.502
673      22.882      1.25656      942.417      -2847.83      -1905.41      1.4386      197.508
674      22.916      1.26051      945.384      -2850.8      -1905.42      1.43651      197.514
675      22.95      1.26499      948.745      -2854.17      -1905.42      1.43442      197.52
676      22.984      1.26987      952.404      -2857.83      -1905.43      1.43235      197.526
677      23.018      1.27502      956.265      -2861.7      -1905.43      1.43028      197.533
678      23.052      1.28031      960.23      -2865.67      -1905.44      1.42821      197.539
679      23.086      1.28561      964.209      -2869.65      -1905.44      1.42615      197.545
680      23.12      1.29083      968.12      -2873.57      -1905.45      1.4241      197.551
681      23.154      1.29586      971.892      -2877.34      -1905.45      1.42205      197.557
682      23.188      1.30062      975.464      -2880.92      -1905.45      1.42001      197.563
683      23.222      1.30505      978.787      -2884.24      -1905.46      1.41797      197.569
684      23.256      1.30909      981.819      -2887.28      -1905.46      1.41594      197.575
685      23.29      1.31271      984.529      -2889.99      -1905.46      1.41391      197.58
686      23.324      1.31586      986.892      -2892.35      -1905.46      1.41189      197.586
687      23.358      1.31853      988.896      -2894.36      -1905.46      1.40987      197.591
688      23.392      1.32071      990.53      -2895.99      -1905.46      1.40786      197.596
689      23.426      1.32239      991.795      -2897.25      -1905.46      1.40585      197.601
690      23.46      1.32359      992.694      -2898.15      -1905.46      1.40385      197.606
691      23.494      1.32432      993.236      -2898.69      -1905.46      1.40185      197.61
692      23.528      1.32458      993.436      -2898.89      -1905.46      1.39985      197.614
693      23.562      1.32441      993.309      -2898.76      -1905.45      1.39786      197.618
694      23.596      1.32383      992.873      -2898.33      -1905.45      1.39587      197.622
695      23.63      1.32286      992.147      -2897.6      -1905.45      1.39388      197.625
696      23.664      1.32154      991.151      -2896.6      -1905.45      1.3919      197.628
697      23.698      1.31987      989.905      -2895.35      -1905.45      1.38993      197.631
698      23.732      1.31791      988.429      -2893.88      -1905.45      1.38795      197.633
699      23.766      1.31566      986.747      -2892.19      -1905.45      1.38598      197.635
700      23.8      1.31318      984.886      -2890.33      -1905.44      1.38402      197.637
701      23.834      1.3105      982.876      -2888.32      -1905.44      1.38205      197.639
702      23.868      1.30767      980.752      -2886.19      -1905.44      1.38009      197.64
703      23.902      1.30474      978.557      -2883.99      -1905.44      1.37814      197.641
704      23.936      1.30178      976.336      -2881.77      -1905.43      1.37618      197.642
705      23.97      1.29885      974.137      -2879.57      -1905.43      1.37424      197.643
706      24.004      1.29601      972.01      -2877.44      -1905.43      1.37229      197.643
707      24.038      1.29334      970.006      -2875.43      -1905.42      1.37035      197.643
708      24.072      1.29089      968.171      -2873.59      -1905.42      1.36841      197.642
709      24.106      1.28873      966.547      -2871.96      -1905.42      1.36647      197.641
710      24.14      1.28689      965.167      -2870.58      -1905.42      1.36454      197.64
711      24.174      1.2854      964.051      -2869.47      -1905.42      1.36261      197.639
712      24.208      1.28428      963.209      -2868.62      -1905.42      1.36069      197.637
713      24.242      1.28351      962.636      -2868.05      -1905.42      1.35877      197.635
714      24.276      1.28309      962.315      -2867.73      -1905.42      1.35685      197.633
715      24.31      1.28295      962.216      -2867.64      -1905.42      1.35493      197.63
716      24.344      1.28306      962.297      -2867.72      -1905.42      1.35302      197.628
717      24.378      1.28335      962.51      -2867.94      -1905.43      1.35111      197.624
718      24.412      1.28373      962.797      -2868.23      -1905.43      1.34921      197.621
719      24.446      1.28413      963.098      -2868.53      -1905.44      1.3473      197.617
720      24.48      1.28446      963.347      -2868.79      -1905.44      1.34541      197.613
721      24.514      1.28464      963.483      -2868.93      -1905.44      1.34351      197.609
722      24.548      1.28459      963.444      -2868.89      -1905.45      1.34162      197.604
723      24.582      1.28423      963.172      -2868.62      -1905.45      1.33973      197.6
724      24.616      1.28349      962.618      -2868.07      -1905.45      1.33785      197.595
725      24.65      1.28232      961.74      -2867.2      -1905.46      1.33597      197.589
726      24.684      1.28068      960.511      -2865.97      -1905.46      1.33409      197.584
727      24.718      1.27855      958.911      -2864.37      -1905.46      1.33222      197.578
728      24.752      1.27592      956.938      -2862.39      -1905.46      1.33035      197.573
729      24.786      1.2728      954.599      -2860.05      -1905.46      1.32848      197.566
730      24.82      1.26923      951.92      -2857.37      -1905.45      1.32662      197.56
731      24.854      1.26525      948.937      -2854.39      -1905.45      1.32476      197.554
732      24.888      1.26093      945.698      -2851.14      -1905.45      1.32291      197.547
733      24.922      1.25635      942.261      -2847.7      -1905.44      1.32106      197.541
734      24.956      1.25158      938.685      -2844.12      -1905.44      1.31921      197.534
735      24.99      1.24671      935.036      -2840.47      -1905.43      1.31737      197.527
736      25.024      1.24184      931.379      -2836.81      -1905.43      1.31554      197.52
737      25.058      1.23703      927.776      -2833.2      -1905.43      1.31371      197.513
738      25.092      1.23238      924.285      -2829.71      -1905.42      1.31188      197.506
739      25.126      1.22794      920.953      -2826.37      -1905.42      1.31005      197.498
740      25.16      1.22376      917.821      -2823.24      -1905.42      1.30823      197.491
741      25.194      1.21989      914.921      -2820.34      -1905.42      1.30642      197.484
742      25.228      1.21637      912.275      -2817.69      -1905.42      1.30461      197.476
743      25.262      1.2132      909.899      -2815.32      -1905.42      1.30281      197.469
744      25.296      1.2104      907.799      -2813.22      -1905.42      1.301      197.461
745      25.33      1.20797      905.976      -2811.39      -1905.42      1.29921      197.454
746      25.364      1.20591      904.43      -2809.85      -1905.42      1.29742      197.446
747      25.398      1.20421      903.158      -2808.58      -1905.42      1.29563      197.438
748      25.432      1.20288      902.156      -2807.58      -1905.42      1.29385      197.431
749      25.466      1.20189      901.42      -2806.84      -1905.42      1.29207      197.423
750      25.5      1.20126      900.945      -2806.36      -1905.42      1.2903      197.415
751      25.534      1.20098      900.735      -2806.15      -1905.42      1.28853      197.407
752      25.568      1.20106      900.794      -2806.21      -1905.42      1.28676      197.399
753      25.602      1.2015      901.126      -2806.54      -1905.42      1.285      197.392
754      25.636      1.20232      901.742      -2807.16      -1905.42      1.28324      197.383
755      25.67      1.20354      902.653      -2808.07      -1905.41      1.28149      197.375
756      25.704      1.20516      903.869      -2809.28      -1905.41      1.27974      197.367
757      25.738      1.2072      905.4      -2810.81      -1905.41      1.278      197.359
758      25.772      1.20967      907.253      -2812.66      -1905.41      1.27626      197.351
759      25.806      1.21258      909.432      -2814.84      -1905.41      1.27452      197.342
760      25.84      1.21591      911.934      -2817.35      -1905.41      1.27279      197.334
761      25.874      1.21967      914.751      -2820.16      -1905.41      1.27107      197.325
762      25.908      1.22382      917.864      -2823.28      -1905.41      1.26934      197.317
763      25.942      1.22833      921.247      -2826.66      -1905.42      1.26762      197.308
764      25.976      1.23315      924.863      -2830.28      -1905.42      1.26591      197.299
765      26.01      1.23822      928.665      -2834.09      -1905.42      1.26419      197.29
766      26.044      1.24347      932.6      -2838.02      -1905.42      1.26249      197.281
767      26.078      1.24881      936.609      -2842.04      -1905.43      1.26078      197.272
768      26.112      1.25417      940.624      -2846.06      -1905.43      1.25908      197.263
769      26.146      1.25944      944.58      -2850.02      -1905.44      1.25739      197.254
770      26.18      1.26455      948.411      -2853.85      -1905.44      1.2557      197.245
771      26.214      1.2694      952.053      -2857.5      -1905.44      1.25401      197.236
772      26.248      1.27393      955.449      -2860.9      -1905.45      1.25233      197.227
773      26.282      1.27807      958.551      -2864      -1905.45      1.25065      197.217
774      26.316      1.28176      961.32      -2866.77      -1905.45      1.24897      197.208
775      26.35      1.28497      963.729      -2869.18      -1905.45      1.2473      197.199
776      26.384      1.28769      965.764      -2871.21      -1905.45      1.24564      197.19
777      26.418      1.2899      967.425      -2872.87      -1905.45      1.24398      197.181
778      26.452      1.29163      968.723      -2874.17      -1905.45      1.24232      197.172
779      26.486      1.29291      969.685      -2875.13      -1905.45      1.24067      197.163
780      26.52      1.2938      970.35      -2875.79      -1905.44      1.23903      197.154
781      26.554      1.29435      970.765      -2876.2      -1905.44      1.23739      197.145
782      26.588      1.29464      970.984      -2876.42      -1905.44      1.23575      197.137
783      26.622      1.29475      971.06      -2876.49      -1905.43      1.23412      197.128
784      26.656      1.29473      971.047      -2876.48      -1905.43      1.23249      197.12
785      26.69      1.29465      970.986      -2876.41      -1905.43      1.23087      197.112
786      26.724      1.29454      970.907      -2876.33      -1905.43      1.22926      197.104
787      26.758      1.29443      970.82      -2876.25      -1905.43      1.22765      197.097
788      26.792      1.29429      970.718      -2876.15      -1905.43      1.22604      197.089
789      26.826      1.2941      970.578      -2876.01      -1905.43      1.22445      197.082
790      26.86      1.29382      970.361      -2875.8      -1905.44      1.22285      197.075
791      26.894      1.29336      970.023      -2875.46      -1905.44      1.22127      197.069
792      26.928      1.29269      969.515      -2874.96      -1905.44      1.21969      197.062
793      26.962      1.29172      968.791      -2874.24      -1905.44      1.21811      197.056
794      26.996      1.29042      967.814      -2873.26      -1905.45      1.21654      197.051
795      27.03      1.28875      966.562      -2872.01      -1905.45      1.21498      197.045
796      27.064      1.2867      965.025      -2870.47      -1905.45      1.21342      197.04
797      27.098      1.28428      963.207      -2868.65      -1905.45      1.21187      197.036
798      27.132      1.28151      961.131      -2866.57      -1905.44      1.21033      197.031
799      27.166      1.27844      958.831      -2864.27      -1905.44      1.20879      197.027
800      27.2      1.27514      956.353      -2861.79      -1905.44      1.20725      197.024
801      27.234      1.27167      953.753      -2859.19      -1905.43      1.20573      197.021
802      27.268      1.26812      951.088      -2856.52      -1905.43      1.20421      197.018
803      27.302      1.26456      948.418      -2853.84      -1905.43      1.20269      197.015
804      27.336      1.26106      945.798      -2851.22      -1905.42      1.20118      197.013
805      27.37      1.2577      943.276      -2848.7      -1905.42      1.19968      197.011
806      27.404      1.25452      940.891      -2846.31      -1905.42      1.19818      197.01
807      27.438      1.25156      938.671      -2844.09      -1905.42      1.19669      197.009
808      27.472      1.24885      936.636      -2842.05      -1905.42      1.19521      197.008
809      27.506      1.24639      934.795      -2840.21      -1905.42      1.19373      197.008
810      27.54      1.2442      933.151      -2838.57      -1905.42      1.19225      197.008
811      27.574      1.24226      931.698      -2837.11      -1905.42      1.19079      197.009
812      27.608      1.24057      930.428      -2835.85      -1905.42      1.18933      197.009
813      27.642      1.23911      929.332      -2834.75      -1905.42      1.18787      197.01
814      27.676      1.23787      928.399      -2833.82      -1905.42      1.18642      197.012
815      27.71      1.23683      927.621      -2833.04      -1905.42      1.18497      197.014
816      27.744      1.23598      926.989      -2832.41      -1905.42      1.18353      197.016
817      27.778      1.23533      926.497      -2831.92      -1905.42      1.1821      197.018
818      27.812      1.23486      926.143      -2831.56      -1905.42      1.18067      197.02
819      27.846      1.23456      925.923      -2831.34      -1905.42      1.17924      197.023
820      27.88      1.23444      925.828      -2831.25      -1905.42      1.17782      197.026
821      27.914      1.23447      925.851      -2831.27      -1905.42      1.17641      197.029
822      27.948      1.23464      925.981      -2831.4      -1905.42      1.175      197.033
823      27.982      1.23493      926.199      -2831.62      -1905.42      1.17359      197.036
824      28.016      1.23531      926.484      -2831.91      -1905.42      1.17219      197.04
825      28.05      1.23575      926.814      -2832.24      -1905.43      1.17079      197.044
826      28.084      1.23622      927.161      -2832.59      -1905.43      1.16939      197.047
827      28.118      1.23667      927.5      -2832.93      -1905.43      1.168      197.051
828      28.152      1.23707      927.802      -2833.23      -1905.43      1.16661      197.055
829      28.186      1.23739      928.044      -2833.48      -1905.43      1.16523      197.059
830      28.22      1.2376      928.202      -2833.64      -1905.43      1.16385      197.062
831      28.254      1.23768      928.258      -2833.69      -1905.43      1.16247      197.066
832      28.288      1.2376      928.197      -2833.63      -1905.44      1.16109      197.07
833      28.322      1.23735      928.01      -2833.45      -1905.44      1.15972      197.073
834      28.356      1.23693      927.695      -2833.13      -1905.44      1.15835      197.076
835      28.39      1.23634      927.253      -2832.69      -1905.43      1.15698      197.079
836      28.424      1.2356      926.698      -2832.13      -1905.43      1.15561      197.082
837      28.458      1.23473      926.045      -2831.48      -1905.43      1.15424      197.085
838      28.492      1.23376      925.318      -2830.75      -1905.43      1.15288      197.087
839      28.526      1.23273      924.551      -2829.98      -1905.43      1.15152      197.089
840      28.56      1.23171      923.782      -2829.21      -1905.43      1.15016      197.091
841      28.594      1.23074      923.057      -2828.48      -1905.42      1.1488      197.092
842      28.628      1.22991      922.429      -2827.85      -1905.42      1.14744      197.093
843      28.662      1.22927      921.955      -2827.37      -1905.42      1.14608      197.094
844      28.696      1.22892      921.69      -2827.1      -1905.41      1.14472      197.094
845      28.73      1.22892      921.691      -2827.1      -1905.41      1.14337      197.094
846      28.764      1.22934      922.006      -2827.42      -1905.41      1.14202      197.094
847      28.798      1.23023      922.676      -2828.08      -1905.41      1.14066      197.093
848      28.832      1.23164      923.729      -2829.14      -1905.41      1.13931      197.092
849      28.866      1.23358      925.181      -2830.59      -1905.41      1.13796      197.091
850      28.9      1.23605      927.034      -2832.44      -1905.41      1.13661      197.089
851      28.934      1.23903      929.274      -2834.68      -1905.41      1.13527      197.087
852      28.968      1.2425      931.874      -2837.29      -1905.41      1.13392      197.084
853      29.002      1.2464      934.802      -2840.21      -1905.41      1.13257      197.081
854      29.036      1.25068      938.012      -2843.43      -1905.42      1.13123      197.078
855      29.07      1.25528      941.457      -2846.88      -1905.42      1.12989      197.075
856      29.104      1.26012      945.09      -2850.51      -1905.42      1.12854      197.071
857      29.138      1.26515      948.861      -2854.29      -1905.42      1.12721      197.067
858      29.172      1.27029      952.72      -2858.15      -1905.43      1.12587      197.063
859      29.206      1.27549      956.619      -2862.05      -1905.43      1.12453      197.059
860      29.24      1.28068      960.511      -2865.94      -1905.43      1.1232      197.054
861      29.274      1.2858      964.351      -2869.78      -1905.43      1.12187      197.049
862      29.308      1.29079      968.095      -2873.53      -1905.44      1.12054      197.045
863      29.342      1.2956      971.698      -2877.14      -1905.44      1.11921      197.04
864      29.376      1.30015      975.116      -2880.56      -1905.44      1.11789      197.035
865      29.41      1.30441      978.307      -2883.75      -1905.44      1.11657      197.03
866      29.444      1.3083      981.228      -2886.67      -1905.44      1.11525      197.025
867      29.478      1.31179      983.843      -2889.29      -1905.45      1.11394      197.02
868      29.512      1.31482      986.114      -2891.56      -1905.45      1.11263      197.016
869      29.546      1.31735      988.009      -2893.46      -1905.45      1.11132      197.011
870      29.58      1.31933      989.5      -2894.95      -1905.45      1.11002      197.006
871      29.614      1.32076      990.567      -2896.02      -1905.45      1.10872      197.002
872      29.648      1.3216      991.197      -2896.65      -1905.45      1.10742      196.997
873      29.682      1.32185      991.384      -2896.84      -1905.45      1.10613      196.993
874      29.716      1.32151      991.135      -2896.59      -1905.45      1.10484      196.989
875      29.75      1.32062      990.466      -2895.92      -1905.45      1.10356      196.985
876      29.784      1.3192      989.402      -2894.85      -1905.45      1.10228      196.981
877      29.818      1.31731      987.981      -2893.43      -1905.45      1.101      196.977
878      29.852      1.315      986.251      -2891.69      -1905.44      1.09972      196.974
879      29.886      1.31236      984.269      -2889.71      -1905.44      1.09845      196.971
880      29.92      1.30947      982.102      -2887.54      -1905.44      1.09719      196.967
881      29.954      1.30643      979.825      -2885.26      -1905.43      1.09593      196.964
882      29.988      1.30336      977.518      -2882.94      -1905.43      1.09467      196.961
883      30.022      1.30035      975.262      -2880.68      -1905.42      1.09341      196.958
884      30.056      1.29752      973.138      -2878.56      -1905.42      1.09216      196.955
885      30.09      1.29496      971.219      -2876.63      -1905.41      1.09091      196.953
886      30.124      1.29277      969.576      -2874.99      -1905.41      1.08966      196.95
887      30.158      1.29102      968.266      -2873.67      -1905.41      1.08842      196.947
888      30.192      1.28978      967.334      -2872.74      -1905.41      1.08718      196.945
889      30.226      1.28908      966.811      -2872.22      -1905.4      1.08594      196.942
890      30.26      1.28895      966.71      -2872.12      -1905.4      1.08471      196.94
891      30.294      1.28937      967.026      -2872.43      -1905.41      1.08348      196.937
892      30.328      1.29032      967.739      -2873.15      -1905.41      1.08225      196.935
893      30.362      1.29175      968.81      -2874.22      -1905.41      1.08103      196.933
894      30.396      1.29358      970.187      -2875.6      -1905.42      1.0798      196.93
895      30.43      1.29574      971.808      -2877.23      -1905.42      1.07858      196.928
896      30.464      1.29814      973.602      -2879.03      -1905.43      1.07737      196.926
897      30.498      1.30066      975.497      -2880.93      -1905.43      1.07615      196.923
898      30.532      1.30323      977.426      -2882.86      -1905.43      1.07494      196.921
899      30.566      1.30577      979.329      -2884.77      -1905.44      1.07374      196.919
900      30.6      1.30821      981.155      -2886.59      -1905.44      1.07253      196.917
901      30.634      1.31049      982.866      -2888.31      -1905.44      1.07133      196.915
902      30.668      1.31259      984.44      -2889.88      -1905.44      1.07013      196.913
903      30.702      1.31449      985.867      -2891.31      -1905.44      1.06894      196.911
904      30.736      1.3162      987.151      -2892.59      -1905.44      1.06774      196.909
905      30.77      1.31774      988.303      -2893.74      -1905.44      1.06655      196.907
906      30.804      1.31912      989.342      -2894.78      -1905.43      1.06537      196.906
907      30.838      1.32039      990.291      -2895.72      -1905.43      1.06419      196.904
908      30.872      1.32156      991.168      -2896.6      -1905.43      1.06301      196.903
909      30.906      1.32265      991.99      -2897.42      -1905.43      1.06183      196.902
910      30.94      1.32369      992.769      -2898.2      -1905.43      1.06066      196.901
911      30.974      1.32468      993.509      -2898.94      -1905.43      1.05949      196.9
912      31.008      1.32561      994.208      -2899.64      -1905.43      1.05832      196.899
913      31.042      1.32647      994.855      -2900.29      -1905.43      1.05716      196.898
914      31.076      1.32724      995.433      -2900.87      -1905.43      1.056      196.897
915      31.11      1.3279      995.924      -2901.36      -1905.44      1.05484      196.896
916      31.144      1.32841      996.307      -2901.74      -1905.44      1.05368      196.895
917      31.178      1.32876      996.568      -2902.01      -1905.44      1.05253      196.895
918      31.212      1.32893      996.698      -2902.14      -1905.44      1.05138      196.894
919      31.246      1.32893      996.696      -2902.13      -1905.44      1.05023      196.893
920      31.28      1.32876      996.571      -2902.01      -1905.44      1.04909      196.893
921      31.314      1.32846      996.342      -2901.78      -1905.43      1.04794      196.892
922      31.348      1.32805      996.041      -2901.47      -1905.43      1.0468      196.891
923      31.382      1.32761      995.708      -2901.14      -1905.43      1.04567      196.891
924      31.416      1.32718      995.387      -2900.81      -1905.42      1.04453      196.89
925      31.45      1.32683      995.125      -2900.55      -1905.42      1.0434      196.889
926      31.484      1.32662      994.968      -2900.39      -1905.42      1.04227      196.888
927      31.518      1.32661      994.957      -2900.37      -1905.42      1.04114      196.888
928      31.552      1.32683      995.123      -2900.54      -1905.41      1.04001      196.887
929      31.586      1.32732      995.487      -2900.9      -1905.41      1.03889      196.886
930      31.62      1.32808      996.058      -2901.47      -1905.42      1.03777      196.885
931      31.654      1.3291      996.828      -2902.24      -1905.42      1.03665      196.884
932      31.688      1.33037      997.779      -2903.2      -1905.42      1.03553      196.883
933      31.722      1.33184      998.878      -2904.3      -1905.42      1.03442      196.882
934      31.756      1.33344      1000.08      -2905.5      -1905.42      1.0333      196.882
935      31.79      1.3351      1001.33      -2906.76      -1905.43      1.03219      196.881
936      31.824      1.33675      1002.56      -2907.99      -1905.43      1.03109      196.88
937      31.858      1.33827      1003.7      -2909.14      -1905.44      1.02998      196.879
938      31.892      1.33958      1004.69      -2910.13      -1905.44      1.02888      196.879
939      31.926      1.34058      1005.43      -2910.88      -1905.45      1.02778      196.878
940      31.96      1.34115      1005.86      -2911.31      -1905.45      1.02669      196.878
941      31.994      1.34121      1005.91      -2911.36      -1905.46      1.0256      196.877
942      32.028      1.34066      1005.49      -2910.95      -1905.46      1.0245      196.877
943      32.062      1.33943      1004.57      -2910.03      -1905.46      1.02342      196.877
944      32.096      1.33745      1003.09      -2908.56      -1905.47      1.02233      196.877
945      32.13      1.33469      1001.02      -2906.49      -1905.47      1.02125      196.877
946      32.164      1.33112      998.34      -2903.81      -1905.47      1.02017      196.877
947      32.198      1.32674      995.054      -2900.52      -1905.47      1.0191      196.877
948      32.232      1.32158      991.183      -2896.65      -1905.47      1.01802      196.877
949      32.266      1.31569      986.764      -2892.23      -1905.46      1.01695      196.878
950      32.3      1.30914      981.852      -2887.31      -1905.46      1.01588      196.878
951      32.334      1.30203      976.522      -2881.97      -1905.45      1.01482      196.879
952      32.368      1.29448      970.862      -2876.31      -1905.45      1.01376      196.879
953      32.402      1.28663      964.973      -2870.41      -1905.44      1.0127      196.88
954      32.436      1.27861      958.961      -2864.4      -1905.43      1.01164      196.881
955      32.47      1.27059      952.941      -2858.37      -1905.43      1.01058      196.882
956      32.504      1.2627      947.027      -2852.45      -1905.42      1.00953      196.882
957      32.538      1.2551      941.326      -2846.74      -1905.42      1.00848      196.883
958      32.572      1.24792      935.938      -2841.35      -1905.41      1.00743      196.884
959      32.606      1.24127      930.953      -2836.36      -1905.41      1.00638      196.885
960      32.64      1.23526      926.448      -2831.85      -1905.4      1.00534      196.886
961      32.674      1.22998      922.482      -2827.88      -1905.4      1.0043      196.887
962      32.708      1.22546      919.098      -2824.5      -1905.4      1.00326      196.888
963      32.742      1.22177      916.327      -2821.73      -1905.4      1.00222      196.889
964      32.776      1.21891      914.181      -2819.58      -1905.4      1.00119      196.89
965      32.81      1.21688      912.658      -2818.06      -1905.4      1.00016      196.891
966      32.844      1.21566      911.744      -2817.15      -1905.4      0.999128      196.892
967      32.878      1.21522      911.413      -2816.82      -1905.41      0.9981      196.893
968      32.912      1.2155      911.625      -2817.03      -1905.41      0.997076      196.895
969      32.946      1.21645      912.334      -2817.75      -1905.41      0.996053      196.896
970      32.98      1.21798      913.482      -2818.9      -1905.42      0.995034      196.897
971      33.014      1.22001      915.004      -2820.42      -1905.42      0.994016      196.899
972      33.048      1.22244      916.834      -2822.26      -1905.42      0.993001      196.9
973      33.082      1.2252      918.899      -2824.33      -1905.43      0.991989      196.902
974      33.116      1.22817      921.131      -2826.56      -1905.43      0.990979      196.904
975      33.15      1.23128      923.461      -2828.9      -1905.44      0.989971      196.905
976      33.184      1.23444      925.826      -2831.27      -1905.44      0.988966      196.907
977      33.218      1.23756      928.168      -2833.61      -1905.44      0.987963      196.909
978      33.252      1.24058      930.435      -2835.88      -1905.45      0.986963      196.911
979      33.286      1.24344      932.58      -2838.03      -1905.45      0.985965      196.913
980      33.32      1.24609      934.564      -2840.01      -1905.45      0.984969      196.915
981      33.354      1.24847      936.351      -2841.8      -1905.45      0.983976      196.917
982      33.388      1.25054      937.907      -2843.36      -1905.45      0.982985      196.919
983      33.422      1.25227      939.202      -2844.66      -1905.46      0.981996      196.922
984      33.456      1.25361      940.206      -2845.66      -1905.46      0.98101      196.924
985      33.49      1.25452      940.892      -2846.35      -1905.46      0.980026      196.926
986      33.524      1.25498      941.237      -2846.7      -1905.46      0.979044      196.929
987      33.558      1.25496      941.222      -2846.68      -1905.46      0.978064      196.931
988      33.592      1.25445      940.837      -2846.3      -1905.46      0.977086      196.934
989      33.626      1.25345      940.084      -2845.55      -1905.46      0.97611      196.936
990      33.66      1.25197      938.979      -2844.44      -1905.46      0.975136      196.939
991      33.694      1.25007      937.551      -2843.01      -1905.46      0.974165      196.941
992      33.728      1.2478      935.847      -2841.3      -1905.45      0.973195      196.944
993      33.762      1.24523      933.925      -2839.37      -1905.45      0.972228      196.946
994      33.796      1.24247      931.854      -2837.3      -1905.44      0.971262      196.949
995      33.83      1.23961      929.704      -2835.14      -1905.44      0.970299      196.951
996      33.864      1.23673      927.548      -2832.98      -1905.43      0.969337      196.954
997      33.898      1.23394      925.453      -2830.88      -1905.43      0.968378      196.956
998      33.932      1.23131      923.479      -2828.91      -1905.43      0.96742      196.959
999      33.966      1.2289      921.678      -2827.1      -1905.42      0.966465      196.962
1000      34      1.22679      920.09      -2825.51      -1905.42      0.965512      196.964
1000      34      1.22679      920.09      -2825.51      -1905.42      0.965512      196.964
Execution time in seconds: 1.85382
