Timestep Time Temperature KineticEnergy PotentialEnergy TotalEnergy DiffusionConstant MeanSquareDisplacement
1      0.023      2.43183      1823.87      -3729.44      -1905.57      1428.51      197.135
2      0.046      2.42884      1821.63      -3727.2      -1905.57      714.268      197.138
3      0.069      2.42386      1817.89      -3723.46      -1905.57      476.187      197.141
4      0.092      2.41687      1812.66      -3718.23      -1905.57      357.146      197.145
5      0.115      2.40789      1805.92      -3711.49      -1905.57      285.722      197.148
6      0.138      2.39689      1797.67      -3703.24      -1905.57      238.106      197.151
7      0.161      2.38387      1787.9      -3693.48      -1905.57      204.094      197.155
8      0.184      2.36881      1776.61      -3682.19      -1905.57      178.586      197.159
9      0.207      2.35171      1763.79      -3669.36      -1905.58      158.746      197.162
10      0.23      2.33255      1749.42      -3654.99      -1905.58      142.874      197.166
11      0.253      2.31133      1733.49      -3639.07      -1905.58      129.888      197.17
12      0.276      2.28801      1716.01      -3621.59      -1905.58      119.066      197.173
13      0.299      2.26261      1696.96      -3602.54      -1905.58      109.909      197.177
14      0.322      2.2351      1676.33      -3581.91      -1905.58      102.061      197.181
15      0.345      2.20549      1654.12      -3559.7      -1905.58      95.2584      197.185
16      0.368      2.17377      1630.33      -3535.91      -1905.59      89.3065      197.189
17      0.391      2.13995      1604.96      -3510.55      -1905.59      84.0548      197.193
18      0.414      2.10404      1578.03      -3483.61      -1905.59      79.3867      197.197
19      0.437      2.06607      1549.55      -3455.14      -1905.59      75.2099      197.2
20      0.46      2.02608      1519.56      -3425.14      -1905.59      71.4509      197.204
21      0.483      1.98412      1488.09      -3393.67      -1905.58      68.0498      197.208
22      0.506      1.94026      1455.19      -3360.78      -1905.58      64.958      197.212
23      0.529      1.89459      1420.94      -3326.52      -1905.58      62.135      197.216
24      0.552      1.84722      1385.42      -3290.99      -1905.57      59.5472      197.22
25      0.575      1.79829      1348.72      -3254.28      -1905.57      57.1664      197.224
26      0.598      1.74795      1310.96      -3216.52      -1905.56      54.9688      197.228
27      0.621      1.69639      1272.29      -3177.84      -1905.55      52.934      197.232
28      0.644      1.64381      1232.86      -3138.4      -1905.54      51.0445      197.236
29      0.667      1.59047      1192.85      -3098.38      -1905.53      49.2853      197.24
30      0.69      1.53661      1152.46      -3057.98      -1905.52      47.6434      197.243
31      0.713      1.48253      1111.9      -3017.4      -1905.51      46.1073      197.247
32      0.736      1.42853      1071.4      -2976.89      -1905.49      44.6673      197.251
33      0.759      1.37494      1031.21      -2936.68      -1905.48      43.3146      197.255
34      0.782      1.32208      991.563      -2897.02      -1905.46      42.0414      197.258
35      0.805      1.2703      952.724      -2858.17      -1905.45      40.8409      197.262
36      0.828      1.21992      914.94      -2820.37      -1905.43      39.7071      197.265
37      0.851      1.17127      878.455      -2783.87      -1905.42      38.6346      197.268
38      0.874      1.12467      843.499      -2748.91      -1905.41      37.6185      197.272
39      0.897      1.08038      810.286      -2715.68      -1905.39      36.6545      197.275
40      0.92      1.03867      779.005      -2684.39      -1905.38      35.7387      197.278
41      0.943      0.999759      749.819      -2655.2      -1905.38      34.8676      197.281
42      0.966      0.963817      722.863      -2628.23      -1905.37      34.0379      197.284
43      0.989      0.930985      698.239      -2603.6      -1905.37      33.2468      197.286
44      1.012      0.901354      676.016      -2581.38      -1905.36      32.4916      197.289
45      1.035      0.874974      656.231      -2561.59      -1905.36      31.77      197.292
46      1.058      0.851852      638.889      -2544.25      -1905.37      31.0797      197.294
47      1.081      0.831955      623.966      -2529.33      -1905.37      30.4189      197.297
48      1.104      0.815215      611.411      -2516.78      -1905.37      29.7855      197.299
49      1.127      0.801533      601.149      -2506.53      -1905.38      29.1779      197.301
50      1.15      0.79078      593.085      -2498.47      -1905.39      28.5947      197.303
51      1.173      0.782808      587.106      -2492.5      -1905.39      28.0343      197.305
52      1.196      0.777449      583.087      -2488.49      -1905.4      27.4955      197.307
53      1.219      0.774526      580.894      -2486.3      -1905.41      26.9769      197.309
54      1.242      0.773851      580.388      -2485.81      -1905.42      26.4776      197.311
55      1.265      0.775233      581.425      -2486.85      -1905.43      25.9964      197.313
56      1.288      0.778481      583.861      -2489.3      -1905.44      25.5324      197.314
57      1.311      0.783406      587.555      -2493      -1905.44      25.0847      197.316
58      1.334      0.789824      592.368      -2497.82      -1905.45      24.6524      197.317
59      1.357      0.797558      598.169      -2503.63      -1905.46      24.2347      197.319
60      1.38      0.806439      604.829      -2510.29      -1905.47      23.8309      197.32
61      1.403      0.816308      612.231      -2517.7      -1905.47      23.4404      197.321
62      1.426      0.827015      620.261      -2525.74      -1905.48      23.0625      197.323
63      1.449      0.83842      628.815      -2534.3      -1905.48      22.6965      197.324
64      1.472      0.850393      637.794      -2543.28      -1905.49      22.342      197.325
65      1.495      0.862814      647.111      -2552.6      -1905.49      21.9984      197.326
66      1.518      0.875574      656.68      -2562.18      -1905.5      21.6652      197.327
67      1.541      0.888571      666.428      -2571.93      -1905.5      21.342      197.328
68      1.564      0.901715      676.286      -2581.79      -1905.5      21.0282      197.329
69      1.587      0.91492      686.19      -2591.7      -1905.51      20.7235      197.33
70      1.61      0.92811      696.082      -2601.59      -1905.51      20.4276      197.33
71      1.633      0.941215      705.911      -2611.42      -1905.51      20.1399      197.331
72      1.656      0.954172      715.629      -2621.14      -1905.51      19.8603      197.332
73      1.679      0.96692      725.19      -2630.7      -1905.51      19.5883      197.332
74      1.702      0.979404      734.553      -2640.07      -1905.52      19.3236      197.333
75      1.725      0.991575      743.681      -2649.2      -1905.52      19.066      197.334
76      1.748      1.00338      752.537      -2658.06      -1905.52      18.8152      197.334
77      1.771      1.01479      761.09      -2666.61      -1905.52      18.5709      197.335
78      1.794      1.02575      769.31      -2674.83      -1905.52      18.3329      197.335
79      1.817      1.03622      777.168      -2682.69      -1905.52      18.1009      197.336
80      1.84      1.04619      784.64      -2690.16      -1905.52      17.8746      197.336
81      1.863      1.0556      791.704      -2697.23      -1905.53      17.654      197.336
82      1.886      1.06445      798.339      -2703.86      -1905.53      17.4388      197.337
83      1.909      1.0727      804.528      -2710.06      -1905.53      17.2287      197.337
84      1.932      1.08035      810.259      -2715.79      -1905.53      17.0236      197.338
85      1.955      1.08736      815.52      -2721.05      -1905.53      16.8234      197.338
86      1.978      1.09374      820.306      -2725.83      -1905.53      16.6278      197.338
87      2.001      1.09949      824.615      -2730.14      -1905.53      16.4367      197.339
88      2.024      1.1046      828.446      -2733.97      -1905.53      16.2499      197.339
89      2.047      1.10908      831.808      -2737.33      -1905.53      16.0674      197.34
90      2.07      1.11294      834.708      -2740.23      -1905.53      15.8889      197.34
91      2.093      1.11621      837.16      -2742.68      -1905.52      15.7143      197.34
92      2.116      1.11891      839.182      -2744.7      -1905.52      15.5435      197.341
93      2.139      1.12106      840.795      -2746.32      -1905.52      15.3764      197.341
94      2.162      1.1227      842.022      -2747.54      -1905.52      15.2129      197.342
95      2.185      1.12385      842.891      -2748.41      -1905.52      15.0528      197.342
96      2.208      1.12457      843.429      -2748.94      -1905.52      14.896      197.343
97      2.231      1.12489      843.666      -2749.18      -1905.51      14.7425      197.343
98      2.254      1.12485      843.634      -2749.15      -1905.51      14.5921      197.344
99      2.277      1.12448      843.363      -2748.87      -1905.51      14.4447      197.344
100      2.3      1.12385      842.884      -2748.39      -1905.51      14.3003      197.345
101      2.323      1.12297      842.227      -2747.73      -1905.51      14.1588      197.345
102      2.346      1.12189      841.419      -2746.92      -1905.51      14.02      197.346
103      2.369      1.12065      840.488      -2745.99      -1905.5      13.884      197.347
104      2.392      1.11928      839.46      -2744.96      -1905.5      13.7505      197.348
105      2.415      1.11781      838.357      -2743.86      -1905.5      13.6196      197.348
106      2.438      1.11627      837.2      -2742.7      -1905.5      13.4912      197.349
107      2.461      1.11468      836.009      -2741.51      -1905.5      13.3652      197.35
108      2.484      1.11307      834.801      -2740.3      -1905.5      13.2415      197.351
109      2.507      1.11146      833.592      -2739.09      -1905.5      13.1201      197.352
110      2.53      1.10986      832.398      -2737.9      -1905.5      13.0009      197.353
111      2.553      1.10831      831.236      -2736.73      -1905.5      12.8838      197.354
112      2.576      1.10683      830.122      -2735.62      -1905.5      12.7689      197.356
113      2.599      1.10543      829.073      -2734.57      -1905.49      12.6559      197.357
114      2.622      1.10414      828.105      -2733.6      -1905.49      12.545      197.358
115      2.645      1.10298      827.238      -2732.73      -1905.49      12.436      197.359
116      2.668      1.10199      826.491      -2731.98      -1905.49      12.3289      197.361
117      2.691      1.10118      825.885      -2731.38      -1905.49      12.2236      197.362
118      2.714      1.10059      825.44      -2730.93      -1905.49      12.1201      197.363
119      2.737      1.10023      825.175      -2730.66      -1905.49      12.0183      197.365
120      2.76      1.10015      825.11      -2730.6      -1905.49      11.9183      197.366
121      2.783      1.10035      825.261      -2730.75      -1905.49      11.8198      197.368
122      2.806      1.10086      825.643      -2731.13      -1905.49      11.723      197.369
123      2.829      1.10168      826.264      -2731.75      -1905.49      11.6278      197.371
124      2.852      1.10284      827.13      -2732.61      -1905.48      11.5341      197.372
125      2.875      1.10432      828.242      -2733.73      -1905.49      11.442      197.374
126      2.898      1.10613      829.596      -2735.08      -1905.49      11.3512      197.375
127      2.921      1.10824      831.181      -2736.67      -1905.49      11.2619      197.377
128      2.944      1.11065      832.984      -2738.47      -1905.49      11.1741      197.378
129      2.967      1.11331      834.986      -2740.47      -1905.49      11.0875      197.38
130      2.99      1.11622      837.166      -2742.66      -1905.49      11.0023      197.382
131      3.013      1.11933      839.5      -2744.99      -1905.49      10.9184      197.383
132      3.036      1.12262      841.966      -2747.46      -1905.49      10.8358      197.385
133      3.059      1.12605      844.538      -2750.03      -1905.49      10.7544      197.386
134      3.082      1.12959      847.193      -2752.69      -1905.5      10.6742      197.388
135      3.105      1.13321      849.908      -2755.4      -1905.5      10.5952      197.389
136      3.128      1.13688      852.662      -2758.16      -1905.5      10.5174      197.39
137      3.151      1.14058      855.438      -2760.94      -1905.5      10.4407      197.392
138      3.174      1.14429      858.22      -2763.72      -1905.5      10.3651      197.393
139      3.197      1.14799      860.995      -2766.49      -1905.5      10.2906      197.394
140      3.22      1.15167      863.751      -2769.25      -1905.5      10.2172      197.395
141      3.243      1.15531      866.481      -2771.98      -1905.5      10.1447      197.396
142      3.266      1.1589      869.177      -2774.68      -1905.5      10.0734      197.398
143      3.289      1.16245      871.835      -2777.34      -1905.5      10.003      197.398
144      3.312      1.16593      874.45      -2779.95      -1905.5      9.93354      197.399
145      3.335      1.16936      877.02      -2782.52      -1905.5      9.86507      197.4
146      3.358      1.17272      879.541      -2785.04      -1905.5      9.79754      197.401
147      3.381      1.17602      882.012      -2787.51      -1905.5      9.73092      197.401
148      3.404      1.17924      884.431      -2789.93      -1905.5      9.66519      197.402
149      3.427      1.1824      886.797      -2792.3      -1905.5      9.60034      197.402
150      3.45      1.18548      889.106      -2794.61      -1905.5      9.53635      197.402
151      3.473      1.18848      891.358      -2796.86      -1905.5      9.4732      197.403
152      3.496      1.1914      893.55      -2799.05      -1905.5      9.41087      197.403
153      3.519      1.19424      895.682      -2801.18      -1905.5      9.34936      197.402
154      3.542      1.197      897.752      -2803.25      -1905.5      9.28863      197.402
155      3.565      1.19968      899.76      -2805.26      -1905.5      9.22868      197.402
156      3.588      1.20227      901.706      -2807.21      -1905.5      9.1695      197.401
157      3.611      1.20479      903.591      -2809.09      -1905.5      9.11106      197.4
158      3.634      1.20722      905.418      -2810.92      -1905.5      9.05335      197.399
159      3.657      1.20959      907.191      -2812.69      -1905.5      8.99636      197.398
160      3.68      1.21189      908.915      -2814.41      -1905.5      8.94008      197.397
161      3.703      1.21413      910.594      -2816.09      -1905.5      8.88449      197.395
162      3.726      1.21632      912.237      -2817.74      -1905.5      8.82957      197.394
163      3.749      1.21847      913.852      -2819.35      -1905.5      8.77532      197.392
164      3.772      1.2206      915.448      -2820.94      -1905.5      8.72173      197.39
165      3.795      1.22271      917.035      -2822.53      -1905.5      8.66878      197.388
166      3.818      1.22483      918.623      -2824.12      -1905.5      8.61646      197.386
167      3.841      1.22696      920.222      -2825.72      -1905.49      8.56476      197.383
168      3.864      1.22913      921.844      -2827.34      -1905.49      8.51366      197.381
169      3.887      1.23133      923.497      -2828.99      -1905.49      8.46317      197.378
170      3.91      1.23359      925.191      -2830.68      -1905.49      8.41326      197.375
171      3.933      1.23591      926.934      -2832.43      -1905.49      8.36393      197.372
172      3.956      1.23831      928.732      -2834.22      -1905.49      8.31517      197.369
173      3.979      1.24079      930.589      -2836.08      -1905.49      8.26697      197.366
174      4.002      1.24334      932.507      -2838      -1905.49      8.21931      197.362
175      4.025      1.24598      934.485      -2839.98      -1905.49      8.17219      197.358
176      4.048      1.24869      936.521      -2842.01      -1905.49      8.12561      197.355
177      4.071      1.25148      938.608      -2844.1      -1905.49      8.07954      197.351
178      4.094      1.25432      940.739      -2846.23      -1905.49      8.03399      197.347
179      4.117      1.2572      942.903      -2848.4      -1905.49      7.98895      197.343
180      4.14      1.26012      945.088      -2850.58      -1905.5      7.9444      197.339
181      4.163      1.26304      947.279      -2852.78      -1905.5      7.90034      197.335
182      4.186      1.26595      949.459      -2854.96      -1905.5      7.85676      197.33
183      4.209      1.26882      951.612      -2857.11      -1905.5      7.81366      197.326
184      4.232      1.27163      953.721      -2859.22      -1905.5      7.77102      197.322
185      4.255      1.27435      955.766      -2861.27      -1905.5      7.72885      197.317
186      4.278      1.27697      957.73      -2863.23      -1905.5      7.68712      197.313
187      4.301      1.27946      959.594      -2865.1      -1905.5      7.64584      197.309
188      4.324      1.28179      961.344      -2866.85      -1905.5      7.605      197.304
189      4.347      1.28395      962.965      -2868.47      -1905.51      7.56459      197.3
190      4.37      1.28592      964.443      -2869.95      -1905.51      7.52461      197.295
191      4.393      1.28769      965.769      -2871.28      -1905.51      7.48504      197.291
192      4.416      1.28925      966.934      -2872.44      -1905.51      7.44589      197.286
193      4.439      1.29058      967.932      -2873.44      -1905.51      7.40714      197.282
194      4.462      1.29168      968.758      -2874.27      -1905.51      7.3688      197.278
195      4.485      1.29254      969.408      -2874.92      -1905.51      7.33085      197.273
196      4.508      1.29318      969.884      -2875.39      -1905.51      7.29329      197.269
197      4.531      1.29358      970.186      -2875.69      -1905.51      7.25612      197.265
198      4.554      1.29375      970.315      -2875.82      -1905.51      7.21932      197.261
199      4.577      1.2937      970.277      -2875.78      -1905.51      7.18289      197.257
200      4.6      1.29343      970.073      -2875.58      -1905.51      7.14683      197.253
201      4.623      1.29295      969.709      -2875.22      -1905.51      7.11114      197.249
202      4.646      1.29225      969.191      -2874.7      -1905.51      7.0758      197.245
203      4.669      1.29136      968.524      -2874.03      -1905.51      7.04081      197.241
204      4.692      1.29029      967.714      -2873.22      -1905.51      7.00618      197.238
205      4.715      1.28903      966.77      -2872.28      -1905.51      6.97188      197.234
206      4.738      1.2876      965.699      -2871.21      -1905.51      6.93792      197.231
207      4.761      1.28601      964.51      -2870.02      -1905.51      6.90429      197.228
208      4.784      1.28428      963.211      -2868.72      -1905.51      6.87099      197.225
209      4.807      1.28242      961.813      -2867.32      -1905.5      6.83802      197.222
210      4.83      1.28044      960.329      -2865.83      -1905.5      6.80536      197.219
211      4.853      1.27836      958.773      -2864.28      -1905.5      6.77302      197.217
212      4.876      1.27621      957.158      -2862.66      -1905.5      6.74098      197.214
213      4.899      1.274      955.501      -2861      -1905.5      6.70926      197.212
214      4.922      1.27176      953.818      -2859.32      -1905.5      6.67783      197.21
215      4.945      1.26951      952.129      -2857.63      -1905.5      6.6467      197.208
216      4.968      1.26727      950.455      -2855.95      -1905.5      6.61586      197.206
217      4.991      1.26509      948.817      -2854.31      -1905.5      6.58531      197.204
218      5.014      1.26298      947.236      -2852.73      -1905.5      6.55505      197.202
219      5.037      1.26098      945.735      -2851.23      -1905.49      6.52507      197.201
220      5.06      1.25911      944.334      -2849.83      -1905.49      6.49536      197.199
221      5.083      1.2574      943.053      -2848.54      -1905.49      6.46592      197.198
222      5.106      1.25588      941.908      -2847.4      -1905.49      6.43676      197.197
223      5.129      1.25456      940.917      -2846.41      -1905.49      6.40786      197.195
224      5.152      1.25345      940.091      -2845.58      -1905.49      6.37922      197.194
225      5.175      1.25258      939.438      -2844.93      -1905.49      6.35084      197.194
226      5.198      1.25195      938.964      -2844.45      -1905.49      6.32271      197.193
227      5.221      1.25156      938.671      -2844.16      -1905.49      6.29484      197.192
228      5.244      1.25141      938.557      -2844.05      -1905.49      6.26721      197.192
229      5.267      1.2515      938.622      -2844.11      -1905.49      6.23983      197.191
230      5.29      1.25181      938.86      -2844.35      -1905.49      6.21269      197.191
231      5.313      1.25236      939.268      -2844.76      -1905.49      6.18579      197.191
232      5.336      1.25312      939.84      -2845.33      -1905.49      6.15912      197.19
233      5.359      1.25409      940.57      -2846.06      -1905.49      6.13269      197.19
234      5.382      1.25527      941.455      -2846.95      -1905.49      6.10648      197.191
235      5.405      1.25666      942.492      -2847.98      -1905.49      6.0805      197.191
236      5.428      1.25824      943.681      -2849.17      -1905.49      6.05475      197.191
237      5.451      1.26003      945.019      -2850.51      -1905.49      6.02922      197.192
238      5.474      1.26201      946.509      -2852      -1905.49      6.0039      197.192
239      5.497      1.2642      948.151      -2853.64      -1905.49      5.9788      197.193
240      5.52      1.2666      949.947      -2855.44      -1905.49      5.95392      197.194
241      5.543      1.2692      951.897      -2857.39      -1905.49      5.92924      197.195
242      5.566      1.272      954      -2859.49      -1905.49      5.90477      197.196
243      5.589      1.27501      956.254      -2861.74      -1905.49      5.88051      197.197
244      5.612      1.27821      958.656      -2864.14      -1905.49      5.85645      197.198
245      5.635      1.2816      961.199      -2866.69      -1905.49      5.83259      197.2
246      5.658      1.28517      963.874      -2869.36      -1905.49      5.80893      197.202
247      5.681      1.28889      966.671      -2872.16      -1905.49      5.78547      197.203
248      5.704      1.29276      969.574      -2875.06      -1905.49      5.76219      197.205
249      5.727      1.29676      972.569      -2878.06      -1905.49      5.73911      197.207
250      5.75      1.30085      975.639      -2881.13      -1905.49      5.71622      197.21
251      5.773      1.30502      978.765      -2884.26      -1905.49      5.69351      197.212
252      5.796      1.30923      981.926      -2887.42      -1905.49      5.67099      197.214
253      5.819      1.31347      985.102      -2890.6      -1905.5      5.64865      197.217
254      5.842      1.31769      988.271      -2893.77      -1905.5      5.62649      197.22
255      5.865      1.32189      991.414      -2896.91      -1905.5      5.6045      197.222
256      5.888      1.32602      994.513      -2900.01      -1905.5      5.58269      197.225
257      5.911      1.33006      997.549      -2903.05      -1905.5      5.56106      197.228
258      5.934      1.33401      1000.5      -2906.01      -1905.5      5.53959      197.232
259      5.957      1.33782      1003.37      -2908.87      -1905.5      5.5183      197.235
260      5.98      1.34149      1006.12      -2911.62      -1905.5      5.49717      197.238
261      6.003      1.34501      1008.76      -2914.26      -1905.5      5.4762      197.242
262      6.026      1.34835      1011.27      -2916.77      -1905.5      5.4554      197.245
263      6.049      1.35152      1013.64      -2919.14      -1905.5      5.43476      197.249
264      6.072      1.35451      1015.88      -2921.38      -1905.5      5.41428      197.253
265      6.095      1.3573      1017.98      -2923.48      -1905.5      5.39395      197.257
266      6.118      1.35991      1019.93      -2925.43      -1905.5      5.37378      197.261
267      6.141      1.36232      1021.74      -2927.24      -1905.5      5.35376      197.265
268      6.164      1.36454      1023.4      -2928.9      -1905.5      5.3339      197.269
269      6.187      1.36656      1024.92      -2930.42      -1905.5      5.31418      197.273
270      6.21      1.36838      1026.29      -2931.79      -1905.5      5.29461      197.277
271      6.233      1.37001      1027.51      -2933.01      -1905.5      5.27519      197.282
272      6.256      1.37144      1028.58      -2934.08      -1905.5      5.25591      197.286
273      6.279      1.37266      1029.5      -2935      -1905.5      5.23677      197.29
274      6.302      1.37368      1030.26      -2935.77      -1905.5      5.21778      197.295
275      6.325      1.37449      1030.87      -2936.37      -1905.5      5.19892      197.299
276      6.348      1.37509      1031.31      -2936.82      -1905.5      5.1802      197.304
277      6.371      1.37546      1031.59      -2937.1      -1905.5      5.16162      197.308
278      6.394      1.37561      1031.71      -2937.21      -1905.5      5.14317      197.313
279      6.417      1.37554      1031.65      -2937.16      -1905.5      5.12485      197.317
280      6.44      1.37524      1031.43      -2936.93      -1905.5      5.10667      197.322
281      6.463      1.37471      1031.03      -2936.54      -1905.5      5.08861      197.326
282      6.486      1.37396      1030.47      -2935.97      -1905.5      5.07068      197.331
283      6.509      1.37299      1029.74      -2935.24      -1905.5      5.05288      197.335
284      6.532      1.37181      1028.86      -2934.36      -1905.5      5.03521      197.34
285      6.555      1.37043      1027.82      -2933.33      -1905.5      5.01766      197.344
286      6.578      1.36887      1026.65      -2932.15      -1905.5      5.00023      197.349
287      6.601      1.36713      1025.35      -2930.85      -1905.5      4.98292      197.353
288      6.624      1.36525      1023.94      -2929.44      -1905.5      4.96573      197.358
289      6.647      1.36324      1022.43      -2927.93      -1905.5      4.94865      197.362
290      6.67      1.36112      1020.84      -2926.34      -1905.5      4.9317      197.367
291      6.693      1.35891      1019.18      -2924.68      -1905.5      4.91486      197.371
292      6.716      1.35665      1017.48      -2922.98      -1905.5      4.89814      197.375
293      6.739      1.35434      1015.76      -2921.25      -1905.49      4.88152      197.38
294      6.762      1.35202      1014.02      -2919.51      -1905.49      4.86502      197.384
295      6.785      1.34971      1012.28      -2917.77      -1905.49      4.84863      197.388
296      6.808      1.34742      1010.57      -2916.06      -1905.49      4.83235      197.392
297      6.831      1.34518      1008.88      -2914.38      -1905.49      4.81618      197.396
298      6.854      1.34299      1007.24      -2912.73      -1905.49      4.80012      197.4
299      6.877      1.34087      1005.65      -2911.14      -1905.49      4.78416      197.404
300      6.9      1.33883      1004.12      -2909.61      -1905.49      4.76831      197.408
301      6.923      1.33686      1002.65      -2908.14      -1905.49      4.75256      197.412
302      6.946      1.33498      1001.24      -2906.73      -1905.49      4.73691      197.415
303      6.969      1.33319      999.891      -2905.38      -1905.49      4.72137      197.419
304      6.992      1.33147      998.605      -2904.1      -1905.49      4.70592      197.423
305      7.015      1.32984      997.377      -2902.87      -1905.49      4.69058      197.426
306      7.038      1.32827      996.201      -2901.69      -1905.49      4.67533      197.43
307      7.061      1.32676      995.07      -2900.56      -1905.49      4.66018      197.433
308      7.084      1.32531      993.98      -2899.47      -1905.49      4.64513      197.437
309      7.107      1.3239      992.922      -2898.42      -1905.49      4.63017      197.44
310      7.13      1.32252      991.89      -2897.38      -1905.49      4.61531      197.443
311      7.153      1.32117      990.876      -2896.37      -1905.49      4.60054      197.446
312      7.176      1.31983      989.873      -2895.37      -1905.49      4.58587      197.449
313      7.199      1.3185      988.873      -2894.37      -1905.5      4.57129      197.452
314      7.222      1.31716      987.87      -2893.37      -1905.5      4.55679      197.455
315      7.245      1.31581      986.854      -2892.35      -1905.5      4.54239      197.458
316      7.268      1.31443      985.821      -2891.32      -1905.5      4.52808      197.46
317      7.291      1.31302      984.763      -2890.26      -1905.5      4.51385      197.463
318      7.314      1.31156      983.673      -2889.17      -1905.5      4.49971      197.465
319      7.337      1.31006      982.543      -2888.04      -1905.5      4.48566      197.468
320      7.36      1.30849      981.366      -2886.86      -1905.5      4.4717      197.47
321      7.383      1.30685      980.136      -2885.64      -1905.5      4.45781      197.472
322      7.406      1.30513      978.846      -2884.35      -1905.5      4.44402      197.474
323      7.429      1.30332      977.492      -2882.99      -1905.5      4.4303      197.476
324      7.452      1.30142      976.068      -2881.57      -1905.5      4.41667      197.478
325      7.475      1.29943      974.571      -2880.07      -1905.5      4.40312      197.48
326      7.498      1.29733      972.997      -2878.5      -1905.5      4.38964      197.481
327      7.521      1.29513      971.346      -2876.85      -1905.5      4.37625      197.483
328      7.544      1.29282      969.616      -2875.12      -1905.5      4.36294      197.484
329      7.567      1.29041      967.81      -2873.31      -1905.5      4.3497      197.485
330      7.59      1.28791      965.933      -2871.43      -1905.5      4.33654      197.486
331      7.613      1.28532      963.993      -2869.49      -1905.5      4.32346      197.487
332      7.636      1.28266      961.997      -2867.5      -1905.5      4.31045      197.488
333      7.659      1.27995      959.959      -2865.46      -1905.5      4.29752      197.488
334      7.682      1.27719      957.892      -2863.39      -1905.5      4.28466      197.489
335      7.705      1.27442      955.813      -2861.31      -1905.5      4.27188      197.489
336      7.728      1.27165      953.737      -2859.23      -1905.5      4.25917      197.489
337      7.751      1.26891      951.686      -2857.18      -1905.49      4.24653      197.489
338      7.774      1.26624      949.677      -2855.17      -1905.49      4.23396      197.489
339      7.797      1.26364      947.73      -2853.22      -1905.49      4.22146      197.488
340      7.82      1.26115      945.865      -2851.36      -1905.49      4.20903      197.488
341      7.843      1.2588      944.098      -2849.59      -1905.49      4.19668      197.487
342      7.866      1.25659      942.444      -2847.93      -1905.49      4.18439      197.486
343      7.889      1.25455      940.914      -2846.4      -1905.49      4.17217      197.485
344      7.912      1.25269      939.519      -2845.01      -1905.49      4.16001      197.484
345      7.935      1.25102      938.263      -2843.75      -1905.49      4.14793      197.483
346      7.958      1.24954      937.151      -2842.64      -1905.49      4.13591      197.481
347      7.981      1.24825      936.184      -2841.67      -1905.49      4.12396      197.48
348      8.004      1.24715      935.36      -2840.85      -1905.49      4.11207      197.478
349      8.027      1.24623      934.675      -2840.16      -1905.49      4.10025      197.476
350      8.05      1.2455      934.126      -2839.62      -1905.49      4.08849      197.474
351      8.073      1.24494      933.707      -2839.2      -1905.49      4.0768      197.472
352      8.096      1.24455      933.41      -2838.9      -1905.49      4.06517      197.47
353      8.119      1.2443      933.228      -2838.72      -1905.49      4.0536      197.467
354      8.142      1.2442      933.152      -2838.64      -1905.49      4.0421      197.464
355      8.165      1.24423      933.175      -2838.67      -1905.49      4.03065      197.462
356      8.188      1.24438      933.288      -2838.78      -1905.49      4.01927      197.459
357      8.211      1.24464      933.481      -2838.97      -1905.49      4.00796      197.456
358      8.234      1.24499      933.744      -2839.24      -1905.49      3.9967      197.453
359      8.257      1.24543      934.07      -2839.56      -1905.49      3.9855      197.45
360      8.28      1.24593      934.449      -2839.94      -1905.49      3.97436      197.446
361      8.303      1.24649      934.871      -2840.37      -1905.49      3.96329      197.443
362      8.326      1.2471      935.329      -2840.82      -1905.5      3.95227      197.439
363      8.349      1.24775      935.813      -2841.31      -1905.5      3.94131      197.436
364      8.372      1.24842      936.317      -2841.81      -1905.5      3.9304      197.432
365      8.395      1.24911      936.834      -2842.33      -1905.5      3.91956      197.428
366      8.418      1.24981      937.359      -2842.85      -1905.5      3.90877      197.424
367      8.441      1.25051      937.886      -2843.38      -1905.5      3.89804      197.42
368      8.464      1.25121      938.411      -2843.91      -1905.5      3.88737      197.416
369      8.487      1.25191      938.933      -2844.43      -1905.5      3.87675      197.412
370      8.51      1.2526      939.448      -2844.94      -1905.5      3.86619      197.407
371      8.533      1.25328      939.957      -2845.45      -1905.5      3.85568      197.403
372      8.556      1.25394      940.456      -2845.95      -1905.5      3.84523      197.399
373      8.579      1.25459      940.944      -2846.44      -1905.5      3.83483      197.394
374      8.602      1.25522      941.419      -2846.91      -1905.5      3.82448      197.389
375      8.625      1.25584      941.878      -2847.37      -1905.5      3.81419      197.385
376      8.648      1.25642      942.318      -2847.81      -1905.5      3.80396      197.38
377      8.671      1.25698      942.737      -2848.23      -1905.5      3.79377      197.375
378      8.694      1.25751      943.13      -2848.63      -1905.5      3.78364      197.37
379      8.717      1.25799      943.49      -2848.99      -1905.5      3.77356      197.365
380      8.74      1.25841      943.811      -2849.31      -1905.5      3.76354      197.36
381      8.763      1.25878      944.083      -2849.58      -1905.5      3.75356      197.355
382      8.786      1.25907      944.3      -2849.8      -1905.5      3.74364      197.349
383      8.809      1.25927      944.451      -2849.95      -1905.5      3.73376      197.344
384      8.832      1.25937      944.528      -2850.03      -1905.5      3.72394      197.339
385      8.855      1.25936      944.522      -2850.02      -1905.5      3.71417      197.334
386      8.878      1.25923      944.423      -2849.92      -1905.5      3.70445      197.328
387      8.901      1.25897      944.225      -2849.73      -1905.5      3.69477      197.323
388      8.924      1.25856      943.92      -2849.42      -1905.5      3.68515      197.318
389      8.947      1.258      943.502      -2849      -1905.5      3.67558      197.312
390      8.97      1.25729      942.968      -2848.47      -1905.5      3.66605      197.307
391      8.993      1.25642      942.317      -2847.82      -1905.5      3.65657      197.301
392      9.016      1.2554      941.547      -2847.05      -1905.5      3.64715      197.296
393      9.039      1.25421      940.661      -2846.16      -1905.5      3.63777      197.291
394      9.062      1.25288      939.663      -2845.16      -1905.5      3.62843      197.285
395      9.085      1.25141      938.558      -2844.06      -1905.5      3.61915      197.28
396      9.108      1.2498      937.353      -2842.85      -1905.5      3.60991      197.274
397      9.131      1.24808      936.058      -2841.56      -1905.5      3.60072      197.269
398      9.154      1.24624      934.68      -2840.18      -1905.5      3.59158      197.264
399      9.177      1.24431      933.232      -2838.73      -1905.5      3.58248      197.258
400      9.2      1.2423      931.726      -2837.22      -1905.5      3.57343      197.253
401      9.223      1.24023      930.172      -2835.67      -1905.5      3.56442      197.248
402      9.246      1.23811      928.586      -2834.08      -1905.5      3.55546      197.243
403      9.269      1.23597      926.979      -2832.47      -1905.5      3.54654      197.238
404      9.292      1.23382      925.367      -2830.86      -1905.49      3.53767      197.232
405      9.315      1.23169      923.764      -2829.26      -1905.49      3.52885      197.227
406      9.338      1.22958      922.187      -2827.68      -1905.49      3.52007      197.222
407      9.361      1.22754      920.652      -2826.14      -1905.49      3.51133      197.217
408      9.384      1.22557      919.175      -2824.67      -1905.49      3.50263      197.212
409      9.407      1.2237      917.773      -2823.26      -1905.49      3.49398      197.207
410      9.43      1.22195      916.463      -2821.95      -1905.49      3.48538      197.203
411      9.453      1.22035      915.264      -2820.75      -1905.49      3.47681      197.198
412      9.476      1.21892      914.192      -2819.68      -1905.49      3.46829      197.193
413      9.499      1.21769      913.266      -2818.75      -1905.49      3.45981      197.189
414      9.522      1.21667      912.503      -2817.99      -1905.49      3.45137      197.184
415      9.545      1.21589      911.918      -2817.4      -1905.48      3.44298      197.179
416      9.568      1.21537      911.527      -2817.01      -1905.48      3.43462      197.175
417      9.591      1.21512      911.342      -2816.83      -1905.48      3.42631      197.171
418      9.614      1.21517      911.377      -2816.86      -1905.48      3.41804      197.166
419      9.637      1.21552      911.64      -2817.12      -1905.48      3.40981      197.162
420      9.66      1.21619      912.141      -2817.62      -1905.48      3.40162      197.158
421      9.683      1.21718      912.884      -2818.37      -1905.48      3.39347      197.154
422      9.706      1.2185      913.872      -2819.35      -1905.48      3.38536      197.15
423      9.729      1.22014      915.105      -2820.59      -1905.48      3.37728      197.146
424      9.752      1.22211      916.58      -2822.06      -1905.48      3.36925      197.142
425      9.775      1.22439      918.292      -2823.77      -1905.48      3.36126      197.138
426      9.798      1.22698      920.233      -2825.72      -1905.48      3.3533      197.134
427      9.821      1.22985      922.39      -2827.87      -1905.48      3.34538      197.13
428      9.844      1.233      924.75      -2830.23      -1905.48      3.33751      197.126
429      9.867      1.23639      927.295      -2832.78      -1905.49      3.32966      197.123
430      9.89      1.24001      930.004      -2835.49      -1905.49      3.32186      197.119
431      9.913      1.24381      932.857      -2838.35      -1905.49      3.31409      197.116
432      9.936      1.24777      935.828      -2841.32      -1905.49      3.30636      197.112
433      9.959      1.25186      938.891      -2844.38      -1905.49      3.29867      197.109
434      9.982      1.25603      942.02      -2847.51      -1905.49      3.29101      197.105
435      10.005      1.26025      945.186      -2850.68      -1905.5      3.28339      197.102
436      10.028      1.26448      948.361      -2853.86      -1905.5      3.27581      197.099
437      10.051      1.26869      951.519      -2857.02      -1905.5      3.26826      197.096
438      10.074      1.27284      954.632      -2860.13      -1905.5      3.26075      197.092
439      10.097      1.2769      957.675      -2863.18      -1905.5      3.25327      197.089
440      10.12      1.28083      960.624      -2866.13      -1905.5      3.24582      197.086
441      10.143      1.28461      963.458      -2868.96      -1905.5      3.23841      197.083
442      10.166      1.28821      966.156      -2871.66      -1905.51      3.23104      197.08
443      10.189      1.2916      968.701      -2874.21      -1905.51      3.22369      197.077
444      10.212      1.29477      971.081      -2876.59      -1905.51      3.21639      197.074
445      10.235      1.29771      973.282      -2878.79      -1905.51      3.20911      197.072
446      10.258      1.30039      975.295      -2880.8      -1905.51      3.20187      197.069
447      10.281      1.30282      977.116      -2882.62      -1905.51      3.19466      197.066
448      10.304      1.30499      978.74      -2884.25      -1905.51      3.18749      197.063
449      10.327      1.30689      980.167      -2885.67      -1905.51      3.18034      197.06
450      10.35      1.30853      981.399      -2886.91      -1905.51      3.17323      197.058
451      10.373      1.30992      982.441      -2887.95      -1905.51      3.16615      197.055
452      10.396      1.31106      983.298      -2888.8      -1905.5      3.15911      197.052
453      10.419      1.31197      983.979      -2889.48      -1905.5      3.15209      197.05
454      10.442      1.31266      984.494      -2890      -1905.5      3.14511      197.047
455      10.465      1.31314      984.855      -2890.36      -1905.5      3.13815      197.045
456      10.488      1.31343      985.076      -2890.58      -1905.5      3.13123      197.042
457      10.511      1.31356      985.169      -2890.67      -1905.5      3.12434      197.039
458      10.534      1.31353      985.148      -2890.65      -1905.5      3.11748      197.037
459      10.557      1.31337      985.029      -2890.53      -1905.5      3.11064      197.034
460      10.58      1.3131      984.824      -2890.32      -1905.5      3.10384      197.032
461      10.603      1.31273      984.547      -2890.04      -1905.5      3.09707      197.029
462      10.626      1.31228      984.212      -2889.71      -1905.5      3.09033      197.027
463      10.649      1.31177      983.828      -2889.32      -1905.5      3.08362      197.025
464      10.672      1.31121      983.405      -2888.9      -1905.5      3.07693      197.022
465      10.695      1.3106      982.951      -2888.45      -1905.5      3.07028      197.02
466      10.718      1.30996      982.47      -2887.96      -1905.5      3.06365      197.017
467      10.741      1.30929      981.966      -2887.46      -1905.49      3.05706      197.015
468      10.764      1.30859      981.441      -2886.94      -1905.49      3.05049      197.013
469      10.787      1.30786      980.895      -2886.39      -1905.49      3.04395      197.011
470      10.81      1.3071      980.326      -2885.82      -1905.5      3.03744      197.008
471      10.833      1.30631      979.73      -2885.23      -1905.5      3.03096      197.006
472      10.856      1.30547      979.103      -2884.6      -1905.5      3.0245      197.004
473      10.879      1.30459      978.44      -2883.94      -1905.5      3.01808      197.002
474      10.902      1.30365      977.735      -2883.23      -1905.5      3.01168      197
475      10.925      1.30264      976.982      -2882.48      -1905.5      3.00531      196.998
476      10.948      1.30157      976.175      -2881.67      -1905.5      2.99897      196.996
477      10.971      1.30041      975.309      -2880.81      -1905.5      2.99265      196.994
478      10.994      1.29917      974.379      -2879.88      -1905.5      2.98636      196.993
479      11.017      1.29784      973.381      -2878.88      -1905.5      2.9801      196.991
480      11.04      1.29642      972.312      -2877.81      -1905.5      2.97387      196.989
481      11.063      1.29489      971.169      -2876.67      -1905.5      2.96767      196.988
482      11.086      1.29327      969.953      -2875.45      -1905.5      2.96149      196.986
483      11.109      1.29155      968.662      -2874.16      -1905.5      2.95534      196.985
484      11.132      1.28973      967.3      -2872.8      -1905.5      2.94921      196.984
485      11.155      1.28783      965.87      -2871.37      -1905.5      2.94311      196.983
486      11.178      1.28583      964.374      -2869.87      -1905.5      2.93704      196.982
487      11.201      1.28376      962.82      -2868.32      -1905.5      2.931      196.981
488      11.224      1.28162      961.212      -2866.71      -1905.5      2.92498      196.98
489      11.247      1.27941      959.559      -2865.06      -1905.5      2.91899      196.979
490      11.27      1.27716      957.87      -2863.37      -1905.5      2.91302      196.979
491      11.293      1.27487      956.154      -2861.65      -1905.5      2.90708      196.978
492      11.316      1.27256      954.421      -2859.92      -1905.49      2.90117      196.978
493      11.339      1.27024      952.684      -2858.18      -1905.49      2.89528      196.978
494      11.362      1.26794      950.953      -2856.45      -1905.49      2.88942      196.978
495      11.385      1.26566      949.241      -2854.73      -1905.49      2.88359      196.978
496      11.408      1.26342      947.562      -2853.05      -1905.49      2.87778      196.978
497      11.431      1.26124      945.928      -2851.42      -1905.49      2.87199      196.978
498      11.454      1.25914      944.352      -2849.84      -1905.49      2.86623      196.979
499      11.477      1.25713      942.847      -2848.34      -1905.49      2.86049      196.979
500      11.5      1.25524      941.427      -2846.92      -1905.49      2.85478      196.98
501      11.523      1.25347      940.101      -2845.59      -1905.49      2.8491      196.981
502      11.546      1.25184      938.882      -2844.37      -1905.49      2.84344      196.982
503      11.569      1.25037      937.778      -2843.27      -1905.49      2.8378      196.983
504      11.592      1.24907      936.799      -2842.29      -1905.49      2.83219      196.984
505      11.615      1.24793      935.951      -2841.44      -1905.49      2.8266      196.986
506      11.638      1.24699      935.241      -2840.73      -1905.49      2.82103      196.987
507      11.661      1.24623      934.671      -2840.16      -1905.49      2.81549      196.989
508      11.684      1.24566      934.245      -2839.73      -1905.49      2.80997      196.99
509      11.707      1.24528      933.96      -2839.45      -1905.49      2.80448      196.992
510      11.73      1.24509      933.814      -2839.3      -1905.49      2.799      196.994
511      11.753      1.24507      933.805      -2839.29      -1905.49      2.79355      196.996
512      11.776      1.24524      933.928      -2839.42      -1905.49      2.78813      196.998
513      11.799      1.24557      934.174      -2839.66      -1905.49      2.78272      197
514      11.822      1.24605      934.537      -2840.03      -1905.49      2.77734      197.002
515      11.845      1.24667      935.005      -2840.5      -1905.49      2.77198      197.004
516      11.868      1.24743      935.571      -2841.06      -1905.49      2.76664      197.007
517      11.891      1.2483      936.223      -2841.71      -1905.49      2.76132      197.009
518      11.914      1.24927      936.952      -2842.44      -1905.49      2.75602      197.012
519      11.937      1.25033      937.748      -2843.24      -1905.49      2.75075      197.014
520      11.96      1.25147      938.601      -2844.09      -1905.49      2.7455      197.017
521      11.983      1.25267      939.504      -2845      -1905.49      2.74026      197.019
522      12.006      1.25393      940.447      -2845.94      -1905.49      2.73505      197.022
523      12.029      1.25523      941.424      -2846.92      -1905.49      2.72986      197.025
524      12.052      1.25657      942.43      -2847.93      -1905.5      2.72469      197.027
525      12.075      1.25795      943.461      -2848.96      -1905.5      2.71953      197.03
526      12.098      1.25935      944.512      -2850.01      -1905.5      2.7144      197.033
527      12.121      1.26077      945.58      -2851.08      -1905.5      2.70929      197.036
528      12.144      1.26222      946.665      -2852.16      -1905.5      2.7042      197.039
529      12.167      1.26368      947.763      -2853.26      -1905.5      2.69912      197.041
530      12.19      1.26517      948.875      -2854.37      -1905.5      2.69407      197.044
531      12.213      1.26667      950      -2855.5      -1905.5      2.68904      197.047
532      12.236      1.26819      951.14      -2856.64      -1905.5      2.68402      197.05
533      12.259      1.26972      952.293      -2857.79      -1905.5      2.67902      197.053
534      12.282      1.27128      953.46      -2858.96      -1905.5      2.67405      197.056
535      12.305      1.27285      954.64      -2860.14      -1905.5      2.66909      197.059
536      12.328      1.27445      955.835      -2861.33      -1905.5      2.66415      197.062
537      12.351      1.27606      957.044      -2862.54      -1905.5      2.65923      197.065
538      12.374      1.27769      958.267      -2863.76      -1905.5      2.65432      197.068
539      12.397      1.27934      959.505      -2865      -1905.5      2.64944      197.071
540      12.42      1.28101      960.759      -2866.26      -1905.5      2.64457      197.074
541      12.443      1.28271      962.029      -2867.53      -1905.5      2.63973      197.077
542      12.466      1.28442      963.318      -2868.81      -1905.5      2.6349      197.08
543      12.489      1.28617      964.626      -2870.12      -1905.5      2.63009      197.083
544      12.512      1.28794      965.953      -2871.45      -1905.5      2.62529      197.086
545      12.535      1.28974      967.302      -2872.8      -1905.5      2.62052      197.089
546      12.558      1.29156      968.671      -2874.17      -1905.5      2.61576      197.092
547      12.581      1.29341      970.06      -2875.56      -1905.5      2.61102      197.095
548      12.604      1.29529      971.468      -2876.96      -1905.5      2.6063      197.099
549      12.627      1.29719      972.89      -2878.39      -1905.5      2.60159      197.102
550      12.65      1.2991      974.322      -2879.82      -1905.5      2.59691      197.105
551      12.673      1.30101      975.757      -2881.26      -1905.5      2.59224      197.109
552      12.696      1.30292      977.186      -2882.69      -1905.5      2.58759      197.112
553      12.719      1.3048      978.6      -2884.1      -1905.5      2.58295      197.116
554      12.742      1.30665      979.987      -2885.49      -1905.5      2.57834      197.119
555      12.765      1.30844      981.333      -2886.83      -1905.5      2.57374      197.123
556      12.788      1.31017      982.625      -2888.13      -1905.5      2.56916      197.126
557      12.811      1.3118      983.85      -2889.35      -1905.5      2.56459      197.13
558      12.834      1.31332      984.992      -2890.5      -1905.5      2.56004      197.134
559      12.857      1.31472      986.04      -2891.55      -1905.51      2.55551      197.137
560      12.88      1.31598      986.981      -2892.49      -1905.51      2.551      197.141
561      12.903      1.31708      987.807      -2893.31      -1905.51      2.5465      197.145
562      12.926      1.31801      988.508      -2894.02      -1905.51      2.54202      197.149
563      12.949      1.31878      989.083      -2894.59      -1905.51      2.53756      197.153
564      12.972      1.31937      989.53      -2895.04      -1905.51      2.53311      197.157
565      12.995      1.3198      989.852      -2895.36      -1905.51      2.52868      197.161
566      13.018      1.32007      990.055      -2895.56      -1905.51      2.52427      197.166
567      13.041      1.3202      990.149      -2895.65      -1905.51      2.51987      197.17
568      13.064      1.3202      990.148      -2895.65      -1905.5      2.51549      197.174
569      13.087      1.32009      990.065      -2895.57      -1905.5      2.51112      197.179
570      13.11      1.31989      989.917      -2895.42      -1905.5      2.50678      197.183
571      13.133      1.31962      989.718      -2895.22      -1905.5      2.50244      197.187
572      13.156      1.31931      989.482      -2894.98      -1905.5      2.49812      197.192
573      13.179      1.31896      989.221      -2894.72      -1905.5      2.49382      197.197
574      13.202      1.31859      988.942      -2894.44      -1905.5      2.48954      197.201
575      13.225      1.3182      988.648      -2894.15      -1905.5      2.48527      197.206
576      13.248      1.31778      988.337      -2893.84      -1905.5      2.48101      197.211
577      13.271      1.31733      988      -2893.5      -1905.5      2.47677      197.215
578      13.294      1.31684      987.627      -2893.13      -1905.5      2.47255      197.22
579      13.317      1.31627      987.202      -2892.71      -1905.5      2.46834      197.225
580      13.34      1.31561      986.709      -2892.21      -1905.51      2.46414      197.23
581      13.363      1.31484      986.129      -2891.64      -1905.51      2.45996      197.235
582      13.386      1.31392      985.443      -2890.95      -1905.51      2.4558      197.24
583      13.409      1.31285      984.634      -2890.14      -1905.51      2.45165      197.245
584      13.432      1.31158      983.687      -2889.2      -1905.51      2.44751      197.25
585      13.455      1.31012      982.588      -2888.1      -1905.51      2.44339      197.255
586      13.478      1.30844      981.328      -2886.84      -1905.51      2.43928      197.26
587      13.501      1.30654      979.901      -2885.41      -1905.51      2.43519      197.265
588      13.524      1.30441      978.305      -2883.82      -1905.51      2.43111      197.27
589      13.547      1.30205      976.54      -2882.05      -1905.51      2.42704      197.275
590      13.57      1.29948      974.613      -2880.12      -1905.51      2.42299      197.28
591      13.593      1.29671      972.532      -2878.04      -1905.51      2.41895      197.285
592      13.616      1.29375      970.309      -2875.82      -1905.51      2.41493      197.29
593      13.639      1.29061      967.961      -2873.47      -1905.51      2.41091      197.295
594      13.662      1.28734      965.506      -2871.01      -1905.51      2.40691      197.3
595      13.685      1.28396      962.967      -2868.47      -1905.51      2.40293      197.304
596      13.708      1.28049      960.369      -2865.87      -1905.5      2.39895      197.309
597      13.731      1.27699      957.74      -2863.24      -1905.5      2.39499      197.314
598      13.754      1.27348      955.111      -2860.61      -1905.5      2.39104      197.318
599      13.777      1.27002      952.513      -2858.01      -1905.5      2.38711      197.323
600      13.8      1.26664      949.979      -2855.48      -1905.5      2.38318      197.328
601      13.823      1.26339      947.541      -2853.04      -1905.49      2.37927      197.332
602      13.846      1.26031      945.234      -2850.73      -1905.49      2.37537      197.336
603      13.869      1.25745      943.091      -2848.58      -1905.49      2.37149      197.341
604      13.892      1.25486      941.144      -2846.63      -1905.49      2.36761      197.345
605      13.915      1.25257      939.424      -2844.91      -1905.49      2.36375      197.349
606      13.938      1.25061      937.961      -2843.45      -1905.49      2.35989      197.353
607      13.961      1.24904      936.778      -2842.26      -1905.48      2.35605      197.357
608      13.984      1.24786      935.897      -2841.38      -1905.48      2.35222      197.361
609      14.007      1.24711      935.334      -2840.82      -1905.48      2.3484      197.365
610      14.03      1.2468      935.103      -2840.59      -1905.48      2.3446      197.368
611      14.053      1.24695      935.21      -2840.69      -1905.48      2.3408      197.372
612      14.076      1.24754      935.658      -2841.14      -1905.48      2.33701      197.375
613      14.099      1.24859      936.445      -2841.93      -1905.48      2.33324      197.378
614      14.122      1.25008      937.564      -2843.05      -1905.48      2.32948      197.381
615      14.145      1.25201      939.005      -2844.49      -1905.48      2.32572      197.384
616      14.168      1.25434      940.752      -2846.24      -1905.49      2.32198      197.387
617      14.191      1.25705      942.789      -2848.28      -1905.49      2.31825      197.39
618      14.214      1.26013      945.095      -2850.58      -1905.49      2.31453      197.392
619      14.237      1.26353      947.647      -2853.14      -1905.49      2.31082      197.395
620      14.26      1.26722      950.419      -2855.91      -1905.49      2.30711      197.397
621      14.283      1.27118      953.383      -2858.88      -1905.49      2.30342      197.399
622      14.306      1.27535      956.51      -2862.01      -1905.5      2.29974      197.401
623      14.329      1.27969      959.77      -2865.27      -1905.5      2.29607      197.402
624      14.352      1.28417      963.13      -2868.63      -1905.5      2.29241      197.404
625      14.375      1.28875      966.559      -2872.06      -1905.5      2.28876      197.406
626      14.398      1.29336      970.024      -2875.53      -1905.5      2.28512      197.407
627      14.421      1.29799      973.492      -2879      -1905.5      2.28149      197.408
628      14.444      1.30258      976.932      -2882.44      -1905.51      2.27786      197.409
629      14.467      1.30708      980.313      -2885.82      -1905.51      2.27425      197.41
630      14.49      1.31147      983.605      -2889.11      -1905.51      2.27065      197.41
631      14.513      1.31571      986.781      -2892.29      -1905.51      2.26706      197.411
632      14.536      1.31975      989.814      -2895.33      -1905.51      2.26347      197.411
633      14.559      1.32358      992.683      -2898.2      -1905.51      2.2599      197.411
634      14.582      1.32716      995.367      -2900.88      -1905.51      2.25633      197.411
635      14.605      1.33047      997.849      -2903.36      -1905.52      2.25278      197.411
636      14.628      1.33349      1000.11      -2905.63      -1905.52      2.24923      197.411
637      14.651      1.3362      1002.15      -2907.67      -1905.52      2.2457      197.41
638      14.674      1.33861      1003.96      -2909.48      -1905.52      2.24217      197.41
639      14.697      1.34071      1005.53      -2911.05      -1905.52      2.23865      197.409
640      14.72      1.34249      1006.87      -2912.38      -1905.52      2.23515      197.408
641      14.743      1.34397      1007.97      -2913.49      -1905.52      2.23165      197.407
642      14.766      1.34515      1008.86      -2914.38      -1905.52      2.22816      197.406
643      14.789      1.34605      1009.53      -2915.05      -1905.52      2.22468      197.405
644      14.812      1.34668      1010.01      -2915.53      -1905.51      2.22122      197.404
645      14.835      1.34708      1010.31      -2915.83      -1905.51      2.21776      197.403
646      14.858      1.34727      1010.45      -2915.96      -1905.51      2.21431      197.401
647      14.881      1.34727      1010.45      -2915.96      -1905.51      2.21087      197.4
648      14.904      1.34712      1010.34      -2915.85      -1905.51      2.20744      197.398
649      14.927      1.34684      1010.13      -2915.64      -1905.51      2.20402      197.396
650      14.95      1.34648      1009.86      -2915.37      -1905.51      2.20061      197.395
651      14.973      1.34606      1009.55      -2915.05      -1905.5      2.19721      197.393
652      14.996      1.34561      1009.21      -2914.71      -1905.5      2.19382      197.391
653      15.019      1.34517      1008.88      -2914.38      -1905.5      2.19044      197.39
654      15.042      1.34474      1008.56      -2914.06      -1905.5      2.18707      197.388
655      15.065      1.34437      1008.27      -2913.77      -1905.5      2.18372      197.386
656      15.088      1.34405      1008.03      -2913.53      -1905.5      2.18037      197.384
657      15.111      1.34379      1007.85      -2913.35      -1905.5      2.17703      197.383
658      15.134      1.34361      1007.71      -2913.21      -1905.5      2.1737      197.381
659      15.157      1.3435      1007.62      -2913.13      -1905.5      2.17038      197.379
660      15.18      1.34345      1007.58      -2913.09      -1905.5      2.16708      197.377
661      15.203      1.34344      1007.58      -2913.08      -1905.5      2.16378      197.376
662      15.226      1.34346      1007.59      -2913.1      -1905.5      2.16049      197.374
663      15.249      1.34349      1007.61      -2913.12      -1905.5      2.15722      197.372
664      15.272      1.3435      1007.63      -2913.13      -1905.51      2.15395      197.371
665      15.295      1.34348      1007.61      -2913.12      -1905.51      2.15069      197.369
666      15.318      1.3434      1007.55      -2913.05      -1905.51      2.14745      197.368
667      15.341      1.34323      1007.42      -2912.93      -1905.51      2.14421      197.366
668      15.364      1.34296      1007.22      -2912.73      -1905.51      2.14099      197.365
669      15.387      1.34255      1006.92      -2912.43      -1905.51      2.13777      197.363
670      15.41      1.34201      1006.51      -2912.02      -1905.51      2.13456      197.362
671      15.433      1.3413      1005.97      -2911.49      -1905.51      2.13137      197.36
672      15.456      1.34041      1005.31      -2910.82      -1905.51      2.12818      197.359
673      15.479      1.33934      1004.5      -2910.02      -1905.51      2.125      197.358
674      15.502      1.33806      1003.55      -2909.06      -1905.51      2.12184      197.356
675      15.525      1.33658      1002.44      -2907.95      -1905.51      2.11868      197.355
676      15.548      1.33489      1001.16      -2906.68      -1905.51      2.11553      197.353
677      15.571      1.33297      999.729      -2905.24      -1905.51      2.11239      197.352
678      15.594      1.33084      998.131      -2903.64      -1905.51      2.10926      197.351
679      15.617      1.3285      996.372      -2901.88      -1905.51      2.10614      197.349
680      15.64      1.32594      994.454      -2899.97      -1905.51      2.10303      197.348
681      15.663      1.32318      992.382      -2897.89      -1905.51      2.09993      197.347
682      15.686      1.32022      990.164      -2895.67      -1905.51      2.09683      197.345
683      15.709      1.31708      987.811      -2893.32      -1905.51      2.09375      197.344
684      15.732      1.31378      985.334      -2890.84      -1905.51      2.09067      197.343
685      15.755      1.31033      982.749      -2888.26      -1905.51      2.08761      197.341
686      15.778      1.30676      980.072      -2885.58      -1905.51      2.08455      197.34
687      15.801      1.3031      977.322      -2882.83      -1905.5      2.0815      197.339
688      15.824      1.29936      974.519      -2880.02      -1905.5      2.07846      197.337
689      15.847      1.29558      971.685      -2877.19      -1905.5      2.07543      197.336
690      15.87      1.29179      968.845      -2874.35      -1905.5      2.0724      197.334
691      15.893      1.28803      966.022      -2871.52      -1905.5      2.06939      197.333
692      15.916      1.28432      963.239      -2868.74      -1905.5      2.06638      197.331
693      15.939      1.2807      960.522      -2866.02      -1905.5      2.06339      197.33
694      15.962      1.27719      957.894      -2863.39      -1905.49      2.0604      197.329
695      15.985      1.27383      955.375      -2860.87      -1905.49      2.05742      197.327
696      16.008      1.27065      952.989      -2858.48      -1905.49      2.05445      197.326
697      16.031      1.26767      950.753      -2856.24      -1905.49      2.05149      197.324
698      16.054      1.26491      948.683      -2854.17      -1905.49      2.04853      197.323
699      16.077      1.26239      946.79      -2852.28      -1905.49      2.04559      197.322
700      16.1      1.26012      945.087      -2850.58      -1905.49      2.04265      197.32
701      16.123      1.25811      943.581      -2849.07      -1905.49      2.03973      197.319
702      16.146      1.25637      942.275      -2847.76      -1905.49      2.03681      197.318
703      16.169      1.2549      941.172      -2846.66      -1905.49      2.0339      197.316
704      16.192      1.2537      940.271      -2845.76      -1905.49      2.03099      197.315
705      16.215      1.25276      939.57      -2845.06      -1905.49      2.0281      197.314
706      16.238      1.25208      939.063      -2844.55      -1905.49      2.02522      197.313
707      16.261      1.25166      938.742      -2844.23      -1905.49      2.02234      197.312
708      16.284      1.25147      938.601      -2844.09      -1905.49      2.01947      197.311
709      16.307      1.25151      938.631      -2844.12      -1905.49      2.01662      197.31
710      16.33      1.25176      938.822      -2844.32      -1905.49      2.01377      197.309
711      16.353      1.25222      939.164      -2844.66      -1905.49      2.01092      197.308
712      16.376      1.25286      939.646      -2845.14      -1905.49      2.00809      197.307
713      16.399      1.25367      940.256      -2845.75      -1905.49      2.00527      197.306
714      16.422      1.25464      940.982      -2846.48      -1905.5      2.00245      197.306
715      16.445      1.25575      941.815      -2847.31      -1905.5      1.99965      197.305
716      16.468      1.25699      942.741      -2848.24      -1905.5      1.99685      197.305
717      16.491      1.25833      943.749      -2849.25      -1905.5      1.99406      197.304
718      16.514      1.25977      944.825      -2850.32      -1905.5      1.99128      197.304
719      16.537      1.26128      945.957      -2851.46      -1905.5      1.9885      197.303
720      16.56      1.26284      947.131      -2852.63      -1905.5      1.98574      197.303
721      16.583      1.26444      948.332      -2853.83      -1905.5      1.98298      197.303
722      16.606      1.26606      949.544      -2855.04      -1905.5      1.98024      197.303
723      16.629      1.26767      950.753      -2856.25      -1905.5      1.9775      197.303
724      16.652      1.26926      951.941      -2857.44      -1905.5      1.97477      197.303
725      16.675      1.27079      953.094      -2858.6      -1905.5      1.97204      197.303
726      16.698      1.27226      954.194      -2859.7      -1905.5      1.96933      197.303
727      16.721      1.27364      955.226      -2860.73      -1905.51      1.96662      197.304
728      16.744      1.2749      956.176      -2861.68      -1905.51      1.96393      197.304
729      16.767      1.27604      957.028      -2862.54      -1905.51      1.96124      197.304
730      16.79      1.27703      957.772      -2863.28      -1905.51      1.95856      197.305
731      16.813      1.27786      958.396      -2863.9      -1905.51      1.95588      197.306
732      16.836      1.27852      958.894      -2864.4      -1905.51      1.95322      197.306
733      16.859      1.27901      959.258      -2864.77      -1905.51      1.95056      197.307
734      16.882      1.27931      959.483      -2864.99      -1905.51      1.94791      197.308
735      16.905      1.27942      959.568      -2865.08      -1905.51      1.94527      197.309
736      16.928      1.27935      959.513      -2865.02      -1905.51      1.94264      197.31
737      16.951      1.27909      959.318      -2864.83      -1905.51      1.94002      197.311
738      16.974      1.27865      958.989      -2864.5      -1905.51      1.9374      197.313
739      16.997      1.27804      958.529      -2864.04      -1905.51      1.93479      197.314
740      17.02      1.27726      957.946      -2863.45      -1905.51      1.93219      197.315
741      17.043      1.27633      957.246      -2862.75      -1905.51      1.9296      197.317
742      17.066      1.27525      956.437      -2861.95      -1905.51      1.92701      197.318
743      17.089      1.27404      955.531      -2861.04      -1905.51      1.92443      197.32
744      17.112      1.27271      954.536      -2860.04      -1905.51      1.92186      197.322
745      17.135      1.27128      953.464      -2858.97      -1905.51      1.9193      197.323
746      17.158      1.26977      952.326      -2857.83      -1905.51      1.91675      197.325
747      17.181      1.26818      951.136      -2856.64      -1905.5      1.9142      197.327
748      17.204      1.26654      949.906      -2855.41      -1905.5      1.91166      197.329
749      17.227      1.26487      948.65      -2854.15      -1905.5      1.90913      197.331
750      17.25      1.26318      947.382      -2852.88      -1905.5      1.9066      197.333
751      17.273      1.26149      946.117      -2851.62      -1905.5      1.90408      197.335
752      17.296      1.25983      944.87      -2850.37      -1905.5      1.90157      197.338
753      17.319      1.25821      943.656      -2849.16      -1905.5      1.89907      197.34
754      17.342      1.25666      942.492      -2847.99      -1905.5      1.89657      197.342
755      17.365      1.25519      941.395      -2846.89      -1905.5      1.89408      197.345
756      17.388      1.25384      940.382      -2845.88      -1905.5      1.8916      197.347
757      17.411      1.25262      939.467      -2844.96      -1905.49      1.88913      197.35
758      17.434      1.25156      938.667      -2844.16      -1905.49      1.88666      197.352
759      17.457      1.25066      937.996      -2843.49      -1905.49      1.8842      197.355
760      17.48      1.24995      937.466      -2842.96      -1905.49      1.88174      197.357
761      17.503      1.24945      937.09      -2842.58      -1905.49      1.8793      197.36
762      17.526      1.24917      936.876      -2842.37      -1905.49      1.87685      197.362
763      17.549      1.24911      936.83      -2842.32      -1905.49      1.87442      197.365
764      17.572      1.24928      936.958      -2842.45      -1905.49      1.87199      197.368
765      17.595      1.24968      937.26      -2842.75      -1905.49      1.86957      197.371
766      17.618      1.25031      937.735      -2843.22      -1905.49      1.86716      197.373
767      17.641      1.25117      938.38      -2843.87      -1905.49      1.86475      197.376
768      17.664      1.25225      939.189      -2844.68      -1905.49      1.86235      197.379
769      17.687      1.25354      940.155      -2845.65      -1905.49      1.85995      197.382
770      17.71      1.25502      941.266      -2846.76      -1905.49      1.85756      197.384
771      17.733      1.25668      942.513      -2848.01      -1905.49      1.85518      197.387
772      17.756      1.25851      943.882      -2849.38      -1905.49      1.8528      197.39
773      17.779      1.26048      945.363      -2850.86      -1905.49      1.85043      197.393
774      17.802      1.26259      946.941      -2852.44      -1905.49      1.84806      197.395
775      17.825      1.26481      948.606      -2854.1      -1905.5      1.84571      197.398
776      17.848      1.26713      950.345      -2855.84      -1905.5      1.84335      197.401
777      17.871      1.26953      952.146      -2857.64      -1905.5      1.84101      197.404
778      17.894      1.272      953.999      -2859.5      -1905.5      1.83867      197.406
779      17.917      1.27452      955.894      -2861.39      -1905.5      1.83633      197.409
780      17.94      1.27709      957.819      -2863.32      -1905.5      1.834      197.412
781      17.963      1.27969      959.765      -2865.26      -1905.5      1.83168      197.414
782      17.986      1.2823      961.726      -2867.22      -1905.5      1.82936      197.417
783      18.009      1.28492      963.693      -2869.19      -1905.5      1.82704      197.419
784      18.032      1.28755      965.66      -2871.16      -1905.5      1.82474      197.422
785      18.055      1.29016      967.62      -2873.12      -1905.5      1.82244      197.424
786      18.078      1.29276      969.568      -2875.07      -1905.5      1.82014      197.427
787      18.101      1.29533      971.5      -2877      -1905.5      1.81785      197.429
788      18.124      1.29788      973.41      -2878.91      -1905.5      1.81556      197.431
789      18.147      1.30039      975.294      -2880.79      -1905.5      1.81328      197.434
790      18.17      1.30286      977.147      -2882.65      -1905.5      1.811      197.436
791      18.193      1.30529      978.965      -2884.47      -1905.5      1.80873      197.438
792      18.216      1.30766      980.745      -2886.24      -1905.5      1.80647      197.44
793      18.239      1.30998      982.482      -2887.98      -1905.5      1.80421      197.441
794      18.262      1.31223      984.175      -2889.68      -1905.5      1.80195      197.443
795      18.285      1.31442      985.818      -2891.32      -1905.5      1.7997      197.445
796      18.308      1.31654      987.407      -2892.91      -1905.5      1.79745      197.446
797      18.331      1.31858      988.938      -2894.44      -1905.5      1.79521      197.448
798      18.354      1.32054      990.408      -2895.91      -1905.5      1.79297      197.449
799      18.377      1.32242      991.814      -2897.32      -1905.5      1.79074      197.451
800      18.4      1.3242      993.151      -2898.65      -1905.5      1.78851      197.452
801      18.423      1.32589      994.415      -2899.92      -1905.5      1.78629      197.453
802      18.446      1.32747      995.6      -2901.1      -1905.5      1.78407      197.454
803      18.469      1.32893      996.7      -2902.2      -1905.5      1.78186      197.454
804      18.492      1.33028      997.708      -2903.21      -1905.5      1.77965      197.455
805      18.515      1.33149      998.618      -2904.12      -1905.5      1.77744      197.456
806      18.538      1.33256      999.419      -2904.92      -1905.5      1.77524      197.456
807      18.561      1.33347      1000.1      -2905.61      -1905.51      1.77304      197.457
808      18.584      1.33421      1000.66      -2906.16      -1905.51      1.77085      197.457
809      18.607      1.33477      1001.07      -2906.58      -1905.51      1.76866      197.457
810      18.63      1.33513      1001.35      -2906.85      -1905.51      1.76648      197.457
811      18.653      1.33528      1001.46      -2906.97      -1905.51      1.7643      197.457
812      18.676      1.33521      1001.41      -2906.92      -1905.51      1.76213      197.457
813      18.699      1.33492      1001.19      -2906.7      -1905.51      1.75996      197.457
814      18.722      1.33439      1000.79      -2906.3      -1905.51      1.75779      197.456
815      18.745      1.33362      1000.21      -2905.72      -1905.51      1.75563      197.456
816      18.768      1.33261      999.459      -2904.97      -1905.51      1.75347      197.455
817      18.791      1.33137      998.531      -2904.04      -1905.51      1.75132      197.455
818      18.814      1.32991      997.435      -2902.94      -1905.51      1.74917      197.454
819      18.837      1.32824      996.181      -2901.69      -1905.51      1.74703      197.453
820      18.86      1.32638      994.782      -2900.29      -1905.51      1.74489      197.452
821      18.883      1.32434      993.252      -2898.76      -1905.5      1.74276      197.451
822      18.906      1.32215      991.611      -2897.11      -1905.5      1.74063      197.45
823      18.929      1.31984      989.879      -2895.38      -1905.5      1.73851      197.449
824      18.952      1.31744      988.078      -2893.58      -1905.5      1.73639      197.448
825      18.975      1.31498      986.232      -2891.73      -1905.5      1.73427      197.447
826      18.998      1.31249      984.366      -2889.86      -1905.5      1.73216      197.446
827      19.021      1.31      982.503      -2888      -1905.5      1.73006      197.445
828      19.044      1.30756      980.669      -2886.16      -1905.49      1.72796      197.444
829      19.067      1.30518      978.887      -2884.38      -1905.49      1.72586      197.442
830      19.09      1.30291      977.179      -2882.67      -1905.49      1.72377      197.441
831      19.113      1.30075      975.566      -2881.06      -1905.49      1.72169      197.44
832      19.136      1.29876      974.068      -2879.56      -1905.49      1.71961      197.439
833      19.159      1.29693      972.7      -2878.19      -1905.49      1.71753      197.437
834      19.182      1.2953      971.476      -2876.96      -1905.49      1.71546      197.436
835      19.205      1.29388      970.407      -2875.89      -1905.49      1.7134      197.435
836      19.228      1.29267      969.5      -2874.99      -1905.49      1.71134      197.434
837      19.251      1.29168      968.76      -2874.25      -1905.49      1.70929      197.433
838      19.274      1.29092      968.187      -2873.67      -1905.49      1.70724      197.432
839      19.297      1.29037      967.779      -2873.27      -1905.49      1.70519      197.431
840      19.32      1.29004      967.529      -2873.02      -1905.49      1.70315      197.43
841      19.343      1.2899      967.427      -2872.92      -1905.49      1.70112      197.428
842      19.366      1.28995      967.461      -2872.95      -1905.49      1.69909      197.427
843      19.389      1.29015      967.613      -2873.1      -1905.49      1.69707      197.426
844      19.412      1.29049      967.864      -2873.36      -1905.49      1.69505      197.426
845      19.435      1.29092      968.191      -2873.68      -1905.49      1.69303      197.425
846      19.458      1.29143      968.569      -2874.06      -1905.5      1.69102      197.424
847      19.481      1.29196      968.971      -2874.47      -1905.5      1.68902      197.423
848      19.504      1.29249      969.369      -2874.87      -1905.5      1.68702      197.422
849      19.527      1.29298      969.734      -2875.23      -1905.5      1.68503      197.421
850      19.55      1.29338      970.038      -2875.54      -1905.5      1.68304      197.42
851      19.573      1.29367      970.25      -2875.75      -1905.5      1.68105      197.42
852      19.596      1.29379      970.345      -2875.85      -1905.51      1.67907      197.419
853      19.619      1.29372      970.294      -2875.8      -1905.51      1.6771      197.418
854      19.642      1.29343      970.073      -2875.58      -1905.51      1.67513      197.417
855      19.665      1.29288      969.661      -2875.17      -1905.51      1.67316      197.417
856      19.688      1.29205      969.039      -2874.55      -1905.51      1.6712      197.416
857      19.711      1.29092      968.191      -2873.7      -1905.51      1.66925      197.415
858      19.734      1.28948      967.106      -2872.62      -1905.51      1.66729      197.414
859      19.757      1.2877      965.774      -2871.29      -1905.51      1.66535      197.414
860      19.78      1.28559      964.19      -2869.7      -1905.51      1.6634      197.413
861      19.803      1.28314      962.353      -2867.87      -1905.51      1.66146      197.412
862      19.826      1.28036      960.268      -2865.78      -1905.51      1.65953      197.411
863      19.849      1.27725      957.94      -2863.45      -1905.51      1.6576      197.41
864      19.872      1.27384      955.38      -2860.89      -1905.51      1.65567      197.409
865      19.895      1.27014      952.602      -2858.11      -1905.51      1.65375      197.409
866      19.918      1.26617      949.626      -2855.13      -1905.51      1.65184      197.408
867      19.941      1.26196      946.47      -2851.98      -1905.51      1.64992      197.407
868      19.964      1.25755      943.161      -2848.67      -1905.5      1.64801      197.406
869      19.987      1.25296      939.724      -2845.23      -1905.5      1.64611      197.405
870      20.01      1.24825      936.189      -2841.69      -1905.5      1.64421      197.404
871      20.033      1.24345      932.59      -2838.09      -1905.5      1.64231      197.403
872      20.056      1.23861      928.958      -2834.45      -1905.5      1.64042      197.402
873      20.079      1.23377      925.331      -2830.83      -1905.49      1.63853      197.401
874      20.102      1.22899      921.745      -2827.24      -1905.49      1.63665      197.4
875      20.125      1.22432      918.237      -2823.73      -1905.49      1.63477      197.398
876      20.148      1.21979      914.844      -2820.33      -1905.49      1.63289      197.397
877      20.171      1.21547      911.603      -2817.09      -1905.49      1.63102      197.396
878      20.194      1.2114      908.551      -2814.03      -1905.48      1.62916      197.395
879      20.217      1.20763      905.723      -2811.2      -1905.48      1.62729      197.394
880      20.24      1.2042      903.149      -2808.63      -1905.48      1.62543      197.393
881      20.263      1.20115      900.86      -2806.34      -1905.48      1.62358      197.391
882      20.286      1.19851      898.88      -2804.36      -1905.48      1.62173      197.39
883      20.309      1.19631      897.232      -2802.71      -1905.47      1.61988      197.389
884      20.332      1.19458      895.933      -2801.41      -1905.47      1.61804      197.388
885      20.355      1.19333      894.995      -2800.47      -1905.47      1.6162      197.386
886      20.378      1.19257      894.426      -2799.9      -1905.47      1.61436      197.385
887      20.401      1.19231      894.229      -2799.7      -1905.47      1.61253      197.384
888      20.424      1.19254      894.403      -2799.88      -1905.47      1.61071      197.383
889      20.447      1.19325      894.94      -2800.42      -1905.48      1.60889      197.381
890      20.47      1.19444      895.827      -2801.3      -1905.48      1.60707      197.38
891      20.493      1.19607      897.049      -2802.53      -1905.48      1.60525      197.379
892      20.516      1.19811      898.585      -2804.06      -1905.48      1.60344      197.378
893      20.539      1.20055      900.411      -2805.89      -1905.48      1.60164      197.376
894      20.562      1.20333      902.501      -2807.98      -1905.48      1.59984      197.375
895      20.585      1.20643      904.826      -2810.31      -1905.49      1.59804      197.374
896      20.608      1.20981      907.355      -2812.84      -1905.49      1.59625      197.373
897      20.631      1.21341      910.059      -2815.55      -1905.49      1.59446      197.372
898      20.654      1.21721      912.906      -2818.4      -1905.49      1.59268      197.371
899      20.677      1.22115      915.865      -2821.36      -1905.49      1.5909      197.37
900      20.7      1.22521      918.907      -2824.4      -1905.5      1.58912      197.369
901      20.723      1.22934      922.005      -2827.5      -1905.5      1.58735      197.368
902      20.746      1.23351      925.132      -2830.63      -1905.5      1.58558      197.367
903      20.769      1.23769      928.266      -2833.77      -1905.5      1.58382      197.366
904      20.792      1.24185      931.388      -2836.89      -1905.5      1.58206      197.365
905      20.815      1.24597      934.479      -2839.98      -1905.5      1.58031      197.365
906      20.838      1.25004      937.526      -2843.03      -1905.5      1.57856      197.364
907      20.861      1.25403      940.519      -2846.02      -1905.5      1.57681      197.363
908      20.884      1.25793      943.449      -2848.95      -1905.5      1.57507      197.363
909      20.907      1.26175      946.31      -2851.81      -1905.5      1.57334      197.362
910      20.93      1.26547      949.101      -2854.6      -1905.5      1.5716      197.362
911      20.953      1.26909      951.821      -2857.32      -1905.5      1.56988      197.362
912      20.976      1.27263      954.471      -2859.97      -1905.5      1.56815      197.361
913      20.999      1.27607      957.051      -2862.55      -1905.5      1.56643      197.361
914      21.022      1.27942      959.565      -2865.07      -1905.5      1.56472      197.361
915      21.045      1.28269      962.017      -2867.52      -1905.5      1.56301      197.361
916      21.068      1.28588      964.409      -2869.91      -1905.5      1.5613      197.361
917      21.091      1.28899      966.744      -2872.24      -1905.5      1.5596      197.361
918      21.114      1.29203      969.024      -2874.52      -1905.5      1.5579      197.361
919      21.137      1.295      971.251      -2876.75      -1905.5      1.55621      197.362
920      21.16      1.2979      973.426      -2878.93      -1905.5      1.55452      197.362
921      21.183      1.30074      975.551      -2881.05      -1905.5      1.55284      197.362
922      21.206      1.3035      977.626      -2883.12      -1905.5      1.55116      197.363
923      21.229      1.3062      979.649      -2885.15      -1905.5      1.54948      197.363
924      21.252      1.30883      981.621      -2887.12      -1905.5      1.54781      197.364
925      21.275      1.31139      983.539      -2889.04      -1905.5      1.54614      197.365
926      21.298      1.31387      985.402      -2890.9      -1905.5      1.54447      197.365
927      21.321      1.31628      987.207      -2892.71      -1905.5      1.54281      197.366
928      21.344      1.3186      988.951      -2894.45      -1905.5      1.54116      197.367
929      21.367      1.32084      990.631      -2896.13      -1905.5      1.5395      197.368
930      21.39      1.32299      992.242      -2897.74      -1905.5      1.53786      197.368
931      21.413      1.32504      993.78      -2899.28      -1905.5      1.53621      197.369
932      21.436      1.32698      995.237      -2900.74      -1905.5      1.53457      197.37
933      21.459      1.32881      996.608      -2902.11      -1905.5      1.53293      197.371
934      21.482      1.33052      997.886      -2903.39      -1905.5      1.5313      197.372
935      21.505      1.33209      999.065      -2904.57      -1905.5      1.52967      197.373
936      21.528      1.33352      1000.14      -2905.64      -1905.5      1.52805      197.375
937      21.551      1.33479      1001.1      -2906.6      -1905.5      1.52642      197.376
938      21.574      1.33591      1001.93      -2907.44      -1905.5      1.5248      197.377
939      21.597      1.33686      1002.64      -2908.15      -1905.5      1.52319      197.378
940      21.62      1.33763      1003.22      -2908.72      -1905.5      1.52158      197.379
941      21.643      1.33821      1003.66      -2909.16      -1905.5      1.51997      197.38
942      21.666      1.3386      1003.95      -2909.46      -1905.51      1.51837      197.382
943      21.689      1.33879      1004.1      -2909.6      -1905.51      1.51677      197.383
944      21.712      1.33879      1004.09      -2909.6      -1905.51      1.51517      197.384
945      21.735      1.33858      1003.94      -2909.44      -1905.51      1.51358      197.385
946      21.758      1.33817      1003.63      -2909.14      -1905.51      1.51199      197.387
947      21.781      1.33756      1003.17      -2908.68      -1905.51      1.5104      197.388
948      21.804      1.33675      1002.57      -2908.07      -1905.51      1.50882      197.389
949      21.827      1.33575      1001.81      -2907.32      -1905.51      1.50724      197.391
950      21.85      1.33456      1000.92      -2906.43      -1905.51      1.50566      197.392
951      21.873      1.33319      999.893      -2905.4      -1905.51      1.50409      197.393
952      21.896      1.33165      998.735      -2904.24      -1905.5      1.50252      197.395
953      21.919      1.32994      997.453      -2902.96      -1905.5      1.50095      197.396
954      21.942      1.32807      996.056      -2901.56      -1905.5      1.49939      197.398
955      21.965      1.32607      994.549      -2900.05      -1905.5      1.49783      197.399
956      21.988      1.32392      992.941      -2898.44      -1905.5      1.49628      197.401
957      22.011      1.32165      991.24      -2896.74      -1905.5      1.49472      197.402
958      22.034      1.31927      989.452      -2894.95      -1905.5      1.49318      197.404
959      22.057      1.31678      987.587      -2893.09      -1905.5      1.49163      197.405
960      22.08      1.3142      985.652      -2891.15      -1905.5      1.49009      197.407
961      22.103      1.31154      983.654      -2889.15      -1905.5      1.48855      197.409
962      22.126      1.3088      981.601      -2887.1      -1905.5      1.48702      197.411
963      22.149      1.306      979.5      -2885      -1905.5      1.48549      197.412
964      22.172      1.30314      977.357      -2882.86      -1905.5      1.48396      197.414
965      22.195      1.30024      975.18      -2880.68      -1905.5      1.48244      197.416
966      22.218      1.2973      972.975      -2878.48      -1905.5      1.48092      197.418
967      22.241      1.29433      970.747      -2876.25      -1905.5      1.4794      197.42
968      22.264      1.29134      968.504      -2874      -1905.5      1.47789      197.422
969      22.287      1.28834      966.252      -2871.75      -1905.5      1.47638      197.424
970      22.31      1.28533      963.998      -2869.5      -1905.5      1.47487      197.426
971      22.333      1.28233      961.748      -2867.25      -1905.5      1.47337      197.429
972      22.356      1.27935      959.509      -2865.01      -1905.5      1.47187      197.431
973      22.379      1.27639      957.291      -2862.79      -1905.5      1.47038      197.434
974      22.402      1.27347      955.101      -2860.6      -1905.5      1.46889      197.436
975      22.425      1.2706      952.952      -2858.45      -1905.5      1.4674      197.439
976      22.448      1.26781      950.854      -2856.35      -1905.5      1.46592      197.441
977      22.471      1.2651      948.822      -2854.32      -1905.5      1.46444      197.444
978      22.494      1.26249      946.869      -2852.36      -1905.49      1.46296      197.447
979      22.517      1.26002      945.012      -2850.51      -1905.49      1.46149      197.45
980      22.54      1.25769      943.268      -2848.76      -1905.49      1.46002      197.453
981      22.563      1.25554      941.656      -2847.15      -1905.49      1.45855      197.456
982      22.586      1.25359      940.195      -2845.69      -1905.49      1.45709      197.459
983      22.609      1.25188      938.908      -2844.4      -1905.49      1.45564      197.463
984      22.632      1.25042      937.815      -2843.3      -1905.49      1.45418      197.466
985      22.655      1.24925      936.935      -2842.42      -1905.49      1.45273      197.47
986      22.678      1.24839      936.289      -2841.78      -1905.49      1.45128      197.473
987      22.701      1.24786      935.893      -2841.38      -1905.48      1.44984      197.477
988      22.724      1.24768      935.763      -2841.25      -1905.48      1.4484      197.48
989      22.747      1.24788      935.908      -2841.39      -1905.48      1.44696      197.484
990      22.77      1.24845      936.336      -2841.82      -1905.48      1.44553      197.488
991      22.793      1.2494      937.047      -2842.53      -1905.48      1.4441      197.492
992      22.816      1.25072      938.039      -2843.52      -1905.48      1.44267      197.496
993      22.839      1.2524      939.303      -2844.79      -1905.49      1.44125      197.5
994      22.862      1.25443      940.826      -2846.31      -1905.49      1.43983      197.504
995      22.885      1.25678      942.588      -2848.08      -1905.49      1.43841      197.508
996      22.908      1.25942      944.569      -2850.06      -1905.49      1.437      197.512
997      22.931      1.26232      946.74      -2852.23      -1905.49      1.43558      197.516
998      22.954      1.26543      949.074      -2854.57      -1905.49      1.43418      197.52
999      22.977      1.26872      951.541      -2857.04      -1905.5      1.43277      197.525
1000      23      1.27215      954.11      -2859.61      -1905.5      1.43137      197.529
1000      23      1.27215      954.11      -2859.61      -1905.5      1.43137      197.529
Execution time in seconds: 1.87827
