Timestep Time Temperature KineticEnergy PotentialEnergy TotalEnergy DiffusionConstant MeanSquareDisplacement
1      0.0842263      2.43283      1824.62      -3730.19      -1905.57      390.107      197.143
2      0.168453      2.40605      1804.54      -3720.14      -1915.6      195.066      197.156
3      0.252679      2.35219      1764.14      -3689.89      -1925.75      130.053      197.17
4      0.336905      2.27067      1703.01      -3639.09      -1936.09      97.5465      197.183
5      0.421132      2.16099      1620.74      -3567.3      -1946.56      78.0428      197.198
6      0.505358      2.02323      1517.43      -3474.27      -1956.85      65.0405      197.212
7      0.589584      1.85929      1394.47      -3360.66      -1966.19      55.7531      197.227
8      0.673811      1.67414      1255.61      -3228.92      -1973.32      48.7874      197.241
9      0.758037      1.47712      1107.84      -3084.36      -1976.53      43.3696      197.255
10      0.842263      1.28197      961.476      -2935.73      -1974.26      39.0351      197.267
11      0.926489      1.10489      828.669      -2794.56      -1965.89      35.4886      197.279
12      1.01072      0.960538      720.404      -2672.82      -1952.42      32.5329      197.289
13      1.09494      0.857869      643.402      -2579.68      -1936.28      30.0318      197.298
14      1.17917      0.798332      598.749      -2519.05      -1920.3      27.8877      197.306
15      1.26339      0.776976      582.732      -2489.41      -1906.68      26.0294      197.313
16      1.34762      0.785303      588.977      -2485.43      -1896.46      24.4033      197.318
17      1.43185      0.814093      610.57      -2500.25      -1889.68      22.9683      197.323
18      1.51607      0.855184      641.388      -2527.22      -1885.83      21.6928      197.327
19      1.6003      0.90213      676.597      -2560.83      -1884.23      20.5514      197.33
20      1.68453      0.950184      712.638      -2596.9      -1884.27      19.524      197.333
21      1.76875      0.99592      746.94      -2632.41      -1885.47      18.5945      197.335
22      1.85298      1.03679      777.593      -2665.15      -1887.56      17.7495      197.336
23      1.93721      1.0709      803.173      -2693.45      -1890.28      16.9779      197.338
24      2.02143      1.09697      822.73      -2716.13      -1893.4      16.2706      197.339
25      2.10566      1.11455      835.916      -2732.51      -1896.6      15.6199      197.341
26      2.18988      1.12413      843.097      -2742.62      -1899.52      15.0192      197.342
27      2.27411      1.12707      845.301      -2747.15      -1901.85      14.4631      197.344
28      2.35834      1.12529      843.967      -2747.39      -1903.42      13.9467      197.347
29      2.44256      1.12074      840.557      -2744.83      -1904.27      13.466      197.35
30      2.52679      1.11504      836.279      -2740.83      -1904.55      13.0174      197.353
31      2.61102      1.10937      832.031      -2736.45      -1904.42      12.5978      197.358
32      2.69524      1.10481      828.61      -2732.49      -1903.88      12.2044      197.363
33      2.77947      1.10257      826.926      -2729.79      -1902.87      11.8349      197.368
34      2.86369      1.10391      827.932      -2729.34      -1901.4      11.4871      197.374
35      2.94792      1.10957      832.177      -2731.93      -1899.76      11.1592      197.379
36      3.03215      1.1192      839.403      -2737.75      -1898.35      10.8496      197.385
37      3.11637      1.13151      848.632      -2746.13      -1897.5      10.5566      197.39
38      3.2006      1.14495      858.712      -2755.93      -1897.22      10.2791      197.395
39      3.28483      1.15837      868.778      -2766.1      -1897.32      10.0157      197.399
40      3.36905      1.17118      878.384      -2775.99      -1897.6      9.76545      197.402
41      3.45328      1.18313      887.345      -2785.3      -1897.96      9.52733      197.403
42      3.53751      1.1941      895.576      -2793.92      -1898.35      9.30047      197.403
43      3.62173      1.204      903.001      -2801.77      -1898.76      9.08408      197.401
44      3.70596      1.21284      909.628      -2808.79      -1899.16      8.87742      197.396
45      3.79018      1.22085      915.641      -2815.08      -1899.44      8.67984      197.389
46      3.87441      1.22857      921.429      -2820.92      -1899.49      8.49076      197.38
47      3.95864      1.23665      927.49      -2826.79      -1899.3      8.30963      197.369
48      4.04286      1.24566      934.245      -2833.17      -1898.92      8.13598      197.356
49      4.12709      1.25574      941.803      -2840.33      -1898.53      7.96935      197.341
50      4.21132      1.26645      949.838      -2848.2      -1898.36      7.80935      197.326
51      4.29554      1.27686      957.642      -2856.21      -1898.57      7.65559      197.31
52      4.37977      1.28578      964.338      -2863.56      -1899.22      7.50774      197.293
53      4.46399      1.29224      969.183      -2869.4      -1900.22      7.36548      197.277
54      4.54822      1.29569      971.766      -2873.13      -1901.37      7.22852      197.261
55      4.63245      1.29603      972.023      -2874.53      -1902.51      7.09657      197.247
56      4.71667      1.29349      970.118      -2873.66      -1903.54      6.96938      197.234
57      4.8009      1.28846      966.345      -2870.76      -1904.41      6.84672      197.223
58      4.88513      1.28149      961.118      -2866.18      -1905.06      6.72835      197.213
59      4.96935      1.27341      955.06      -2860.43      -1905.37      6.61405      197.205
60      5.05358      1.26538      949.037      -2854.24      -1905.21      6.50362      197.199
61      5.13781      1.25878      944.088      -2848.62      -1904.53      6.39686      197.195
62      5.22203      1.25482      941.116      -2844.56      -1903.45      6.29359      197.192
63      5.30626      1.25404      940.527      -2842.76      -1902.24      6.19365      197.191
64      5.39048      1.25633      942.248      -2843.36      -1901.11      6.09687      197.191
65      5.47471      1.2614      946.051      -2846.16      -1900.11      6.00312      197.192
66      5.55894      1.26917      951.874      -2850.99      -1899.12      5.91227      197.196
67      5.64316      1.27968      959.762      -2857.88      -1898.11      5.82418      197.201
68      5.72739      1.29275      969.562      -2866.79      -1897.23      5.73873      197.208
69      5.81162      1.30762      980.716      -2877.38      -1896.66      5.65582      197.217
70      5.89584      1.3231      992.325      -2888.91      -1896.58      5.57531      197.227
71      5.98007      1.33787      1003.4      -2900.38      -1896.98      5.49712      197.239
72      6.06429      1.35087      1013.15      -2910.89      -1897.74      5.42114      197.252
73      6.14852      1.36149      1021.12      -2919.79      -1898.68      5.34728      197.267
74      6.23275      1.36955      1027.16      -2926.82      -1899.66      5.27543      197.283
75      6.31697      1.37498      1031.23      -2931.89      -1900.65      5.20552      197.299
76      6.4012      1.37766      1033.24      -2934.95      -1901.7      5.13746      197.315
77      6.48543      1.37738      1033.04      -2935.86      -1902.82      5.07117      197.332
78      6.56965      1.3741      1030.57      -2934.51      -1903.93      5.00657      197.349
79      6.65388      1.36817      1026.13      -2930.99      -1904.87      4.94361      197.365
80      6.73811      1.36043      1020.33      -2925.77      -1905.45      4.8822      197.381
81      6.82233      1.352      1014      -2919.6      -1905.6      4.8223      197.396
82      6.90656      1.34391      1007.93      -2913.31      -1905.38      4.76384      197.411
83      6.99078      1.3368      1002.6      -2907.57      -1904.97      4.70677      197.424
84      7.07501      1.33079      998.091      -2902.65      -1904.56      4.65104      197.437
85      7.15924      1.32559      994.196      -2898.48      -1904.29      4.59659      197.448
86      7.24346      1.32076      990.573      -2894.76      -1904.19      4.54338      197.459
87      7.32769      1.3158      986.851      -2891.13      -1904.28      4.49137      197.468
88      7.41192      1.31024      982.682      -2887.22      -1904.54      4.44051      197.476
89      7.49614      1.30364      977.728      -2882.68      -1904.96      4.39076      197.482
90      7.58037      1.29569      971.765      -2877.23      -1905.47      4.34207      197.487
91      7.66459      1.28639      964.79      -2870.73      -1905.94      4.29441      197.489
92      7.74882      1.27626      957.194      -2863.35      -1906.16      4.24774      197.49
93      7.83305      1.26634      949.757      -2855.71      -1905.96      4.20203      197.488
94      7.91727      1.25788      943.412      -2848.71      -1905.3      4.15725      197.484
95      8.0015      1.25177      938.825      -2843.18      -1904.36      4.11337      197.479
96      8.08573      1.24822      936.168      -2839.56      -1903.4      4.07036      197.471
97      8.16995      1.24699      935.24      -2837.81      -1902.57      4.0282      197.461
98      8.25418      1.24755      935.662      -2837.62      -1901.96      3.98687      197.45
99      8.33841      1.2493      936.978      -2838.55      -1901.57      3.94635      197.437
100      8.42263      1.25167      938.752      -2840.16      -1901.41      3.9066      197.423
101      8.50686      1.25418      940.636      -2842.03      -1901.4      3.86762      197.408
102      8.59108      1.25659      942.446      -2843.9      -1901.46      3.82938      197.391
103      8.67531      1.25881      944.104      -2845.66      -1901.56      3.79186      197.373
104      8.75954      1.26066      945.493      -2847.22      -1901.72      3.75505      197.355
105      8.84376      1.26177      946.326      -2848.38      -1902.05      3.71892      197.336
106      8.92799      1.26158      946.183      -2848.78      -1902.6      3.68347      197.316
107      9.01222      1.25955      944.666      -2847.99      -1903.33      3.64868      197.296
108      9.09644      1.25545      941.585      -2845.7      -1904.11      3.61454      197.277
109      9.18067      1.24945      937.084      -2841.87      -1904.78      3.58102      197.257
110      9.26489      1.24211      931.584      -2836.8      -1905.21      3.54812      197.238
111      9.34912      1.23424      925.679      -2831.01      -1905.33      3.51583      197.219
112      9.43335      1.22679      920.095      -2825.16      -1905.07      3.48412      197.202
113      9.51757      1.22087      915.651      -2820.04      -1904.38      3.45299      197.185
114      9.6018      1.21762      913.215      -2816.49      -1903.27      3.42242      197.168
115      9.68603      1.21805      913.541      -2815.35      -1901.81      3.3924      197.153
116      9.77025      1.22279      917.092      -2817.26      -1900.17      3.3629      197.139
117      9.85448      1.23184      923.88      -2822.46      -1898.58      3.33393      197.125
118      9.93871      1.24453      933.4      -2830.71      -1897.31      3.30546      197.112
119      10.0229      1.25953      944.649      -2841.25      -1896.6      3.27748      197.1
120      10.1072      1.27509      956.315      -2852.89      -1896.57      3.24998      197.088
121      10.1914      1.28945      967.086      -2864.27      -1897.18      3.22294      197.078
122      10.2756      1.30123      975.922      -2874.19      -1898.27      3.19636      197.067
123      10.3598      1.30965      982.237      -2881.82      -1899.59      3.17021      197.057
124      10.4441      1.31457      985.928      -2886.82      -1900.89      3.14449      197.047
125      10.5283      1.31642      987.314      -2889.31      -1901.99      3.11919      197.038
126      10.6125      1.316      987.001      -2889.77      -1902.77      3.09429      197.029
127      10.6967      1.31423      985.672      -2888.87      -1903.2      3.06978      197.02
128      10.781      1.31179      983.842      -2887.24      -1903.4      3.04567      197.012
129      10.8652      1.30894      981.706      -2885.25      -1903.55      3.02194      197.004
130      10.9494      1.30554      979.153      -2882.93      -1903.77      2.99858      196.996
131      11.0336      1.30124      975.931      -2880.07      -1904.14      2.9756      196.99
132      11.1179      1.29575      971.814      -2876.41      -1904.6      2.95298      196.985
133      11.2021      1.28899      966.746      -2871.81      -1905.06      2.93072      196.981
134      11.2863      1.28118      960.884      -2866.31      -1905.42      2.90881      196.979
135      11.3706      1.27278      954.586      -2860.17      -1905.58      2.88726      196.978
136      11.4548      1.26449      948.37      -2853.84      -1905.47      2.86604      196.979
137      11.539      1.25714      942.855      -2847.89      -1905.04      2.84516      196.982
138      11.6232      1.25152      938.636      -2842.95      -1904.32      2.82461      196.987
139      11.7075      1.2482      936.153      -2839.56      -1903.41      2.80438      196.993
140      11.7917      1.24742      935.564      -2838.03      -1902.46      2.78445      197
141      11.8759      1.24894      936.705      -2838.34      -1901.63      2.76482      197.008
142      11.9601      1.25221      939.154      -2840.19      -1901.03      2.74548      197.018
143      12.0444      1.25658      942.435      -2843.11      -1900.67      2.72641      197.027
144      12.1286      1.26155      946.164      -2846.65      -1900.48      2.70762      197.037
145      12.2128      1.26684      950.127      -2850.51      -1900.38      2.68909      197.048
146      12.297      1.27236      954.269      -2854.56      -1900.29      2.67081      197.058
147      12.3813      1.27811      958.579      -2858.78      -1900.2      2.65279      197.069
148      12.4655      1.2841      963.071      -2863.18      -1900.11      2.63501      197.08
149      12.5497      1.29039      967.789      -2867.78      -1899.99      2.61748      197.092
150      12.6339      1.29704      972.781      -2872.63      -1899.85      2.60018      197.103
151      12.7182      1.30398      977.986      -2877.76      -1899.77      2.58312      197.116
152      12.8024      1.31075      983.059      -2882.96      -1899.9      2.5663      197.129
153      12.8866      1.31653      987.397      -2887.74      -1900.34      2.54971      197.143
154      12.9709      1.32049      990.367      -2891.45      -1901.09      2.53334      197.157
155      13.0551      1.32223      991.67      -2893.58      -1901.91      2.51719      197.173
156      13.1393      1.32211      991.584      -2894.11      -1902.53      2.50126      197.189
157      13.2235      1.32107      990.804      -2893.59      -1902.79      2.48555      197.206
158      13.3078      1.31971      989.784      -2892.67      -1902.89      2.47003      197.224
159      13.392      1.31761      988.204      -2891.45      -1903.25      2.45473      197.242
160      13.4762      1.31363      985.224      -2889.27      -1904.05      2.43961      197.26
161      13.5604      1.30684      980.133      -2885.28      -1905.15      2.42468      197.279
162      13.6447      1.29706      972.797      -2879.03      -1906.24      2.40994      197.297
163      13.7289      1.28499      963.741      -2870.72      -1906.98      2.39537      197.314
164      13.8131      1.27212      954.087      -2861.18      -1907.1      2.38096      197.331
165      13.8973      1.26049      945.365      -2851.78      -1906.41      2.36672      197.347
166      13.9816      1.25227      939.201      -2844.13      -1904.93      2.35264      197.361
167      14.0658      1.24924      936.927      -2839.77      -1902.85      2.3387      197.374
168      14.15      1.25222      939.166      -2839.73      -1900.56      2.32491      197.385
169      14.2342      1.26095      945.714      -2844.2      -1898.48      2.31127      197.395
170      14.3185      1.27427      955.699      -2852.6      -1896.91      2.29776      197.402
171      14.4027      1.2904      967.8      -2863.84      -1896.04      2.28438      197.407
172      14.4869      1.30729      980.467      -2876.42      -1895.96      2.27113      197.41
173      14.5712      1.32288      992.157      -2888.79      -1896.63      2.25801      197.411
174      14.6554      1.33548      1001.61      -2899.49      -1897.88      2.24502      197.41
175      14.7396      1.34409      1008.06      -2907.49      -1899.43      2.23216      197.407
176      14.8238      1.34856      1011.42      -2912.37      -1900.95      2.21943      197.403
177      14.9081      1.34959      1012.19      -2914.32      -1902.13      2.20683      197.397
178      14.9923      1.3485      1011.38      -2914.16      -1902.78      2.19436      197.391
179      15.0765      1.34686      1010.15      -2912.99      -1902.85      2.18203      197.385
180      15.1607      1.34584      1009.38      -2911.92      -1902.54      2.16984      197.378
181      15.245      1.34573      1009.3      -2911.51      -1902.21      2.15779      197.372
182      15.3292      1.34589      1009.42      -2911.62      -1902.21      2.14587      197.367
183      15.4134      1.34522      1008.91      -2911.54      -1902.63      2.13409      197.361
184      15.4976      1.34269      1007.01      -2910.44      -1903.42      2.12243      197.356
185      15.5819      1.33759      1003.19      -2907.63      -1904.44      2.11091      197.352
186      15.6661      1.3296      997.203      -2902.75      -1905.54      2.09951      197.347
187      15.7503      1.31886      989.142      -2895.69      -1906.55      2.08823      197.342
188      15.8345      1.306      979.497      -2886.76      -1907.26      2.07707      197.336
189      15.9188      1.2922      969.151      -2876.63      -1907.48      2.06602      197.331
190      16.003      1.27899      959.244      -2866.36      -1907.12      2.05509      197.326
191      16.0872      1.26787      950.901      -2857.11      -1906.2      2.04428      197.321
192      16.1715      1.2599      944.922      -2849.87      -1904.95      2.03358      197.316
193      16.2557      1.2555      941.621      -2845.22      -1903.6      2.023      197.312
194      16.3399      1.25449      940.865      -2843.23      -1902.36      2.01254      197.308
195      16.4241      1.25633      942.251      -2843.6      -1901.35      2.00219      197.305
196      16.5084      1.26031      945.235      -2845.86      -1900.63      1.99196      197.304
197      16.5926      1.26564      949.231      -2849.44      -1900.2      1.98184      197.303
198      16.6768      1.27141      953.555      -2853.69      -1900.14      1.97183      197.303
199      16.761      1.2766      957.448      -2857.9      -1900.45      1.96194      197.305
200      16.8453      1.28022      960.164      -2861.29      -1901.12      1.95215      197.307
201      16.9295      1.2816      961.199      -2863.2      -1902      1.94248      197.311
202      17.0137      1.28052      960.388      -2863.31      -1902.92      1.93291      197.316
203      17.0979      1.27721      957.908      -2861.62      -1903.71      1.92345      197.322
204      17.1822      1.27221      954.16      -2858.44      -1904.28      1.91408      197.329
205      17.2664      1.26625      949.686      -2854.25      -1904.56      1.90482      197.336
206      17.3506      1.26019      945.141      -2849.65      -1904.51      1.89566      197.345
207      17.4348      1.25502      941.269      -2845.34      -1904.07      1.88659      197.354
208      17.5191      1.25181      938.859      -2842.11      -1903.25      1.87761      197.364
209      17.6033      1.2514      938.547      -2840.7      -1902.16      1.86872      197.374
210      17.6875      1.25412      940.587      -2841.58      -1900.99      1.85992      197.384
211      17.7718      1.25971      944.78      -2844.76      -1899.98      1.8512      197.395
212      17.856      1.26746      950.594      -2849.85      -1899.26      1.84257      197.405
213      17.9402      1.27655      957.414      -2856.25      -1898.84      1.83401      197.415
214      18.0244      1.28625      964.688      -2863.38      -1898.69      1.82552      197.424
215      18.1087      1.29599      971.996      -2870.73      -1898.73      1.81711      197.433
216      18.1929      1.30539      979.046      -2877.95      -1898.9      1.80877      197.44
217      18.2771      1.31414      985.605      -2884.79      -1899.18      1.80049      197.447
218      18.3613      1.32199      991.492      -2891.04      -1899.55      1.79228      197.452
219      18.4456      1.32869      996.521      -2896.52      -1900      1.78413      197.456
220      18.5298      1.33397      1000.48      -2901.05      -1900.57      1.77604      197.458
221      18.614      1.33739      1003.04      -2904.36      -1901.32      1.76802      197.459
222      18.6982      1.33834      1003.75      -2906.05      -1902.3      1.76005      197.459
223      18.7825      1.33628      1002.21      -2905.66      -1903.45      1.75214      197.457
224      18.8667      1.33108      998.308      -2902.91      -1904.6      1.74429      197.454
225      18.9509      1.32332      992.494      -2897.95      -1905.46      1.7365      197.45
226      19.0351      1.31425      985.684      -2891.49      -1905.81      1.72878      197.446
227      19.1194      1.3054      979.048      -2884.61      -1905.57      1.72113      197.441
228      19.2036      1.29824      973.68      -2878.49      -1904.81      1.71354      197.437
229      19.2878      1.29376      970.317      -2874.06      -1903.74      1.70602      197.433
230      19.3721      1.29221      969.155      -2871.81      -1902.66      1.69857      197.429
231      19.4563      1.29301      969.76      -2871.63      -1901.87      1.69119      197.426
232      19.5405      1.29483      971.123      -2872.77      -1901.65      1.68388      197.423
233      19.6247      1.29585      971.887      -2874.01      -1902.12      1.67663      197.42
234      19.709      1.29427      970.706      -2873.96      -1903.25      1.66944      197.418
235      19.7932      1.28879      966.596      -2871.4      -1904.81      1.66231      197.415
236      19.8774      1.27889      959.171      -2865.64      -1906.47      1.65524      197.411
237      19.9616      1.26497      948.727      -2856.63      -1907.9      1.64823      197.408
238      20.0459      1.24828      936.211      -2844.99      -1908.78      1.64127      197.404
239      20.1301      1.23077      923.074      -2831.95      -1908.88      1.63437      197.4
240      20.2143      1.21476      911.068      -2819.15      -1908.08      1.62752      197.396
241      20.2985      1.20259      901.943      -2808.38      -1906.44      1.62073      197.391
242      20.3828      1.19608      897.06      -2801.24      -1904.18      1.614      197.386
243      20.467      1.19608      897.062      -2798.76      -1901.7      1.60732      197.382
244      20.5512      1.20233      901.748      -2801.18      -1899.43      1.60069      197.377
245      20.6354      1.21351      910.135      -2807.87      -1897.74      1.59413      197.373
246      20.7197      1.22773      920.799      -2817.59      -1896.79      1.58762      197.37
247      20.8039      1.24303      932.273      -2828.83      -1896.56      1.58117      197.367
248      20.8881      1.25791      943.433      -2840.27      -1896.84      1.57478      197.365
249      20.9724      1.27156      953.668      -2851.02      -1897.36      1.56844      197.364
250      21.0566      1.28381      962.854      -2860.75      -1897.89      1.56217      197.363
251      21.1408      1.29483      971.122      -2869.47      -1898.35      1.55595      197.364
252      21.225      1.30483      978.622      -2877.35      -1898.73      1.54979      197.366
253      21.3093      1.31391      985.431      -2884.51      -1899.08      1.54368      197.368
254      21.3935      1.32205      991.534      -2890.98      -1899.45      1.53763      197.372
255      21.4777      1.32908      996.813      -2896.7      -1899.89      1.53163      197.375
256      21.5619      1.3347      1001.03      -2901.48      -1900.46      1.52568      197.379
257      21.6462      1.33848      1003.86      -2905.05      -1901.18      1.51977      197.384
258      21.7304      1.34001      1005.01      -2907.07      -1902.06      1.51392      197.388
259      21.8146      1.33903      1004.27      -2907.28      -1903.01      1.50811      197.393
260      21.8988      1.33551      1001.64      -2905.57      -1903.94      1.50235      197.398
261      21.9831      1.3297      997.275      -2902.04      -1904.76      1.49663      197.404
262      22.0673      1.32197      991.478      -2896.91      -1905.43      1.49096      197.409
263      22.1515      1.31278      984.584      -2890.51      -1905.92      1.48534      197.416
264      22.2357      1.3026      976.947      -2883.19      -1906.24      1.47977      197.423
265      22.32      1.29186      968.896      -2875.29      -1906.39      1.47425      197.431
266      22.4042      1.28101      960.761      -2867.13      -1906.37      1.46877      197.44
267      22.4884      1.2706      952.95      -2859.08      -1906.13      1.46335      197.45
268      22.5727      1.26142      946.061      -2851.63      -1905.56      1.45797      197.461
269      22.6569      1.25458      940.937      -2845.49      -1904.55      1.45264      197.474
270      22.7411      1.25144      938.578      -2841.61      -1903.04      1.44736      197.487
271      22.8253      1.25304      939.782      -2840.97      -1901.19      1.44213      197.502
272      22.9096      1.25957      944.678      -2844.05      -1899.38      1.43693      197.517
273      22.9938      1.27002      952.516      -2850.56      -1898.05      1.43178      197.532
274      23.078      1.2826      961.951      -2859.39      -1897.44      1.42667      197.548
275      23.1622      1.29541      971.558      -2869.08      -1897.52      1.42159      197.563
276      23.2465      1.30693      980.197      -2878.33      -1898.13      1.41654      197.577
277      23.3307      1.31614      987.108      -2886.19      -1899.08      1.41152      197.591
278      23.4149      1.32252      991.887      -2892.07      -1900.19      1.40653      197.603
279      23.4991      1.32589      994.415      -2895.73      -1901.32      1.40157      197.614
280      23.5834      1.32642      994.811      -2897.18      -1902.36      1.39663      197.623
281      23.6676      1.32442      993.317      -2896.59      -1903.28      1.39171      197.631
282      23.7518      1.3203      990.224      -2894.26      -1904.04      1.38682      197.637
283      23.836      1.31448      985.862      -2890.49      -1904.63      1.38195      197.641
284      23.9203      1.30756      980.668      -2885.65      -1904.99      1.3771      197.644
285      24.0045      1.30033      975.248      -2880.27      -1905.02      1.37227      197.644
286      24.0887      1.29376      970.322      -2875.01      -1904.69      1.36747      197.643
287      24.173      1.28876      966.569      -2870.61      -1904.04      1.36268      197.64
288      24.2572      1.28585      964.387      -2867.62      -1903.23      1.35791      197.635
289      24.3414      1.28498      963.732      -2866.24      -1902.51      1.35317      197.628
290      24.4256      1.28548      964.112      -2866.19      -1902.08      1.34844      197.619
291      24.5099      1.2863      964.721      -2866.8      -1902.08      1.34374      197.609
292      24.5941      1.28616      964.622      -2867.17      -1902.55      1.33906      197.597
293      24.6783      1.28396      962.967      -2866.38      -1903.42      1.3344      197.584
294      24.7625      1.27892      959.187      -2863.71      -1904.52      1.32976      197.569
295      24.8468      1.2709      953.175      -2858.79      -1905.62      1.32515      197.554
296      24.931      1.26044      945.328      -2851.78      -1906.45      1.32056      197.537
297      25.0152      1.24861      936.454      -2843.3      -1906.85      1.316      197.52
298      25.0994      1.2367      927.526      -2834.28      -1906.76      1.31147      197.502
299      25.1837      1.2259      919.422      -2825.67      -1906.25      1.30696      197.484
300      25.2679      1.21697      912.729      -2818.22      -1905.49      1.30248      197.466
301      25.3521      1.21029      907.719      -2812.35      -1904.63      1.29803      197.447
302      25.4363      1.2059      904.427      -2808.2      -1903.77      1.29361      197.428
303      25.5206      1.20376      902.82      -2805.76      -1902.94      1.28922      197.409
304      25.6048      1.20383      902.871      -2804.98      -1902.11      1.28485      197.39
305      25.689      1.20619      904.64      -2805.88      -1901.24      1.28051      197.37
306      25.7733      1.211      908.25      -2808.57      -1900.32      1.27619      197.349
307      25.8575      1.21839      913.791      -2813.15      -1899.36      1.2719      197.328
308      25.9417      1.22826      921.196      -2819.66      -1898.46      1.26763      197.307
309      26.0259      1.24015      930.116      -2827.89      -1897.78      1.26339      197.285
310      26.1102      1.25315      939.863      -2837.34      -1897.47      1.25917      197.262
311      26.1944      1.26602      949.513      -2847.17      -1897.66      1.25497      197.24
312      26.2786      1.27745      958.088      -2856.4      -1898.31      1.25081      197.217
313      26.3628      1.28641      964.805      -2864.13      -1899.32      1.24666      197.194
314      26.4471      1.29235      969.262      -2869.74      -1900.48      1.24255      197.171
315      26.5313      1.29539      971.545      -2873.07      -1901.52      1.23847      197.149
316      26.6155      1.29629      972.216      -2874.45      -1902.23      1.23442      197.128
317      26.6997      1.29613      972.094      -2874.62      -1902.53      1.2304      197.108
318      26.784      1.2958      971.847      -2874.38      -1902.53      1.22641      197.089
319      26.8682      1.29543      971.57      -2874.14      -1902.57      1.22246      197.072
320      26.9524      1.29433      970.749      -2873.67      -1902.92      1.21854      197.056
321      27.0366      1.29153      968.648      -2872.29      -1903.64      1.21466      197.042
322      27.1209      1.28642      964.815      -2869.34      -1904.53      1.21082      197.031
323      27.2051      1.2791      959.327      -2864.64      -1905.31      1.20701      197.022
324      27.2893      1.27037      952.778      -2858.52      -1905.74      1.20325      197.014
325      27.3736      1.26135      946.011      -2851.76      -1905.75      1.19951      197.01
326      27.4578      1.25307      939.803      -2845.19      -1905.38      1.19582      197.007
327      27.542      1.24619      934.643      -2839.46      -1904.82      1.19216      197.007
328      27.6262      1.24094      930.703      -2834.9      -1904.2      1.18854      197.009
329      27.7105      1.23726      927.944      -2831.56      -1903.62      1.18495      197.012
330      27.7947      1.23503      926.276      -2829.37      -1903.09      1.18139      197.018
331      27.8789      1.23417      925.627      -2828.22      -1902.59      1.17786      197.025
332      27.9631      1.23455      925.909      -2828.06      -1902.15      1.17436      197.033
333      28.0474      1.23585      926.89      -2828.74      -1901.85      1.17088      197.041
334      28.1316      1.23757      928.181      -2829.94      -1901.76      1.16743      197.05
335      28.2158      1.23907      929.305      -2831.21      -1901.9      1.164      197.059
336      28.3      1.23978      929.834      -2832.08      -1902.25      1.16058      197.067
337      28.3843      1.23933      929.496      -2832.19      -1902.7      1.15718      197.074
338      28.4685      1.23768      928.257      -2831.38      -1903.13      1.15379      197.079
339      28.5527      1.23517      926.374      -2829.76      -1903.39      1.1504      197.083
340      28.6369      1.23252      924.391      -2827.74      -1903.34      1.14703      197.085
341      28.7212      1.23083      923.121      -2825.99      -1902.87      1.14367      197.085
342      28.8054      1.23129      923.465      -2825.41      -1901.95      1.14031      197.082
343      28.8896      1.23481      926.108      -2826.84      -1900.73      1.13696      197.077
344      28.9739      1.24169      931.265      -2830.75      -1899.49      1.13361      197.071
345      29.0581      1.25147      938.606      -2837.07      -1898.46      1.13028      197.062
346      29.1423      1.26329      947.464      -2845.27      -1897.8      1.12695      197.052
347      29.2265      1.2761      957.074      -2854.61      -1897.53      1.12364      197.04
348      29.3108      1.28894      966.706      -2864.33      -1897.62      1.12034      197.028
349      29.395      1.30092      975.687      -2873.73      -1898.04      1.11706      197.015
350      29.4792      1.31116      983.371      -2882.15      -1898.78      1.1138      197.003
351      29.5634      1.3189      989.177      -2888.97      -1899.79      1.11055      196.991
352      29.6477      1.32351      992.63      -2893.65      -1901.02      1.10734      196.98
353      29.7319      1.32463      993.474      -2895.81      -1902.33      1.10414      196.969
354      29.8161      1.32236      991.77      -2895.33      -1903.56      1.10097      196.959
355      29.9003      1.31729      987.966      -2892.48      -1904.52      1.09782      196.951
356      29.9846      1.31053      982.899      -2887.91      -1905.01      1.09469      196.943
357      30.0688      1.30358      977.685      -2882.61      -1904.93      1.09158      196.936
358      30.153      1.29797      973.476      -2877.75      -1904.27      1.0885      196.929
359      30.2372      1.29496      971.217      -2874.41      -1903.2      1.08543      196.923
360      30.3215      1.29518      971.387      -2873.34      -1901.95      1.08238      196.917
361      30.4057      1.29852      973.893      -2874.73      -1900.83      1.07935      196.911
362      30.4899      1.3041      978.077      -2878.19      -1900.11      1.07634      196.905
363      30.5742      1.31058      982.932      -2882.85      -1899.91      1.07335      196.9
364      30.6584      1.31666      987.496      -2887.66      -1900.17      1.07037      196.895
365      30.7426      1.32157      991.18      -2891.84      -1900.66      1.06742      196.891
366      30.8268      1.32518      993.888      -2895.04      -1901.15      1.06448      196.887
367      30.9111      1.32781      995.855      -2897.34      -1901.49      1.06157      196.885
368      30.9953      1.32983      997.371      -2899.06      -1901.69      1.05867      196.882
369      31.0795      1.33141      998.558      -2900.42      -1901.86      1.05579      196.881
370      31.1637      1.33239      999.291      -2901.4      -1902.11      1.05293      196.88
371      31.248      1.33249      999.366      -2901.82      -1902.45      1.05009      196.878
372      31.3322      1.33168      998.76      -2901.54      -1902.78      1.04726      196.877
373      31.4164      1.33039      997.793      -2900.69      -1902.9      1.04444      196.876
374      31.5006      1.32943      997.074      -2899.77      -1902.7      1.04164      196.874
375      31.5849      1.32963      997.222      -2899.43      -1902.21      1.03886      196.873
376      31.6691      1.33143      998.569      -2900.17      -1901.6      1.03608      196.871
377      31.7533      1.33465      1000.99      -2902.11      -1901.12      1.03333      196.869
378      31.8375      1.33855      1003.91      -2904.88      -1900.97      1.03058      196.867
379      31.9218      1.3419      1006.43      -2907.73      -1901.3      1.02786      196.866
380      32.006      1.3433      1007.48      -2909.64      -1902.17      1.02515      196.866
381      32.0902      1.34132      1005.99      -2909.54      -1903.55      1.02246      196.866
382      32.1745      1.33489      1001.17      -2906.44      -1905.28      1.01978      196.866
383      32.2587      1.32358      992.687      -2899.78      -1907.09      1.01713      196.867
384      32.3429      1.30787      980.904      -2889.55      -1908.64      1.01449      196.868
385      32.4271      1.2891      966.827      -2876.43      -1909.61      1.01186      196.87
386      32.5114      1.26933      951.997      -2861.75      -1909.75      1.00925      196.872
387      32.5956      1.25084      938.13      -2847.18      -1909.05      1.00665      196.874
388      32.6798      1.23566      926.742      -2834.37      -1907.63      1.00407      196.877
389      32.764      1.2251      918.828      -2824.62      -1905.79      1.0015      196.879
390      32.8483      1.21968      914.761      -2818.61      -1903.85      0.998947      196.882
391      32.9325      1.21908      914.309      -2816.41      -1902.1      0.996408      196.885
392      33.0167      1.22239      916.792      -2817.52      -1900.73      0.993885      196.889
393      33.1009      1.22831      921.236      -2821.11      -1899.88      0.991378      196.893
394      33.1852      1.23547      926.605      -2826.15      -1899.54      0.988886      196.898
395      33.2694      1.24266      931.995      -2831.63      -1899.64      0.986409      196.903
396      33.3536      1.24895      936.715      -2836.77      -1900.05      0.983947      196.909
397      33.4378      1.25369      940.268      -2840.97      -1900.7      0.9815      196.915
398      33.5221      1.25631      942.23      -2843.78      -1901.55      0.979066      196.922
399      33.6063      1.25631      942.234      -2844.8      -1902.57      0.976646      196.929
400      33.6905      1.2535      940.128      -2843.74      -1903.61      0.974239      196.936
401      33.7748      1.2483      936.226      -2840.66      -1904.44      0.971845      196.943
402      33.859      1.2418      931.349      -2836.15      -1904.8      0.969463      196.95
403      33.9432      1.23536      926.517      -2831.17      -1904.65      0.967094      196.958
404      34.0274      1.23008      922.562      -2826.7      -1904.13      0.964737      196.965
405      34.1117      1.22658      919.938      -2823.37      -1903.43      0.962393      196.973
406      34.1959      1.22515      918.863      -2821.5      -1902.64      0.960061      196.981
407      34.2801      1.22599      919.49      -2821.26      -1901.77      0.957741      196.989
408      34.3643      1.22929      921.971      -2822.8      -1900.83      0.955433      196.997
409      34.4486      1.23515      926.36      -2826.25      -1899.89      0.953137      197.005
410      34.5328      1.24335      932.511      -2831.57      -1899.05      0.950851      197.013
411      34.617      1.2533      939.977      -2838.46      -1898.48      0.948575      197.021
412      34.7012      1.26403      948.02      -2846.33      -1898.31      0.94631      197.029
413      34.7855      1.27432      955.739      -2854.34      -1898.6      0.944053      197.036
414      34.8697      1.28298      962.238      -2861.56      -1899.32      0.941806      197.043
415      34.9539      1.28909      966.816      -2867.17      -1900.36      0.939567      197.049
416      35.0381      1.29219      969.142      -2870.65      -1901.5      0.937337      197.055
417      35.1224      1.29245      969.334      -2871.87      -1902.53      0.935117      197.061
418      35.2066      1.29059      967.939      -2871.18      -1903.24      0.932905      197.066
419      35.2908      1.28766      965.744      -2869.28      -1903.54      0.930703      197.072
420      35.3751      1.28466      963.494      -2866.97      -1903.48      0.928511      197.077
421      35.4593      1.28217      961.628      -2864.88      -1903.25      0.926329      197.082
422      35.5435      1.28026      960.193      -2863.23      -1903.04      0.924157      197.087
423      35.6277      1.27858      958.934      -2861.91      -1902.98      0.921996      197.092
424      35.712      1.27674      957.555      -2860.61      -1903.06      0.919845      197.097
425      35.7962      1.27464      955.977      -2859.11      -1903.13      0.917704      197.102
426      35.8804      1.27263      954.471      -2857.51      -1903.04      0.915573      197.107
427      35.9646      1.2714      953.552      -2856.23      -1902.67      0.913453      197.112
428      36.0489      1.27164      953.728      -2855.81      -1902.08      0.911341      197.117
429      36.1331      1.27361      955.209      -2856.64      -1901.43      0.909239      197.122
430      36.2173      1.27709      957.815      -2858.73      -1900.91      0.907146      197.126
431      36.3015      1.28149      961.119      -2861.75      -1900.63      0.905063      197.131
432      36.3858      1.28622      964.663      -2865.24      -1900.57      0.902989      197.136
433      36.47      1.29079      968.095      -2868.77      -1900.68      0.900925      197.14
434      36.5542      1.2949      971.173      -2872.06      -1900.89      0.89887      197.145
435      36.6384      1.29826      973.698      -2874.9      -1901.2      0.896825      197.15
436      36.7227      1.30065      975.488      -2877.07      -1901.58      0.89479      197.154
437      36.8069      1.30192      976.441      -2878.44      -1902      0.892765      197.159
438      36.8911      1.30211      976.585      -2878.98      -1902.39      0.890749      197.164
439      36.9754      1.3014      976.05      -2878.76      -1902.71      0.888742      197.169
440      37.0596      1.29993      974.95      -2877.92      -1902.97      0.886743      197.174
441      37.1438      1.29781      973.356      -2876.56      -1903.2      0.884752      197.178
442      37.228      1.29508      971.307      -2874.72      -1903.41      0.882769      197.183
443      37.3123      1.29186      968.892      -2872.46      -1903.57      0.880793      197.186
444      37.3965      1.28836      966.271      -2869.92      -1903.65      0.878823      197.189
445      37.4807      1.28482      963.613      -2867.25      -1903.64      0.876862      197.192
446      37.5649      1.28148      961.112      -2864.64      -1903.53      0.874908      197.195
447      37.6492      1.27865      958.991      -2862.29      -1903.3      0.872963      197.198
448      37.7334      1.27684      957.634      -2860.49      -1902.85      0.871027      197.201
449      37.8176      1.2768      957.598      -2859.71      -1902.11      0.869102      197.204
450      37.9018      1.27935      959.511      -2860.58      -1901.07      0.867187      197.208
451      37.9861      1.28505      963.789      -2863.65      -1899.86      0.865284      197.212
452      38.0703      1.29381      970.361      -2869.13      -1898.76      0.863392      197.217
453      38.1545      1.30483      978.623      -2876.65      -1898.03      0.861511      197.223
454      38.2387      1.31684      987.634      -2885.42      -1897.78      0.859641      197.23
455      38.323      1.32849      996.371      -2894.42      -1898.05      0.857782      197.237
456      38.4072      1.33848      1003.86      -2902.66      -1898.79      0.855932      197.244
457      38.4914      1.34567      1009.25      -2909.19      -1899.94      0.85409      197.251
458      38.5757      1.34924      1011.93      -2913.28      -1901.35      0.852254      197.258
459      38.6599      1.34891      1011.68      -2914.49      -1902.81      0.850423      197.263
460      38.7441      1.34483      1008.62      -2912.8      -1904.18      0.848595      197.268
461      38.8283      1.33736      1003.02      -2908.43      -1905.41      0.846769      197.272
462      38.9126      1.3268      995.099      -2901.63      -1906.53      0.844945      197.274
463      38.9968      1.31364      985.227      -2892.66      -1907.43      0.843121      197.274
464      39.081      1.29906      974.294      -2882.09      -1907.8      0.841298      197.273
465      39.1652      1.28516      963.868      -2871.19      -1907.32      0.839475      197.27
466      39.2495      1.27438      955.781      -2861.72      -1905.94      0.837653      197.265
467      39.3337      1.26855      951.414      -2855.39      -1903.97      0.835833      197.258
468      39.4179      1.26815      951.111      -2853.09      -1901.98      0.834013      197.25
469      39.5021      1.27212      954.09      -2854.59      -1900.5      0.832196      197.241
470      39.5864      1.27844      958.828      -2858.67      -1899.84      0.830381      197.231
471      39.6706      1.2848      963.602      -2863.64      -1900.04      0.82857      197.219
472      39.7548      1.28933      967      -2867.88      -1900.88      0.826762      197.207
473      39.839      1.29096      968.221      -2870.26      -1902.04      0.824958      197.193
474      39.9233      1.28951      967.135      -2870.32      -1903.19      0.823158      197.179
475      40.0075      1.28559      964.195      -2868.23      -1904.04      0.821362      197.164
476      40.0917      1.28024      960.182      -2864.66      -1904.47      0.819571      197.148
477      40.176      1.27457      955.927      -2860.43      -1904.5      0.817784      197.131
478      40.2602      1.2694      952.053      -2856.31      -1904.25      0.816001      197.114
479      40.3444      1.2651      948.828      -2852.74      -1903.92      0.814223      197.096
480      40.4286      1.26151      946.134      -2849.81      -1903.68      0.812449      197.077
481      40.5129      1.25812      943.591      -2847.25      -1903.66      0.810679      197.058
482      40.5971      1.25433      940.749      -2844.6      -1903.85      0.808914      197.037
483      40.6813      1.2497      937.275      -2841.46      -1904.19      0.807154      197.016
484      40.7655      1.24414      933.103      -2837.63      -1904.52      0.805398      196.995
485      40.8498      1.23789      928.421      -2833.15      -1904.73      0.803648      196.973
486      40.934      1.23152      923.637      -2828.35      -1904.71      0.801903      196.951
487      41.0182      1.22579      919.344      -2823.72      -1904.38      0.800164      196.928
488      41.1024      1.22163      916.225      -2819.93      -1903.7      0.798432      196.905
489      41.1867      1.21982      914.867      -2817.62      -1902.75      0.796708      196.883
490      41.2709      1.22079      915.589      -2817.28      -1901.69      0.794992      196.86
491      41.3551      1.22444      918.327      -2819.03      -1900.71      0.793286      196.839
492      41.4393      1.23022      922.662      -2822.64      -1899.97      0.79159      196.818
493      41.5236      1.23724      927.929      -2827.52      -1899.59      0.789905      196.798
494      41.6078      1.24459      933.443      -2832.99      -1899.54      0.788231      196.779
495      41.692      1.25156      938.67      -2838.41      -1899.74      0.786569      196.762
496      41.7763      1.25779      943.34      -2843.38      -1900.04      0.78492      196.746
497      41.8605      1.26323      947.421      -2847.75      -1900.33      0.783282      196.731
498      41.9447      1.26796      950.973      -2851.57      -1900.6      0.781656      196.718
499      42.0289      1.27205      954.038      -2854.89      -1900.85      0.780041      196.706
500      42.1132      1.27541      956.556      -2857.71      -1901.15      0.778436      196.694
501      42.1974      1.27778      958.336      -2859.89      -1901.56      0.77684      196.684
502      42.2816      1.27883      959.123      -2861.22      -1902.1      0.775253      196.674
503      42.3658      1.27826      958.693      -2861.43      -1902.73      0.773672      196.664
504      42.4501      1.27597      956.977      -2860.36      -1903.38      0.772098      196.654
505      42.5343      1.27217      954.128      -2858.05      -1903.92      0.77053      196.644
506      42.6185      1.26738      950.534      -2854.77      -1904.24      0.768967      196.634
507      42.7027      1.26234      946.757      -2851.01      -1904.25      0.76741      196.623
508      42.787      1.25795      943.462      -2847.39      -1903.93      0.765857      196.612
509      42.8712      1.25501      941.258      -2844.58      -1903.32      0.764309      196.601
510      42.9554      1.25408      940.564      -2843.09      -1902.53      0.762766      196.59
511      43.0396      1.2553      941.474      -2843.21      -1901.74      0.761229      196.578
512      43.1239      1.25828      943.707      -2844.84      -1901.13      0.759698      196.567
513      43.2081      1.26228      946.712      -2847.54      -1900.82      0.758173      196.555
514      43.2923      1.26642      949.814      -2850.67      -1900.86      0.756654      196.544
515      43.3766      1.26988      952.412      -2853.59      -1901.18      0.755141      196.533
516      43.4608      1.27208      954.062      -2855.76      -1901.69      0.753635      196.521
517      43.545      1.27271      954.53      -2856.83      -1902.3      0.752135      196.51
518      43.6292      1.27173      953.797      -2856.69      -1902.89      0.750641      196.499
519      43.7135      1.26937      952.027      -2855.4      -1903.38      0.749154      196.489
520      43.7977      1.26601      949.505      -2853.21      -1903.71      0.747673      196.478
521      43.8819      1.26199      946.494      -2850.41      -1903.92      0.746199      196.468
522      43.9661      1.25754      943.152      -2847.21      -1904.06      0.744732      196.458
523      44.0504      1.25276      939.569      -2843.73      -1904.16      0.743273      196.449
524      44.1346      1.24793      935.948      -2840.08      -1904.13      0.741823      196.44
525      44.2188      1.24369      932.765      -2836.59      -1903.83      0.74038      196.432
526      44.303      1.24103      930.775      -2833.91      -1903.13      0.738947      196.425
527      44.3873      1.24103      930.772      -2832.82      -1902.05      0.737522      196.419
528      44.4715      1.24441      933.309      -2834.05      -1900.75      0.736106      196.414
529      44.5557      1.25124      938.428      -2837.91      -1899.49      0.7347      196.411
530      44.6399      1.26089      945.671      -2844.19      -1898.51      0.733303      196.408
531      44.7242      1.27231      954.23      -2852.2      -1897.97      0.731916      196.406
532      44.8084      1.28422      963.168      -2861.08      -1897.91      0.730539      196.406
533      44.8926      1.2954      971.553      -2869.86      -1898.3      0.729172      196.407
534      44.9769      1.30477      978.579      -2877.66      -1899.08      0.727815      196.409
535      45.0611      1.31148      983.611      -2883.77      -1900.15      0.726469      196.413
536      45.1453      1.31498      986.236      -2887.63      -1901.4      0.725135      196.419
537      45.2295      1.31513      986.35      -2888.99      -1902.64      0.723812      196.426
538      45.3138      1.31234      984.257      -2887.95      -1903.69      0.722502      196.436
539      45.398      1.30748      980.612      -2884.99      -1904.38      0.721204      196.447
540      45.4822      1.30156      976.173      -2880.86      -1904.69      0.719919      196.461
541      45.5664      1.29543      971.572      -2876.28      -1904.7      0.718646      196.477
542      45.6507      1.28951      967.129      -2871.73      -1904.6      0.717387      196.495
543      45.7349      1.28382      962.862      -2867.38      -1904.51      0.716142      196.516
544      45.8191      1.27813      958.6      -2863.12      -1904.52      0.714909      196.539
545      45.9033      1.27221      954.16      -2858.77      -1904.61      0.713689      196.564
546      45.9876      1.26603      949.524      -2854.21      -1904.69      0.712481      196.592
547      46.0718      1.25988      944.913      -2849.53      -1904.62      0.711284      196.621
548      46.156      1.2544      940.797      -2845.09      -1904.29      0.710098      196.652
549      46.2402      1.25037      937.777      -2841.43      -1903.66      0.708922      196.684
550      46.3245      1.24855      936.414      -2839.18      -1902.76      0.707754      196.718
551      46.4087      1.24942      937.065      -2838.8      -1901.73      0.706593      196.752
552      46.4929      1.25299      939.742      -2840.49      -1900.75      0.705439      196.787
553      46.5772      1.25876      944.068      -2844.06      -1899.99      0.704289      196.823
554      46.6614      1.26592      949.441      -2849      -1899.56      0.703144      196.858
555      46.7456      1.27361      955.211      -2854.66      -1899.44      0.702002      196.893
556      46.8298      1.28114      960.854      -2860.43      -1899.57      0.700862      196.928
557      46.9141      1.28802      966.012      -2865.88      -1899.87      0.699724      196.961
558      46.9983      1.29386      970.394      -2870.7      -1900.3      0.698587      196.994
559      47.0825      1.29833      973.748      -2874.61      -1900.86      0.697451      197.026
560      47.1667      1.30111      975.831      -2877.36      -1901.53      0.696316      197.058
561      47.251      1.30196      976.472      -2878.74      -1902.27      0.695181      197.088
562      47.3352      1.30081      975.608      -2878.63      -1903.03      0.694048      197.117
563      47.4194      1.29777      973.329      -2877.04      -1903.71      0.692915      197.146
564      47.5036      1.29324      969.929      -2874.15      -1904.22      0.691785      197.174
565      47.5879      1.28789      965.92      -2870.37      -1904.45      0.690655      197.201
566      47.6721      1.28264      961.979      -2866.3      -1904.32      0.689528      197.227
567      47.7563      1.27842      958.816      -2862.67      -1903.85      0.688403      197.253
568      47.8405      1.276      956.998      -2860.12      -1903.12      0.68728      197.279
569      47.9248      1.27582      956.867      -2859.12      -1902.25      0.68616      197.304
570      48.009      1.27803      958.525      -2859.88      -1901.36      0.685043      197.329
571      48.0932      1.28238      961.783      -2862.39      -1900.6      0.683928      197.354
572      48.1775      1.28818      966.135      -2866.27      -1900.14      0.682816      197.378
573      48.2617      1.29443      970.824      -2870.9      -1900.08      0.681707      197.402
574      48.3459      1.30005      975.035      -2875.45      -1900.41      0.6806      197.425
575      48.4301      1.30422      978.168      -2879.18      -1901.01      0.679493      197.448
576      48.5144      1.30658      979.938      -2881.65      -1901.72      0.678387      197.469
577      48.5986      1.30709      980.317      -2882.73      -1902.41      0.677281      197.489
578      48.6828      1.30582      979.365      -2882.43      -1903.07      0.676174      197.508
579      48.767      1.3028      977.096      -2880.82      -1903.72      0.675065      197.525
580      48.8513      1.29795      973.46      -2877.87      -1904.41      0.673954      197.541
581      48.9355      1.29118      968.387      -2873.51      -1905.12      0.672841      197.555
582      49.0197      1.28249      961.866      -2867.69      -1905.82      0.671726      197.567
583      49.1039      1.27201      954.008      -2860.45      -1906.44      0.670608      197.577
584      49.1882      1.26021      945.157      -2852.01      -1906.86      0.669489      197.586
585      49.2724      1.24793      935.947      -2842.86      -1906.91      0.668368      197.592
586      49.3566      1.23649      927.364      -2833.79      -1906.43      0.667245      197.598
587      49.4408      1.22752      920.643      -2825.96      -1905.31      0.666122      197.602
588      49.5251      1.22269      917.018      -2820.63      -1903.61      0.664999      197.605
589      49.6093      1.22305      917.286      -2818.89      -1901.6      0.663876      197.606
590      49.6935      1.22849      921.371      -2821.13      -1899.76      0.662753      197.607
591      49.7778      1.23762      928.218      -2826.78      -1898.56      0.661633      197.608
592      49.862      1.24828      936.211      -2834.41      -1898.2      0.660514      197.607
593      49.9462      1.25837      943.779      -2842.37      -1898.59      0.659397      197.606
594      50.0304      1.26647      949.851      -2849.29      -1899.44      0.658283      197.605
595      50.1147      1.27206      954.041      -2854.44      -1900.4      0.657172      197.604
596      50.1989      1.27546      956.597      -2857.76      -1901.17      0.656063      197.602
597      50.2831      1.27757      958.175      -2859.75      -1901.57      0.654959      197.6
598      50.3673      1.27938      959.537      -2861.14      -1901.6      0.653858      197.598
599      50.4516      1.28164      961.23      -2862.62      -1901.39      0.652761      197.597
600      50.5358      1.28454      963.403      -2864.57      -1901.17      0.651668      197.595
601      50.62      1.28779      965.841      -2866.92      -1901.08      0.65058      197.594
602      50.7042      1.29086      968.148      -2869.35      -1901.21      0.649498      197.594
603      50.7885      1.29328      969.96      -2871.46      -1901.5      0.648422      197.594
604      50.8727      1.29464      970.977      -2872.92      -1901.95      0.647351      197.595
605      50.9569      1.29454      970.908      -2873.44      -1902.53      0.646287      197.597
606      51.0411      1.29256      969.419      -2872.71      -1903.29      0.645229      197.599
607      51.1254      1.28817      966.126      -2870.36      -1904.24      0.644177      197.603
608      51.2096      1.28093      960.696      -2866.03      -1905.33      0.643131      197.607
609      51.2938      1.27065      952.988      -2859.44      -1906.45      0.642089      197.611
610      51.3781      1.25771      943.281      -2850.65      -1907.37      0.641052      197.616
611      51.4623      1.24322      932.413      -2840.21      -1907.8      0.640018      197.621
612      51.5465      1.229      921.753      -2829.24      -1907.49      0.638985      197.625
613      51.6307      1.21721      912.907      -2819.29      -1906.38      0.637955      197.628
614      51.715      1.20973      907.295      -2811.91      -1904.61      0.636924      197.631
615      51.7992      1.2077      905.772      -2808.27      -1902.5      0.635893      197.633
616      51.8834      1.21128      908.456      -2808.89      -1900.43      0.634862      197.633
617      51.9676      1.21977      914.824      -2813.51      -1898.69      0.633831      197.632
618      52.0519      1.23193      923.949      -2821.39      -1897.44      0.632799      197.63
619      52.1361      1.24636      934.772      -2831.51      -1896.74      0.631768      197.627
620      52.2203      1.26164      946.232      -2842.79      -1896.56      0.630737      197.624
621      52.3045      1.27646      957.342      -2854.2      -1896.86      0.629709      197.62
622      52.3888      1.28973      967.296      -2864.83      -1897.54      0.628682      197.615
623      52.473      1.30078      975.588      -2874.01      -1898.42      0.627657      197.61
624      52.5572      1.30939      982.04      -2881.39      -1899.35      0.626636      197.605
625      52.6414      1.31559      986.69      -2886.93      -1900.24      0.625618      197.601
626      52.7257      1.31954      989.655      -2890.72      -1901.07      0.624604      197.596
627      52.8099      1.32141      991.059      -2892.88      -1901.82      0.623593      197.591
628      52.8941      1.32146      991.092      -2893.56      -1902.47      0.622587      197.587
629      52.9784      1.32024      990.179      -2893.04      -1902.86      0.621586      197.584
630      53.0626      1.31873      989.049      -2891.9      -1902.85      0.620589      197.58
631      53.1468      1.31816      988.62      -2891      -1902.38      0.619596      197.577
632      53.231      1.3196      989.7      -2891.25      -1901.55      0.618609      197.575
633      53.3153      1.32347      992.601      -2893.25      -1900.65      0.617625      197.573
634      53.3995      1.32931      996.983      -2896.97      -1899.99      0.616645      197.571
635      53.4837      1.33603      1002.03      -2901.81      -1899.79      0.615669      197.57
636      53.5679      1.34224      1006.68      -2906.8      -1900.12      0.614696      197.568
637      53.6522      1.34661      1009.96      -2910.89      -1900.93      0.613725      197.566
638      53.7364      1.3481      1011.07      -2913.17      -1902.09      0.612756      197.564
639      53.8206      1.34618      1009.63      -2913.03      -1903.4      0.611788      197.561
640      53.9048      1.34097      1005.73      -2910.33      -1904.6      0.610822      197.558
641      53.9891      1.33304      999.784      -2905.33      -1905.55      0.609857      197.554
642      54.0733      1.32318      992.386      -2898.59      -1906.2      0.608892      197.549
643      54.1575      1.31213      984.097      -2890.67      -1906.58      0.607929      197.544
644      54.2417      1.30055      975.415      -2882.12      -1906.71      0.606967      197.538
645      54.326      1.28908      966.811      -2873.42      -1906.61      0.606007      197.532
646      54.4102      1.27824      958.679      -2865      -1906.32      0.605049      197.525
647      54.4944      1.26834      951.257      -2857.19      -1905.94      0.604093      197.518
648      54.5787      1.25946      944.592      -2850.14      -1905.55      0.603138      197.511
649      54.6629      1.25148      938.608      -2843.82      -1905.21      0.602184      197.503
650      54.7471      1.24436      933.269      -2838.14      -1904.87      0.601231      197.494
651      54.8313      1.23829      928.719      -2833.15      -1904.43      0.600278      197.484
652      54.9156      1.23381      925.355      -2829.13      -1903.77      0.599326      197.474
653      54.9998      1.23166      923.743      -2826.56      -1902.82      0.598372      197.462
654      55.084      1.23248      924.36      -2826.01      -1901.65      0.597418      197.449
655      55.1682      1.23641      927.31      -2827.81      -1900.5      0.596462      197.435
656      55.2525      1.24294      932.206      -2831.8      -1899.6      0.595506      197.419
657      55.3367      1.25112      938.342      -2837.41      -1899.07      0.594549      197.402
658      55.4209      1.25999      944.991      -2843.89      -1898.9      0.593592      197.385
659      55.5051      1.26885      951.634      -2850.59      -1898.96      0.592636      197.366
660      55.5894      1.27729      957.966      -2857.12      -1899.15      0.591681      197.347
661      55.6736      1.28505      963.791      -2863.23      -1899.44      0.590728      197.328
662      55.7578      1.29183      968.873      -2868.74      -1899.86      0.589778      197.308
663      55.842      1.29722      972.916      -2873.35      -1900.43      0.588829      197.288
664      55.9263      1.30087      975.649      -2876.77      -1901.12      0.587882      197.268
665      56.0105      1.30256      976.919      -2878.79      -1901.87      0.586937      197.248
666      56.0947      1.30232      976.742      -2879.32      -1902.58      0.585994      197.227
667      56.179      1.30052      975.388      -2878.51      -1903.13      0.585052      197.206
668      56.2632      1.29772      973.292      -2876.73      -1903.43      0.584111      197.184
669      56.3474      1.29457      970.926      -2874.44      -1903.51      0.583172      197.161
670      56.4316      1.29147      968.606      -2872.07      -1903.46      0.582234      197.138
671      56.5159      1.28855      966.416      -2869.81      -1903.39      0.581298      197.115
672      56.6001      1.28572      964.292      -2867.66      -1903.37      0.580364      197.092
673      56.6843      1.28299      962.245      -2865.56      -1903.31      0.579433      197.068
674      56.7685      1.2807      960.523      -2863.63      -1903.11      0.578505      197.045
675      56.8528      1.27943      959.57      -2862.24      -1902.67      0.577582      197.023
676      56.937      1.27983      959.87      -2861.87      -1902      0.576663      197.001
677      57.0212      1.28236      961.767      -2862.95      -1901.18      0.575749      196.979
678      57.1054      1.28711      965.336      -2865.69      -1900.36      0.57484      196.959
679      57.1897      1.29391      970.431      -2870.07      -1899.64      0.573937      196.94
680      57.2739      1.30232      976.74      -2875.83      -1899.09      0.57304      196.921
681      57.3581      1.31175      983.81      -2882.59      -1898.78      0.572147      196.904
682      57.4423      1.32142      991.062      -2889.85      -1898.79      0.57126      196.887
683      57.5266      1.33039      997.796      -2896.94      -1899.15      0.570378      196.871
684      57.6108      1.33769      1003.27      -2903.15      -1899.88      0.569501      196.856
685      57.695      1.34237      1006.78      -2907.72      -1900.95      0.568628      196.842
686      57.7793      1.34376      1007.82      -2910.05      -1902.23      0.567761      196.829
687      57.8635      1.34157      1006.18      -2909.76      -1903.58      0.5669      196.817
688      57.9477      1.33602      1002.02      -2906.82      -1904.8      0.566044      196.806
689      58.0319      1.32774      995.806      -2901.55      -1905.74      0.565194      196.796
690      58.1162      1.31761      988.208      -2894.54      -1906.34      0.56435      196.787
691      58.2004      1.3065      979.875      -2886.49      -1906.61      0.563513      196.78
692      58.2846      1.29508      971.308      -2877.97      -1906.66      0.562682      196.774
693      58.3688      1.28372      962.791      -2869.38      -1906.59      0.561857      196.77
694      58.4531      1.27251      954.386      -2860.9      -1906.51      0.561038      196.766
695      58.5373      1.2613      945.974      -2852.49      -1906.51      0.560225      196.764
696      58.6215      1.24979      937.346      -2843.97      -1906.62      0.559419      196.764
697      58.7057      1.23776      928.321      -2835.13      -1906.81      0.558619      196.765
698      58.79      1.22521      918.904      -2825.87      -1906.97      0.557825      196.767
699      58.8742      1.2126      909.45      -2816.35      -1906.9      0.557037      196.771
700      58.9584      1.20097      900.726      -2807.13      -1906.4      0.556254      196.775
701      59.0426      1.19181      893.859      -2799.18      -1905.32      0.555475      196.78
702      59.1269      1.18669      890.018      -2793.69      -1903.67      0.554701      196.787
703      59.2111      1.18666      889.995      -2791.7      -1901.71      0.553932      196.794
704      59.2953      1.19188      893.908      -2793.68      -1899.78      0.553167      196.801
705      59.3796      1.20166      901.244      -2799.42      -1898.17      0.552408      196.81
706      59.4638      1.21472      911.039      -2808.13      -1897.1      0.551653      196.82
707      59.548      1.22947      922.101      -2818.74      -1896.63      0.550903      196.831
708      59.6322      1.24427      933.204      -2829.98      -1896.78      0.550159      196.843
709      59.7165      1.2577      943.274      -2840.71      -1897.43      0.549419      196.856
710      59.8007      1.26868      951.511      -2849.95      -1898.44      0.548684      196.87
711      59.8849      1.27661      957.457      -2857.09      -1899.63      0.547953      196.885
712      59.9691      1.28129      960.964      -2861.82      -1900.86      0.547227      196.9
713      60.0534      1.28289      962.17      -2864.15      -1901.98      0.546505      196.917
714      60.1376      1.28186      961.397      -2864.32      -1902.92      0.545787      196.934
715      60.2218      1.27887      959.149      -2862.74      -1903.59      0.545073      196.952
716      60.306      1.27476      956.068      -2859.99      -1903.93      0.544363      196.97
717      60.3903      1.27047      952.849      -2856.76      -1903.91      0.543656      196.989
718      60.4745      1.2668      950.099      -2853.71      -1903.61      0.542952      197.009
719      60.5587      1.26433      948.245      -2851.37      -1903.13      0.54225      197.028
720      60.6429      1.26343      947.575      -2850.09      -1902.52      0.541548      197.046
721      60.7272      1.26433      948.244      -2850.08      -1901.84      0.540846      197.064
722      60.8114      1.26705      950.287      -2851.45      -1901.17      0.540145      197.082
723      60.8956      1.27142      953.565      -2854.15      -1900.59      0.539442      197.098
724      60.9799      1.27697      957.727      -2857.93      -1900.2      0.538739      197.113
725      61.0641      1.28304      962.282      -2862.36      -1900.08      0.538036      197.128
726      61.1483      1.28898      966.735      -2866.92      -1900.19      0.537332      197.142
727      61.2325      1.29432      970.738      -2871.18      -1900.44      0.536629      197.155
728      61.3168      1.29892      974.19      -2874.91      -1900.72      0.535925      197.167
729      61.401      1.30287      977.154      -2878.11      -1900.96      0.535223      197.179
730      61.4852      1.30626      979.691      -2880.86      -1901.17      0.534522      197.191
731      61.5694      1.30905      981.79      -2883.19      -1901.4      0.533822      197.203
732      61.6537      1.31111      983.333      -2885.03      -1901.69      0.533124      197.214
733      61.7379      1.31218      984.132      -2886.23      -1902.09      0.532429      197.226
734      61.8221      1.312      983.999      -2886.58      -1902.58      0.531737      197.239
735      61.9063      1.31049      982.866      -2885.95      -1903.08      0.531048      197.251
736      61.9906      1.30792      980.938      -2884.37      -1903.44      0.530363      197.265
737      62.0748      1.30499      978.739      -2882.24      -1903.5      0.529681      197.279
738      62.159      1.30269      977.018      -2880.19      -1903.17      0.529002      197.293
739      62.2432      1.30194      976.452      -2878.98      -1902.53      0.528326      197.308
740      62.3275      1.30323      977.423      -2879.16      -1901.74      0.527652      197.323
741      62.4117      1.30655      979.911      -2880.92      -1901.01      0.526981      197.339
742      62.4959      1.31139      983.545      -2884.04      -1900.49      0.526312      197.354
743      62.5802      1.3171      987.826      -2888.05      -1900.23      0.525645      197.37
744      62.6644      1.32305      992.289      -2892.47      -1900.18      0.524979      197.385
745      62.7486      1.32891      996.681      -2896.91      -1900.23      0.524315      197.4
746      62.8328      1.33465      1000.99      -2901.25      -1900.27      0.523651      197.415
747      62.9171      1.34045      1005.34      -2905.56      -1900.23      0.522987      197.429
748      63.0013      1.34646      1009.84      -2909.99      -1900.15      0.522324      197.442
749      63.0855      1.35254      1014.41      -2914.56      -1900.15      0.52166      197.455
750      63.1697      1.35814      1018.6      -2919.01      -1900.41      0.520995      197.467
751      63.254      1.36237      1021.78      -2922.79      -1901.01      0.520329      197.477
752      63.3382      1.3643      1023.22      -2925.18      -1901.96      0.519662      197.487
753      63.4224      1.36322      1022.42      -2925.55      -1903.13      0.518992      197.494
754      63.5066      1.35887      1019.15      -2923.52      -1904.36      0.518321      197.501
755      63.5909      1.35143      1013.57      -2919.05      -1905.48      0.517647      197.506
756      63.6751      1.3415      1006.12      -2912.47      -1906.34      0.516972      197.509
757      63.7593      1.32994      997.453      -2904.31      -1906.86      0.516294      197.511
758      63.8435      1.31774      988.305      -2895.31      -1907      0.515615      197.512
759      63.9278      1.30578      979.332      -2886.17      -1906.84      0.514935      197.512
760      64.012      1.2946      970.947      -2877.45      -1906.5      0.514254      197.511
761      64.0962      1.28434      963.251      -2869.4      -1906.15      0.513572      197.508
762      64.1805      1.27476      956.067      -2861.98      -1905.91      0.512889      197.505
763      64.2647      1.2655      949.125      -2854.94      -1905.81      0.512206      197.501
764      64.3489      1.25635      942.262      -2848.03      -1905.77      0.511523      197.496
765      64.4331      1.24743      935.573      -2841.22      -1905.65      0.510839      197.49
766      64.5174      1.23921      929.408      -2834.73      -1905.33      0.510156      197.483
767      64.6016      1.23237      924.28      -2829.02      -1904.74      0.509473      197.477
768      64.6858      1.22765      920.735      -2824.62      -1903.89      0.508791      197.469
769      64.77      1.22566      919.246      -2822.06      -1902.82      0.508111      197.462
770      64.8543      1.22679      920.089      -2821.73      -1901.64      0.507431      197.454
771      64.9385      1.23103      923.273      -2823.77      -1900.5      0.506754      197.447
772      65.0227      1.2379      928.427      -2828.02      -1899.6      0.506078      197.439
773      65.1069      1.24632      934.737      -2833.89      -1899.16      0.505404      197.432
774      65.1912      1.25466      940.994      -2840.35      -1899.35      0.504734      197.425
775      65.2754      1.26115      945.86      -2846.07      -1900.21      0.504065      197.418
776      65.3596      1.26432      948.236      -2849.8      -1901.56      0.503401      197.412
777      65.4438      1.26344      947.583      -2850.69      -1903.1      0.502739      197.407
778      65.5281      1.25865      943.986      -2848.52      -1904.53      0.502081      197.402
779      65.6123      1.25072      938.038      -2843.65      -1905.61      0.501426      197.398
780      65.6965      1.24078      930.588      -2836.83      -1906.24      0.500775      197.395
781      65.7808      1.23011      922.583      -2828.98      -1906.39      0.500126      197.392
782      65.865      1.22004      915.032      -2821.06      -1906.03      0.499481      197.39
783      65.9492      1.21191      908.935      -2814.11      -1905.18      0.498838      197.388
784      66.0334      1.20684      905.13      -2809.08      -1903.95      0.498197      197.386
785      66.1177      1.2054      904.048      -2806.61      -1902.56      0.497558      197.384
786      66.2019      1.20743      905.573      -2806.87      -1901.3      0.496922      197.383
787      66.2861      1.21215      909.111      -2809.5      -1900.39      0.496287      197.382
788      66.3703      1.21839      913.794      -2813.72      -1899.93      0.495655      197.381
789      66.4546      1.22495      918.715      -2818.63      -1899.92      0.495024      197.38
790      66.5388      1.2308      923.101      -2823.37      -1900.27      0.494395      197.379
791      66.623      1.23518      926.388      -2827.26      -1900.87      0.493769      197.378
792      66.7072      1.23774      928.306      -2829.88      -1901.57      0.493144      197.378
793      66.7915      1.23853      928.9      -2831.11      -1902.21      0.492522      197.377
794      66.8757      1.23802      928.518      -2831.14      -1902.63      0.491901      197.377
795      66.9599      1.23699      927.745      -2830.47      -1902.73      0.491281      197.377
796      67.0441      1.23638      927.285      -2829.76      -1902.47      0.490663      197.376
797      67.1284      1.23715      927.862      -2829.72      -1901.86      0.490044      197.375
798      67.2126      1.24011      930.079      -2831.06      -1900.98      0.489426      197.373
799      67.2968      1.24562      934.217      -2834.23      -1900.01      0.488806      197.371
800      67.3811      1.2533      939.975      -2839.26      -1899.28      0.488186      197.367
801      67.4653      1.26202      946.513      -2845.53      -1899.02      0.487565      197.362
802      67.5495      1.27047      952.856      -2852.09      -1899.23      0.486945      197.357
803      67.6337      1.27774      958.308      -2858.06      -1899.75      0.486325      197.352
804      67.718      1.28335      962.514      -2862.92      -1900.41      0.485707      197.346
805      67.8022      1.2872      965.398      -2866.47      -1901.07      0.485091      197.341
806      67.8864      1.28944      967.079      -2868.72      -1901.65      0.484478      197.337
807      67.9706      1.29057      967.929      -2869.93      -1902      0.48387      197.334
808      68.0549      1.29143      968.575      -2870.59      -1902.02      0.483267      197.332
809      68.1391      1.29305      969.787      -2871.43      -1901.64      0.482669      197.332
810      68.2233      1.29626      972.197      -2873.19      -1900.99      0.482077      197.333
811      68.3075      1.30138      976.034      -2876.32      -1900.29      0.481491      197.337
812      68.3918      1.30797      980.976      -2880.79      -1899.82      0.48091      197.342
813      68.476      1.31495      986.216      -2886.01      -1899.8      0.480334      197.348
814      68.5602      1.32099      990.744      -2891.03      -1900.29      0.479763      197.356
815      68.6444      1.32482      993.617      -2894.85      -1901.23      0.479196      197.365
816      68.7287      1.32558      994.188      -2896.63      -1902.45      0.478631      197.374
817      68.8129      1.32297      992.231      -2895.95      -1903.72      0.478069      197.384
818      68.8971      1.31724      987.933      -2892.78      -1904.85      0.477508      197.394
819      68.9814      1.30916      981.869      -2887.51      -1905.64      0.476948      197.403
820      69.0656      1.29986      974.894      -2880.87      -1905.97      0.476389      197.412
821      69.1498      1.29067      968.005      -2873.8      -1905.8      0.47583      197.421
822      69.234      1.28288      962.158      -2867.32      -1905.16      0.475272      197.43
823      69.3183      1.27745      958.09      -2862.29      -1904.2      0.474713      197.438
824      69.4025      1.27485      956.134      -2859.25      -1903.12      0.474155      197.445
825      69.4867      1.27488      956.158      -2858.32      -1902.16      0.473597      197.452
826      69.5709      1.27688      957.656      -2859.15      -1901.5      0.473039      197.459
827      69.6552      1.27988      959.907      -2861.12      -1901.21      0.472482      197.465
828      69.7394      1.28288      962.164      -2863.46      -1901.29      0.471923      197.47
829      69.8236      1.28509      963.817      -2865.47      -1901.66      0.471364      197.474
830      69.9078      1.28601      964.505      -2866.67      -1902.17      0.470804      197.477
831      69.9921      1.28554      964.156      -2866.83      -1902.68      0.470242      197.479
832      70.0763      1.28398      962.986      -2866.03      -1903.05      0.469677      197.479
833      70.1605      1.2818      961.35      -2864.58      -1903.23      0.469109      197.478
834      70.2447      1.27946      959.592      -2862.84      -1903.25      0.468537      197.474
835      70.329      1.27713      957.848      -2861.08      -1903.23      0.467962      197.468
836      70.4132      1.27483      956.119      -2859.34      -1903.22      0.467383      197.46
837      70.4974      1.27261      954.455      -2857.61      -1903.16      0.466801      197.45
838      70.5817      1.27087      953.152      -2856.07      -1902.92      0.466216      197.438
839      70.6659      1.27033      952.749      -2855.14      -1902.39      0.465629      197.425
840      70.7501      1.27167      953.752      -2855.4      -1901.65      0.465041      197.41
841      70.8343      1.27504      956.277      -2857.18      -1900.9      0.464452      197.395
842      70.9186      1.2799      959.928      -2860.34      -1900.41      0.463864      197.379
843      71.0028      1.28538      964.033      -2864.3      -1900.27      0.463276      197.363
844      71.087      1.2907      968.029      -2868.41      -1900.38      0.46269      197.348
845      71.1712      1.29563      971.719      -2872.25      -1900.53      0.462107      197.332
846      71.2555      1.30034      975.254      -2875.84      -1900.59      0.461527      197.318
847      71.3397      1.30515      978.86      -2879.4      -1900.54      0.46095      197.304
848      71.4239      1.31      982.496      -2883.06      -1900.56      0.460376      197.291
849      71.5081      1.31437      985.781      -2886.59      -1900.81      0.459806      197.279
850      71.5924      1.31744      988.078      -2889.46      -1901.38      0.459239      197.268
851      71.6766      1.31844      988.827      -2891.04      -1902.21      0.458675      197.257
852      71.7608      1.31701      987.757      -2890.9      -1903.14      0.458113      197.248
853      71.845      1.31328      984.96      -2888.93      -1903.97      0.457555      197.238
854      71.9293      1.3078      980.852      -2885.43      -1904.57      0.456998      197.229
855      72.0135      1.30127      975.95      -2880.87      -1904.92      0.456444      197.221
856      72.0977      1.2942      970.652      -2875.73      -1905.08      0.455892      197.212
857      72.182      1.28682      965.115      -2870.31      -1905.19      0.455342      197.205
858      72.2662      1.27913      959.35      -2864.66      -1905.31      0.454794      197.197
859      72.3504      1.27118      953.385      -2858.78      -1905.39      0.45425      197.191
860      72.4346      1.26316      947.372      -2852.76      -1905.39      0.453709      197.186
861      72.5189      1.25549      941.617      -2846.82      -1905.21      0.453172      197.181
862      72.6031      1.24869      936.517      -2841.34      -1904.82      0.45264      197.178
863      72.6873      1.24334      932.502      -2836.73      -1904.23      0.452112      197.177
864      72.7715      1.23991      929.934      -2833.4      -1903.47      0.451588      197.177
865      72.8558      1.23858      928.934      -2831.63      -1902.69      0.45107      197.178
866      72.94      1.23901      929.256      -2831.34      -1902.09      0.450556      197.181
867      73.0242      1.24041      930.309      -2832.12      -1901.81      0.450047      197.186
868      73.1084      1.24184      931.378      -2833.27      -1901.89      0.449542      197.192
869      73.1927      1.24256      931.919      -2834.12      -1902.21      0.449042      197.199
870      73.2769      1.24226      931.696      -2834.3      -1902.6      0.448545      197.208
871      73.3611      1.24098      930.738      -2833.7      -1902.96      0.448052      197.217
872      73.4453      1.23888      929.158      -2832.41      -1903.26      0.447561      197.228
873      73.5296      1.23612      927.088      -2830.57      -1903.48      0.447073      197.239
874      73.6138      1.23287      924.656      -2828.3      -1903.64      0.446587      197.25
875      73.698      1.22946      922.097      -2825.76      -1903.66      0.446102      197.261
876      73.7823      1.22644      919.829      -2823.28      -1903.45      0.445618      197.272
877      73.8665      1.22459      918.444      -2821.37      -1902.92      0.445134      197.283
878      73.9507      1.22471      918.536      -2820.66      -1902.12      0.44465      197.293
879      74.0349      1.22725      920.439      -2821.64      -1901.2      0.444165      197.302
880      74.1192      1.23206      924.042      -2824.44      -1900.4      0.443679      197.311
881      74.2034      1.23836      928.77      -2828.7      -1899.93      0.443192      197.318
882      74.2876      1.24505      933.79      -2833.68      -1899.89      0.442703      197.324
883      74.3718      1.25102      938.267      -2838.53      -1900.26      0.442211      197.328
884      74.4561      1.25549      941.615      -2842.5      -1900.88      0.441718      197.331
885      74.5403      1.25815      943.615      -2845.18      -1901.56      0.441222      197.333
886      74.6245      1.25923      944.423      -2846.55      -1902.12      0.440723      197.332
887      74.7087      1.25929      944.47      -2846.91      -1902.44      0.440221      197.33
888      74.793      1.25912      944.343      -2846.79      -1902.45      0.439717      197.326
889      74.8772      1.25953      944.649      -2846.8      -1902.15      0.43921      197.321
890      74.9614      1.26119      945.894      -2847.52      -1901.63      0.4387      197.314
891      75.0456      1.26449      948.366      -2849.36      -1900.99      0.438189      197.305
892      75.1299      1.26945      952.085      -2852.47      -1900.38      0.437675      197.295
893      75.2141      1.27571      956.786      -2856.73      -1899.94      0.43716      197.284
894      75.2983      1.28267      962      -2861.76      -1899.76      0.436643      197.271
895      75.3826      1.28947      967.106      -2867      -1899.89      0.436126      197.258
896      75.4668      1.29529      971.466      -2871.81      -1900.34      0.435608      197.244
897      75.551      1.29936      974.524      -2875.58      -1901.06      0.43509      197.229
898      75.6352      1.30125      975.936      -2877.84      -1901.91      0.434573      197.214
899      75.7195      1.30084      975.633      -2878.39      -1902.76      0.434057      197.199
900      75.8037      1.29844      973.832      -2877.3      -1903.47      0.433543      197.185
901      75.8879      1.29461      970.957      -2874.9      -1903.94      0.43303      197.171
902      75.9721      1.28999      967.495      -2871.67      -1904.17      0.432521      197.157
903      76.0564      1.28512      963.839      -2868.06      -1904.22      0.432014      197.145
904      76.1406      1.28035      960.264      -2864.41      -1904.14      0.43151      197.133
905      76.2248      1.27595      956.963      -2860.94      -1903.97      0.43101      197.122
906      76.309      1.27223      954.173      -2857.85      -1903.67      0.430511      197.111
907      76.3933      1.26966      952.245      -2855.43      -1903.18      0.430016      197.102
908      76.4775      1.26888      951.657      -2854.1      -1902.44      0.429522      197.093
909      76.5617      1.27062      952.969      -2854.39      -1901.42      0.429031      197.084
910      76.6459      1.27556      956.673      -2856.85      -1900.18      0.428541      197.076
911      76.7302      1.28401      963.009      -2861.87      -1898.86      0.428053      197.067
912      76.8144      1.29569      971.768      -2869.48      -1897.71      0.427567      197.06
913      76.8986      1.30968      982.263      -2879.23      -1896.97      0.427083      197.052
914      76.9829      1.3245      993.377      -2890.2      -1896.82      0.4266      197.046
915      77.0671      1.33842      1003.82      -2901.15      -1897.33      0.42612      197.039
916      77.1513      1.3498      1012.35      -2910.79      -1898.44      0.425641      197.033
917      77.2355      1.35734      1018.01      -2917.99      -1899.98      0.425164      197.027
918      77.3198      1.36028      1020.21      -2921.97      -1901.76      0.424688      197.021
919      77.404      1.3584      1018.8      -2922.36      -1903.56      0.424212      197.014
920      77.4882      1.3521      1014.08      -2919.22      -1905.14      0.423737      197.008
921      77.5724      1.34237      1006.78      -2913.08      -1906.3      0.423262      197.001
922      77.6567      1.33066      997.998      -2904.88      -1906.88      0.422786      196.993
923      77.7409      1.31853      988.896      -2895.79      -1906.89      0.42231      196.984
924      77.8251      1.30723      980.42      -2886.88      -1906.46      0.421833      196.975
925      77.9093      1.29754      973.155      -2878.94      -1905.79      0.421356      196.965
926      77.9936      1.28979      967.346      -2872.37      -1905.02      0.420879      196.955
927      78.0778      1.28411      963.081      -2867.32      -1904.24      0.420402      196.944
928      78.162      1.28041      960.311      -2863.8      -1903.49      0.419925      196.933
929      78.2462      1.27837      958.78      -2861.69      -1902.91      0.419449      196.922
930      78.3305      1.2773      957.975      -2860.6      -1902.62      0.418974      196.911
931      78.4147      1.27629      957.216      -2859.9      -1902.68      0.418499      196.899
932      78.4989      1.27452      955.889      -2858.91      -1903.02      0.418026      196.887
933      78.5832      1.27157      953.676      -2857.15      -1903.48      0.417552      196.875
934      78.6674      1.2676      950.7      -2854.52      -1903.82      0.417079      196.863
935      78.7516      1.26325      947.439      -2851.33      -1903.89      0.416607      196.851
936      78.8358      1.25939      944.544      -2848.17      -1903.62      0.416135      196.838
937      78.9201      1.25679      942.594      -2845.69      -1903.1      0.415663      196.825
938      79.0043      1.25583      941.87      -2844.34      -1902.47      0.415192      196.812
939      79.0885      1.25637      942.276      -2844.21      -1901.93      0.414722      196.798
940      79.1727      1.25788      943.411      -2845.04      -1901.63      0.414253      196.785
941      79.257      1.25967      944.751      -2846.34      -1901.59      0.413785      196.772
942      79.3412      1.26111      945.829      -2847.59      -1901.76      0.413318      196.759
943      79.4254      1.2618      946.353      -2848.41      -1902.06      0.412854      196.746
944      79.5096      1.26169      946.266      -2848.62      -1902.36      0.41239      196.734
945      79.5939      1.26106      945.797      -2848.3      -1902.5      0.411929      196.722
946      79.6781      1.26064      945.48      -2847.83      -1902.35      0.411468      196.71
947      79.7623      1.2614      946.051      -2847.87      -1901.82      0.411009      196.698
948      79.8465      1.26418      948.132      -2849.15      -1901.02      0.41055      196.686
949      79.9308      1.26919      951.893      -2852.1      -1900.21      0.410093      196.674
950      80.015      1.2759      956.923      -2856.59      -1899.66      0.409636      196.662
951      80.0992      1.28337      962.524      -2862      -1899.48      0.40918      196.65
952      80.1835      1.29078      968.086      -2867.66      -1899.57      0.408724      196.637
953      80.2677      1.29766      973.248      -2873.07      -1899.82      0.408269      196.625
954      80.3519      1.30377      977.827      -2877.97      -1900.14      0.407815      196.612
955      80.4361      1.30888      981.661      -2882.21      -1900.55      0.407362      196.6
956      80.5204      1.31276      984.569      -2885.61      -1901.04      0.406911      196.588
957      80.6046      1.31521      986.406      -2888.01      -1901.6      0.406461      196.576
958      80.6888      1.31619      987.141      -2889.3      -1902.15      0.406014      196.564
959      80.773      1.3158      986.849      -2889.51      -1902.66      0.405568      196.554
960      80.8573      1.31418      985.633      -2888.74      -1903.11      0.405126      196.544
961      80.9415      1.31149      983.619      -2887.11      -1903.49      0.404686      196.535
962      81.0257      1.30794      980.958      -2884.75      -1903.79      0.40425      196.528
963      81.1099      1.3038      977.848      -2881.82      -1903.98      0.403816      196.521
964      81.1942      1.29936      974.521      -2878.57      -1904.05      0.403385      196.515
965      81.2784      1.29498      971.233      -2875.22      -1903.99      0.402957      196.51
966      81.3626      1.29096      968.222      -2872.04      -1903.81      0.402533      196.507
967      81.4468      1.2876      965.697      -2869.24      -1903.54      0.402111      196.504
968      81.5311      1.28514      963.858      -2867.02      -1903.16      0.401692      196.502
969      81.6153      1.28385      962.886      -2865.59      -1902.71      0.401275      196.501
970      81.6995      1.28381      962.858      -2865.09      -1902.23      0.400862      196.501
971      81.7838      1.28486      963.649      -2865.5      -1901.85      0.400451      196.502
972      81.868      1.28655      964.915      -2866.58      -1901.66      0.400042      196.504
973      81.9522      1.28829      966.219      -2867.91      -1901.69      0.399636      196.506
974      82.0364      1.28956      967.17      -2869.08      -1901.91      0.399231      196.509
975      82.1207      1.29      967.499      -2869.74      -1902.25      0.398828      196.512
976      82.2049      1.28941      967.061      -2869.7      -1902.64      0.398426      196.515
977      82.2891      1.28778      965.835      -2868.86      -1903.02      0.398025      196.519
978      82.3733      1.28522      963.912      -2867.26      -1903.35      0.397623      196.521
979      82.4576      1.28198      961.483      -2865.06      -1903.57      0.397222      196.524
980      82.5418      1.27835      958.766      -2862.45      -1903.69      0.396821      196.526
981      82.626      1.27458      955.934      -2859.66      -1903.73      0.396419      196.527
982      82.7102      1.27082      953.118      -2856.82      -1903.71      0.396018      196.528
983      82.7945      1.26722      950.415      -2854.06      -1903.64      0.395616      196.529
984      82.8787      1.26382      947.867      -2851.43      -1903.56      0.395215      196.53
985      82.9629      1.26061      945.461      -2848.96      -1903.49      0.394815      196.53
986      83.0471      1.25755      943.159      -2846.6      -1903.44      0.394415      196.53
987      83.1314      1.25464      940.983      -2844.35      -1903.37      0.394017      196.531
988      83.2156      1.25214      939.106      -2842.29      -1903.18      0.39362      196.532
989      83.2998      1.25049      937.868      -2840.67      -1902.8      0.393225      196.533
990      83.3841      1.25026      937.696      -2839.91      -1902.21      0.392832      196.536
991      83.4683      1.25195      938.963      -2840.41      -1901.44      0.392443      196.539
992      83.5525      1.25591      941.934      -2842.5      -1900.57      0.392057      196.544
993      83.6367      1.26224      946.681      -2846.37      -1899.69      0.391675      196.55
994      83.721      1.27072      953.036      -2851.97      -1898.93      0.391298      196.559
995      83.8052      1.28074      960.552      -2858.99      -1898.43      0.390925      196.569
996      83.8894      1.29147      968.603      -2866.87      -1898.27      0.390558      196.582
997      83.9736      1.30205      976.537      -2874.96      -1898.42      0.390196      196.597
998      84.0579      1.31166      983.746      -2882.62      -1898.88      0.389839      196.614
999      84.1421      1.31951      989.631      -2889.26      -1899.63      0.389486      196.633
1000      84.2263      1.32477      993.581      -2894.27      -1900.69      0.389137      196.653
1000      84.2263      1.32477      993.581      -2894.27      -1900.69      0.389137      196.653
Execution time in seconds: 1.82755
