Timestep Time Temperature KineticEnergy PotentialEnergy TotalEnergy
1      0.00997765      6.5014      4876.05      -4254.78      621.267
2      0.0199553      6.49992      4874.94      -4253.68      621.267
3      0.029933      6.49745      4873.09      -4251.82      621.267
4      0.0399106      6.49397      4870.48      -4249.21      621.267
5      0.0498883      6.48949      4867.12      -4245.85      621.267
6      0.0598659      6.48399      4863      -4241.73      621.266
7      0.0698436      6.47748      4858.11      -4236.84      621.266
8      0.0798212      6.46994      4852.45      -4231.19      621.265
9      0.0897989      6.46136      4846.02      -4224.76      621.264
10      0.0997765      6.45174      4838.8      -4217.54      621.263
11      0.109754      6.44106      4830.79      -4209.53      621.262
12      0.119732      6.4293      4821.98      -4200.72      621.261
13      0.129709      6.41646      4812.35      -4191.09      621.26
14      0.139687      6.40252      4801.89      -4180.63      621.259
15      0.149665      6.38746      4790.59      -4169.34      621.258
16      0.159642      6.37126      4778.44      -4157.19      621.256
17      0.16962      6.3539      4765.42      -4144.17      621.255
18      0.179598      6.33536      4751.52      -4130.26      621.253
19      0.189575      6.31561      4736.71      -4115.46      621.252
20      0.199553      6.29464      4720.98      -4099.73      621.25
21      0.209531      6.27242      4704.32      -4083.07      621.248
22      0.219508      6.24892      4686.69      -4065.45      621.246
23      0.229486      6.22412      4668.09      -4046.85      621.244
24      0.239464      6.19799      4648.5      -4027.25      621.242
25      0.249441      6.17051      4627.88      -4006.64      621.24
26      0.259419      6.14163      4606.22      -3984.98      621.238
27      0.269397      6.11134      4583.5      -3962.27      621.236
28      0.279374      6.0796      4559.7      -3938.47      621.234
29      0.289352      6.04639      4534.8      -3913.56      621.231
30      0.29933      6.01168      4508.76      -3887.53      621.229
31      0.309307      5.97544      4481.58      -3860.35      621.227
32      0.319285      5.93763      4453.23      -3832      621.225
33      0.329263      5.89825      4423.68      -3802.46      621.222
34      0.33924      5.85725      4392.93      -3771.71      621.22
35      0.349218      5.81461      4360.96      -3739.74      621.218
36      0.359196      5.77032      4327.74      -3706.53      621.216
37      0.369173      5.72436      4293.27      -3672.06      621.214
38      0.379151      5.67671      4257.53      -3636.32      621.212
39      0.389128      5.62736      4220.52      -3599.31      621.211
40      0.399106      5.5763      4182.23      -3561.02      621.21
41      0.409084      5.52354      4142.65      -3521.44      621.208
42      0.419061      5.46907      4101.8      -3480.59      621.208
43      0.429039      5.41291      4059.68      -3438.48      621.207
44      0.439017      5.35508      4016.31      -3395.1      621.207
45      0.448994      5.2956      3971.7      -3350.49      621.207
46      0.458972      5.2345      3925.88      -3304.67      621.208
47      0.46895      5.17184      3878.88      -3257.67      621.21
48      0.478927      5.10767      3830.75      -3209.54      621.211
49      0.488905      5.04204      3781.53      -3160.32      621.214
50      0.498883      4.97505      3731.28      -3110.07      621.217
51      0.50886      4.90677      3680.07      -3058.85      621.22
52      0.518838      4.8373      3627.98      -3006.75      621.224
53      0.528816      4.76677      3575.08      -2953.85      621.229
54      0.538793      4.69529      3521.46      -2900.23      621.234
55      0.548771      4.62299      3467.24      -2846      621.24
56      0.558749      4.55003      3412.53      -2791.28      621.246
57      0.568726      4.47657      3357.43      -2736.17      621.253
58      0.578704      4.40277      3302.07      -2680.81      621.261
59      0.588682      4.3288      3246.6      -2625.33      621.269
60      0.598659      4.25485      3191.14      -2569.86      621.277
61      0.608637      4.18111      3135.84      -2514.55      621.285
62      0.618615      4.10778      3080.83      -2459.54      621.294
63      0.628592      4.03503      3026.27      -2404.97      621.302
64      0.63857      3.96308      2972.31      -2351      621.311
65      0.648547      3.8921      2919.07      -2297.76      621.319
66      0.658525      3.82229      2866.72      -2245.39      621.327
67      0.668503      3.75383      2815.37      -2194.04      621.335
68      0.67848      3.68688      2765.16      -2143.82      621.342
69      0.688458      3.62163      2716.22      -2094.87      621.349
70      0.698436      3.5582      2668.65      -2047.3      621.355
71      0.708413      3.49675      2622.56      -2001.2      621.36
72      0.718391      3.43739      2578.05      -1956.68      621.365
73      0.728369      3.38024      2535.18      -1913.81      621.369
74      0.738346      3.32539      2494.05      -1872.67      621.373
75      0.748324      3.27292      2454.69      -1833.31      621.375
76      0.758302      3.22288      2417.16      -1795.78      621.377
77      0.768279      3.17532      2381.49      -1760.11      621.378
78      0.778257      3.13027      2347.7      -1726.33      621.379
79      0.788235      3.08775      2315.81      -1694.43      621.379
80      0.798212      3.04775      2285.81      -1664.43      621.378
81      0.80819      3.01025      2257.69      -1636.31      621.377
82      0.818168      2.97524      2231.43      -1610.06      621.375
83      0.828145      2.94268      2207.01      -1585.64      621.372
84      0.838123      2.91251      2184.38      -1563.01      621.37
85      0.848101      2.88468      2163.51      -1542.14      621.367
86      0.858078      2.85912      2144.34      -1522.97      621.363
87      0.868056      2.83576      2126.82      -1505.46      621.36
88      0.878034      2.81453      2110.9      -1489.54      621.356
89      0.888011      2.79534      2096.51      -1475.15      621.352
90      0.897989      2.77812      2083.59      -1462.24      621.349
91      0.907966      2.76276      2072.07      -1450.73      621.345
92      0.917944      2.7492      2061.9      -1440.56      621.341
93      0.927922      2.73733      2053      -1431.66      621.337
94      0.937899      2.72708      2045.31      -1423.98      621.333
95      0.947877      2.71836      2038.77      -1417.44      621.33
96      0.957855      2.71108      2033.31      -1411.99      621.326
97      0.967832      2.70517      2028.88      -1407.55      621.323
98      0.97781      2.70054      2025.4      -1404.08      621.32
99      0.987788      2.69711      2022.84      -1401.52      621.317
100      0.997765      2.69483      2021.12      -1399.81      621.314
101      1.00774      2.69361      2020.21      -1398.9      621.311
102      1.01772      2.69339      2020.04      -1398.74      621.309
103      1.0277      2.69412      2020.59      -1399.28      621.306
104      1.03768      2.69572      2021.79      -1400.49      621.304
105      1.04765      2.69816      2023.62      -1402.32      621.302
106      1.05763      2.70137      2026.03      -1404.73      621.301
107      1.06761      2.70532      2028.99      -1407.69      621.299
108      1.07759      2.70995      2032.46      -1411.17      621.298
109      1.08756      2.71523      2036.42      -1415.13      621.296
110      1.09754      2.72112      2040.84      -1419.55      621.295
111      1.10752      2.72759      2045.69      -1424.4      621.294
112      1.1175      2.7346      2050.95      -1429.66      621.293
113      1.12747      2.74213      2056.59      -1435.3      621.292
114      1.13745      2.75014      2062.61      -1441.31      621.292
115      1.14743      2.75862      2068.96      -1447.67      621.291
116      1.15741      2.76754      2075.65      -1454.36      621.29
117      1.16739      2.77688      2082.66      -1461.37      621.29
118      1.17736      2.78661      2089.96      -1468.67      621.29
119      1.18734      2.79673      2097.55      -1476.26      621.289
120      1.19732      2.80721      2105.41      -1484.12      621.289
121      1.2073      2.81804      2113.53      -1492.24      621.288
122      1.21727      2.82919      2121.89      -1500.6      621.288
123      1.22725      2.84065      2130.49      -1509.2      621.287
124      1.23723      2.8524      2139.3      -1518.02      621.287
125      1.24721      2.86443      2148.33      -1527.04      621.286
126      1.25718      2.87672      2157.54      -1536.26      621.286
127      1.26716      2.88925      2166.94      -1545.65      621.285
128      1.27714      2.90199      2176.49      -1555.21      621.285
129      1.28712      2.91493      2186.2      -1564.92      621.284
130      1.29709      2.92805      2196.04      -1574.76      621.283
131      1.30707      2.94132      2205.99      -1584.71      621.282
132      1.31705      2.95472      2216.04      -1594.76      621.281
133      1.32703      2.96822      2226.16      -1604.88      621.28
134      1.33701      2.98179      2236.34      -1615.06      621.279
135      1.34698      2.9954      2246.55      -1625.27      621.278
136      1.35696      3.00903      2256.77      -1635.5      621.277
137      1.36694      3.02264      2266.98      -1645.71      621.275
138      1.37692      3.0362      2277.15      -1655.87      621.274
139      1.38689      3.04967      2287.25      -1665.98      621.272
140      1.39687      3.06301      2297.26      -1675.99      621.271
141      1.40685      3.0762      2307.15      -1685.88      621.269
142      1.41683      3.08919      2316.9      -1695.63      621.268
143      1.4268      3.10195      2326.47      -1705.2      621.266
144      1.43678      3.11445      2335.84      -1714.57      621.265
145      1.44676      3.12664      2344.98      -1723.71      621.263
146      1.45674      3.13848      2353.86      -1732.6      621.262
147      1.46672      3.14996      2362.47      -1741.21      621.26
148      1.47669      3.16102      2370.77      -1749.51      621.259
149      1.48667      3.17165      2378.74      -1757.48      621.258
150      1.49665      3.18181      2386.36      -1765.1      621.256
151      1.50663      3.19148      2393.61      -1772.35      621.255
152      1.5166      3.20062      2400.47      -1779.21      621.254
153      1.52658      3.20923      2406.92      -1785.67      621.254
154      1.53656      3.21727      2412.95      -1791.7      621.253
155      1.54654      3.22474      2418.55      -1797.3      621.252
156      1.55651      3.23162      2423.71      -1802.46      621.252
157      1.56649      3.2379      2428.42      -1807.17      621.252
158      1.57647      3.24358      2432.68      -1811.43      621.252
159      1.58645      3.24865      2436.49      -1815.24      621.252
160      1.59642      3.25312      2439.84      -1818.59      621.252
161      1.6064      3.25698      2442.74      -1821.49      621.253
162      1.61638      3.26026      2445.19      -1823.94      621.253
163      1.62636      3.26295      2447.21      -1825.96      621.254
164      1.63634      3.26508      2448.81      -1827.55      621.255
165      1.64631      3.26665      2449.99      -1828.73      621.256
166      1.65629      3.2677      2450.78      -1829.52      621.257
167      1.66627      3.26824      2451.18      -1829.92      621.258
168      1.67625      3.2683      2451.23      -1829.97      621.259
169      1.68622      3.26791      2450.93      -1829.67      621.261
170      1.6962      3.26709      2450.32      -1829.06      621.262
171      1.70618      3.26588      2449.41      -1828.15      621.264
172      1.71616      3.26431      2448.23      -1826.97      621.265
173      1.72613      3.26242      2446.81      -1825.55      621.267
174      1.73611      3.26023      2445.17      -1823.91      621.269
175      1.74609      3.25779      2443.34      -1822.07      621.27
176      1.75607      3.25513      2441.35      -1820.07      621.272
177      1.76604      3.25228      2439.21      -1817.94      621.273
178      1.77602      3.24928      2436.96      -1815.69      621.275
179      1.786      3.24617      2434.63      -1813.35      621.276
180      1.79598      3.24297      2432.23      -1810.95      621.278
181      1.80596      3.23972      2429.79      -1808.51      621.279
182      1.81593      3.23644      2427.33      -1806.05      621.28
183      1.82591      3.23317      2424.88      -1803.6      621.281
184      1.83589      3.22993      2422.45      -1801.17      621.282
185      1.84587      3.22675      2420.06      -1798.78      621.283
186      1.85584      3.22364      2417.73      -1796.44      621.284
187      1.86582      3.22062      2415.46      -1794.18      621.285
188      1.8758      3.21771      2413.28      -1792      621.285
189      1.88578      3.21492      2411.19      -1789.91      621.285
190      1.89575      3.21227      2409.2      -1787.92      621.286
191      1.90573      3.20976      2407.32      -1786.03      621.286
192      1.91571      3.20739      2405.54      -1784.26      621.286
193      1.92569      3.20518      2403.88      -1782.6      621.285
194      1.93566      3.20311      2402.33      -1781.05      621.285
195      1.94564      3.20119      2400.9      -1779.61      621.285
196      1.95562      3.19942      2399.57      -1778.28      621.284
197      1.9656      3.1978      2398.35      -1777.06      621.284
198      1.97558      3.19631      2397.23      -1775.95      621.283
199      1.98555      3.19495      2396.21      -1774.93      621.283
200      1.99553      3.19371      2395.29      -1774      621.282
201      2.00551      3.1926      2394.45      -1773.17      621.282
202      2.01549      3.19159      2393.69      -1772.41      621.281
203      2.02546      3.19068      2393.01      -1771.73      621.281
204      2.03544      3.18988      2392.41      -1771.13      621.28
205      2.04542      3.18917      2391.87      -1770.6      621.28
206      2.0554      3.18855      2391.41      -1770.13      621.28
207      2.06537      3.18801      2391.01      -1769.73      621.279
208      2.07535      3.18757      2390.68      -1769.4      621.279
209      2.08533      3.18722      2390.42      -1769.14      621.279
210      2.09531      3.18697      2390.23      -1768.95      621.279
211      2.10528      3.18682      2390.11      -1768.83      621.28
212      2.11526      3.18677      2390.08      -1768.8      621.28
213      2.12524      3.18685      2390.14      -1768.86      621.28
214      2.13522      3.18706      2390.29      -1769.01      621.281
215      2.1452      3.1874      2390.55      -1769.27      621.281
216      2.15517      3.18791      2390.93      -1769.65      621.282
217      2.16515      3.18857      2391.43      -1770.15      621.282
218      2.17513      3.18942      2392.07      -1770.78      621.283
219      2.18511      3.19046      2392.85      -1771.56      621.283
220      2.19508      3.19171      2393.78      -1772.5      621.284
221      2.20506      3.19316      2394.87      -1773.59      621.284
222      2.21504      3.19484      2396.13      -1774.85      621.284
223      2.22502      3.19675      2397.56      -1776.28      621.285
224      2.23499      3.19889      2399.17      -1777.88      621.285
225      2.24497      3.20126      2400.94      -1779.66      621.284
226      2.25495      3.20386      2402.9      -1781.61      621.284
227      2.26493      3.20669      2405.02      -1783.74      621.284
228      2.27491      3.20974      2407.31      -1786.02      621.283
229      2.28488      3.213      2409.75      -1788.47      621.283
230      2.29486      3.21645      2412.33      -1791.05      621.282
231      2.30484      3.22007      2415.05      -1793.77      621.281
232      2.31482      3.22384      2417.88      -1796.6      621.28
233      2.32479      3.22775      2420.81      -1799.53      621.279
234      2.33477      3.23176      2423.82      -1802.54      621.277
235      2.34475      3.23584      2426.88      -1805.6      621.276
236      2.35473      3.23997      2429.98      -1808.7      621.275
237      2.3647      3.24411      2433.09      -1811.81      621.273
238      2.37468      3.24824      2436.18      -1814.91      621.272
239      2.38466      3.25232      2439.24      -1817.97      621.271
240      2.39464      3.25633      2442.25      -1820.98      621.269
241      2.40461      3.26023      2445.17      -1823.9      621.268
242      2.41459      3.264      2448      -1826.73      621.267
243      2.42457      3.2676      2450.7      -1829.44      621.266
244      2.43455      3.27103      2453.27      -1832.01      621.265
245      2.44453      3.27425      2455.69      -1834.42      621.265
246      2.4545      3.27726      2457.94      -1836.68      621.264
247      2.46448      3.28003      2460.02      -1838.76      621.264
248      2.47446      3.28256      2461.92      -1840.66      621.263
249      2.48444      3.28484      2463.63      -1842.36      621.263
250      2.49441      3.28686      2465.14      -1843.88      621.264
251      2.50439      3.28862      2466.46      -1845.2      621.264
252      2.51437      3.29012      2467.59      -1846.33      621.264
253      2.52435      3.29137      2468.53      -1847.27      621.264
254      2.53432      3.29238      2469.28      -1848.02      621.265
255      2.5443      3.29314      2469.85      -1848.59      621.265
256      2.55428      3.29366      2470.25      -1848.98      621.266
257      2.56426      3.29397      2470.48      -1849.21      621.267
258      2.57423      3.29406      2470.54      -1849.28      621.267
259      2.58421      3.29395      2470.46      -1849.19      621.268
260      2.59419      3.29365      2470.24      -1848.97      621.269
261      2.60417      3.29318      2469.88      -1848.61      621.269
262      2.61415      3.29253      2469.4      -1848.13      621.27
263      2.62412      3.29173      2468.8      -1847.53      621.271
264      2.6341      3.29079      2468.09      -1846.82      621.271
265      2.64408      3.28971      2467.28      -1846.01      621.272
266      2.65406      3.2885      2466.38      -1845.11      621.272
267      2.66403      3.28718      2465.38      -1844.11      621.272
268      2.67401      3.28574      2464.3      -1843.03      621.273
269      2.68399      3.28419      2463.14      -1841.87      621.273
270      2.69397      3.28254      2461.9      -1840.63      621.273
271      2.70394      3.28079      2460.59      -1839.32      621.273
272      2.71392      3.27895      2459.21      -1837.94      621.274
273      2.7239      3.27703      2457.77      -1836.49      621.274
274      2.73388      3.27501      2456.26      -1834.99      621.274
275      2.74385      3.27292      2454.69      -1833.42      621.274
276      2.75383      3.27075      2453.06      -1831.79      621.275
277      2.76381      3.26851      2451.38      -1830.11      621.275
278      2.77379      3.26621      2449.66      -1828.38      621.275
279      2.78377      3.26384      2447.88      -1826.61      621.275
280      2.79374      3.26143      2446.07      -1824.79      621.276
281      2.80372      3.25896      2444.22      -1822.95      621.276
282      2.8137      3.25646      2442.35      -1821.07      621.277
283      2.82368      3.25393      2440.45      -1819.17      621.277
284      2.83365      3.25138      2438.54      -1817.26      621.278
285      2.84363      3.24882      2436.62      -1815.34      621.278
286      2.85361      3.24626      2434.69      -1813.41      621.279
287      2.86359      3.2437      2432.78      -1811.5      621.279
288      2.87356      3.24116      2430.87      -1809.59      621.28
289      2.88354      3.23865      2428.99      -1807.71      621.28
290      2.89352      3.23618      2427.14      -1805.86      621.281
291      2.9035      3.23375      2425.32      -1804.03      621.281
292      2.91347      3.23138      2423.54      -1802.26      621.282
293      2.92345      3.22907      2421.8      -1800.52      621.282
294      2.93343      3.22683      2420.13      -1798.84      621.282
295      2.94341      3.22467      2418.51      -1797.22      621.283
296      2.95339      3.2226      2416.95      -1795.66      621.283
297      2.96336      3.22061      2415.46      -1794.17      621.283
298      2.97334      3.21872      2414.04      -1792.76      621.284
299      2.98332      3.21693      2412.69      -1791.41      621.284
300      2.9933      3.21524      2411.43      -1790.14      621.284
301      3.00327      3.21365      2410.24      -1788.95      621.284
302      3.01325      3.21217      2409.13      -1787.84      621.284
303      3.02323      3.2108      2408.1      -1786.82      621.284
304      3.03321      3.20954      2407.15      -1785.87      621.284
305      3.04318      3.20838      2406.28      -1785      621.284
306      3.05316      3.20732      2405.49      -1784.21      621.284
307      3.06314      3.20637      2404.78      -1783.5      621.284
308      3.07312      3.20552      2404.14      -1782.86      621.284
309      3.08309      3.20476      2403.57      -1782.28      621.284
310      3.09307      3.20408      2403.06      -1781.78      621.283
311      3.10305      3.20349      2402.62      -1781.34      621.283
312      3.11303      3.20298      2402.23      -1780.95      621.283
313      3.12301      3.20253      2401.89      -1780.61      621.282
314      3.13298      3.20213      2401.6      -1780.32      621.282
315      3.14296      3.20179      2401.34      -1780.06      621.282
316      3.15294      3.20149      2401.11      -1779.83      621.281
317      3.16292      3.20121      2400.91      -1779.63      621.281
318      3.17289      3.20096      2400.72      -1779.44      621.28
319      3.18287      3.20071      2400.54      -1779.26      621.28
320      3.19285      3.20047      2400.35      -1779.07      621.279
321      3.20283      3.20021      2400.16      -1778.88      621.279
322      3.2128      3.19994      2399.96      -1778.68      621.278
323      3.22278      3.19964      2399.73      -1778.45      621.278
324      3.23276      3.1993      2399.48      -1778.2      621.278
325      3.24274      3.19892      2399.19      -1777.91      621.277
326      3.25272      3.19849      2398.87      -1777.59      621.277
327      3.26269      3.19801      2398.51      -1777.23      621.277
328      3.27267      3.19748      2398.11      -1776.83      621.277
329      3.28265      3.19688      2397.66      -1776.38      621.277
330      3.29263      3.19623      2397.17      -1775.9      621.277
331      3.3026      3.19552      2396.64      -1775.36      621.277
332      3.31258      3.19476      2396.07      -1774.8      621.277
333      3.32256      3.19396      2395.47      -1774.19      621.278
334      3.33254      3.19311      2394.83      -1773.56      621.278
335      3.34251      3.19224      2394.18      -1772.9      621.278
336      3.35249      3.19134      2393.51      -1772.23      621.279
337      3.36247      3.19044      2392.83      -1771.55      621.28
338      3.37245      3.18954      2392.16      -1770.88      621.28
339      3.38242      3.18866      2391.5      -1770.22      621.281
340      3.3924      3.18781      2390.86      -1769.58      621.281
341      3.40238      3.18701      2390.26      -1768.98      621.282
342      3.41236      3.18627      2389.7      -1768.42      621.283
343      3.42234      3.18561      2389.2      -1767.92      621.283
344      3.43231      3.18503      2388.77      -1767.49      621.284
345      3.44229      3.18455      2388.41      -1767.13      621.284
346      3.45227      3.18419      2388.14      -1766.86      621.285
347      3.46225      3.18394      2387.96      -1766.67      621.285
348      3.47222      3.18383      2387.87      -1766.59      621.285
349      3.4822      3.18385      2387.89      -1766.6      621.286
350      3.49218      3.18401      2388.01      -1766.72      621.286
351      3.50216      3.18431      2388.23      -1766.95      621.286
352      3.51213      3.18475      2388.56      -1767.28      621.286
353      3.52211      3.18534      2389      -1767.72      621.285
354      3.53209      3.18606      2389.55      -1768.26      621.285
355      3.54207      3.18693      2390.2      -1768.91      621.285
356      3.55204      3.18794      2390.95      -1769.67      621.285
357      3.56202      3.18907      2391.81      -1770.52      621.285
358      3.572      3.19034      2392.76      -1771.47      621.284
359      3.58198      3.19175      2393.81      -1772.52      621.284
360      3.59196      3.19328      2394.96      -1773.67      621.284
361      3.60193      3.19493      2396.2      -1774.92      621.284
362      3.61191      3.19672      2397.54      -1776.26      621.284
363      3.62189      3.19865      2398.99      -1777.7      621.285
364      3.63187      3.20071      2400.53      -1779.25      621.285
365      3.64184      3.20291      2402.19      -1780.9      621.285
366      3.65182      3.20527      2403.95      -1782.67      621.286
367      3.6618      3.20778      2405.84      -1784.55      621.286
368      3.67178      3.21046      2407.85      -1786.56      621.286
369      3.68175      3.21331      2409.98      -1788.7      621.287
370      3.69173      3.21634      2412.26      -1790.97      621.287
371      3.70171      3.21956      2414.67      -1793.38      621.287
372      3.71169      3.22297      2417.23      -1795.94      621.287
373      3.72166      3.22657      2419.92      -1798.64      621.287
374      3.73164      3.23035      2422.76      -1801.48      621.287
375      3.74162      3.23433      2425.74      -1804.46      621.287
376      3.7516      3.23848      2428.86      -1807.57      621.287
377      3.76158      3.24279      2432.09      -1810.81      621.286
378      3.77155      3.24726      2435.45      -1814.16      621.285
379      3.78153      3.25186      2438.9      -1817.61      621.284
380      3.79151      3.25658      2442.43      -1821.15      621.283
381      3.80149      3.26138      2446.04      -1824.75      621.282
382      3.81146      3.26625      2449.69      -1828.41      621.281
383      3.82144      3.27116      2453.37      -1832.09      621.28
384      3.83142      3.27608      2457.06      -1835.78      621.278
385      3.8414      3.28098      2460.74      -1839.46      621.277
386      3.85137      3.28584      2464.38      -1843.11      621.276
387      3.86135      3.29064      2467.98      -1846.7      621.275
388      3.87133      3.29534      2471.5      -1850.23      621.274
389      3.88131      3.29992      2474.94      -1853.67      621.273
390      3.89128      3.30436      2478.27      -1857      621.272
391      3.90126      3.30865      2481.49      -1860.22      621.271
392      3.91124      3.31277      2484.58      -1863.31      621.271
393      3.92122      3.3167      2487.52      -1866.25      621.27
394      3.9312      3.32042      2490.32      -1869.05      621.27
395      3.94117      3.32394      2492.96      -1871.69      621.27
396      3.95115      3.32725      2495.44      -1874.17      621.27
397      3.96113      3.33033      2497.75      -1876.48      621.27
398      3.97111      3.33319      2499.89      -1878.62      621.27
399      3.98108      3.33583      2501.87      -1880.6      621.27
400      3.99106      3.33824      2503.68      -1882.41      621.27
401      4.00104      3.34044      2505.33      -1884.06      621.27
402      4.01102      3.34243      2506.82      -1885.55      621.271
403      4.02099      3.34421      2508.16      -1886.89      621.271
404      4.03097      3.34581      2509.35      -1888.08      621.272
405      4.04095      3.34721      2510.41      -1889.14      621.272
406      4.05093      3.34845      2511.34      -1890.06      621.273
407      4.0609      3.34953      2512.15      -1890.87      621.274
408      4.07088      3.35046      2512.85      -1891.57      621.274
409      4.08086      3.35126      2513.45      -1892.17      621.275
410      4.09084      3.35195      2513.96      -1892.68      621.276
411      4.10082      3.35253      2514.39      -1893.12      621.276
412      4.11079      3.35302      2514.76      -1893.48      621.277
413      4.12077      3.35342      2515.07      -1893.79      621.277
414      4.13075      3.35377      2515.32      -1894.05      621.278
415      4.14073      3.35405      2515.54      -1894.26      621.278
416      4.1507      3.35428      2515.71      -1894.43      621.278
417      4.16068      3.35446      2515.85      -1894.57      621.278
418      4.17066      3.3546      2515.95      -1894.67      621.278
419      4.18064      3.3547      2516.02      -1894.75      621.278
420      4.19061      3.35475      2516.06      -1894.79      621.278
421      4.20059      3.35476      2516.07      -1894.79      621.277
422      4.21057      3.35471      2516.03      -1894.75      621.277
423      4.22055      3.3546      2515.95      -1894.67      621.276
424      4.23053      3.35442      2515.81      -1894.54      621.276
425      4.2405      3.35416      2515.62      -1894.34      621.275
426      4.25048      3.35381      2515.35      -1894.08      621.274
427      4.26046      3.35335      2515.01      -1893.74      621.273
428      4.27044      3.35277      2514.58      -1893.3      621.273
429      4.28041      3.35206      2514.05      -1892.77      621.272
430      4.29039      3.35121      2513.4      -1892.13      621.271
431      4.30037      3.35019      2512.65      -1891.38      621.27
432      4.31035      3.34901      2511.76      -1890.49      621.269
433      4.32032      3.34765      2510.74      -1889.47      621.269
434      4.3303      3.3461      2509.58      -1888.31      621.268
435      4.34028      3.34435      2508.27      -1887      621.268
436      4.35026      3.34241      2506.8      -1885.54      621.267
437      4.36023      3.34025      2505.19      -1883.92      621.267
438      4.37021      3.33789      2503.42      -1882.15      621.267
439      4.38019      3.33532      2501.49      -1880.22      621.267
440      4.39017      3.33255      2499.41      -1878.15      621.267
441      4.40015      3.32959      2497.19      -1875.92      621.267
442      4.41012      3.32644      2494.83      -1873.56      621.267
443      4.4201      3.32311      2492.33      -1871.06      621.268
444      4.43008      3.31963      2489.72      -1868.45      621.269
445      4.44006      3.316      2487      -1865.73      621.269
446      4.45003      3.31226      2484.19      -1862.92      621.27
447      4.46001      3.30841      2481.31      -1860.04      621.271
448      4.46999      3.3045      2478.38      -1857.1      621.272
449      4.47997      3.30055      2475.41      -1854.14      621.274
450      4.48994      3.29658      2472.44      -1851.16      621.275
451      4.49992      3.29264      2469.48      -1848.2      621.277
452      4.5099      3.28875      2466.56      -1845.29      621.278
453      4.51988      3.28496      2463.72      -1842.44      621.28
454      4.52985      3.28129      2460.97      -1839.69      621.281
455      4.53983      3.2778      2458.35      -1837.06      621.283
456      4.54981      3.2745      2455.88      -1834.59      621.285
457      4.55979      3.27145      2453.59      -1832.3      621.286
458      4.56977      3.26868      2451.51      -1830.22      621.288
459      4.57974      3.26623      2449.67      -1828.38      621.29
460      4.58972      3.26412      2448.09      -1826.8      621.291
461      4.5997      3.26239      2446.79      -1825.5      621.292
462      4.60968      3.26107      2445.8      -1824.51      621.294
463      4.61965      3.26019      2445.14      -1823.85      621.295
464      4.62963      3.25975      2444.82      -1823.52      621.295
465      4.63961      3.25979      2444.84      -1823.55      621.296
466      4.64959      3.26031      2445.23      -1823.94      621.296
467      4.65956      3.26132      2445.99      -1824.69      621.296
468      4.66954      3.26282      2447.11      -1825.82      621.296
469      4.67952      3.2648      2448.6      -1827.31      621.296
470      4.6895      3.26726      2450.45      -1829.15      621.295
471      4.69947      3.27019      2452.64      -1831.35      621.295
472      4.70945      3.27356      2455.17      -1833.87      621.294
473      4.71943      3.27735      2458.01      -1836.72      621.292
474      4.72941      3.28153      2461.15      -1839.86      621.291
475      4.73939      3.28609      2464.56      -1843.27      621.29
476      4.74936      3.29097      2468.23      -1846.94      621.288
477      4.75934      3.29615      2472.12      -1850.83      621.287
478      4.76932      3.3016      2476.2      -1854.91      621.285
479      4.7793      3.30727      2480.45      -1859.17      621.283
480      4.78927      3.31313      2484.85      -1863.56      621.282
481      4.79925      3.31914      2489.35      -1868.07      621.28
482      4.80923      3.32526      2493.95      -1872.67      621.279
483      4.81921      3.33147      2498.6      -1877.32      621.278
484      4.82918      3.33772      2503.29      -1882.01      621.276
485      4.83916      3.34398      2507.98      -1886.71      621.275
486      4.84914      3.35022      2512.66      -1891.39      621.274
487      4.85912      3.35641      2517.31      -1896.03      621.273
488      4.86909      3.36252      2521.89      -1900.62      621.272
489      4.87907      3.36853      2526.39      -1905.12      621.271
490      4.88905      3.3744      2530.8      -1909.53      621.27
491      4.89903      3.38013      2535.09      -1913.82      621.269
492      4.90901      3.38567      2539.25      -1917.99      621.269
493      4.91898      3.39103      2543.27      -1922      621.268
494      4.92896      3.39616      2547.12      -1925.85      621.267
495      4.93894      3.40107      2550.8      -1929.53      621.267
496      4.94892      3.40573      2554.29      -1933.03      621.266
497      4.95889      3.41012      2557.59      -1936.32      621.266
498      4.96887      3.41423      2560.67      -1939.41      621.266
499      4.97885      3.41806      2563.54      -1942.28      621.265
500      4.98883      3.42158      2566.18      -1944.92      621.265
501      4.9988      3.42478      2568.59      -1947.32      621.265
502      5.00878      3.42766      2570.75      -1949.48      621.264
503      5.01876      3.43021      2572.66      -1951.39      621.264
504      5.02874      3.43242      2574.31      -1953.05      621.264
505      5.03872      3.43428      2575.71      -1954.44      621.264
506      5.04869      3.43578      2576.84      -1955.57      621.264
507      5.05867      3.43693      2577.7      -1956.43      621.264
508      5.06865      3.43771      2578.28      -1957.02      621.264
509      5.07863      3.43813      2578.6      -1957.34      621.264
510      5.0886      3.43819      2578.64      -1957.38      621.264
511      5.09858      3.43788      2578.41      -1957.14      621.264
512      5.10856      3.4372      2577.9      -1956.64      621.264
513      5.11854      3.43617      2577.13      -1955.86      621.265
514      5.12851      3.43478      2576.08      -1954.82      621.265
515      5.13849      3.43303      2574.78      -1953.51      621.265
516      5.14847      3.43095      2573.21      -1951.94      621.266
517      5.15845      3.42852      2571.39      -1950.12      621.266
518      5.16842      3.42577      2569.33      -1948.06      621.267
519      5.1784      3.4227      2567.02      -1945.76      621.267
520      5.18838      3.41932      2564.49      -1943.22      621.268
521      5.19836      3.41565      2561.73      -1940.47      621.268
522      5.20834      3.41169      2558.77      -1937.5      621.269
523      5.21831      3.40747      2555.6      -1934.33      621.27
524      5.22829      3.40299      2552.24      -1930.97      621.27
525      5.23827      3.39828      2548.71      -1927.44      621.271
526      5.24825      3.39334      2545.01      -1923.74      621.272
527      5.25822      3.3882      2541.15      -1919.88      621.273
528      5.2682      3.38287      2537.15      -1915.88      621.273
529      5.27818      3.37736      2533.02      -1911.75      621.274
530      5.28816      3.3717      2528.77      -1907.5      621.275
531      5.29813      3.36589      2524.42      -1903.14      621.275
532      5.30811      3.35996      2519.97      -1898.7      621.276
533      5.31809      3.35393      2515.44      -1894.17      621.277
534      5.32807      3.3478      2510.85      -1889.57      621.277
535      5.33804      3.34159      2506.19      -1884.92      621.278
536      5.34802      3.33533      2501.5      -1880.22      621.279
537      5.358      3.32902      2496.77      -1875.49      621.279
538      5.36798      3.32268      2492.01      -1870.73      621.28
539      5.37796      3.31633      2487.25      -1865.97      621.28
540      5.38793      3.30997      2482.48      -1861.2      621.281
541      5.39791      3.30363      2477.72      -1856.44      621.281
542      5.40789      3.29731      2472.98      -1851.7      621.282
543      5.41787      3.29103      2468.27      -1846.99      621.282
544      5.42784      3.28481      2463.6      -1842.32      621.282
545      5.43782      3.27864      2458.98      -1837.7      621.283
546      5.4478      3.27255      2454.41      -1833.13      621.283
547      5.45778      3.26655      2449.91      -1828.63      621.284
548      5.46775      3.26065      2445.49      -1824.2      621.284
549      5.47773      3.25485      2441.14      -1819.85      621.284
550      5.48771      3.24918      2436.88      -1815.6      621.284
551      5.49769      3.24363      2432.72      -1811.44      621.285
552      5.50766      3.23823      2428.67      -1807.39      621.285
